2015-11-07T00:00:59.417Z,4.7552,70.088,231.1885,0.303,0.0691,3.2792,63.6807,229.3099,0.2778,0.0516,1.3598,61.7618,229.3416,0.2696,0.0221
2015-11-07T00:01:59.110Z,4.2489,73.1027,231.9738,0.315,0.058,2.4976,64.7484,230.7868,0.2809,0.0383,1.1273,65.2959,229.3687,0.2843,0.0194
2015-11-07T00:02:59.774Z,4.3796,73.8013,231.7724,0.3177,0.06,3.5467,65.9596,231.2568,0.2853,0.051,1.815,63.6399,229.8242,0.2768,0.0282
2015-11-07T00:03:59.119Z,4.2384,72.5488,231.4229,0.3131,0.0581,2.7906,64.5198,230.8863,0.2791,0.0428,2.012,65.2464,229.7566,0.2844,0.0304
2015-11-07T00:04:59.415Z,4.7091,73.9373,231.6235,0.3193,0.0638,3.108,64.7695,231.4346,0.2799,0.0484,1.3323,62.7592,226.8777,0.2766,0.0224
2015-11-07T00:05:59.705Z,4.426,73.9699,230.596,0.3208,0.0616,3.2341,64.8479,231.4857,0.2802,0.0495,1.625,63.4349,228.7467,0.2772,0.027
2015-11-07T00:06:59.038Z,4.5321,72.4218,230.6874,0.3134,0.064,2.7561,64.5928,231.7466,0.2783,0.0441,1.369,64.047,229.325,0.279,0.0219
2015-11-07T00:07:59.354Z,4.2904,72.7453,231.6766,0.3135,0.0585,2.7465,64.2941,231.4709,0.2778,0.0422,2.0112,64.5682,229.4981,0.2812,0.0318
2015-11-07T00:08:59.039Z,3.9167,72.4668,231.4622,0.3131,0.0541,3.235,67.784,231.426,0.293,0.0476,1.6483,63.7401,230.0371,0.2768,0.0254
2015-11-07T00:09:59.445Z,5.3223,74.0643,231.5159,0.3198,0.0734,3.0662,64.6676,231.6143,0.2789,0.047,1.3348,64.7284,229.9478,0.2814,0.0203
2015-11-07T00:10:59.767Z,4.8154,73.1551,231.3387,0.3164,0.0673,2.8049,63.1927,231.5236,0.2733,0.0457,1.8614,63.7852,229.8909,0.277,0.0273
2015-11-07T00:11:59.397Z,5.0802,72.8512,231.4937,0.3151,0.0703,2.8585,64.3332,231.6947,0.2777,0.0451,1.8476,65.4154,230.0177,0.2844,0.0284
2015-11-07T00:12:59.690Z,4.3862,73.0301,231.7347,0.3152,0.061,2.9062,65.9867,231.7002,0.2847,0.0442,1.2605,64.9302,230.074,0.2819,0.0187
2015-11-07T00:13:59.945Z,4.9381,72.484,231.9621,0.3126,0.069,3.0402,65.0152,232.0591,0.2804,0.0456,1.8019,65.5422,230.253,0.2846,0.0258
2015-11-07T00:14:59.311Z,4.8236,73.2664,232.2033,0.3158,0.0672,2.9853,66.5146,232.377,0.2866,0.0464,1.02,65.1543,230.6147,0.283,0.0153
2015-11-07T00:15:59.631Z,4.6361,74.3288,232.2952,0.3201,0.0642,2.8563,65.9396,232.5621,0.284,0.0447,1.1942,65.7317,230.71,0.2847,0.0195
2015-11-07T00:16:59.107Z,3.5152,74.4922,232.2191,0.3214,0.0476,3.368,65.5412,232.0484,0.2826,0.051,1.1081,62.7268,231.0582,0.2714,0.0196
2015-11-07T00:17:59.464Z,4.4309,73.4956,231.6799,0.3171,0.062,3.3416,64.8947,231.3034,0.2811,0.0513,1.31,64.8932,231.4167,0.2804,0.0216
2015-11-07T00:18:59.801Z,4.4918,73.6411,231.5367,0.3182,0.0614,2.9086,64.9842,231.0895,0.281,0.042,1.1148,64.6185,231.4401,0.2793,0.0183
2015-11-07T00:19:59.055Z,4.7224,74.177,231.2624,0.3203,0.0639,3.0628,65.3778,230.3326,0.2837,0.0466,1.4052,63.3022,230.8658,0.2744,0.0228
2015-11-07T00:20:59.227Z,3.7193,71.4151,230.9332,0.3088,0.0529,2.9893,62.8818,230.0216,0.2734,0.048,1.1621,63.548,230.5276,0.2757,0.0164
2015-11-07T00:21:59.367Z,3.7581,71.8578,231.2952,0.3101,0.053,2.9878,63.0793,229.8959,0.2746,0.0471,1.7481,64.7636,231.0332,0.2798,0.0279
2015-11-07T00:22:59.729Z,4.2503,74.2371,231.2062,0.3211,0.0573,3.1965,66.6077,230.442,0.2888,0.0477,1.2742,65.3776,232.5247,0.2809,0.019
2015-11-07T00:23:59.908Z,4.9908,72.6991,230.9529,0.3146,0.07,3.2286,65.0702,231.1141,0.2816,0.0516,1.2905,66.1547,232.7528,0.2842,0.0188
2015-11-07T00:24:59.235Z,4.6718,73.0233,230.8149,0.3169,0.0646,2.7625,65.1755,231.1279,0.2817,0.0445,1.4546,64.9273,232.5952,0.2785,0.0219
2015-11-07T00:25:59.945Z,3.9465,72.1631,230.6551,0.3127,0.0551,3.0878,64.2643,231.3324,0.2774,0.0476,1.6758,65.3173,233.0384,0.2808,0.0266
2015-11-07T00:26:59.316Z,3.5479,73.9982,231.3879,0.3197,0.05,2.9797,66.1149,231.7298,0.2849,0.0462,1.4301,63.8866,233.474,0.2742,0.0217
2015-11-07T00:27:59.527Z,4.3686,73.5035,231.2101,0.3183,0.0597,3.3158,63.5572,231.4665,0.2749,0.0526,1.4389,65.175,233.3429,0.279,0.0236
2015-11-07T00:28:59.884Z,4.9626,73.54,231.0424,0.3185,0.0689,3.3996,65.1665,232.0232,0.2805,0.0533,1.3699,65.7565,232.781,0.2826,0.0208
2015-11-07T00:29:59.102Z,4.3988,73.3173,231.2499,0.3169,0.0602,2.5666,64.914,231.8022,0.2804,0.0417,1.3243,64.7709,232.2444,0.279,0.0194
2015-11-07T00:30:59.856Z,4.9247,72.8842,230.8709,0.3153,0.068,3.2561,63.9015,231.5966,0.276,0.0511,1.5896,64.895,232.2648,0.2795,0.0252
2015-11-07T00:31:59.314Z,3.6764,73.0418,231.5764,0.3153,0.0492,3.3218,63.8641,231.4824,0.2759,0.0517,1.2058,67.3293,232.5961,0.289,0.0183
2015-11-07T00:32:59.082Z,4.5171,73.1014,232.0587,0.3149,0.0624,3.0797,65.2129,229.776,0.2836,0.0468,1.0052,65.0997,233.5088,0.279,0.0156
2015-11-07T00:33:59.365Z,4.7208,73.198,231.792,0.3152,0.0656,3.061,63.9767,229.5885,0.2785,0.05,0.7857,65.1416,233.3919,0.2789,0.0109
2015-11-07T00:35:59.444Z,4.3249,72.0173,231.4203,0.3109,0.0614,3.0336,65.962,231.7447,0.2847,0.0453,1.2323,65.0608,232.8298,0.2796,0.0197
2015-11-07T00:36:59.708Z,4.1771,73.9356,231.3741,0.3192,0.0557,3.3269,64.9287,231.69,0.2805,0.053,1.2209,65.7745,232.8001,0.2823,0.0192
2015-11-07T00:37:59.059Z,4.8103,73.2886,231.3144,0.3167,0.0658,3.1566,64.2792,231.5533,0.2772,0.0483,1.3002,65.5693,233.3924,0.281,0.0187
2015-11-07T00:38:59.254Z,5.1152,72.5699,230.8763,0.3142,0.0693,3.2334,64.7538,230.9655,0.2802,0.0518,1.644,65.9333,232.4593,0.2834,0.0258
2015-11-07T00:39:59.601Z,4.1005,74.2248,231.588,0.3198,0.0553,3.057,64.7422,230.8053,0.2805,0.0473,0.964,65.5387,232.8095,0.2814,0.0164
2015-11-07T00:40:59.345Z,4.1976,72.18,231.6324,0.3117,0.0602,3.1964,63.8651,230.8527,0.2767,0.051,1.3397,64.3713,232.4874,0.2764,0.022
2015-11-07T00:41:59.518Z,4.5509,74.8392,231.694,0.3223,0.0609,2.8754,64.4648,231.1055,0.2786,0.0465,1.2011,65.3357,233.4908,0.2798,0.018
2015-11-07T00:42:59.767Z,4.7053,72.7641,231.2634,0.3144,0.0636,3.3297,65.387,231.8302,0.2818,0.0496,1.1149,65.602,233.9275,0.2809,0.0174
2015-11-07T00:43:59.021Z,4.9874,73.5362,231.1701,0.3182,0.0686,3.3623,65.7032,232.2853,0.283,0.0521,0.9744,64.5224,233.2343,0.2763,0.0158
2015-11-07T00:44:59.397Z,4.0258,72.3991,231.7784,0.3125,0.0569,3.8187,65.1771,232.4842,0.2808,0.0592,1.151,65.474,233.4321,0.2804,0.0175
2015-11-07T00:45:59.975Z,3.5314,71.8367,231.5197,0.3097,0.0509,2.5611,64.5225,231.7554,0.278,0.0401,1.5858,63.4642,232.8413,0.2721,0.0255
2015-11-07T00:46:59.453Z,4.8844,74.2096,231.9572,0.32,0.0666,3.0043,64.3989,231.9007,0.2776,0.0472,0.7586,63.6467,231.941,0.2742,0.0114
2015-11-07T00:47:59.703Z,5.0566,74.0297,232.1727,0.3192,0.0703,3.5373,65.0938,232.032,0.2802,0.0541,1.175,65.1682,231.7387,0.2809,0.0183
2015-11-07T00:48:59.288Z,4.4534,73.0599,231.4447,0.3156,0.0623,2.8111,64.5103,231.8149,0.278,0.0428,1.4936,65.287,231.7023,0.2818,0.022
2015-11-07T00:49:59.875Z,4.2714,72.8955,230.5796,0.3163,0.0591,3.4628,65.0439,230.8238,0.2814,0.0526,1.4738,65.1765,231.3033,0.2814,0.0236
2015-11-07T00:50:59.295Z,4.0963,73.5132,230.2354,0.319,0.0571,2.9996,65.0259,231.0528,0.2809,0.0457,1.0258,64.3628,231.2421,0.2782,0.0162
2015-11-07T00:51:59.612Z,4.851,72.5513,230.2935,0.3148,0.068,3.2933,65.2864,231.2615,0.2821,0.0508,1.5208,65.3821,230.2721,0.2833,0.0224
2015-11-07T00:52:59.819Z,4.8628,74.1464,230.7813,0.321,0.0672,3.8183,66.1801,231.0374,0.2859,0.0565,1.2379,64.6099,230.5088,0.2809,0.0193
2015-11-07T00:53:59.388Z,5.2188,73.434,231.1038,0.3182,0.0716,3.6061,65.5084,231.6362,0.2826,0.0551,1.247,64.7294,231.2611,0.2796,0.0191
2015-11-07T00:54:59.759Z,4.5539,71.073,231.5922,0.3065,0.0642,3.0371,62.7283,228.6639,0.2745,0.0478,1.1018,64.5276,232.6108,0.2775,0.019
2015-11-07T00:55:59.948Z,4.5005,73.6471,231.3281,0.3184,0.0613,3.2936,63.9712,228.9368,0.28,0.0538,0.8565,66.1929,232.7399,0.2844,0.0131
2015-11-07T00:56:59.116Z,4.8467,73.3525,230.2274,0.3184,0.0671,3.1646,66.0694,232.0518,0.2842,0.0456,1.1644,64.5816,232.0502,0.2784,0.0172
2015-11-07T00:57:59.264Z,4.5353,73.3976,230.3122,0.319,0.0641,2.89,65.024,232.0668,0.2803,0.0436,1.1426,65.2224,232.1278,0.2807,0.0189
2015-11-07T00:58:59.674Z,4.1722,73.9832,230.1096,0.3211,0.0568,2.9819,64.8292,231.4336,0.2798,0.0484,1.2051,66.1908,232.7325,0.2842,0.0163
2015-11-07T00:59:59.222Z,4.6474,72.0931,230.2678,0.3129,0.0654,2.1425,64.3029,231.6273,0.277,0.0348,1.6621,64.5758,232.6748,0.2775,0.0245
