2015-10-30T00:00:59.493Z,4.82,70.4513,229.1752,0.3073,0.0701,3.6182,63.7224,233.5271,0.2725,0.06,0.6425,63.9365,233.4942,0.2732,0.0098
2015-10-30T00:01:59.833Z,3.9193,72.0065,227.4362,0.3163,0.0554,3.5343,64.9173,232.6608,0.2788,0.0555,1.4926,64.5512,233.837,0.276,0.0229
2015-10-30T00:02:59.240Z,4.1236,72.6489,230.2764,0.3158,0.0583,3.0399,64.849,231.7348,0.2796,0.0483,1.6138,63.8302,232.686,0.2742,0.0244
2015-10-30T00:03:59.477Z,4.7977,74.0678,231.9132,0.3198,0.0666,3.2171,63.8438,231.3313,0.2759,0.0525,1.4734,63.425,232.1046,0.2729,0.0258
2015-10-30T00:04:59.654Z,5.0553,73.3738,231.5536,0.3173,0.07,3.6376,64.9584,230.6146,0.2814,0.0569,1.8967,64.2882,232.3297,0.2771,0.0292
2015-10-30T00:05:59.100Z,4.609,73.0684,231.5897,0.3153,0.064,3.8761,63.4598,231.3786,0.2743,0.0617,1.3417,64.2699,231.9892,0.2773,0.0212
2015-10-30T00:06:59.380Z,3.8105,66.0842,231.5091,0.2848,0.0611,3.008,55.3938,231.369,0.2393,0.0631,1.0811,56.6207,232.0701,0.2436,0.0276
2015-10-30T00:07:59.922Z,4.5026,71.3492,231.1778,0.3088,0.0658,3.5668,61.9189,231.6059,0.2673,0.0634,1.8815,60.9784,232.3847,0.2628,0.0325
2015-10-30T00:08:59.159Z,5.0226,70.5908,229.7733,0.3074,0.0767,3.3953,61.4061,232.3107,0.2642,0.0615,2.0394,62.5073,232.4384,0.2689,0.0302
2015-10-30T00:09:59.550Z,5.2598,66.1549,231.4657,0.2853,0.0834,4.158,57.7873,231.4861,0.2493,0.0734,1.9518,56.0815,231.608,0.242,0.0414
2015-10-30T00:10:59.832Z,4.9462,68.9647,230.7811,0.2985,0.0753,3.2347,62.0176,230.0477,0.2699,0.0571,1.7108,60.4237,231.8075,0.2607,0.031
2015-10-30T00:11:59.003Z,4.7964,69.6007,230.224,0.3022,0.0712,3.1201,56.9535,229.4275,0.248,0.062,0.9165,59.6826,232.3988,0.2575,0.0226
2015-10-30T00:12:59.138Z,5.173,70.6168,229.9867,0.3072,0.0777,2.9058,58.9011,232.2832,0.2537,0.0583,1.6123,59.2748,231.9846,0.2554,0.038
2015-10-30T00:13:59.399Z,4.8967,72.2266,230.4321,0.3136,0.0686,2.9199,63.4196,232.6347,0.2731,0.0453,1.5157,62.024,231.7453,0.2678,0.0297
2015-10-30T00:14:59.546Z,4.0844,74.3363,230.5695,0.3225,0.0548,3.4237,65.1877,233.1147,0.2796,0.0549,1.602,64.7368,232.2764,0.2784,0.026
2015-10-30T00:15:59.816Z,5.1012,74.7605,229.1091,0.3265,0.0703,3.4737,67.9582,233.926,0.2903,0.0524,1.3052,66.9027,233.018,0.2868,0.0185
2015-10-30T00:16:59.022Z,4.9407,73.9844,232.0171,0.3187,0.0682,3.1024,66.7857,233.1971,0.287,0.0487,1.5694,65.9076,233.3388,0.2822,0.0242
2015-10-30T00:17:59.291Z,5.6213,74.9356,232.3822,0.322,0.0755,3.9796,68.8581,232.829,0.2957,0.0571,1.2645,66.2386,233.1197,0.284,0.0197
2015-10-30T00:18:59.488Z,4.4833,75.2636,232.4262,0.3237,0.0609,3.0999,66.2356,232.5001,0.2851,0.0477,1.5115,65.9784,233.0237,0.2826,0.0231
2015-10-30T00:19:59.647Z,4.615,75.2842,232.8104,0.3232,0.0627,3.4289,68.518,233.5499,0.2938,0.05,1.6667,68.3586,233.8057,0.2925,0.0248
2015-10-30T00:20:59.909Z,5.1437,76.9003,232.6671,0.3304,0.0666,2.9621,66.6447,233.5301,0.2855,0.0449,1.6273,66.7332,233.8887,0.2853,0.0248
2015-10-30T00:21:59.180Z,4.6847,75.6211,233.0091,0.325,0.0626,3.5398,67.8413,233.8919,0.2901,0.0523,1.9826,68.8302,234.0128,0.2942,0.0268
2015-10-30T00:22:59.450Z,3.9727,74.6958,229.9446,0.3243,0.0533,3.5773,68.5921,235.3701,0.2909,0.0526,1.423,67.9782,234.3608,0.2901,0.0221
2015-10-30T00:23:59.659Z,5.1682,74.0968,231.8912,0.3199,0.072,3.6236,66.6246,234.8804,0.2841,0.0568,1.6018,65.3246,233.4951,0.2801,0.0255
2015-10-30T00:24:59.936Z,4.7614,76.1269,232.3474,0.3274,0.0632,3.6875,68.4008,235.2051,0.2903,0.0541,1.9835,67.3132,233.8907,0.2882,0.0287
2015-10-30T00:25:59.047Z,4.7279,75.3221,231.9834,0.3241,0.0646,3.4518,67.8944,234.9701,0.2886,0.0513,1.0836,66.4784,233.477,0.2847,0.0147
2015-10-30T00:26:59.421Z,4.5985,75.3116,231.9822,0.3248,0.0618,4.202,67.8384,234.5956,0.289,0.0635,1.3713,65.867,233.1259,0.2821,0.0223
2015-10-30T00:27:59.741Z,4.4611,74.3901,231.9205,0.3207,0.0602,3.1824,66.3287,233.2689,0.2842,0.0501,1.4662,67.2188,234.0088,0.2871,0.022
2015-10-30T00:28:59.901Z,5.1838,75.5605,231.0926,0.3267,0.0697,3.2003,67.7942,232.1748,0.2919,0.047,1.8146,66.1192,233.5769,0.2827,0.0281
2015-10-30T00:29:59.105Z,4.826,74.9996,228.7949,0.328,0.0638,2.8824,68.7808,235.0217,0.2921,0.0419,1.6174,68.9642,233.3463,0.2953,0.0233
2015-10-30T00:30:59.368Z,4.8047,75.2021,230.3593,0.3262,0.0633,3.2679,69.6399,234.2372,0.2975,0.0462,1.4273,66.8422,232.9832,0.2868,0.0211
2015-10-30T00:31:59.967Z,4.3113,75.0655,231.6047,0.3245,0.0583,3.6676,68.7003,233.9637,0.2934,0.0538,1.6622,67.5414,233.0905,0.2899,0.0229
2015-10-30T00:32:59.298Z,4.8662,74.3115,232.5602,0.3192,0.0675,3.7148,66.3207,233.4312,0.2842,0.0579,1.4844,66.1039,233.0029,0.2843,0.0231
2015-10-30T00:33:59.543Z,5.1971,75.4473,232.394,0.3251,0.0705,3.5816,67.0787,233.9133,0.2872,0.0541,1.3757,67.0822,232.8365,0.288,0.0208
2015-10-30T00:34:59.777Z,4.9965,75.518,232.5935,0.3244,0.0681,3.5469,67.3092,234.0758,0.2875,0.0538,1.3542,66.9422,232.5027,0.2876,0.0204
2015-10-30T00:36:59.238Z,5.2119,76.1337,232.7002,0.3268,0.0686,3.5489,67.6541,234.1717,0.2886,0.054,1.6459,67.888,232.4433,0.2921,0.0241
2015-10-30T00:37:59.463Z,5.4415,75.8242,232.8603,0.3253,0.0738,3.5481,67.0437,234.2866,0.2867,0.053,1.8312,66.9503,232.7816,0.2875,0.0279
2015-10-30T00:38:59.758Z,3.853,74.3854,233.0535,0.3192,0.0529,3.8524,68.2522,234.5399,0.2907,0.0555,1.843,66.8493,232.9847,0.2873,0.0285
2015-10-30T00:39:59.946Z,4.8637,75.2632,233.1827,0.3225,0.0668,3.6963,68.6915,234.1833,0.2934,0.0551,1.3151,66.216,232.8543,0.2835,0.0209
2015-10-30T00:40:59.241Z,4.9009,77.2512,232.4022,0.3316,0.0649,3.6759,68.242,234.0836,0.2916,0.0533,1.4124,67.9794,232.8612,0.2919,0.021
2015-10-30T00:41:59.538Z,4.8197,76.301,232.6166,0.3278,0.064,3.5582,67.5926,234.1249,0.2891,0.0533,1.6847,67.0752,232.78,0.2886,0.0242
2015-10-30T00:42:59.795Z,4.5577,74.9719,232.1052,0.3226,0.0619,3.573,68.4081,234.0096,0.2925,0.0525,1.6616,66.2685,233.4973,0.2836,0.0274
2015-10-30T00:43:59.013Z,5.179,75.5324,230.8431,0.3273,0.0698,3.5069,69.1271,234.595,0.2946,0.051,1.6421,67.1198,233.2166,0.288,0.0243
2015-10-30T00:44:59.172Z,5.0867,76.0912,231.1676,0.3285,0.0673,3.3614,67.6774,234.3318,0.2885,0.0496,1.2286,68.0559,233.074,0.2918,0.017
2015-10-30T00:45:59.390Z,4.992,75.5457,231.2048,0.3264,0.0676,3.0199,67.3311,233.8765,0.2881,0.0447,2.1716,66.9618,233.9711,0.2859,0.0327
2015-10-30T00:46:59.842Z,3.854,74.1096,231.5983,0.3202,0.054,3.2816,66.2865,230.9083,0.2873,0.0513,0.9875,66.3733,234.1292,0.2833,0.0154
2015-10-30T00:47:59.982Z,4.4595,75.1848,232.3189,0.3236,0.0603,3.1316,66.8737,233.0245,0.2866,0.052,1.6187,64.4911,233.4051,0.2759,0.0268
2015-10-30T00:48:59.176Z,5.1946,75.657,232.6212,0.3249,0.0701,3.4916,67.2506,233.3458,0.2881,0.0533,1.2258,67.8698,233.5429,0.2908,0.0174
2015-10-30T00:49:59.536Z,4.5652,76.7834,232.9293,0.3299,0.0601,3.9334,68.0735,233.1857,0.292,0.0563,1.3817,67.7065,233.0915,0.2907,0.0188
2015-10-30T00:50:59.863Z,4.0656,75.9085,232.9349,0.3257,0.0556,2.9957,67.9751,233.1288,0.2919,0.0453,1.5597,67.2791,233.2993,0.2886,0.0221
2015-10-30T00:51:59.260Z,3.948,76.4823,233.4843,0.3274,0.0538,3.6637,68.7381,233.6114,0.294,0.055,1.0698,68.221,233.8394,0.2918,0.0148
2015-10-30T00:52:59.411Z,5.3446,76.3316,233.7054,0.3264,0.0722,3.3727,66.5213,233.4584,0.284,0.0515,2.0479,66.8364,233.3715,0.2864,0.0329
2015-10-30T00:53:59.608Z,5.2845,75.6774,233.1732,0.3241,0.0716,3.5157,66.8215,233.3969,0.2863,0.0544,1.762,67.912,233.3176,0.2914,0.0257
2015-10-30T00:54:59.868Z,4.3839,76.0374,233.2129,0.3261,0.0586,3.9209,68.1965,233.007,0.293,0.058,1.5687,65.7832,233.355,0.2822,0.0238
2015-10-30T00:55:59.986Z,5.1473,76.1009,233.184,0.3259,0.0686,3.106,67.5411,232.7424,0.2902,0.0454,1.6422,68.1856,233.4755,0.2918,0.0244
2015-10-30T00:56:59.218Z,4.9587,76.2523,232.9268,0.3277,0.0652,3.5491,68.4294,232.5068,0.2942,0.0513,1.4044,66.6512,233.387,0.2853,0.0208
2015-10-30T00:57:59.477Z,4.591,75.3134,233.2419,0.3229,0.0623,3.3004,67.3445,231.9604,0.2901,0.0505,1.3348,67.6541,233.5343,0.29,0.0203
2015-10-30T00:58:59.669Z,4.013,75.4944,233.5522,0.3231,0.0535,3.3721,68.1012,232.4693,0.2934,0.0487,1.7327,68.6156,234.1296,0.2933,0.0246
2015-10-30T00:59:59.938Z,5.0275,75.7278,233.4442,0.324,0.0675,3.5686,68.8523,232.062,0.2968,0.0516,1.9433,67.3018,234.6013,0.2872,0.0279
2015-10-30T01:00:59.060Z,4.3696,72.1617,233.3409,0.309,0.0612,3.3866,65.1106,231.1044,0.2812,0.0516,1.2817,67.3325,234.6274,0.2872,0.0181
2015-10-30T01:01:59.290Z,5.4732,76.4774,233.0776,0.3279,0.0715,2.9574,66.5693,231.3816,0.2875,0.0442,1.6216,65.413,234.6476,0.2789,0.0263
2015-10-30T01:02:59.541Z,3.9911,75.2524,231.6291,0.3248,0.0543,3.0438,65.9434,232.0585,0.2843,0.0464,1.9484,67.5932,234.051,0.2885,0.0301
2015-10-30T01:03:59.789Z,3.9486,74.7549,231.7751,0.3225,0.0535,3.386,68.7119,233.1874,0.2945,0.0502,1.6997,66.979,233.6598,0.2869,0.0255
2015-10-30T01:04:59.059Z,4.6086,75.3197,231.7679,0.3249,0.063,3.9861,66.9186,233.3424,0.2873,0.0586,1.5132,66.5054,233.6801,0.2844,0.0234
2015-10-30T01:05:59.223Z,5.3396,74.5914,231.2654,0.3226,0.0721,3.1777,68.7976,233.3347,0.2947,0.0466,1.8156,67.1564,233.4978,0.2875,0.0284
2015-10-30T01:06:59.423Z,4.7519,74.4225,232.1326,0.3203,0.0655,3.6798,68.0791,232.4573,0.293,0.0555,1.4802,66.3178,233.0966,0.2847,0.0227
2015-10-30T01:07:59.602Z,5.0821,75.2109,232.5949,0.3233,0.0682,3.7011,66.1716,232.369,0.2848,0.0562,1.4436,66.4262,232.7073,0.2857,0.022
2015-10-30T01:08:59.750Z,5.2991,75.2624,233.1475,0.3221,0.0718,3.2733,68.4023,232.8938,0.2941,0.0481,2.1297,68.1857,233.2293,0.2921,0.0311
2015-10-30T01:09:59.902Z,4.738,76.0654,233.3045,0.3256,0.0635,3.9603,66.4097,232.9687,0.2848,0.061,1.2963,67.5258,233.4771,0.2896,0.0192
2015-10-30T01:10:59.090Z,4.4197,75.7132,233.5562,0.3237,0.0584,3.4808,68.0679,232.9881,0.2919,0.0518,1.664,67.4997,233.2471,0.2893,0.0251
2015-10-30T01:11:59.502Z,4.6576,75.4905,233.0053,0.3238,0.0651,3.114,67.2445,232.3898,0.29,0.0493,1.2873,66.9673,232.8788,0.2875,0.0197
2015-10-30T01:12:59.689Z,5.3086,74.989,233.3571,0.3211,0.0716,3.7458,69.1895,232.9623,0.297,0.053,0.8843,67.9886,233.7346,0.2913,0.0133
2015-10-30T01:13:59.026Z,5.0513,77.1178,233.3878,0.3307,0.0664,3.4718,65.5246,232.7814,0.2816,0.0547,1.2239,68.1042,233.9252,0.2912,0.0189
2015-10-30T01:14:59.304Z,4.2953,74.9502,232.9471,0.3215,0.0582,3.7253,66.992,232.5535,0.2881,0.0537,1.5863,68.2862,233.2364,0.2924,0.0238
2015-10-30T01:15:59.495Z,4.7063,74.8946,233.3621,0.321,0.0644,3.8451,66.9887,232.5849,0.2878,0.0564,1.7842,67.8021,233.4065,0.2907,0.0268
2015-10-30T01:16:59.719Z,5.4253,76.3064,232.8207,0.3276,0.0727,3.6621,67.2375,232.2863,0.2891,0.0548,2.0197,67.0145,233.172,0.2877,0.0308
2015-10-30T01:17:59.967Z,4.8129,76.4741,232.5407,0.3288,0.0638,3.2911,66.1251,232.0476,0.2849,0.0508,1.3491,68.3036,233.5717,0.2926,0.0191
2015-10-30T01:18:59.214Z,5.0443,76.6575,232.8484,0.3294,0.0666,3.4093,65.3702,230.0262,0.2838,0.0529,1.464,67.1196,234.391,0.2862,0.0221
2015-10-30T01:19:59.455Z,5.0842,77.0703,232.474,0.3315,0.0671,3.592,67.4932,232.8488,0.2902,0.0533,1.4884,68.1984,233.7899,0.2914,0.0228
2015-10-30T01:20:59.749Z,4.908,74.6785,232.5069,0.321,0.0659,3.5886,66.9975,233.4726,0.2869,0.053,1.4779,67.5478,233.926,0.2889,0.0221
2015-10-30T01:21:59.118Z,3.7113,75.202,233.0018,0.3228,0.0496,2.9498,67.2754,233.412,0.2878,0.045,1.5681,68.9231,233.6664,0.2951,0.0236
2015-10-30T01:22:59.363Z,5.1452,74.9801,232.5221,0.322,0.0697,3.7922,68.1819,233.6086,0.2918,0.0547,1.5744,67.8652,233.7998,0.2901,0.023
2015-10-30T01:23:59.635Z,4.8692,76.3529,232.4775,0.3278,0.0648,3.523,67.0521,233.5713,0.2873,0.0518,1.8014,67.7079,233.6873,0.2897,0.0265
2015-10-30T01:24:59.905Z,4.7793,75.986,232.2921,0.3269,0.0644,3.5821,68.11,233.8407,0.291,0.0527,1.8625,67.8104,233.8035,0.2899,0.0277
2015-10-30T01:25:59.108Z,4.5771,75.6378,233.1673,0.3248,0.0606,3.237,68.1974,234.0832,0.2911,0.0476,1.8914,66.5383,232.8486,0.286,0.0279
2015-10-30T01:26:59.402Z,5.1299,75.8447,233.3913,0.3248,0.0685,3.704,67.2565,234.2702,0.2871,0.0562,1.488,67.3613,233.6455,0.2886,0.0218
2015-10-30T01:27:59.638Z,5.4622,75.6425,232.4726,0.3252,0.0734,3.5657,68.5366,233.9412,0.2935,0.0525,1.632,68.3609,233.6504,0.2926,0.0226
2015-10-30T01:28:59.093Z,5.1747,75.6692,233.2216,0.3246,0.0691,3.1121,67.6926,234.2423,0.289,0.0456,1.8541,67.9872,234.1793,0.2907,0.0271
2015-10-30T01:29:59.267Z,3.8611,75.2954,232.4567,0.3236,0.0502,3.1971,68.2947,234.5486,0.2913,0.0462,1.6558,68.0655,235.4351,0.2891,0.023
2015-10-30T01:30:59.914Z,4.0814,75.4279,231.7564,0.3254,0.0547,3.4392,68.1593,234.2889,0.2904,0.0513,1.517,68.7563,235.2735,0.2922,0.0215
2015-10-30T01:31:59.067Z,5.009,74.8372,231.522,0.3235,0.0687,3.1049,67.782,234.12,0.2896,0.047,1.6451,66.261,234.9631,0.2818,0.0264
2015-10-30T01:32:59.307Z,4.7953,76.4724,232.2411,0.3289,0.064,3.9907,69.779,234.3388,0.2977,0.0573,1.1356,67.2365,235.1076,0.2862,0.0151
2015-10-30T01:33:59.616Z,4.9911,76.3773,233.7902,0.3265,0.0666,3.6997,68.7343,234.3952,0.2935,0.0537,1.7895,68.774,234.9259,0.2932,0.0238
2015-10-30T01:34:59.904Z,4.0663,75.9091,233.522,0.3252,0.0541,3.4837,67.266,234.0213,0.2877,0.0505,1.9597,68.4065,234.449,0.2916,0.0287
2015-10-30T01:35:59.166Z,4.8539,74.3861,233.2108,0.3188,0.0683,3.3296,68.6757,233.7963,0.2937,0.0496,1.7734,66.4994,234.211,0.2841,0.0293
2015-10-30T01:36:59.387Z,4.8746,75.9812,233.0677,0.3258,0.0651,3.6589,65.4495,232.783,0.2815,0.0571,1.7778,67.0229,234.7134,0.2855,0.0266
2015-10-30T01:37:59.653Z,4.121,75.6392,232.9584,0.3244,0.0553,4.1527,67.887,232.9356,0.2918,0.0626,1.9802,67.0062,234.7462,0.2851,0.0299
2015-10-30T01:38:59.893Z,4.4097,74.7333,232.9357,0.3204,0.0601,3.6805,69.0445,233.5075,0.2955,0.0533,2.1976,67.1725,234.1737,0.2868,0.0339
2015-10-30T01:39:59.068Z,4.7347,75.1311,232.2031,0.3234,0.0631,3.3711,67.6009,233.3288,0.2889,0.0496,1.8098,67.6458,234.0188,0.2894,0.0249
2015-10-30T01:40:59.180Z,5.4155,74.3626,231.4996,0.3212,0.0734,3.8486,66.2858,233.5443,0.2842,0.0598,1.3234,65.9881,234.2813,0.282,0.021
2015-10-30T01:41:59.418Z,4.6576,75.1649,232.0715,0.3241,0.0629,3.7457,67.3863,234.2388,0.2876,0.059,1.2192,67.1652,234.4877,0.2862,0.0195
2015-10-30T01:42:59.608Z,5.0962,76.6968,232.4145,0.3301,0.0674,3.3141,67.4175,234.5712,0.2875,0.049,1.4148,67.0137,234.6266,0.286,0.0214
2015-10-30T01:43:59.816Z,5.3692,75.7076,232.4337,0.3255,0.072,3.6218,67.3033,233.6044,0.2878,0.0526,1.6391,68.4463,234.1953,0.2921,0.0241
2015-10-30T01:44:59.146Z,4.8712,77.2853,232.7943,0.3316,0.0631,3.8511,66.2497,233.3469,0.2836,0.0591,1.259,67.3094,234.1732,0.2873,0.0187
2015-10-30T01:45:59.355Z,3.9254,74.8946,232.4397,0.3223,0.0522,4.1173,64.9915,233.45,0.2784,0.0676,1.9073,66.2554,233.7222,0.2835,0.0329
2015-10-30T01:46:59.538Z,3.7951,74.6848,233.1082,0.3199,0.0511,3.616,68.4209,234.3022,0.2918,0.0537,1.5955,67.2171,234.0679,0.2872,0.0237
2015-10-30T01:47:59.726Z,5.054,75.1829,233.8449,0.3216,0.0677,3.2992,67.9222,234.4886,0.2897,0.0479,1.418,68.6085,234.3501,0.2931,0.0223
2015-10-30T01:48:59.911Z,5.356,76.4496,234.387,0.3263,0.0703,3.4347,69.4626,234.3852,0.2964,0.0507,1.383,66.2501,234.5466,0.2824,0.0222
2015-10-30T01:49:59.199Z,5.0968,76.6574,234.9823,0.3263,0.067,3.7159,68.037,234.677,0.2902,0.055,1.9046,68.1529,233.2903,0.292,0.027
2015-10-30T01:50:59.473Z,5.2745,76.0162,234.77,0.3237,0.0693,2.9302,66.2067,234.9298,0.2821,0.0453,1.6476,66.4778,233.7451,0.2843,0.0262
2015-10-30T01:51:59.660Z,4.5681,76.0185,234.4622,0.3242,0.061,3.6089,66.5251,234.7016,0.284,0.0562,1.5985,66.9438,234.8885,0.2847,0.0264
2015-10-30T01:52:59.839Z,5.1966,77.7107,234.672,0.3312,0.0671,3.428,68.4771,234.7276,0.2916,0.0503,1.7293,68.7324,234.9885,0.2926,0.0265
2015-10-30T01:53:59.177Z,4.1278,76.7504,234.069,0.3281,0.0538,3.5401,68.8673,233.9402,0.2937,0.0519,1.8938,66.6837,234.5858,0.2846,0.0281
2015-10-30T01:54:59.452Z,4.1063,76.4328,233.8304,0.3264,0.0548,3.8842,68.2232,233.0897,0.2921,0.0564,1.5888,67.3083,234.175,0.287,0.0224
2015-10-30T01:55:59.712Z,4.3327,76.4295,233.6014,0.327,0.056,3.3265,66.9132,233.1241,0.2869,0.0513,1.787,67.3705,234.1609,0.2878,0.0263
2015-10-30T01:56:59.062Z,4.8961,75.7936,233.7789,0.3247,0.0657,3.6908,66.6069,233.0862,0.2859,0.056,1.2932,67.053,233.9938,0.2866,0.0198
2015-10-30T01:57:59.252Z,4.6525,76.2427,233.9222,0.3263,0.0613,3.4842,69.4567,233.3989,0.2974,0.0522,1.7962,66.7635,234.2873,0.2848,0.0274
2015-10-30T01:58:59.426Z,5.1704,75.3041,233.9042,0.3218,0.0702,3.7104,67.5624,233.7518,0.2888,0.0562,1.9392,68.6215,234.7053,0.2922,0.0282
2015-10-30T01:59:59.720Z,5.1253,75.8911,234.6946,0.3233,0.0684,3.562,67.3017,234.0958,0.2878,0.0523,1.6929,68.7647,235.4304,0.2922,0.0257
