2015-12-02T00:00:59.537Z,4.6697,91.412,230.8635,0.3959,0.0522,2.3023,83.0129,230.3137,0.3601,0.0271,2.3703,82.7632,232.2766,0.3564,0.0286
2015-12-02T00:01:59.866Z,4.3297,97.5775,231.4203,0.4218,0.0443,3.4413,86.0216,230.9182,0.3723,0.0392,2.9614,83.9335,232.308,0.3611,0.0365
2015-12-02T00:02:59.116Z,5.7755,96.9457,231.3449,0.4189,0.0594,3.3138,85.3098,231.0633,0.3696,0.0371,2.9581,83.5521,232.2398,0.3597,0.0348
2015-12-02T00:03:59.305Z,5.2762,96.2318,231.3143,0.4164,0.0548,3.0923,86.0164,231.7236,0.3711,0.0339,2.4464,85.8339,231.7275,0.3704,0.0286
2015-12-02T00:04:59.641Z,3.7163,98.0563,232.1779,0.4216,0.0378,3.4944,86.7189,232.2634,0.3737,0.0398,2.1677,84.1548,232.453,0.3615,0.0276
2015-12-02T00:05:59.989Z,2.2018,96.0619,231.9434,0.4141,0.0218,3.9109,84.8785,232.0905,0.3654,0.0486,3.1693,82.4324,232.7919,0.3535,0.0397
2015-12-02T00:06:59.217Z,5.3217,97.9963,232.3156,0.4216,0.0552,3.3748,86.8719,232.359,0.3736,0.0392,3.507,87.4678,233.0112,0.3749,0.0384
2015-12-02T00:07:59.470Z,5.0789,97.2171,232.3356,0.4179,0.054,2.676,83.6782,229.2346,0.3653,0.0304,2.1931,84.0162,233.3341,0.3599,0.0266
2015-12-02T00:08:59.655Z,5.95,97.9284,232.9626,0.4204,0.0613,3.2876,85.0968,231.4797,0.3685,0.0375,2.5562,87.0179,233.4144,0.3726,0.0297
2015-12-02T00:09:59.075Z,3.8129,95.6152,232.5704,0.4114,0.0403,2.5269,84.8126,232.3644,0.3648,0.0297,2.8838,81.6794,232.7946,0.3509,0.0382
2015-12-02T00:10:59.584Z,4.8722,96.1867,231.9091,0.4149,0.0522,3.0052,84.992,231.3868,0.3675,0.0358,2.3184,85.062,232.5955,0.3658,0.0276
2015-12-02T00:11:59.861Z,5.3938,96.4226,231.6053,0.4163,0.0576,3.1297,82.9555,230.8568,0.3589,0.0393,2.354,85.4316,231.7304,0.3684,0.0277
2015-12-02T00:12:59.126Z,5.4182,97.6309,231.3772,0.422,0.0563,3.2464,85.9303,230.3213,0.3732,0.0371,3.5401,83.7011,231.9359,0.3609,0.0426
2015-12-02T00:13:59.372Z,5.1938,97.7464,231.7376,0.4208,0.054,3.2073,87.0847,230.4513,0.3779,0.0359,3.1441,83.7129,231.7864,0.3607,0.0368
2015-12-02T00:14:59.784Z,5.3783,96.5554,231.5799,0.4162,0.0553,3.6916,85.3564,230.071,0.3708,0.0436,2.8782,83.3118,231.9972,0.3593,0.0367
2015-12-02T00:15:59.086Z,4.9819,96.7817,231.545,0.4177,0.052,3.3029,85.8434,230.9961,0.3716,0.038,3.3779,84.7179,231.5427,0.3659,0.0396
2015-12-02T00:16:59.228Z,4.8134,97.1899,231.7482,0.4188,0.0521,3.16,83.2338,230.6131,0.361,0.0387,2.6189,83.5042,231.8391,0.3603,0.0304
2015-12-02T00:17:59.683Z,5.814,96.2323,231.4164,0.4155,0.0613,3.7008,84.7342,230.8999,0.3673,0.0421,2.5928,84.6796,231.8009,0.3655,0.0322
2015-12-02T00:18:59.000Z,4.7252,96.6673,230.7694,0.4181,0.0493,2.7765,84.4978,231.5666,0.3653,0.0336,2.7229,85.0902,231.6102,0.3671,0.0312
2015-12-02T00:19:59.225Z,5.7392,96.9696,231.1776,0.4191,0.0614,2.9166,85.9287,232.1139,0.3699,0.0338,3.0255,85.4472,232.0832,0.3678,0.0377
2015-12-02T00:20:59.562Z,5.5945,97.4638,231.1593,0.4213,0.0588,3.2445,85.4785,232.3874,0.3679,0.0377,2.7444,86.3835,232.0544,0.3721,0.0323
2015-12-02T00:21:59.827Z,5.7197,98.2826,231.6525,0.4241,0.0586,3.1418,84.5599,232.8281,0.3634,0.0375,2.8615,85.154,232.5312,0.3666,0.0324
2015-12-02T00:22:59.115Z,4.7939,97.0368,231.5638,0.419,0.0506,3.4152,86.9741,233.0142,0.3728,0.04,2.3804,84.6168,233.2657,0.363,0.0277
2015-12-02T00:23:59.380Z,2.1757,97.6701,231.4429,0.4221,0.021,3.6716,85.827,232.2947,0.3693,0.0423,2.4852,86.08,233.4055,0.3687,0.0288
2015-12-02T00:24:59.831Z,5.5878,96.9707,231.4519,0.4195,0.0585,3.6498,83.2175,231.9557,0.3582,0.0464,2.3476,84.5564,233.3945,0.3619,0.0297
2015-12-02T00:25:59.113Z,4.9424,95.1397,231.4184,0.4112,0.0527,3.0683,83.7153,232.0237,0.3607,0.0384,2.9272,84.2278,233.364,0.3612,0.0347
2015-12-02T00:26:59.413Z,4.0364,96.2557,231.3765,0.416,0.0432,3.0411,83.9342,231.5419,0.3625,0.0364,2.6071,86.5873,233.3602,0.3715,0.0302
2015-12-02T00:27:59.763Z,5.5428,97.2287,231.2625,0.4202,0.0583,3.4992,85.9984,231.5751,0.3707,0.0421,2.7927,83.565,233.2053,0.3583,0.0342
2015-12-02T00:28:59.988Z,5.6405,97.1352,231.3214,0.4198,0.0581,2.9247,85.4992,231.9021,0.369,0.0335,2.8063,85.8786,232.9197,0.3686,0.0336
2015-12-02T00:29:59.370Z,5.5149,94.334,230.698,0.4083,0.0592,3.3907,82.486,230.9021,0.3567,0.0426,2.6723,84.5174,232.3091,0.3633,0.0344
2015-12-02T00:30:59.797Z,4.7735,96.8643,230.8672,0.4195,0.0503,2.3448,81.8335,230.167,0.3558,0.0296,2.6321,83.9716,231.986,0.3622,0.034
2015-12-02T00:31:59.008Z,5.4576,97.8738,231.5383,0.4222,0.0567,3.699,83.9331,229.8317,0.3649,0.0438,2.5935,86.1746,232.3029,0.3708,0.0289
2015-12-02T00:32:59.328Z,5.5598,96.4117,230.8886,0.4174,0.0567,2.8355,85.5798,229.9862,0.3721,0.0347,3.5225,84.3505,232.2621,0.3633,0.0423
2015-12-02T00:33:59.656Z,5.3029,97.0513,231.207,0.4196,0.0544,3.1082,84.8296,231.3404,0.3669,0.0362,2.797,86.5027,232.7752,0.372,0.0326
2015-12-02T00:34:59.940Z,4.92,95.824,232.2562,0.4122,0.0515,2.6664,85.9045,232.3012,0.3698,0.0305,3.2836,86.1476,233.891,0.3685,0.0372
2015-12-02T00:35:59.156Z,5.7869,97.2299,233.1043,0.4164,0.0608,3.2803,83.9037,232.4107,0.3611,0.0413,2.9196,84.5988,234.2199,0.361,0.0365
2015-12-02T00:36:59.398Z,2.6134,98.6082,232.9748,0.4235,0.0264,3.6547,86.0473,232.1452,0.3703,0.0439,3.1487,86.2264,233.9457,0.3686,0.0384
2015-12-02T00:37:59.682Z,3.5813,97.2212,232.5329,0.418,0.0382,3.4571,85.3601,231.8998,0.3679,0.0413,3.219,84.502,233.7101,0.3616,0.0402
2015-12-02T00:38:59.094Z,4.3302,96.4749,232.8376,0.4144,0.0453,3.1859,85.5111,231.7156,0.3688,0.0372,3.3558,84.967,233.5519,0.3646,0.0387
2015-12-02T00:39:59.425Z,4.5099,98.563,232.779,0.423,0.0456,2.4796,85.3423,232.1324,0.3674,0.0267,2.9998,87.3213,233.8055,0.3738,0.0346
2015-12-02T00:40:59.638Z,4.4536,98.3335,232.6852,0.4223,0.0465,3.3897,84.3335,231.7302,0.3638,0.0401,2.8356,87.3577,233.9193,0.3731,0.0334
2015-12-02T00:41:59.868Z,5.6966,97.6842,232.3329,0.4205,0.0585,2.8027,86.9866,231.5949,0.3755,0.0316,2.2236,84.8349,233.4802,0.3633,0.0268
2015-12-02T00:42:59.141Z,5.514,96.9681,232.4841,0.417,0.058,3.3676,84.7493,232.0419,0.3654,0.0401,3.4109,86.9718,233.9033,0.3716,0.0398
2015-12-02T00:43:59.347Z,5.7512,97.4443,232.8308,0.4185,0.0597,3.147,86.3781,231.9636,0.3724,0.0371,3.0549,84.0395,233.9179,0.3595,0.0378
2015-12-02T00:44:59.586Z,5.5009,97.2305,233.0542,0.417,0.0563,2.5733,84.7245,232.3933,0.3643,0.0318,2.4895,84.1193,234.0447,0.3595,0.0291
2015-12-02T00:45:59.857Z,5.2111,100.0714,233.0605,0.4288,0.0522,3.2346,86.7219,232.7038,0.3725,0.0365,2.6386,85.9307,233.5624,0.3678,0.0313
2015-12-02T00:46:59.184Z,4.6757,96.5991,233.1769,0.4142,0.0491,2.8024,86.3241,232.6494,0.3714,0.0334,3.0373,88.386,233.6426,0.3784,0.0321
2015-12-02T00:47:59.591Z,2.4528,97.2427,233.13,0.4174,0.0243,3.9268,85.7184,232.7273,0.3684,0.0461,2.9888,86.4246,233.7559,0.3696,0.036
2015-12-02T00:48:59.899Z,2.0246,98.4367,233.4521,0.4211,0.0213,3.9021,86.6566,232.6148,0.3729,0.0452,2.5382,86.3378,234.4212,0.3673,0.0295
2015-12-02T00:49:59.218Z,2.2018,95.5856,233.0083,0.4099,0.0228,4.1342,85.2493,232.1819,0.367,0.0491,2.4712,84.8377,234.755,0.3604,0.0288
2015-12-02T00:50:59.436Z,2.3207,97.4419,233.1801,0.418,0.0251,3.8597,86.2085,232.1984,0.3722,0.0474,2.9467,84.9205,234.6784,0.3618,0.036
2015-12-02T00:51:59.663Z,2.0142,97.5346,233.1124,0.418,0.022,4.1376,83.8024,232.6042,0.3604,0.0482,3.0165,84.1528,234.8746,0.3583,0.0352
2015-12-02T00:52:59.830Z,5.3068,98.1102,233.4455,0.4205,0.0541,3.6026,86.6564,232.7221,0.3723,0.0416,2.9682,85.2227,235.462,0.3618,0.0357
2015-12-02T00:53:59.178Z,5.7577,97.5824,233.5431,0.4172,0.0593,3.9052,85.6783,233.4056,0.3674,0.0443,2.4434,85.0534,234.8483,0.3624,0.0286
2015-12-02T00:54:59.538Z,5.3212,98.5622,233.4468,0.4218,0.0543,2.8359,84.7347,233.806,0.3621,0.0376,3.0857,85.2203,234.6125,0.3627,0.036
2015-12-02T00:55:59.870Z,5.3732,99.5499,233.0696,0.4273,0.054,3.5745,86.9262,233.1625,0.3724,0.0405,2.9171,84.8223,234.3593,0.3621,0.0349
2015-12-02T00:56:59.309Z,4.8377,96.5259,232.7103,0.4146,0.0497,2.9784,86.4541,233.3488,0.3706,0.0329,2.6893,85.4721,234.3567,0.3644,0.0312
2015-12-02T00:57:59.599Z,3.7812,96.1591,232.4765,0.4141,0.0411,3.4262,85.8201,233.5859,0.3671,0.0376,2.2505,86.4554,234.2518,0.369,0.0258
2015-12-02T00:58:59.864Z,4.7495,97.3114,231.6722,0.4193,0.0487,2.7758,84.9313,233.5748,0.3636,0.0363,3.3178,84.4705,234.1993,0.3607,0.0415
2015-12-02T00:59:59.138Z,5.4308,97.1096,231.5889,0.4192,0.0574,3.2966,86.5142,233.731,0.3706,0.0384,3.248,84.7896,234.4755,0.3619,0.0363
