2015-12-06T00:00:59.416Z,3.158,108.9531,232.2691,0.4687,0.0308,3.6616,95.643,231.2858,0.4133,0.0393,84.0226,128.3414,233.8948,0.549,0.6584
2015-12-06T00:01:59.822Z,5.3295,112.9151,233.0455,0.4847,0.0475,4.2335,98.8205,232.2265,0.4253,0.0427,84.8632,128.5125,234.5809,0.548,0.6622
2015-12-06T00:02:59.838Z,2.3059,106.8537,230.2831,0.4634,0.0215,4.2157,93.6642,226.9854,0.4127,0.0484,81.4442,123.413,231.364,0.5325,0.6647
2015-12-06T00:03:59.074Z,5.1462,108.5459,229.2174,0.4731,0.0468,3.0277,94.2389,226.5851,0.4159,0.0304,81.2371,123.2819,231.4714,0.5328,0.6623
2015-12-06T00:04:59.820Z,4.837,109.6727,228.6385,0.4796,0.0451,3.1682,99.1184,229.3965,0.4325,0.0315,81.4989,125.1112,230.7904,0.5425,0.654
2015-12-06T00:05:59.609Z,4.6248,108.5543,228.4974,0.4744,0.0432,4.4069,98.6872,229.8037,0.4296,0.0453,81.5787,123.6307,230.5882,0.5364,0.6628
2015-12-06T00:06:59.963Z,3.8564,108.6831,228.5268,0.4752,0.0359,3.5969,94.9904,229.8246,0.4135,0.0381,81.5554,126.8315,230.8585,0.5497,0.6469
2015-12-06T00:07:59.720Z,3.8205,110.3133,227.6578,0.4836,0.0335,3.059,96.3153,229.4581,0.4196,0.0359,81.1612,124.0471,230.5603,0.5379,0.658
2015-12-06T00:08:59.841Z,2.7038,110.1826,227.9248,0.4834,0.0252,4.3957,95.3581,229.29,0.4164,0.0456,81.4496,124.0446,230.7189,0.5373,0.6581
2015-12-06T00:09:59.941Z,3.7649,108.1273,228.4041,0.473,0.0349,3.7471,95.6244,229.4788,0.4166,0.039,81.1573,124.4355,230.4143,0.5401,0.6553
2015-12-06T00:10:59.268Z,4.4682,110.0271,228.2371,0.4818,0.0398,3.6242,97.2018,229.231,0.4243,0.036,82.4411,126.2102,230.5218,0.5477,0.655
2015-12-06T00:11:59.137Z,4.7652,109.3807,228.4577,0.4781,0.043,3.6537,95.8856,228.9407,0.419,0.0389,81.4256,124.5843,230.6756,0.5401,0.6553
2015-12-06T00:12:59.974Z,4.0482,107.3377,228.1343,0.4698,0.0382,3.6334,92.9333,228.5315,0.406,0.039,81.2776,126.9468,230.6801,0.5505,0.6443
2015-12-06T00:13:59.318Z,2.3062,109.4702,228.4003,0.4789,0.0212,3.3892,94.0912,225.2115,0.4174,0.0343,80.6624,125.5978,231.248,0.5434,0.6449
2015-12-06T00:14:59.993Z,3.265,111.2934,228.8726,0.4865,0.0301,2.8118,95.2066,226.3792,0.421,0.0292,81.1282,125.4609,230.958,0.543,0.6502
2015-12-06T00:15:59.363Z,3.5463,111.9483,229.1448,0.4883,0.0307,3.2772,96.3007,228.4376,0.4217,0.0341,82.2666,126.5243,231.0006,0.5477,0.6531
2015-12-06T00:16:59.711Z,3.5221,110.5346,229.7218,0.481,0.0326,3.318,99.843,228.9001,0.4359,0.0337,81.3888,123.2779,230.901,0.5342,0.6628
2015-12-06T00:17:59.456Z,3.6839,110.5067,229.1993,0.4818,0.0327,3.8087,93.2242,228.5177,0.4081,0.0429,81.1607,124.3936,230.8096,0.5389,0.6559
2015-12-06T00:18:59.759Z,2.9921,111.1272,228.4096,0.486,0.0282,3.9096,96.3563,228.6963,0.4213,0.0404,81.082,125.5385,230.6323,0.5443,0.6477
2015-12-06T00:19:59.895Z,5.6463,111.9338,228.5188,0.4893,0.0508,3.1856,96.1702,228.9611,0.4197,0.0335,80.676,124.4844,230.4399,0.5399,0.6512
2015-12-06T00:20:59.922Z,4.5124,108.6671,227.9089,0.4765,0.0415,2.9496,93.0414,228.68,0.4066,0.0326,80.9245,124.3344,229.6948,0.5409,0.6527
2015-12-06T00:21:59.216Z,4.0545,107.3464,228.0091,0.47,0.0372,3.1318,95.9869,228.8456,0.4192,0.0338,81.2566,123.9117,230.262,0.5374,0.6598
2015-12-06T00:22:59.195Z,3.1484,108.4531,228.2582,0.4749,0.0299,4.0863,91.25,228.7868,0.3985,0.046,80.2096,122.0034,229.8435,0.531,0.6607
2015-12-06T00:23:59.340Z,3.6629,106.6291,227.9591,0.4678,0.0343,3.337,93.537,228.6055,0.4095,0.036,80.0082,123.9924,229.6995,0.5398,0.6485
2015-12-06T00:24:59.662Z,4.3395,108.8217,227.9737,0.4764,0.0408,3.8152,99.1135,229.4839,0.4323,0.0398,80.2075,123.2236,229.389,0.5371,0.653
2015-12-06T00:25:59.386Z,5.1477,107.9447,227.8134,0.473,0.0471,3.0607,95.7259,229.243,0.4174,0.0302,80.76,122.3342,229.2367,0.5336,0.6629
2015-12-06T00:26:59.010Z,4.5733,106.7874,228.9417,0.4663,0.0424,2.9104,94.5527,226.7382,0.4169,0.0312,80.7476,125.6544,230.194,0.5457,0.645
2015-12-06T00:27:59.489Z,5.2461,109.1096,229.0138,0.4768,0.0492,3.2792,91.5192,226.6667,0.4035,0.0351,80.9636,125.916,230.8017,0.5452,0.6458
2015-12-06T00:28:59.219Z,5.1161,108.9522,228.8397,0.4762,0.0486,2.8342,94.483,229.2846,0.4126,0.0312,80.7956,124.448,229.4616,0.5422,0.6516
2015-12-06T00:29:59.996Z,4.9091,109.2246,228.9163,0.4769,0.0448,3.0942,94.2154,229.3401,0.4105,0.0325,80.6601,124.9228,229.5147,0.5437,0.6487
2015-12-06T00:30:59.398Z,4.6534,110.1262,228.8049,0.4808,0.0428,3.2057,93.5483,229.5668,0.4074,0.0326,80.7442,122.7377,229.9428,0.5337,0.6601
2015-12-06T00:31:59.341Z,4.5939,108.7157,229.0233,0.4748,0.042,2.8327,95.2823,229.1782,0.4161,0.0298,80.6634,123.207,230.2096,0.5351,0.6571
2015-12-06T00:32:59.691Z,2.4289,106.3193,229.3311,0.4635,0.0226,3.7677,99.4311,229.187,0.4338,0.0385,81.3323,122.5332,230.5296,0.5312,0.6666
2015-12-06T00:33:59.201Z,4.0894,106.4443,229.9494,0.4627,0.0402,3.4634,96.273,229.8584,0.4189,0.0364,81.496,124.9193,230.848,0.5409,0.6548
2015-12-06T00:34:59.489Z,4.6905,109.8381,230.02,0.4777,0.0425,3.1774,97.124,227.2743,0.4271,0.032,81.0168,123.5471,231.2714,0.5343,0.6586
2015-12-06T00:35:59.936Z,3.3012,107.9525,229.7058,0.4691,0.031,4.0225,94.9947,227.1878,0.4186,0.0422,81.646,125.0352,231.3415,0.5409,0.6548
2015-12-06T00:36:59.268Z,4.1787,107.8168,229.6334,0.4698,0.0392,3.9501,93.3239,229.9153,0.4064,0.0436,80.9776,122.4686,230.8016,0.5303,0.6643
2015-12-06T00:37:59.862Z,3.3372,108.0437,229.8105,0.4701,0.0314,3.3782,95.8545,229.9702,0.4165,0.0358,81.2605,125.2514,230.6153,0.5433,0.6527
2015-12-06T00:38:59.500Z,4.0789,108.2631,229.5002,0.4712,0.0376,3.7429,96.9466,230.112,0.4211,0.0377,81.0291,123.5156,230.2522,0.5368,0.6579
2015-12-06T00:39:59.899Z,3.016,109.2809,228.8767,0.4775,0.0271,3.89,93.8099,229.9034,0.4079,0.0409,80.9564,124.6733,230.4988,0.5402,0.6523
2015-12-06T00:40:59.160Z,3.9184,107.9916,229.1427,0.4713,0.0366,3.4223,93.5726,229.115,0.4083,0.0371,81.6679,126.8242,230.6942,0.5497,0.6458
2015-12-06T00:41:59.728Z,3.8312,106.2907,229.2449,0.464,0.0359,3.57,93.5385,228.8954,0.4088,0.0396,81.2677,124.7165,230.8951,0.5402,0.6559
2015-12-06T00:42:59.043Z,3.543,109.8963,229.524,0.4787,0.0331,3.9719,95.3582,229.071,0.4163,0.0423,82.2178,123.5222,231.3016,0.5337,0.6681
2015-12-06T00:43:59.026Z,3.5538,108.7825,229.6733,0.4732,0.0329,4.3144,99.0152,228.9031,0.4324,0.0444,81.2251,123.7464,231.3727,0.5343,0.6585
2015-12-06T00:44:59.423Z,4.3612,108.5733,229.7936,0.4729,0.0408,3.5733,94.1155,228.5875,0.4122,0.0396,81.2655,122.5762,231.2491,0.5299,0.6627
2015-12-06T00:45:59.024Z,3.5691,108.4422,229.2248,0.4726,0.0318,3.4918,93.5043,226.5991,0.4128,0.0372,82.1603,125.0046,231.1411,0.5408,0.6586
2015-12-06T00:46:59.274Z,4.9367,108.6676,229.7465,0.4729,0.0463,3.3267,91.0346,224.4455,0.4057,0.0385,82.1046,125.7566,231.9168,0.5425,0.6566
2015-12-06T00:47:59.703Z,4.2218,108.914,229.0547,0.4755,0.0397,3.8153,93.1338,226.3003,0.4116,0.0402,82.3741,125.7528,231.93,0.5423,0.6572
2015-12-06T00:48:59.299Z,4.7648,109.3992,229.1866,0.4772,0.043,2.8204,93.7709,227.8982,0.4112,0.0306,81.7627,124.5831,231.2833,0.5386,0.6591
2015-12-06T00:49:59.088Z,4.2203,110.2931,229.8859,0.48,0.0378,3.7655,94.3462,229.0356,0.4122,0.0393,82.2166,125.7663,232.276,0.5412,0.6552
2015-12-06T00:50:59.632Z,3.6139,108.4385,230.9041,0.4697,0.0345,3.674,93.181,229.5125,0.4054,0.0417,82.5964,126.215,232.8616,0.5415,0.6593
2015-12-06T00:51:59.515Z,3.0894,109.162,230.9379,0.4724,0.0277,4.3392,94.395,229.9283,0.4098,0.0476,81.9451,125.0802,232.3571,0.5388,0.6582
2015-12-06T00:52:59.792Z,4.2318,108.8873,230.9009,0.4711,0.039,3.3954,93.9325,230.6054,0.4077,0.0365,81.6624,125.4213,232.0118,0.5405,0.6535
2015-12-06T00:53:59.704Z,3.652,108.1069,231.1812,0.4669,0.0324,4.0568,95.2279,230.7603,0.4126,0.0422,82.2479,126.6046,231.9729,0.5457,0.6518
2015-12-06T00:54:59.246Z,4.1131,111.0424,231.208,0.48,0.0367,3.9108,93.5026,230.85,0.4047,0.0425,81.9468,126.4055,232.7336,0.543,0.6514
2015-12-06T00:55:59.805Z,3.9281,108.2747,230.953,0.4684,0.0377,3.8411,96.3957,230.7164,0.418,0.0411,82.3964,124.6174,232.676,0.5357,0.6654
2015-12-06T00:56:59.120Z,3.7709,108.5669,230.8677,0.4701,0.0363,3.1156,95.5703,230.9473,0.4136,0.0317,83.0007,127.1527,232.6249,0.5466,0.6577
2015-12-06T00:57:59.410Z,3.0225,107.8476,230.2641,0.4689,0.0282,3.8948,97.6125,230.093,0.4239,0.0417,81.4589,125.4279,231.6724,0.5414,0.6533
2015-12-06T00:58:59.349Z,3.2201,107.8706,230.4677,0.4679,0.0301,4.331,95.2418,230.2314,0.4138,0.0449,81.6964,127.1626,231.6744,0.5479,0.6461
2015-12-06T00:59:59.890Z,5.0434,109.0084,230.198,0.4728,0.046,3.5873,95.7009,230.1462,0.4157,0.0372,81.3857,125.0991,231.443,0.5405,0.6527
