2015-11-08T00:00:59.466Z,4.7667,71.5339,231.9764,0.3083,0.067,3.172,63.8946,234.0133,0.2727,0.0498,1.7269,65.4782,232.8031,0.2813,0.0249
2015-11-08T00:01:59.700Z,4.9801,74.7511,231.5677,0.3229,0.0675,3.2074,67.3969,233.9021,0.2886,0.0467,1.9799,65.3659,232.4021,0.2815,0.0299
2015-11-08T00:02:59.388Z,5.2104,74.9813,231.6267,0.3233,0.0719,3.1562,65.9033,233.0604,0.2826,0.049,1.5532,65.6867,231.9014,0.2834,0.0251
2015-11-08T00:03:59.813Z,4.4445,71.9442,231.4638,0.3108,0.0641,2.7343,64.0624,231.6456,0.2765,0.0432,1.6741,64.5686,231.9444,0.2786,0.0277
2015-11-08T00:04:59.101Z,4.6722,72.9419,231.9488,0.3147,0.0672,2.6969,64.6924,230.9279,0.2806,0.0424,1.6166,66.6823,232.1747,0.2874,0.0229
2015-11-08T00:05:59.548Z,4.6524,73.8225,231.1455,0.3196,0.0653,3.8174,66.6624,233.5365,0.2855,0.0567,1.2047,65.1671,231.6954,0.2812,0.0203
2015-11-08T00:06:59.488Z,5.0648,73.829,230.9497,0.3196,0.0687,3.1274,66.0349,233.1853,0.2829,0.0464,1.387,64.0324,231.6483,0.2763,0.0234
2015-11-08T00:07:59.922Z,4.1771,71.9811,230.9054,0.3123,0.0587,3.4958,65.9347,232.9097,0.2834,0.0534,1.358,64.0427,231.3973,0.2765,0.0214
2015-11-08T00:08:59.340Z,3.3567,72.3976,230.6781,0.314,0.0473,3.4657,66.8082,232.378,0.2873,0.0527,1.3322,66.2388,232.7396,0.2842,0.0212
2015-11-08T00:09:59.650Z,4.4559,73.1332,231.2282,0.3165,0.0636,3.5047,66.149,230.5654,0.286,0.054,1.0392,65.9913,234.0956,0.282,0.0168
2015-11-08T00:11:59.521Z,4.807,74.2362,231.1926,0.3211,0.0657,3.0634,65.6595,231.1634,0.2841,0.0469,1.9201,65.9343,234.2074,0.281,0.0281
2015-11-08T00:12:59.784Z,4.1335,73.4757,231.3455,0.3171,0.0564,3.3796,68.286,233.561,0.2923,0.0496,1.9369,65.7967,233.694,0.2811,0.0295
2015-11-08T00:13:59.190Z,3.8142,73.3418,231.1349,0.3178,0.0532,4.1919,65.7879,233.7549,0.2818,0.066,1.9831,64.1376,233.6107,0.2749,0.032
2015-11-08T00:14:59.334Z,4.1969,74.7159,231.6226,0.3226,0.0566,2.7652,66.7727,233.992,0.2856,0.0431,1.536,65.9815,233.8065,0.2823,0.0236
2015-11-08T00:15:59.562Z,5.1865,74.0304,231.5654,0.3193,0.0716,3.1673,66.109,234.1898,0.2821,0.049,1.1526,65.577,233.9418,0.2807,0.0164
2015-11-08T00:16:59.979Z,4.9419,73.521,231.5814,0.3177,0.0686,3.1646,65.6864,233.4576,0.2814,0.048,1.7752,65.8754,234.0979,0.2816,0.026
2015-11-08T00:17:59.437Z,4.8044,73.7809,231.7077,0.3181,0.0651,3.3831,63.9349,233.3444,0.2737,0.0525,1.4667,65.9982,234.0679,0.282,0.0211
2015-11-08T00:18:59.552Z,4.6465,72.6414,231.1177,0.3138,0.0658,3.2256,64.214,232.9989,0.2756,0.0519,1.6792,65.1373,233.6369,0.2786,0.0256
2015-11-08T00:19:59.840Z,4.503,74.1111,230.9196,0.3207,0.061,3.3992,65.4108,232.77,0.2805,0.053,1.517,65.0433,232.9174,0.2785,0.0238
2015-11-08T00:20:59.610Z,4.6698,73.092,230.5928,0.3162,0.0634,3.0197,65.3808,233.0264,0.2804,0.0479,1.2657,65.5373,232.5233,0.2824,0.0194
2015-11-08T00:21:59.986Z,4.3014,72.7403,230.7031,0.3146,0.0594,2.9795,65.3002,233.568,0.2794,0.046,2.0396,66.3176,232.6095,0.2853,0.0312
2015-11-08T00:22:59.982Z,4.7587,73.1165,230.7429,0.3159,0.0666,3.2877,64.52,233.0786,0.2767,0.0523,1.6264,66.2023,232.6177,0.2843,0.0241
2015-11-08T00:23:59.342Z,4.8736,73.4964,230.4784,0.3184,0.0679,3.1723,64.7794,232.8077,0.2783,0.0513,1.7432,63.7968,232.7218,0.2742,0.0268
2015-11-08T00:24:59.607Z,4.864,72.9446,230.8024,0.3164,0.067,2.8726,66.3891,232.6313,0.2854,0.0458,1.4916,65.628,232.7376,0.2822,0.0222
2015-11-08T00:25:59.564Z,4.7521,72.4313,231.0632,0.3131,0.0674,3.3951,65.6236,232.8188,0.2823,0.0525,1.6066,65.8774,232.6685,0.283,0.0253
2015-11-08T00:26:59.042Z,3.8842,72.1682,230.7966,0.3129,0.0552,3.1298,65.0247,232.8393,0.2793,0.0507,1.6318,65.281,232.6184,0.2801,0.0251
2015-11-08T00:27:59.192Z,4.0677,71.9848,230.7296,0.3124,0.0578,3.4384,65.3072,232.4184,0.2813,0.0524,1.3643,62.6557,232.5337,0.269,0.0229
2015-11-08T00:28:59.476Z,4.5675,72.7621,230.1323,0.3157,0.0645,2.6909,63.6824,231.3648,0.2751,0.0419,1.6022,65.4547,231.9329,0.2826,0.0257
2015-11-08T00:29:59.871Z,4.8486,74.154,230.2124,0.3221,0.067,2.8852,65.3313,231.3099,0.2822,0.0449,1.8068,65.8697,231.4875,0.2846,0.0269
2015-11-08T00:30:59.167Z,4.8816,72.557,229.8448,0.3152,0.0686,3.2737,64.9494,231.0299,0.2811,0.0517,1.0714,64.0474,231.5374,0.2768,0.0173
2015-11-08T00:31:59.486Z,4.2023,71.8863,230.2322,0.3118,0.0586,2.5582,64.5175,231.0651,0.2795,0.0411,1.7052,65.1357,231.6104,0.2812,0.0264
2015-11-08T00:32:59.353Z,4.6849,72.8663,230.2944,0.3166,0.0654,3.8278,63.6069,231.3157,0.2742,0.0616,2.2544,63.6821,231.5547,0.2754,0.0377
2015-11-08T00:33:59.886Z,4.7,74.2179,230.953,0.3208,0.0646,3.5935,66.1361,232.2105,0.2845,0.056,1.5909,66.0838,232.6426,0.284,0.0242
2015-11-08T00:34:59.305Z,4.9397,72.9687,231.1836,0.3152,0.0703,3.0177,66.6971,232.2514,0.2871,0.0461,1.4477,66.3354,232.8326,0.285,0.0231
2015-11-08T00:35:59.646Z,4.527,73.7421,231.2907,0.3189,0.0601,3.2241,65.1339,231.9649,0.2807,0.0496,0.9358,64.8748,233.6552,0.2778,0.0145
2015-11-08T00:36:59.360Z,4.6714,72.3666,231.1834,0.313,0.0663,3.3731,65.0962,231.9192,0.2804,0.0514,1.0989,65.8022,233.6792,0.2818,0.0162
2015-11-08T00:37:59.665Z,4.7363,73.2895,230.9482,0.3169,0.0652,3.6778,64.9559,231.8742,0.2801,0.0578,1.5738,65.7912,233.8005,0.2812,0.0245
2015-11-08T00:38:59.181Z,5.0155,72.9681,230.5885,0.316,0.0709,3.1505,63.5309,232.1819,0.2738,0.0491,1.8207,64.2974,233.9763,0.2749,0.0308
2015-11-08T00:39:59.875Z,4.7064,74.4492,230.8758,0.3224,0.0645,3.5503,66.863,232.3962,0.2879,0.0538,1.6051,65.2196,234.3436,0.2786,0.0229
2015-11-08T00:40:59.460Z,4.1644,72.8343,230.4396,0.3157,0.0581,3.2342,66.7871,232.7127,0.2867,0.0474,1.8958,64.5878,233.93,0.2763,0.0302
2015-11-08T00:41:59.791Z,3.7929,72.9822,230.7475,0.3159,0.0525,3.0509,66.6475,233.4093,0.2854,0.0469,1.5649,66.6674,233.4436,0.2854,0.0238
2015-11-08T00:42:59.154Z,4.95,73.3562,231.1782,0.3172,0.0677,3.3683,65.3872,232.989,0.2809,0.0562,1.7074,63.4242,232.8816,0.272,0.0273
2015-11-08T00:43:59.135Z,4.7423,73.3812,231.5311,0.317,0.0669,3.4442,64.6136,232.5155,0.2771,0.0536,1.4423,65.8243,232.9932,0.2827,0.0212
2015-11-08T00:44:59.409Z,4.2298,74.4274,231.9109,0.3212,0.0578,2.7359,66.911,229.5961,0.2914,0.0422,1.8474,64.9908,233.6011,0.2786,0.0305
2015-11-08T00:45:59.877Z,4.1016,74.4431,231.6804,0.3209,0.056,2.9262,62.9707,232.0523,0.2712,0.0488,1.2874,65.6999,233.486,0.2815,0.0187
2015-11-08T00:46:59.564Z,3.6829,74.24,231.9873,0.32,0.051,3.3629,67.967,232.8231,0.2914,0.0499,2.1791,66.1484,233.0798,0.2841,0.0324
2015-11-08T00:47:59.476Z,5.0784,73.6726,232.0862,0.3172,0.0703,3.4141,66.1249,232.6784,0.2838,0.0518,2.2474,64.898,233.3667,0.278,0.0367
2015-11-08T00:48:59.008Z,5.2145,72.7968,232.0362,0.314,0.0725,3.136,67.1105,232.7453,0.2886,0.0491,1.9866,64.4614,233.5433,0.2759,0.0313
2015-11-08T00:49:59.338Z,5.0075,73.5313,232.1086,0.3168,0.0696,3.1153,67.3535,233.0103,0.2895,0.0468,1.6102,65.8492,233.4523,0.2823,0.0237
2015-11-08T00:50:59.766Z,4.1208,74.3396,232.4203,0.3199,0.0553,3.4547,66.1416,233.2508,0.2836,0.053,1.966,65.5261,233.6823,0.2803,0.0302
2015-11-08T00:51:59.422Z,4.1998,73.0786,232.5493,0.3142,0.0583,3.3031,67.1873,233.1302,0.2884,0.0497,1.7158,65.3898,233.373,0.2793,0.0268
2015-11-08T00:52:59.837Z,4.955,74.348,232.2641,0.3203,0.0696,3.3943,64.0054,232.9413,0.2745,0.0607,1.2057,64.1492,232.9591,0.2753,0.0216
2015-11-08T00:53:59.291Z,5.2817,74.3353,232.0393,0.3201,0.0729,3.4342,66.4577,232.9777,0.2849,0.0519,1.2318,64.6041,233.1053,0.277,0.0192
2015-11-08T00:54:59.046Z,4.8434,73.5777,232.2946,0.317,0.0689,3.2783,65.8432,232.8153,0.2828,0.0494,2.1832,65.0942,233.0806,0.2791,0.0328
2015-11-08T00:55:59.704Z,4.671,74.9778,232.1024,0.3233,0.0628,3.106,65.9329,232.2828,0.2842,0.0463,1.1287,66.0423,232.5684,0.2841,0.0191
2015-11-08T00:56:59.145Z,4.8111,73.7922,232.1332,0.3174,0.0661,2.8703,64.6546,232.0288,0.2788,0.0437,1.713,64.9283,232.4861,0.2796,0.0253
2015-11-08T00:57:59.606Z,5.0795,73.1665,231.7216,0.3158,0.071,3.6554,64.63,232.4474,0.2782,0.0568,1.6283,63.5538,232.379,0.2735,0.0258
2015-11-08T00:58:59.689Z,4.5945,73.9235,231.8778,0.3185,0.063,3.3986,65.8202,232.5655,0.2825,0.0531,1.1826,64.5852,232.3156,0.2778,0.0166
2015-11-08T00:59:59.996Z,4.6401,72.0156,231.6332,0.311,0.0668,2.5769,67.1327,232.1953,0.2896,0.0382,1.7033,64.1584,231.8362,0.277,0.0256
2015-11-08T01:00:59.461Z,4.5099,70.5179,231.48,0.3044,0.0666,3.2742,64.383,231.7614,0.2781,0.0532,1.4678,63.0724,231.8501,0.2717,0.0239
2015-11-08T01:01:59.757Z,4.1847,73.4317,231.7179,0.3168,0.0584,2.6885,65.9685,231.5253,0.2851,0.0418,1.6117,63.9867,232.1885,0.2759,0.0273
2015-11-08T01:02:59.934Z,5.1778,74.3643,232.3992,0.3196,0.0708,3.4827,66.434,232.4221,0.2859,0.0505,1.8923,64.6243,233.0776,0.2774,0.03
2015-11-08T01:03:59.318Z,4.8279,74.3572,232.5856,0.3196,0.0657,3.1986,66.0064,232.9394,0.2836,0.0498,1.3117,65.6976,233.5029,0.2816,0.0198
2015-11-08T01:04:59.596Z,4.6087,75.0122,232.7523,0.3213,0.0619,3.216,67.3451,233.0744,0.2888,0.0488,1.5126,65.913,233.3713,0.2824,0.0232
2015-11-08T01:05:59.411Z,4.5873,73.6089,232.2858,0.3168,0.062,3.2068,65.4025,233.3253,0.2808,0.0499,2.0182,64.6836,232.9519,0.2773,0.0299
2015-11-08T01:06:59.949Z,3.7475,74.2,233.0007,0.3189,0.0515,2.8507,65.8354,230.5438,0.2853,0.0441,1.2463,64.4196,233.6114,0.2755,0.0209
2015-11-08T01:07:59.822Z,4.2285,72.937,232.9056,0.3132,0.0578,3.5655,66.6732,231.9945,0.2875,0.053,1.6119,64.2498,232.7975,0.2759,0.0258
2015-11-08T01:08:59.133Z,5.3089,73.8273,232.6269,0.317,0.0731,2.9168,66.4286,233.5701,0.2844,0.0437,1.3338,64.2339,232.1667,0.2768,0.021
2015-11-08T01:09:59.283Z,5.0791,73.3114,232.7021,0.3153,0.0701,3.1462,67.1865,233.4351,0.2879,0.0486,1.8768,66.1359,232.0626,0.2852,0.0281
2015-11-08T01:10:59.660Z,5.1281,74.5569,232.3915,0.3211,0.0707,3.4546,67.6764,233.544,0.2896,0.0495,1.496,65.0757,232.1896,0.2802,0.0235
2015-11-08T01:11:59.496Z,5.227,73.4111,232.0508,0.3163,0.0734,2.8223,65.6176,233.2251,0.2814,0.0434,2.1158,65.4274,232.5308,0.2811,0.0316
2015-11-08T01:12:59.724Z,5.6816,75.2945,232.2498,0.3241,0.0752,3.5518,66.8997,233.0677,0.2873,0.0551,1.5104,64.7997,232.7107,0.2784,0.0236
2015-11-08T01:13:59.006Z,4.7708,73.7883,233.2158,0.3162,0.0658,3.6381,64.5016,233.7272,0.2757,0.0562,1.5749,64.8166,230.9971,0.2809,0.0239
2015-11-08T01:14:59.673Z,3.9514,73.4104,233.0255,0.3153,0.0546,3.8663,67.2203,233.625,0.2879,0.0566,1.5001,64.4035,231.901,0.2777,0.0247
2015-11-08T01:15:59.183Z,5.1481,74.4291,232.8506,0.3196,0.07,3.1274,66.3648,233.4339,0.2843,0.0479,1.5528,67.2211,233.0677,0.2886,0.0226
2015-11-08T01:16:59.770Z,4.9248,74.3118,233.1848,0.3184,0.0667,2.9508,65.0276,229.7262,0.2833,0.0453,1.458,65.7973,234.5153,0.2808,0.0191
2015-11-08T01:17:59.055Z,4.8446,74.1114,233.3089,0.317,0.0674,3.228,67.8588,230.1499,0.295,0.0471,1.369,66.4799,234.3726,0.2837,0.0201
2015-11-08T01:18:59.547Z,3.7168,74.9188,232.8742,0.322,0.0504,2.9921,64.7534,232.2038,0.2786,0.0458,1.7323,66.3604,233.5657,0.2842,0.0277
2015-11-08T01:19:59.985Z,4.1352,73.9762,232.8603,0.3177,0.0559,3.4646,67.6314,232.4016,0.2907,0.0507,1.6167,64.9248,233.3109,0.2778,0.0243
2015-11-08T01:20:59.219Z,4.6471,74.7871,232.4934,0.3211,0.0631,3.3388,65.725,232.6021,0.2824,0.0513,1.3928,65.2348,233.2322,0.2793,0.022
2015-11-08T01:21:59.556Z,4.7952,74.4374,232.1192,0.3201,0.0651,2.9031,65.9025,231.9716,0.2838,0.0451,1.9402,66.3338,233.1459,0.2848,0.0288
2015-11-08T01:22:59.964Z,4.4552,73.4318,232.1825,0.316,0.0633,3.3211,66.3845,231.6232,0.2868,0.0487,2.0663,66.5624,232.8466,0.2861,0.0309
2015-11-08T01:23:59.092Z,4.7307,74.6268,232.1586,0.3212,0.0638,3.4536,67.1522,231.4381,0.2906,0.0509,1.9993,65.3418,232.904,0.2804,0.0289
2015-11-08T01:24:59.651Z,4.2646,75.042,232.6305,0.3221,0.0577,3.1782,66.7408,232.2563,0.2869,0.0473,1.6218,65.6745,233.1162,0.2818,0.0245
2015-11-08T01:25:59.163Z,5.437,74.1242,233.0209,0.3177,0.0741,2.9526,66.7024,232.6419,0.2864,0.0446,1.5121,64.9665,233.2138,0.279,0.0241
2015-11-08T01:26:59.717Z,4.2429,73.4621,233.0315,0.3147,0.0588,3.2403,65.4609,232.8652,0.2811,0.0508,1.932,66.2244,233.5057,0.2831,0.0303
2015-11-08T01:27:59.105Z,4.9897,75.3627,233.2922,0.3227,0.0658,2.639,65.4862,232.7634,0.2814,0.0409,1.4156,64.5741,233.3558,0.2772,0.0208
2015-11-08T01:28:59.484Z,5.4193,75.1153,233.1714,0.3222,0.0722,3.3992,65.8466,233.06,0.2828,0.052,1.6673,66.4796,233.8422,0.2845,0.0258
2015-11-08T01:29:59.192Z,4.6765,75.0253,233.2697,0.3215,0.063,3.0292,67.3459,232.7434,0.2892,0.0466,1.8893,66.2127,233.7715,0.2827,0.028
2015-11-08T01:30:59.141Z,4.07,73.0184,233.1513,0.3131,0.0567,3.0359,64.626,232.6283,0.278,0.0458,1.5256,66.2567,233.6584,0.2836,0.0226
2015-11-08T01:31:59.585Z,5.5315,74.7814,233.1141,0.3205,0.0758,3.0455,64.2781,232.8433,0.276,0.049,1.6449,64.6978,233.9203,0.2764,0.028
2015-11-08T01:32:59.164Z,4.8668,74.3492,233.654,0.3186,0.0662,3.5175,66.7212,232.2525,0.2867,0.0519,1.073,67.1487,234.1578,0.2865,0.0166
2015-11-08T01:33:59.383Z,4.8545,74.9275,233.4728,0.3214,0.0648,2.8765,66.9611,230.2958,0.2908,0.0449,1.1513,65.3062,234.537,0.2782,0.0179
2015-11-08T01:34:59.669Z,4.5804,74.8945,233.0975,0.3215,0.0623,3.4427,67.7098,232.9577,0.2903,0.0502,2.1121,65.8582,233.3249,0.2825,0.0313
2015-11-08T01:35:59.314Z,5.109,75.3351,232.8861,0.3233,0.0692,3.1459,66.2428,233.143,0.2839,0.0467,2.0899,65.1231,233.0842,0.2791,0.0306
2015-11-08T01:36:59.097Z,5.0478,73.7269,232.8086,0.3164,0.0686,3.312,65.5255,233.3388,0.2808,0.0522,2.009,64.8632,232.876,0.2782,0.0331
2015-11-08T01:37:59.381Z,4.6637,75.3293,232.9642,0.3234,0.062,3.2485,66.6708,232.8624,0.286,0.0473,1.2452,67.9437,232.7638,0.2921,0.0162
2015-11-08T01:38:59.668Z,3.8125,73.7247,232.6609,0.3164,0.052,2.9922,66.5476,232.93,0.286,0.0471,1.9263,65.8508,232.7144,0.2829,0.0287
2015-11-08T01:39:59.101Z,4.5977,75.4858,232.7184,0.3245,0.0624,3.7205,66.3627,233.0732,0.2848,0.0554,1.4636,65.3962,232.7765,0.2808,0.0213
2015-11-08T01:40:59.517Z,4.3332,75.1737,232.3492,0.3241,0.0601,3.1749,64.0555,232.7646,0.2752,0.0495,1.3305,67.132,232.5219,0.2886,0.0195
2015-11-08T01:41:59.843Z,5.3473,73.3187,231.9933,0.3162,0.0733,2.531,65.9026,232.7333,0.2835,0.0376,2.5127,67.0382,232.5432,0.2879,0.0359
2015-11-08T01:42:59.998Z,4.0184,73.7061,232.2363,0.3172,0.0539,3.4365,67.6899,232.4012,0.291,0.0514,1.6358,66.4434,232.799,0.2853,0.0251
2015-11-08T01:43:59.261Z,4.1275,72.8907,232.0694,0.3135,0.0571,3.1667,65.2011,232.1634,0.2808,0.0504,1.6124,67.3693,232.6081,0.2897,0.0247
2015-11-08T01:44:59.638Z,4.506,73.0999,232.3247,0.3148,0.062,3.047,67.9255,232.3142,0.2923,0.0447,1.9829,66.2405,232.3605,0.2854,0.03
2015-11-08T01:45:59.898Z,4.6501,73.7785,232.7774,0.317,0.0643,3.3577,65.7543,232.5356,0.283,0.0511,0.9037,66.2405,232.8892,0.2844,0.0152
2015-11-08T01:46:59.250Z,4.4049,73.2876,232.4862,0.3151,0.0596,2.9881,66.4006,232.3539,0.286,0.045,1.8363,66.1843,232.7088,0.2851,0.0287
2015-11-08T01:47:59.000Z,4.0909,73.9342,232.6289,0.3176,0.0557,3.4913,66.7034,232.4081,0.2866,0.0537,1.1758,63.993,232.8513,0.2749,0.0177
2015-11-08T01:48:59.664Z,4.3008,72.9367,232.0164,0.3145,0.0599,3.5304,65.1623,232.3997,0.2805,0.0542,1.6136,64.9622,232.4459,0.2797,0.0237
2015-11-08T01:49:59.035Z,5.2397,74.1962,232.4069,0.3198,0.0702,2.9875,67.5353,232.7244,0.2897,0.0447,1.7399,64.9967,232.3498,0.2801,0.0258
2015-11-08T01:50:59.323Z,4.9211,74.9507,232.7007,0.3218,0.0661,3.107,64.6213,232.69,0.2777,0.0501,1.4743,64.053,232.4132,0.2754,0.0235
2015-11-08T01:51:59.208Z,4.9082,75.0541,232.3997,0.3224,0.0673,3.5041,65.414,232.6037,0.2811,0.0527,1.3168,66.0519,232.3977,0.284,0.0204
2015-11-08T01:52:59.587Z,4.1105,74.7773,232.512,0.3216,0.0554,2.7968,65.4871,231.6068,0.2823,0.0436,1.9641,65.8835,232.5018,0.2836,0.0302
2015-11-08T01:53:59.182Z,4.1391,74.5657,232.2783,0.3206,0.0571,3.2424,65.624,231.597,0.2833,0.0497,1.2884,65.6981,232.6579,0.282,0.02
2015-11-08T01:54:59.560Z,4.8514,74.7253,232.4813,0.3212,0.0659,3.4704,67.3824,231.7013,0.2902,0.0515,1.9245,65.1826,232.92,0.2798,0.0293
2015-11-08T01:55:59.126Z,4.7243,72.3844,232.7072,0.3109,0.0681,3.1581,64.1482,231.7612,0.2762,0.0514,1.4878,65.1666,233.6508,0.279,0.0216
2015-11-08T01:56:59.932Z,4.9314,73.8364,232.0688,0.3178,0.0677,3.4682,67.1243,232.1949,0.2889,0.0513,1.4162,66.1534,233.265,0.2838,0.0232
2015-11-08T01:57:59.336Z,4.1756,73.6834,232.186,0.3171,0.0567,3.6386,67.1483,232.4204,0.2887,0.0538,1.7444,65.527,232.8774,0.2816,0.0259
2015-11-08T01:58:59.778Z,4.6849,73.948,232.0907,0.3185,0.0641,2.8047,67.297,232.6377,0.2893,0.0454,1.6441,66.3088,232.8918,0.2846,0.0262
2015-11-08T01:59:59.150Z,5.1944,74.324,232.2579,0.3198,0.0708,3.119,66.7217,232.7823,0.2872,0.0492,2.2344,64.3572,233.1321,0.2756,0.0361
2015-11-08T02:00:59.071Z,4.4814,72.3916,232.206,0.3119,0.0622,4.1285,63.4249,232.9414,0.2723,0.0667,2.052,64.7136,233.2641,0.2774,0.0343
2015-11-08T02:01:59.581Z,3.6027,72.6702,232.2175,0.3127,0.0504,3.3999,66.5142,232.9247,0.2852,0.0527,1.9796,65.3363,233.131,0.2804,0.0314
2015-11-08T02:02:59.404Z,4.3866,73.7484,232.4523,0.3169,0.0589,2.816,67.1817,232.9908,0.2881,0.0407,1.2438,66.509,233.4307,0.2846,0.0192
2015-11-08T02:03:59.734Z,4.8607,76.2285,232.4275,0.3284,0.0635,2.902,66.5739,232.9805,0.2858,0.0435,1.763,66.263,233.3341,0.2838,0.0259
2015-11-08T02:04:59.064Z,4.7503,75.0896,233.0922,0.3222,0.0653,3.0435,65.7746,229.5743,0.286,0.0447,1.2919,67.319,234.2266,0.2874,0.0196
2015-11-08T02:05:59.473Z,3.8798,74.7437,233.0285,0.3204,0.0529,3.0815,65.1412,230.9034,0.2818,0.0478,1.1403,65.3598,233.8768,0.2795,0.0184
2015-11-08T02:06:59.210Z,3.6669,75.5255,232.8893,0.3245,0.049,3.2445,66.6973,232.8433,0.2868,0.0479,1.9974,64.546,233.5307,0.2763,0.0321
2015-11-08T02:07:59.000Z,4.4508,73.6619,233.3333,0.3154,0.0627,3.5172,64.9687,232.4777,0.2788,0.0559,1.2018,66.252,233.8769,0.284,0.0186
2015-11-08T02:08:59.741Z,4.7559,74.3878,233.0884,0.3188,0.0643,3.1234,66.2791,231.4492,0.2861,0.0485,1.8853,65.4507,234.0624,0.2797,0.0279
2015-11-08T02:09:59.254Z,4.8476,73.5291,233.0488,0.3153,0.0656,3.3463,66.7927,231.3954,0.289,0.0503,1.4334,65.4508,233.8038,0.2796,0.0211
2015-11-08T02:10:59.729Z,4.4789,74.4318,233.372,0.3187,0.0602,3.2802,65.6401,232.2516,0.2823,0.0517,1.652,65.054,233.7302,0.278,0.0249
2015-11-08T02:11:59.109Z,5.0189,73.1632,233.0146,0.3136,0.0693,3.1198,65.8667,232.1176,0.2837,0.0468,1.7586,65.9057,233.3391,0.2823,0.027
2015-11-08T02:12:59.123Z,3.8502,73.49,232.9746,0.3155,0.0519,3.5086,65.6325,230.9099,0.2844,0.0527,1.5676,66.1067,233.311,0.2832,0.0243
2015-11-08T02:13:59.920Z,4.4954,76.1698,232.9598,0.3265,0.0598,3.1938,67.0939,231.4883,0.2899,0.0483,1.7772,65.671,233.4291,0.2818,0.0278
2015-11-08T02:14:59.215Z,4.9338,73.9474,232.7288,0.3183,0.0677,3.3272,64.364,231.8401,0.2778,0.0513,1.5194,66.6599,233.0259,0.2857,0.0239
2015-11-08T02:15:59.072Z,4.2476,73.7912,233.0248,0.3163,0.0595,3.0309,65.9299,231.8522,0.2842,0.0467,1.7444,65.3486,232.7511,0.281,0.0255
2015-11-08T02:16:59.483Z,3.9556,73.4686,232.8558,0.3154,0.0543,3.1764,65.4979,232.0101,0.2821,0.0475,1.6813,65.0182,232.7365,0.2789,0.0246
2015-11-08T02:17:59.079Z,3.6999,72.6292,233.0143,0.3114,0.0514,3.2757,65.3606,232.0442,0.2817,0.0517,1.8447,66.587,232.5194,0.2863,0.0278
2015-11-08T02:18:59.314Z,4.3316,73.8851,233.1753,0.3161,0.0599,2.9693,66.6151,232.9121,0.2855,0.0451,1.2646,66.2662,232.8974,0.2847,0.0191
2015-11-08T02:19:59.111Z,4.5751,75.9569,233.1124,0.3257,0.0609,3.0181,66.1867,233.1832,0.2837,0.0449,1.6528,67.3461,232.5526,0.2896,0.0229
2015-11-08T02:21:59.039Z,4.9558,74.5934,233.0059,0.3202,0.0668,3.3479,67.6038,233.3025,0.29,0.0501,1.3606,64.7853,232.7813,0.2787,0.0212
2015-11-08T02:22:59.361Z,4.6178,74.3729,232.3043,0.3204,0.0627,3.4127,65.5989,233.2919,0.2819,0.0524,2.0624,65.8704,233.0452,0.2829,0.0318
2015-11-08T02:23:59.965Z,4.8803,73.1938,232.1474,0.3153,0.065,2.5789,65.5824,233.1334,0.2805,0.0405,2.1393,66.6974,233.2268,0.2855,0.0303
2015-11-08T02:24:59.731Z,5.1763,74.972,233.4389,0.3214,0.0712,3.4656,67.924,233.4619,0.2908,0.051,1.9474,65.4364,233.8535,0.2799,0.0304
2015-11-08T02:25:59.529Z,4.3222,73.2022,233.6264,0.3136,0.0598,2.7534,65.1999,233.6818,0.2789,0.0436,1.5795,66.3255,233.8016,0.2836,0.0251
2015-11-08T02:26:59.283Z,4.1262,73.6333,233.5198,0.3151,0.057,3.4014,67.2448,233.8797,0.2873,0.0506,2.1247,67.2069,233.8719,0.2878,0.0309
2015-11-08T02:27:59.546Z,4.8214,74.588,233.7998,0.319,0.0662,3.0089,66.8803,233.4124,0.286,0.0448,2.1407,68.682,233.8164,0.2944,0.0308
2015-11-08T02:28:59.908Z,5.0664,74.9847,233.3612,0.3207,0.0695,3.5415,68.4948,233.2014,0.2936,0.0503,1.5368,65.2392,233.6374,0.2789,0.023
2015-11-08T02:29:59.481Z,4.8133,74.4227,232.9499,0.3192,0.0664,3.6184,65.8038,232.7269,0.2826,0.0571,1.6716,64.0886,233.242,0.275,0.0268
2015-11-08T02:30:59.978Z,3.7593,73.9614,233.3147,0.3167,0.0517,3.3305,64.9541,233.3718,0.2784,0.0504,1.5458,66.1289,233.9361,0.2818,0.0229
2015-11-08T02:31:59.095Z,4.453,74.3851,232.7736,0.32,0.062,3.0414,65.8037,232.982,0.2823,0.0484,1.7549,67.191,234.0966,0.2874,0.0244
2015-11-08T02:32:59.542Z,4.6632,73.9381,232.118,0.3186,0.0634,3.263,65.264,231.8752,0.2816,0.0518,1.2031,66.2995,233.1071,0.2837,0.0178
2015-11-08T02:33:59.016Z,4.9667,73.7598,232.3859,0.3174,0.0683,2.7731,66.1293,231.8219,0.2851,0.0436,2.1268,66.7838,233.1377,0.2862,0.0318
2015-11-08T02:34:59.922Z,4.1238,73.732,232.5878,0.3174,0.056,3.4622,66.4527,230.5762,0.2881,0.0528,1.6576,65.2757,232.3229,0.281,0.0241
2015-11-08T02:35:59.456Z,3.8681,74.2027,232.7889,0.3186,0.0531,3.7986,66.3064,230.4774,0.2883,0.059,1.7301,66.8794,231.9649,0.2883,0.0253
2015-11-08T02:36:59.013Z,4.1504,74.2727,232.9134,0.3184,0.0572,3.3221,65.5338,230.7827,0.284,0.0508,1.2197,66.1401,232.2581,0.2849,0.0189
2015-11-08T02:37:59.347Z,5.1256,73.9825,233.1065,0.3173,0.0687,3.1529,66.7373,230.9084,0.2891,0.0473,1.5038,64.7686,232.1562,0.279,0.0232
2015-11-08T02:38:59.079Z,4.1038,74.1999,232.8522,0.319,0.0557,3.0666,65.2449,230.8658,0.2825,0.0485,1.6431,66.3584,232.0947,0.2864,0.0253
2015-11-08T02:39:59.929Z,4.5977,73.6071,232.4005,0.3168,0.0626,3.5982,65.2133,232.1862,0.2811,0.0563,1.3617,65.3371,232.8703,0.28,0.021
2015-11-08T02:40:59.342Z,4.0226,74.1374,232.5311,0.3188,0.0549,2.8107,66.1733,232.3883,0.2847,0.0423,1.4639,66.29,232.551,0.2849,0.0231
2015-11-08T02:41:59.357Z,4.1607,73.2266,231.8637,0.3162,0.0577,3.0744,66.0945,231.9924,0.2849,0.044,1.9266,66.8815,231.3655,0.2886,0.0277
2015-11-08T02:42:59.719Z,4.8685,75.0332,231.9784,0.3238,0.0667,3.4728,66.8899,231.3846,0.2889,0.0521,1.2362,65.0726,231.7345,0.281,0.0188
2015-11-08T02:43:59.340Z,4.8574,74.0081,231.7617,0.319,0.067,2.9409,66.4131,231.1906,0.2876,0.0463,1.5763,64.7878,231.4269,0.2802,0.0251
2015-11-08T02:44:59.195Z,4.8082,73.9221,232.238,0.3187,0.0668,3.0053,65.4765,230.2752,0.2843,0.0466,1.5635,64.629,231.1922,0.2798,0.0253
2015-11-08T02:45:59.405Z,3.8737,74.3804,232.3488,0.3202,0.0531,2.9131,64.6546,230.2322,0.2809,0.0456,1.2766,65.3855,231.1031,0.283,0.0205
2015-11-08T02:46:59.717Z,5.0957,74.8288,232.2176,0.3216,0.0695,3.9524,66.7399,230.1257,0.2902,0.0589,1.331,65.6388,230.7581,0.2842,0.0212
2015-11-08T02:47:59.033Z,4.8261,73.9061,232.842,0.318,0.0657,3.2939,66.3718,230.6279,0.2873,0.0497,2.2183,65.2208,231.1516,0.2819,0.0339
2015-11-08T02:48:59.047Z,4.1984,74.1868,233.2296,0.3176,0.0575,3.9682,65.3992,232.3324,0.2812,0.0595,1.1721,63.1519,232.4249,0.2714,0.0197
2015-11-08T02:49:59.544Z,3.9053,73.6115,232.2649,0.3172,0.0533,2.6889,65.9622,232.9987,0.2835,0.0411,2.0403,66.7901,232.5138,0.2871,0.0289
2015-11-08T02:50:59.431Z,4.2318,73.9293,232.1485,0.3182,0.0584,3.3416,65.8704,232.3313,0.2835,0.0492,2.0912,67.122,232.6565,0.2891,0.0296
2015-11-08T02:51:59.835Z,4.5465,73.6825,232.051,0.3175,0.0646,3.3914,67.7149,232.442,0.2911,0.0515,1.6636,65.532,232.731,0.2818,0.0251
2015-11-08T02:52:59.170Z,5.2197,74.4214,231.9753,0.3212,0.0708,3.356,67.3422,232.1949,0.29,0.0514,1.3943,66.1209,232.8949,0.2842,0.0193
2015-11-08T02:54:59.223Z,4.8287,73.928,231.692,0.3189,0.0669,3.5826,64.6471,231.6232,0.2787,0.0541,1.5482,65.3482,233.008,0.2803,0.0232
2015-11-08T02:55:59.924Z,5.3687,73.3511,231.0016,0.3175,0.0753,3.2925,65.5518,230.8554,0.284,0.0508,1.5802,66.3479,232.9495,0.2847,0.0225
2015-11-08T02:56:59.686Z,4.5339,74.3292,230.8912,0.3217,0.0632,2.7896,65.3111,230.609,0.2826,0.041,1.2934,65.3787,232.8259,0.2811,0.0189
2015-11-08T02:57:59.445Z,4.2373,74.0925,231.3778,0.3204,0.0578,3.2221,66.1289,230.9452,0.287,0.0503,1.2887,65.8714,232.8709,0.2834,0.0192
2015-11-08T02:58:59.683Z,5.0058,72.9452,232.4627,0.3138,0.0689,3.4067,65.9982,232.1248,0.2845,0.0519,1.3249,66.3525,233.0005,0.2853,0.0203
2015-11-08T02:59:59.312Z,4.7907,73.3138,232.8236,0.3147,0.0663,3.7481,66.0327,232.4412,0.2838,0.0565,1.9624,67.4101,233.3924,0.2887,0.0308
2015-11-08T03:00:59.429Z,4.6247,72.9619,233.2581,0.3132,0.0644,3.097,64.8547,232.6512,0.278,0.0499,1.1153,65.8163,233.5667,0.2818,0.0153
2015-11-08T03:01:59.130Z,4.6533,74.2574,232.8961,0.3187,0.0633,3.3741,66.3514,232.8886,0.2844,0.0522,1.9604,65.4056,233.4006,0.2806,0.03
2015-11-08T03:02:59.460Z,5.1905,74.6078,233.0028,0.3202,0.0711,3.587,66.8937,232.5995,0.2877,0.0536,1.2833,65.549,233.0579,0.2813,0.0187
2015-11-08T03:03:59.722Z,4.9285,73.7038,232.6843,0.317,0.0667,3.727,65.9627,231.7833,0.2844,0.0577,1.892,64.2415,232.331,0.2766,0.0304
2015-11-08T03:04:59.203Z,4.3511,72.9521,232.0751,0.314,0.0597,2.9734,65.4374,231.9121,0.2819,0.0431,1.5571,65.8287,231.977,0.2838,0.024
2015-11-08T03:05:59.547Z,4.337,73.23,231.806,0.3157,0.0599,3.1555,67.0302,232.4377,0.2886,0.0464,1.2395,64.6374,231.0865,0.2792,0.0186
2015-11-08T03:06:59.435Z,4.259,72.3733,231.284,0.3129,0.0595,3.0907,65.3109,232.6024,0.2807,0.0476,1.8719,65.85,231.3954,0.2843,0.028
2015-11-08T03:07:59.808Z,4.9432,73.2191,230.8654,0.3173,0.0693,3.4886,66.9272,232.1138,0.2879,0.0509,1.541,64.295,231.2225,0.2782,0.0239
2015-11-08T03:08:59.076Z,4.4147,73.0725,231.3397,0.316,0.0594,3.0466,65.0235,232.3439,0.28,0.0473,1.7035,66.8099,231.9726,0.288,0.0255
2015-11-08T03:09:59.029Z,4.7878,73.6381,231.5465,0.318,0.0662,2.9908,67.8464,232.4175,0.2919,0.0433,2.0886,64.7909,232.6343,0.2784,0.0329
2015-11-08T03:10:59.710Z,3.9623,74.0866,232.2558,0.3189,0.0532,3.5323,64.9664,232.7407,0.2793,0.0534,1.5465,66.0659,233.0584,0.2834,0.0229
2015-11-08T03:11:59.100Z,4.2704,73.2209,232.3811,0.3152,0.0583,2.5383,65.5459,233.162,0.2811,0.039,1.919,66.7112,233.2494,0.2866,0.0294
2015-11-08T03:12:59.543Z,4.8545,74.6575,232.4765,0.321,0.0646,3.1773,67.3796,233.2474,0.2892,0.048,1.6038,65.58,233.4318,0.2812,0.0238
2015-11-08T03:13:59.895Z,4.888,73.3985,232.5847,0.3153,0.0678,3.4821,66.3591,232.6827,0.2848,0.0552,1.7431,64.7187,233.2086,0.2773,0.0281
2015-11-08T03:14:59.605Z,4.6116,73.8633,232.4484,0.3177,0.0635,3.5052,67.0545,232.8867,0.288,0.0535,1.7643,66.5374,233.5629,0.2846,0.0255
2015-11-08T03:15:59.501Z,4.3862,75.0554,231.8599,0.3238,0.0581,3.3003,66.7532,233.3012,0.2859,0.048,1.3237,64.7312,232.2503,0.278,0.0207
2015-11-08T03:16:59.009Z,4.3567,73.7228,231.5943,0.3184,0.0599,3.1214,66.0908,233.1791,0.2837,0.0469,1.4789,66.6506,231.8144,0.2876,0.022
2015-11-08T03:17:59.136Z,4.2016,73.8624,231.5973,0.3185,0.0577,3.139,65.3227,233.2409,0.2802,0.0478,1.4227,66.739,231.7254,0.2882,0.0212
2015-11-08T03:18:59.538Z,4.8268,73.5899,232.3025,0.3164,0.0666,3.1551,64.774,233.4926,0.2775,0.0473,2.1098,65.4081,232.6614,0.2809,0.0332
2015-11-08T03:19:59.764Z,5.0744,74.3123,232.6313,0.3192,0.0691,2.8321,66.1316,233.5824,0.2834,0.0459,2.0223,64.6335,233.2919,0.2771,0.0309
2015-11-08T03:20:59.286Z,4.3388,73.3892,232.5523,0.3154,0.0609,3.1799,66.8393,233.4112,0.2866,0.048,0.7521,66.1451,233.3587,0.283,0.0116
2015-11-08T03:21:59.070Z,3.7562,74.3832,232.527,0.3198,0.0509,4.0986,67.1019,233.4366,0.287,0.0623,1.0541,64.9756,233.3656,0.2786,0.0174
2015-11-08T03:22:59.740Z,4.0123,75.0084,232.8357,0.3224,0.0557,2.9459,64.4418,233.4891,0.2761,0.0463,1.6952,64.4179,233.4264,0.2759,0.0275
2015-11-08T03:23:59.976Z,4.9603,74.5935,232.5666,0.3211,0.0674,3.1018,65.786,233.248,0.2824,0.0468,1.5414,65.0062,233.4381,0.2782,0.0245
2015-11-08T03:24:59.683Z,5.2385,73.2175,232.3769,0.3148,0.0719,3.5126,65.6495,233.2729,0.2818,0.0564,1.4896,66.5131,233.3804,0.2853,0.0229
2015-11-08T03:25:59.610Z,4.5505,74.518,231.8193,0.3208,0.0619,3.5062,67.099,232.3897,0.289,0.0507,2.2619,65.5499,234.1369,0.2798,0.0327
2015-11-08T03:26:59.163Z,4.1353,73.3066,231.7021,0.316,0.0579,3.2971,66.9678,232.2297,0.2884,0.0488,1.1952,66.2854,234.0866,0.2837,0.0178
2015-11-08T03:27:59.979Z,4.1709,73.4046,231.7593,0.3171,0.058,3.106,65.1513,232.5608,0.28,0.0485,1.454,64.929,233.662,0.278,0.0233
2015-11-08T03:28:59.355Z,5.1248,73.4037,233.3172,0.3147,0.0706,3.4416,66.6509,234.1038,0.2851,0.0529,2.0934,66.0837,233.953,0.2824,0.0317
2015-11-08T03:29:59.781Z,5.0366,74.771,233.0537,0.3212,0.0685,3.5277,66.5767,233.909,0.2843,0.0526,2.036,66.8498,233.6587,0.2862,0.0305
2015-11-08T03:30:59.967Z,4.9273,74.5509,233.581,0.3189,0.0679,3.6307,66.8163,234.0896,0.2858,0.0565,1.8164,66.0478,233.0143,0.2834,0.0266
2015-11-08T03:31:59.681Z,3.8154,74.136,233.7987,0.3168,0.0526,3.4313,67.5453,233.8117,0.2887,0.0522,1.1833,66.1834,233.1082,0.284,0.0172
2015-11-08T03:32:59.939Z,3.8545,74.229,232.922,0.3186,0.0516,3.2352,63.9762,233.5651,0.2736,0.0518,1.5438,66.2156,232.8449,0.2847,0.0231
2015-11-08T03:33:59.212Z,4.9869,73.2991,232.2522,0.3156,0.0677,3.0871,66.6418,232.3221,0.2869,0.0473,1.7094,64.6441,232.1742,0.2783,0.0267
2015-11-08T03:34:59.436Z,4.9401,73.8097,232.1085,0.3181,0.0687,2.9074,66.1597,231.8067,0.2857,0.044,1.6179,66.1491,231.8614,0.2854,0.0252
2015-11-08T03:35:59.708Z,4.6925,74.4387,231.8252,0.3209,0.0646,2.9916,66.6156,231.3488,0.2882,0.0445,1.6927,65.4826,232.0132,0.2819,0.0238
2015-11-08T03:36:59.872Z,4.7957,74.0034,231.7961,0.3189,0.0649,2.7253,64.9776,231.3705,0.2804,0.042,1.6104,65.4213,231.927,0.2818,0.0238
2015-11-08T03:37:59.086Z,4.8474,73.3294,231.9189,0.3162,0.0682,3.1103,65.2974,231.5384,0.2816,0.0501,1.4554,64.3108,231.8908,0.2779,0.0228
2015-11-08T03:38:59.903Z,4.7608,74.3683,233.9376,0.3182,0.065,3.1492,66.7255,230.1037,0.2901,0.048,1.9089,66.6215,232.7922,0.2855,0.0287
2015-11-08T03:39:59.173Z,3.7826,74.8142,233.448,0.3201,0.0503,2.9646,64.8003,231.9848,0.2792,0.0497,1.4816,65.9237,232.1188,0.2836,0.0217
2015-11-08T03:40:59.085Z,4.2064,74.5347,233.5628,0.319,0.0586,3.0524,66.0753,230.7022,0.2864,0.0486,1.7636,65.3729,232.445,0.2812,0.0257
2015-11-08T03:41:59.737Z,4.862,75.3536,233.6853,0.3223,0.0657,3.5724,66.8082,231.3372,0.2893,0.0543,1.8724,66.0462,233.3655,0.2828,0.0266
2015-11-08T03:42:59.037Z,5.1551,74.6786,233.6392,0.3194,0.07,3.1324,65.3432,231.3211,0.2823,0.0484,1.6118,65.6258,233.369,0.2813,0.0252
2015-11-08T03:43:59.005Z,3.8214,73.7029,233.3053,0.3157,0.0524,3.0777,66.0289,230.6405,0.2868,0.0466,1.3368,66.2203,232.9645,0.2846,0.0205
2015-11-08T03:44:59.025Z,4.547,75.292,232.6304,0.3241,0.062,3.4936,65.8933,230.7104,0.286,0.0541,1.3945,65.7033,233.5258,0.2815,0.0199
2015-11-08T03:45:59.429Z,4.8111,73.9165,233.1387,0.3171,0.0657,3.1412,65.2704,230.0465,0.2832,0.0489,1.4249,67.2245,232.7733,0.2888,0.0209
2015-11-08T03:46:59.701Z,4.7782,74.0502,233.3634,0.317,0.0646,3.1335,64.2714,229.3037,0.2804,0.0486,1.2096,65.6607,232.7489,0.2818,0.0186
2015-11-08T03:47:59.214Z,363.8594,596.5504,233.0283,2.5684,0.2712,350.6549,557.5452,229.0337,2.4418,0.2728,638.8446,863.6016,231.2009,3.7592,0.6204
2015-11-08T03:48:59.568Z,1130.2819,1561.6562,231.7744,6.7381,0.7239,1150.0978,1610.2382,229.2649,7.0239,0.7141,1642.3364,2192.6258,229.8799,9.5388,0.7491
2015-11-08T03:49:59.115Z,1145.4942,1571.5805,230.8167,6.8081,0.7287,1200.1181,1635.4012,229.3931,7.1294,0.7333,1688.683,2243.194,230.2166,9.7441,0.7532
2015-11-08T03:50:59.389Z,983.2414,1436.616,231.1474,6.2149,0.6842,1032.5077,1510.0112,230.3281,6.5555,0.6841,1505.6077,2087.732,230.4409,9.0592,0.7209
2015-11-08T03:51:59.693Z,994.4943,1441.663,231.0158,6.2406,0.6897,1049.2688,1529.1533,231.023,6.6191,0.686,1510.6369,2092.5042,230.4199,9.0807,0.7219
2015-11-08T03:52:59.331Z,1011.4756,1470.855,231.2233,6.3613,0.6876,1049.5481,1521.611,230.4967,6.6016,0.6897,1538.9119,2108.6828,230.6717,9.1417,0.7297
2015-11-08T03:53:59.759Z,1025.873,1483.4576,231.3372,6.4127,0.6916,1061.0448,1532.0559,230.7042,6.6409,0.6928,1555.029,2119.715,230.7746,9.1856,0.7334
2015-11-08T03:54:59.281Z,1028.8062,1482.2765,230.6926,6.4249,0.6936,1067.4151,1518.5474,229.4056,6.6197,0.7031,1574.5737,2123.8328,230.4196,9.217,0.7403
2015-11-08T03:55:59.700Z,1040.0203,1487.643,231.1153,6.4366,0.6991,1063.8899,1524.3288,229.133,6.6522,0.6981,1561.7476,2101.2142,229.8223,9.143,0.7424
2015-11-08T03:56:59.335Z,1062.6243,1484.886,230.8903,6.4308,0.7156,1097.5262,1561.1515,229.3288,6.8075,0.7035,1553.0331,2092.7463,228.8024,9.1469,0.7419
2015-11-08T03:57:59.254Z,1052.2799,1468.0589,230.3616,6.3728,0.7166,1111.8867,1569.3866,229.7636,6.8302,0.7084,1549.6997,2099.3737,229.0067,9.1675,0.7382
2015-11-08T03:58:59.701Z,976.9958,1405.6584,230.3787,6.1018,0.6951,1074.627,1547.8936,231.501,6.6861,0.6942,1483.1384,2076.6033,230.3172,9.0167,0.7132
2015-11-08T03:59:59.643Z,973.4877,1397.9387,229.7916,6.0836,0.696,1077.5726,1536.5296,230.8908,6.6546,0.7011,1491.2362,2076.1221,230.0726,9.024,0.7191
2015-11-08T04:00:59.038Z,996.2081,1421.4631,230.7706,6.1593,0.7004,1067.8963,1531.2048,230.12,6.6536,0.6976,1498.0025,2058.8655,229.677,8.9638,0.7283
2015-11-08T04:01:59.315Z,1007.3054,1441.1096,231.0199,6.238,0.6991,1069.3602,1530.3449,229.7691,6.6601,0.6993,1516.3362,2072.3189,230.2403,9.001,0.7314
2015-11-08T04:02:59.777Z,1028.2589,1449.7838,230.911,6.2781,0.7082,1073.5258,1534.9069,229.0648,6.7011,0.6997,1515.3569,2053.2989,229.2273,8.9569,0.7381
2015-11-08T04:03:59.990Z,1054.6088,1468.0592,231.0092,6.3549,0.7184,1072.4588,1536.4384,228.5637,6.7211,0.6978,1520.1019,2035.0833,228.0729,8.9227,0.7462
2015-11-08T04:05:59.762Z,1054.3559,1466.8699,230.3754,6.367,0.7194,1082.3145,1531.3208,228.5626,6.6994,0.7071,1539.4917,2053.1735,228.0406,9.0034,0.7498
2015-11-08T04:06:59.201Z,1054.4545,1461.3778,229.9856,6.3542,0.7214,1102.594,1549.6248,229.3552,6.7564,0.7114,1539.5068,2062.7237,228.1258,9.0419,0.7472
2015-11-08T04:07:59.873Z,1062.5241,1461.3915,230.0371,6.3522,0.7276,1116.9544,1565.8729,229.3746,6.8262,0.7132,1540.2408,2067.758,228.2009,9.061,0.7445
2015-11-08T04:08:59.748Z,1060.867,1479.0206,230.9935,6.4026,0.717,1121.5424,1573.1698,229.7964,6.8457,0.7131,1559.8951,2100.0979,229.7576,9.1401,0.7418
2015-11-08T04:09:59.673Z,1056.7353,1461.2839,229.8242,6.3578,0.7229,1129.2393,1562.3817,229.0171,6.8218,0.7226,1563.0624,2092.3914,228.845,9.143,0.7478
2015-11-08T04:10:59.005Z,1059.364,1469.1567,229.9913,6.3875,0.721,1120.3899,1552.8186,229.0072,6.781,0.7214,1569.1433,2092.7173,228.7769,9.1469,0.7498
2015-11-08T04:11:59.133Z,1059.6124,1461.6433,229.2347,6.3761,0.7246,1138.31,1562.1489,229.0726,6.8189,0.7289,1577.2459,2104.5069,228.5783,9.2071,0.7497
2015-11-08T04:13:59.339Z,1089.3344,1490.1393,230.3677,6.4684,0.7312,1135.997,1575.9432,229.0686,6.8796,0.7206,1573.874,2086.3273,227.8685,9.1553,0.7541
2015-11-08T04:14:59.603Z,1120.428,1505.8981,230.08,6.5443,0.7432,1136.5471,1575.8227,228.2437,6.904,0.7218,1576.7404,2061.7738,226.1969,9.1142,0.7643
2015-11-08T04:15:59.009Z,1100.0443,1505.0022,230.0835,6.5412,0.7305,1146.0952,1567.8887,228.1584,6.8718,0.7307,1610.4868,2112.1844,228.1384,9.2578,0.7622
2015-11-08T04:16:59.546Z,1104.4579,1486.283,228.6397,6.5005,0.7432,1161.014,1571.441,227.5592,6.9058,0.7391,1598.9599,2090.8866,226.5625,9.2284,0.7643
2015-11-08T04:17:59.963Z,1097.5391,1482.0551,228.9114,6.4741,0.7407,1167.0601,1581.2422,228.2059,6.9288,0.738,1599.0624,2106.2894,227.4141,9.2612,0.7591
2015-11-08T04:18:59.190Z,1100.4023,1498.7665,229.8908,6.5192,0.7334,1164.8399,1589.5474,228.7782,6.9476,0.7324,1605.8298,2120.6326,228.3575,9.2861,0.7589
2015-11-08T04:19:59.453Z,1110.2862,1510.9928,230.0719,6.5674,0.7347,1166.281,1596.4487,229.0972,6.9686,0.7307,1610.549,2124.1742,228.6577,9.2903,0.7592
2015-11-08T04:20:59.007Z,1120.6765,1516.7713,229.866,6.598,0.7382,1169.0228,1599.1675,228.984,6.9837,0.7308,1610.3136,2116.6462,228.057,9.2811,0.7602
2015-11-08T04:21:59.705Z,1121.8178,1511.559,229.7288,6.5797,0.7416,1180.5963,1608.3446,229.1668,7.0178,0.7337,1609.2238,2117.4662,227.7315,9.298,0.7601
2015-11-08T04:22:59.370Z,1112.4344,1504.8004,229.7409,6.5498,0.739,1180.8046,1606.681,229.3856,7.0042,0.7346,1611.3021,2124.9589,227.9307,9.3221,0.7591
2015-11-08T04:23:59.064Z,1143.5991,1529.6135,229.8898,6.6534,0.748,1203.0611,1626.4704,229.0799,7.0994,0.7397,1633.9116,2138.3506,227.5348,9.3974,0.763
2015-11-08T04:24:59.174Z,1138.6773,1532.9078,229.5617,6.6776,0.7423,1177.7677,1597.2086,228.6234,6.9866,0.7376,1633.9548,2125.9961,227.6547,9.3387,0.7691
2015-11-08T04:25:59.182Z,1170.479,1567.7761,229.764,6.8239,0.747,1187.0283,1602.6099,227.989,7.0291,0.741,1666.894,2143.9089,227.6896,9.4154,0.7768
2015-11-08T04:26:59.828Z,1149.0872,1554.7026,229.1492,6.7843,0.7393,1164.3272,1564.7054,226.7937,6.899,0.7444,1668.712,2139.7162,227.8091,9.3929,0.7802
2015-11-08T04:27:59.981Z,1146.8692,1540.4801,229.9342,6.6997,0.7443,1189.5822,1608.9466,228.254,7.0486,0.7396,1642.84,2136.7163,227.9194,9.3746,0.7699
2015-11-08T04:28:59.281Z,1155.9335,1548.4848,230.3469,6.7225,0.7467,1190.238,1617.4508,228.4334,7.0808,0.7359,1638.2868,2130.7715,227.7783,9.354,0.7699
2015-11-08T04:29:59.546Z,1162.9306,1549.0703,229.9681,6.736,0.7501,1194.6431,1615.5277,228.106,7.0824,0.7398,1643.4408,2128.7739,227.309,9.3651,0.7708
2015-11-08T04:30:59.226Z,1173.2082,1555.563,230.0135,6.7633,0.7539,1198.9135,1623.3835,228.002,7.1194,0.7387,1642.7255,2122.1337,226.7887,9.3574,0.7734
2015-11-08T04:31:59.913Z,1179.7685,1569.8879,230.014,6.8245,0.7515,1185.9287,1602.0887,226.8831,7.0605,0.7405,1659.5723,2125.552,226.7931,9.3718,0.7813
2015-11-08T04:32:59.101Z,1163.0874,1596.8705,231.0144,6.9124,0.7286,1163.0403,1561.658,225.9574,6.9111,0.7445,1714.3802,2183.007,229.0575,9.5306,0.7842
2015-11-08T04:33:59.761Z,1172.1051,1587.3604,231.04,6.8702,0.7386,1187.6119,1603.4642,227.6932,7.0416,0.7408,1688.1848,2171.0815,228.5393,9.4996,0.7774
2015-11-08T04:34:59.022Z,1183.1715,1582.8558,230.054,6.88,0.7475,1199.919,1617.5366,228.2072,7.0877,0.7423,1680.5635,2161.4643,227.8575,9.4857,0.7772
2015-11-08T04:35:59.508Z,1184.5431,1574.2757,229.2988,6.8656,0.752,1201.2543,1612.812,227.6147,7.0856,0.7444,1672.9768,2144.462,226.9232,9.4503,0.7801
2015-11-08T04:36:59.225Z,1180.8728,1564.8636,228.8248,6.839,0.7546,1224.3046,1628.1988,227.7571,7.1491,0.752,1681.6217,2162.6228,227.1433,9.5209,0.7783
2015-11-08T04:37:59.580Z,1177.7722,1553.2264,229.8814,6.7568,0.7582,1232.3622,1659.3371,229.0073,7.245,0.7419,1645.7683,2143.5562,227.2649,9.4317,0.7684
2015-11-08T04:38:59.821Z,1191.6071,1572.2542,230.4747,6.8212,0.7584,1239.3933,1668.4891,229.1997,7.2799,0.7426,1663.3338,2160.4406,227.4861,9.4969,0.7701
2015-11-08T04:39:59.413Z,1169.9916,1543.3644,228.6158,6.7508,0.7583,1249.3356,1658.7517,229.1771,7.2378,0.7525,1667.9013,2173.829,227.691,9.5471,0.7683
2015-11-08T04:40:59.749Z,1171.6419,1549.7549,228.7096,6.7756,0.7568,1259.856,1663.8731,229.556,7.2481,0.7573,1683.7588,2193.2399,227.8354,9.626,0.7681
2015-11-08T04:41:59.185Z,1177.4381,1556.0181,228.7226,6.8027,0.7576,1254.6121,1662.261,229.5151,7.2426,0.7547,1683.2299,2187.8407,227.7889,9.6045,0.7699
2015-11-08T04:42:59.555Z,1174.1431,1547.1773,228.3893,6.7743,0.7596,1266.6038,1668.8336,229.6746,7.2662,0.7582,1685.7431,2193.9904,227.766,9.6322,0.7693
2015-11-08T04:43:59.278Z,1179.2465,1554.4475,228.8345,6.793,0.7593,1266.3598,1671.9293,229.5471,7.2833,0.7579,1688.2401,2197.9793,228.0107,9.6396,0.7696
2015-11-08T04:44:59.751Z,1190.1276,1571.1436,228.2901,6.8821,0.7577,1251.3789,1642.023,228.1648,7.1968,0.7621,1708.4738,2193.6008,227.3249,9.65,0.7791
2015-11-08T04:45:59.986Z,1208.1331,1581.5519,228.0664,6.9344,0.7637,1256.5492,1646.6918,227.7667,7.2299,0.7636,1714.2973,2187.8677,226.7053,9.6503,0.7833
2015-11-08T04:46:59.251Z,1220.3917,1591.067,228.6474,6.9587,0.7669,1249.3292,1650.1311,227.4744,7.2542,0.7573,1702.3203,2167.1472,226.2502,9.5781,0.7856
2015-11-08T04:47:59.223Z,1209.5942,1586.0931,228.5555,6.9393,0.7628,1276.0173,1673.7772,228.8436,7.3142,0.762,1717.7262,2208.0724,227.57,9.7028,0.7782
2015-11-08T04:48:59.305Z,1205.5348,1579.0632,228.7453,6.9027,0.7629,1276.8864,1679.6288,229.2031,7.3281,0.7604,1709.2537,2204.8456,227.5048,9.6913,0.776
2015-11-08T04:49:59.947Z,1206.3134,1572.2787,228.603,6.8777,0.7681,1308.7986,1711.0294,230.0543,7.4373,0.7649,1713.7958,2225.4887,227.7018,9.7733,0.7704
2015-11-08T04:50:59.443Z,1209.5861,1570.8278,228.3003,6.8806,0.7702,1300.1713,1705.2838,229.7455,7.4226,0.7617,1702.4336,2206.0451,227.3143,9.704,0.7719
2015-11-08T04:51:59.880Z,1229.041,1586.609,228.3284,6.9486,0.7741,1313.8539,1720.5258,229.5582,7.4949,0.7639,1711.3094,2212.5373,227.422,9.7287,0.7732
2015-11-08T04:52:59.408Z,1220.4335,1574.5812,227.8913,6.9091,0.7748,1306.483,1709.167,229.3671,7.4519,0.7639,1701.8353,2199.7936,226.788,9.6993,0.7731
2015-11-08T04:53:59.767Z,1235.4126,1601.252,228.0072,7.0227,0.7723,1305.8127,1693.9694,228.232,7.4208,0.7712,1745.0186,2227.8557,226.9532,9.8161,0.7823
2015-11-08T04:54:59.741Z,1223.38,1622.3119,228.389,7.1029,0.7532,1256.4337,1624.4708,225.9467,7.1894,0.773,1784.2997,2245.877,227.9696,9.8513,0.794
2015-11-08T04:55:59.954Z,1240.0684,1635.2488,228.2293,7.1651,0.7587,1270.8487,1635.6289,225.4958,7.2523,0.7774,1799.5908,2255.2614,227.6044,9.9083,0.7982
2015-11-08T04:56:59.743Z,1234.9403,1623.6894,227.8185,7.1271,0.7604,1261.2227,1628.5908,225.576,7.2196,0.7746,1781.1217,2233.3798,227.3318,9.8245,0.7962
2015-11-08T04:57:59.772Z,1274.9347,1657.904,229.5184,7.223,0.77,1284.2464,1679.9174,226.9081,7.4036,0.7645,1770.0897,2225.9333,227.01,9.8049,0.7944
2015-11-08T04:58:59.073Z,1257.0084,1642.1991,229.7652,7.147,0.7647,1275.9029,1680.2349,227.8582,7.3736,0.7596,1750.5374,2218.3242,227.3437,9.7574,0.7899
2015-11-08T04:59:59.316Z,1279.1361,1661.9441,229.7988,7.2318,0.77,1300.3173,1698.3828,227.8046,7.4551,0.766,1780.019,2244.5563,227.3214,9.874,0.791
