2015-11-19T00:00:59.427Z,2.4245,99.4102,229.9705,0.4322,0.0245,5.1189,89.1254,230.5452,0.3867,0.057,3.0921,89.5767,232.0663,0.3858,0.0345
2015-11-19T00:01:59.072Z,5.5249,102.3996,229.7313,0.4462,0.0535,3.8962,92.1834,230.4973,0.3998,0.0412,3.847,91.7847,231.9782,0.3954,0.0413
2015-11-19T00:02:59.298Z,5.9977,100.9795,229.3999,0.4402,0.0593,3.8129,90.588,230.6334,0.3926,0.0414,3.5386,89.4181,232.6179,0.3843,0.0407
2015-11-19T00:03:59.594Z,5.7601,104.0962,229.5562,0.4533,0.0557,2.7675,89.889,230.307,0.39,0.03,3.7562,91.2168,232.6032,0.392,0.0419
2015-11-19T00:04:59.100Z,4.2787,102.6523,229.1371,0.4478,0.042,4.2413,91.9542,229.9733,0.3996,0.0464,3.8133,91.012,231.7709,0.3929,0.0421
2015-11-19T00:05:59.764Z,2.0898,101.486,229.3436,0.4425,0.0221,4.0134,91.3804,230.0376,0.3979,0.0433,3.0164,88.5243,231.935,0.3816,0.0324
2015-11-19T00:06:59.995Z,4.0281,101.3227,229.1009,0.4422,0.0402,3.597,92.4393,231.0382,0.3997,0.0373,3.1718,90.4147,231.4496,0.3911,0.0368
2015-11-19T00:07:59.268Z,5.9194,104.4503,229.4004,0.4551,0.0574,2.6902,91.1318,231.3231,0.3936,0.0287,3.3906,92.4664,231.6257,0.399,0.0371
2015-11-19T00:08:59.762Z,3.0485,102.5796,229.6549,0.4469,0.0307,4.2127,90.1267,230.8647,0.3908,0.0457,3.093,92.2196,231.7102,0.3981,0.0335
2015-11-19T00:09:59.438Z,2.4158,104.0792,229.7867,0.4525,0.0223,3.4915,90.8092,231.3313,0.3929,0.0398,2.737,91.32,232.0632,0.3932,0.0315
2015-11-19T00:10:59.931Z,2.2276,101.9666,230.3029,0.4425,0.0224,3.7931,92.4679,231.9886,0.398,0.04,3.9136,90.701,231.9573,0.3905,0.0425
2015-11-19T00:11:59.162Z,3.8676,105.3744,231.0247,0.4558,0.0364,4.9949,92.0749,233.4173,0.3941,0.0543,3.68,92.3968,232.833,0.3966,0.0406
2015-11-19T00:12:59.541Z,3.9453,102.3012,230.7066,0.4432,0.0388,2.9791,89.2368,233.0901,0.383,0.0351,3.0848,89.9892,232.7387,0.3874,0.036
2015-11-19T00:13:59.795Z,2.8069,102.854,230.5135,0.4462,0.0266,3.1478,90.4904,232.7437,0.3892,0.036,2.9712,87.9257,233.4468,0.3774,0.0347
2015-11-19T00:14:59.136Z,5.2251,104.2297,230.4899,0.4517,0.0516,3.4511,91.2654,232.2654,0.3933,0.0379,3.9172,90.8709,233.2997,0.389,0.0421
2015-11-19T00:15:59.889Z,3.641,102.8439,230.2298,0.4464,0.0355,3.5424,89.2889,232.2392,0.3847,0.0377,2.9336,93.442,233.2257,0.4002,0.0325
2015-11-19T00:16:59.231Z,3.5649,101.1307,230.4927,0.4383,0.0339,3.2513,93.449,232.8213,0.4008,0.0339,3.038,89.636,233.3697,0.3841,0.0347
2015-11-19T00:17:59.725Z,5.193,103.8588,230.0689,0.451,0.0495,3.0758,90.5225,232.6618,0.3892,0.0314,3.5515,89.9765,233.1966,0.3858,0.038
2015-11-19T00:18:59.014Z,5.7699,105.2907,230.2031,0.4572,0.0554,4.6743,92.7716,232.7631,0.3979,0.0491,2.8239,91.9561,232.9114,0.3947,0.0299
2015-11-19T00:19:59.125Z,4.3157,101.6552,229.8282,0.4416,0.0429,3.3702,89.5976,232.6135,0.3849,0.0376,3.2791,91.8316,232.6363,0.3949,0.0364
2015-11-19T00:20:59.578Z,3.9372,101.5284,229.371,0.4423,0.0403,3.4776,93.3603,232.0139,0.4022,0.0373,3.1729,90.5035,231.4942,0.3905,0.0364
2015-11-19T00:21:59.024Z,4.4294,104.4629,230.0678,0.4536,0.0419,3.2977,91.697,232.4688,0.394,0.0366,3.8438,89.1907,232.0358,0.3846,0.0436
2015-11-19T00:22:59.294Z,4.2741,103.3108,230.1758,0.4487,0.0414,3.2646,92.2046,233.3625,0.3954,0.0352,2.5825,92.3925,232.51,0.3975,0.0302
2015-11-19T00:23:59.576Z,5.8448,104.0964,230.6342,0.4516,0.0566,2.7229,91.2843,232.9887,0.3915,0.031,3.493,92.7625,232.6749,0.3991,0.035
2015-11-19T00:24:59.191Z,4.9278,103.4194,231.0533,0.4474,0.0479,2.649,91.6068,233.3821,0.3927,0.0289,3.1808,91.9229,233.1859,0.3937,0.0344
2015-11-19T00:25:59.546Z,4.3227,103.6111,231.348,0.4482,0.0414,3.5538,89.5615,232.861,0.3851,0.0381,3.1554,91.0545,233.7686,0.3897,0.0355
2015-11-19T00:26:59.849Z,2.3683,102.2387,231.0864,0.4426,0.0235,4.0504,88.8343,232.1579,0.3828,0.0488,3.7823,92.378,233.4809,0.395,0.0435
2015-11-19T00:27:59.161Z,4.4392,103.5763,231.2581,0.4472,0.0422,3.5911,90.5407,231.8955,0.3906,0.0406,3.039,88.9079,232.9744,0.3815,0.0336
2015-11-19T00:28:59.406Z,5.2343,102.4308,230.7672,0.444,0.0501,2.4009,91.2784,232.3412,0.3928,0.0264,3.5891,90.6413,232.9636,0.389,0.0377
2015-11-19T00:29:59.663Z,3.3593,103.2212,230.559,0.4476,0.0326,4.342,91.2133,232.4791,0.3925,0.0488,2.8211,92.106,232.6656,0.3958,0.0298
2015-11-19T00:30:59.671Z,2.9412,102.2275,229.9368,0.4442,0.0284,3.7591,90.65,232.5749,0.3895,0.0415,2.6369,92.1875,232.5903,0.396,0.0301
2015-11-19T00:31:59.169Z,5.4208,104.4119,230.0488,0.4534,0.0524,3.6703,92.1472,232.1422,0.3967,0.0397,2.8397,92.4192,232.45,0.3979,0.0288
2015-11-19T00:32:59.484Z,2.2992,103.1157,229.7702,0.4485,0.0231,3.536,90.5248,231.9341,0.3902,0.0398,3.3545,91.9248,232.3362,0.3963,0.0366
2015-11-19T00:33:59.156Z,4.7314,102.6854,230.2237,0.4459,0.047,3.4529,90.8742,232.1623,0.3914,0.0377,2.9192,90.3463,232.6851,0.3881,0.0336
2015-11-19T00:34:59.405Z,3.8562,105.68,231.1403,0.4565,0.0363,3.6356,90.3346,232.6332,0.3885,0.0403,3.3924,89.4059,232.972,0.3838,0.0373
2015-11-19T00:35:59.294Z,4.5291,103.1386,230.7297,0.4464,0.0453,3.4587,91.649,233.0495,0.3927,0.0369,2.9453,90.9019,232.9616,0.3907,0.0321
2015-11-19T00:36:59.607Z,4.9357,103.2274,230.8212,0.4471,0.0463,2.647,90.7449,232.7468,0.3899,0.0293,2.3934,88.9779,233.4504,0.3812,0.0268
2015-11-19T00:37:59.103Z,4.792,103.7106,231.0642,0.4483,0.0469,3.6546,92.8873,232.7362,0.3997,0.038,3.7121,92.5706,233.5379,0.3967,0.0396
2015-11-19T00:38:59.516Z,2.6001,103.3107,230.9899,0.4467,0.0249,3.7896,92.4712,231.6596,0.3991,0.0421,2.6464,92.2827,233.3289,0.3953,0.028
2015-11-19T00:39:59.834Z,3.419,104.9274,231.149,0.4537,0.0326,3.7025,92.6908,232.17,0.3992,0.0402,3.2823,90.408,232.8386,0.3888,0.0362
2015-11-19T00:40:59.546Z,2.1079,102.5011,230.4573,0.4448,0.0213,3.4814,92.207,232.3079,0.397,0.0395,3.474,89.3779,232.5334,0.3845,0.0403
2015-11-19T00:41:59.851Z,1.5299,101.2996,231.168,0.4378,0.0141,3.9089,89.7426,232.8222,0.3853,0.0487,3.0034,89.1182,232.9473,0.3821,0.0371
2015-11-19T00:42:59.019Z,5.3408,103.947,231.0954,0.4496,0.0529,3.6013,90.9034,232.9277,0.3896,0.0417,3.8746,91.825,233.2049,0.3933,0.0407
2015-11-19T00:43:59.793Z,5.0795,103.7398,231.3084,0.4478,0.0503,3.4053,92.9358,233.109,0.3993,0.0354,2.9818,91.5475,233.7903,0.3916,0.0336
2015-11-19T00:44:59.108Z,4.2634,103.6479,231.4291,0.4476,0.0402,3.3862,91.8152,232.7927,0.3944,0.0377,3.3109,91.4259,233.5341,0.3917,0.0367
2015-11-19T00:45:59.980Z,5.4071,103.8247,230.9904,0.449,0.0524,3.0173,90.8985,232.3666,0.3905,0.0332,3.0954,90.0485,233.6745,0.3857,0.0328
2015-11-19T00:46:59.339Z,5.2611,102.9387,232.1936,0.443,0.0519,3.3408,88.7617,229.8988,0.3859,0.041,3.3777,89.215,235.1892,0.3788,0.0392
2015-11-19T00:47:59.875Z,2.3497,103.1358,231.9825,0.4443,0.0229,3.8262,91.1354,231.5216,0.394,0.0428,2.5211,92.8286,234.7416,0.3957,0.0279
2015-11-19T00:48:59.456Z,3.7163,103.9918,231.4531,0.4488,0.0348,3.6274,93.9046,233.0272,0.4036,0.0383,2.9442,90.5501,233.9896,0.3864,0.032
2015-11-19T00:49:59.482Z,4.9936,101.9887,231.1678,0.4407,0.0489,2.8027,91.0601,232.7995,0.391,0.0307,3.4115,92.9476,233.6956,0.3976,0.0368
2015-11-19T00:50:59.761Z,5.4352,103.819,231.3292,0.449,0.053,2.49,91.5796,232.8541,0.3929,0.0287,2.8356,91.7187,233.6791,0.3923,0.0298
2015-11-19T00:51:59.122Z,4.1189,104.9874,231.6233,0.4527,0.0398,3.5394,92.5626,233.0451,0.3973,0.0376,4.0514,91.0671,233.8282,0.3897,0.044
2015-11-19T00:52:59.402Z,3.3504,104.4688,231.5226,0.451,0.0332,3.9563,89.0849,232.9568,0.3827,0.0449,3.4993,92.5918,233.8813,0.3959,0.0371
2015-11-19T00:53:59.212Z,4.9134,105.9332,231.2941,0.4581,0.0463,4.0214,90.8389,232.9339,0.3897,0.0441,3.2567,91.1179,234.0879,0.3896,0.0353
2015-11-19T00:54:59.651Z,5.4907,103.3703,231.2273,0.4471,0.0529,3.3454,91.3373,232.9943,0.3916,0.0367,2.9967,92.5702,233.8557,0.3963,0.0314
2015-11-19T00:55:59.935Z,2.9646,104.0143,230.9551,0.4499,0.0302,3.9869,92.5127,232.3771,0.3982,0.0437,3.2204,91.2752,233.5373,0.391,0.0363
2015-11-19T00:56:59.299Z,4.2532,102.3852,230.7401,0.4442,0.0422,3.4536,89.2554,232.2541,0.3846,0.0387,3.5783,88.6251,233.0992,0.38,0.0443
2015-11-19T00:57:59.029Z,4.3331,102.4487,231.0476,0.4436,0.0423,3.6212,92.8221,232.4897,0.3995,0.0405,3.6646,91.3967,233.3489,0.3919,0.0414
2015-11-19T00:58:59.390Z,4.9185,102.7832,231.0325,0.4446,0.0481,3.307,92.5221,232.8025,0.3975,0.0348,3.4359,91.4543,233.608,0.3912,0.038
2015-11-19T00:59:59.619Z,5.2984,104.0248,231.406,0.4492,0.0503,3.4114,93.0573,233.1756,0.3991,0.0375,2.7203,92.4189,234.0666,0.3943,0.0314
2015-11-19T01:00:59.052Z,3.0214,98.3556,230.9307,0.4262,0.0309,3.5262,87.2374,233.1773,0.3739,0.0432,3.4242,90.8221,233.0288,0.3903,0.0382
2015-11-19T01:01:59.434Z,3.6716,103.1128,230.5972,0.4473,0.0371,4.1567,93.8542,233.0451,0.4025,0.0437,2.492,90.273,232.9076,0.3884,0.0283
2015-11-19T01:02:59.631Z,4.3209,103.7744,229.7945,0.4518,0.0427,3.4626,91.3644,232.5175,0.3933,0.0367,2.9374,90.6358,232.1622,0.3902,0.0327
2015-11-19T01:03:59.888Z,2.1318,103.0399,229.2633,0.4492,0.0202,3.4004,90.843,232.6998,0.3908,0.037,2.5076,90.0229,231.9748,0.3877,0.0279
2015-11-19T01:04:59.133Z,2.6766,104.0221,229.4066,0.4532,0.0242,4.1173,93.7028,232.417,0.4033,0.0452,3.3977,89.4723,231.9296,0.3854,0.0372
2015-11-19T01:05:59.600Z,2.7591,101.5205,229.1579,0.4431,0.0265,4.2169,92.6011,232.9064,0.3977,0.0447,3.5921,90.6729,231.8052,0.3915,0.0396
2015-11-19T01:06:59.888Z,4.7846,101.2695,229.0698,0.4412,0.0478,2.9774,89.1885,233.0791,0.3824,0.032,3.2663,90.5473,231.9262,0.3909,0.0355
2015-11-19T01:07:59.366Z,3.8017,102.4414,229.0181,0.4471,0.0383,3.5733,90.0692,233.0372,0.3861,0.0404,2.6617,90.6078,232.2694,0.3899,0.0301
2015-11-19T01:08:59.642Z,4.6918,103.4184,228.9218,0.4516,0.0459,4.052,92.246,232.9826,0.3958,0.0433,2.9621,90.6287,232.4881,0.3897,0.0332
2015-11-19T01:09:59.223Z,6.1236,102.2104,228.7528,0.4463,0.0608,2.8909,92.2527,232.6229,0.3966,0.0301,3.5184,90.513,232.2433,0.3893,0.0396
2015-11-19T01:10:59.288Z,3.7448,103.309,229.2591,0.4507,0.0377,3.1931,91.9079,232.4123,0.3955,0.0355,2.6782,91.5036,232.1879,0.3942,0.03
2015-11-19T01:11:59.603Z,3.5287,102.75,230.6529,0.4449,0.0349,3.5622,91.0198,232.1316,0.3922,0.0418,2.479,88.9552,232.0907,0.3834,0.0275
2015-11-19T01:12:59.941Z,3.807,104.2532,230.9535,0.4509,0.038,3.0148,90.5344,231.3586,0.391,0.0342,3.5901,91.7235,232.3857,0.3947,0.0382
2015-11-19T01:13:59.254Z,3.8107,104.204,231.1387,0.4512,0.0367,3.9561,94.0594,231.4568,0.4068,0.043,3.1572,91.7329,232.0366,0.3953,0.0336
2015-11-19T01:14:59.615Z,2.2586,102.5655,231.3553,0.443,0.0216,3.9148,93.4981,231.2166,0.4043,0.0418,2.7576,91.7321,230.8703,0.3971,0.0312
2015-11-19T01:15:59.891Z,2.7041,102.1825,230.9061,0.4422,0.0255,4.206,90.6338,231.8438,0.3911,0.0468,3.2059,89.9072,230.7726,0.3896,0.0357
2015-11-19T01:16:59.155Z,2.3603,102.8281,231.0865,0.4446,0.0222,3.4206,91.7571,232.1793,0.3952,0.0356,3.3666,91.506,231.0803,0.396,0.0369
2015-11-19T01:17:59.564Z,2.1707,102.2171,230.9939,0.4422,0.0211,5.5362,92.1983,232.296,0.3964,0.0599,2.832,90.8033,231.7079,0.3918,0.0293
2015-11-19T01:18:59.104Z,4.0951,103.5784,230.5461,0.4484,0.0397,3.1264,90.4883,232.1018,0.3898,0.0349,3.5488,90.9518,231.9239,0.392,0.0387
2015-11-19T01:19:59.489Z,4.2874,104.0725,230.228,0.4517,0.0413,3.4191,92.1871,232.033,0.3974,0.0364,3.4959,91.8972,231.9488,0.3965,0.0384
2015-11-19T01:20:59.380Z,3.1452,101.8273,229.8532,0.4426,0.0307,3.8672,89.4522,231.7978,0.3858,0.0453,3.5712,90.2998,231.8444,0.3891,0.0407
2015-11-19T01:21:59.711Z,2.2839,101.8668,229.5142,0.4436,0.0226,3.8959,90.7007,231.4598,0.3921,0.0442,2.9785,89.3135,231.3199,0.3863,0.035
2015-11-19T01:22:59.897Z,3.8805,101.6015,229.4802,0.4426,0.0382,3.6162,91.0024,231.5635,0.3926,0.0415,2.6786,91.6419,231.3378,0.3959,0.0288
2015-11-19T01:23:59.612Z,4.6177,100.6841,229.4279,0.4386,0.0463,3.5121,93.008,231.6869,0.4009,0.0376,3.7416,89.88,231.3548,0.389,0.0401
2015-11-19T01:24:59.828Z,3.1099,103.6345,228.7839,0.453,0.0304,3.3655,90.3522,231.6641,0.3899,0.0367,3.8243,90.1652,231.2976,0.3896,0.0416
2015-11-19T01:25:59.222Z,5.4292,103.1544,228.8617,0.4501,0.0532,3.7489,92.8644,231.3292,0.4007,0.0398,2.4752,90.372,231.3871,0.3899,0.0282
2015-11-19T01:26:59.985Z,4.6625,100.1901,228.3829,0.4383,0.047,3.5965,89.6351,230.9849,0.388,0.0401,3.1859,88.8207,231.3065,0.3837,0.0385
2015-11-19T01:27:59.528Z,3.3444,103.1661,227.9002,0.4519,0.0331,3.0039,89.9429,230.3062,0.3906,0.0329,3.2278,91.9323,232.0017,0.3963,0.0356
2015-11-19T01:28:59.596Z,5.3846,100.6416,227.0615,0.4434,0.0553,2.6078,88.8936,228.9067,0.3887,0.0305,3.1747,92.3813,232.5482,0.3974,0.0336
2015-11-19T01:29:59.857Z,4.6538,102.8658,227.2818,0.452,0.046,4.639,90.3105,230.5603,0.3919,0.0527,2.5649,93.0207,232.4288,0.4,0.0289
2015-11-19T01:30:59.198Z,3.2943,101.3676,229.011,0.4428,0.0342,3.8338,90.6404,232.1398,0.3903,0.0439,3.8217,89.2207,232.1447,0.3844,0.0439
2015-11-19T01:31:59.573Z,2.7758,101.5172,229.0849,0.4432,0.0271,3.6221,91.5009,231.6938,0.3945,0.0424,3.6285,88.7918,232.1793,0.3823,0.0421
2015-11-19T01:32:59.950Z,4.3401,101.7373,229.6189,0.4426,0.0436,3.3379,91.7767,231.0849,0.3969,0.0377,3.057,88.928,231.9345,0.3835,0.0333
2015-11-19T01:33:59.376Z,4.2822,104.7864,229.7436,0.4558,0.0403,3.4654,92.5272,231.3444,0.4004,0.0388,3.3536,89.0641,232.1354,0.3836,0.0377
2015-11-19T01:34:59.733Z,4.8449,102.9664,229.1859,0.4493,0.0497,2.7918,90.5312,231.2257,0.3915,0.0307,3.2352,89.9142,231.5965,0.3884,0.0352
2015-11-19T01:35:59.008Z,4.9677,100.8506,228.8983,0.44,0.0502,2.8499,90.9863,231.0829,0.3938,0.0308,2.742,89.9587,231.327,0.3886,0.0318
2015-11-19T01:36:59.241Z,5.1338,103.6631,229.2552,0.452,0.0498,3.0812,90.4935,231.1554,0.3916,0.0354,3.0743,89.5948,231.2766,0.3877,0.0347
2015-11-19T01:37:59.510Z,4.7861,102.7476,229.6534,0.4473,0.0467,2.8898,89.4125,230.701,0.3872,0.0335,2.8823,91.1337,230.8315,0.395,0.0323
2015-11-19T01:38:59.109Z,5.0148,101.8418,229.7614,0.4431,0.0478,3.6518,90.458,231.1143,0.3913,0.0411,2.8773,90.0386,230.733,0.3898,0.0314
2015-11-19T01:39:59.828Z,3.1278,104.7784,229.686,0.4558,0.0291,3.4236,89.759,230.7801,0.3888,0.0389,3.532,90.3014,230.7918,0.3912,0.039
2015-11-19T01:40:59.160Z,3.2797,105.0572,230.0382,0.4564,0.0326,3.7173,92.9829,231.0227,0.4024,0.0409,3.2223,90.3191,230.1347,0.3926,0.0357
2015-11-19T01:41:59.647Z,3.8092,102.508,230.2346,0.4453,0.0372,4.0401,90.0162,229.9439,0.3917,0.0462,3.3676,89.3678,230.569,0.3874,0.04
2015-11-19T01:42:59.007Z,5.4354,104.6844,229.8149,0.4558,0.0532,3.5462,91.7589,230.0731,0.3987,0.0409,3.5563,88.3077,230.1419,0.3836,0.0403
2015-11-19T01:43:59.344Z,2.4496,102.1496,229.6552,0.4445,0.0226,3.6035,93.2549,230.029,0.4053,0.04,2.6627,90.3441,230.3113,0.3929,0.0285
2015-11-19T01:44:59.994Z,4.4512,103.1598,229.7834,0.4487,0.043,3.7283,88.8325,230.0099,0.3862,0.0427,2.8026,88.8655,230.6501,0.3849,0.0315
2015-11-19T01:45:59.243Z,4.5514,101.772,230.0171,0.4422,0.0456,2.2177,89.9176,229.2749,0.3922,0.0269,2.7861,88.2352,230.2557,0.3828,0.0313
2015-11-19T01:46:59.545Z,4.8568,104.0945,230.3982,0.4518,0.0485,3.5687,89.331,227.4764,0.3926,0.0388,3.7937,91.4073,230.7942,0.3967,0.0409
2015-11-19T01:47:59.943Z,4.4575,101.6121,229.6653,0.4426,0.0444,2.5522,90.6046,229.873,0.394,0.0321,3.3805,89.7648,229.4053,0.3919,0.038
2015-11-19T01:48:59.141Z,2.3121,102.7488,229.6243,0.4471,0.0222,4.0906,91.4688,230.0127,0.3977,0.0447,3.3631,90.449,228.3799,0.3964,0.037
2015-11-19T01:49:59.470Z,2.3863,102.1268,229.3654,0.4457,0.0233,4.1195,91.0017,230.1925,0.3955,0.045,2.1161,90.5654,227.7255,0.3979,0.0236
2015-11-19T01:50:59.745Z,5.279,102.6675,229.9886,0.4464,0.0531,2.9949,86.7122,230.307,0.3764,0.0384,2.4657,88.167,230.177,0.3829,0.0313
2015-11-19T01:51:59.634Z,5.9229,102.351,229.753,0.4452,0.0589,3.2668,91.8957,230.5363,0.3986,0.0362,3.8011,90.0164,230.5281,0.3904,0.0411
2015-11-19T01:52:59.935Z,4.9857,102.8398,229.8596,0.4469,0.0486,3.9846,92.1515,230.0134,0.4013,0.044,2.5099,88.3681,230.5166,0.3829,0.0287
2015-11-19T01:53:59.507Z,3.481,101.5669,230.201,0.4411,0.0351,2.9102,91.0158,230.4636,0.3947,0.0318,3.2758,90.7664,231.3408,0.3922,0.038
2015-11-19T01:54:59.904Z,4.2501,103.2032,230.2321,0.4478,0.04,2.758,89.505,231.4116,0.387,0.0312,2.6666,90.684,231.3354,0.3921,0.0299
2015-11-19T01:55:59.152Z,3.3731,103.4497,230.4697,0.4487,0.0338,4.0521,93.4989,231.6442,0.4037,0.0449,2.8635,92.0212,232.3869,0.3964,0.0326
2015-11-19T01:56:59.542Z,5.5929,101.2214,230.0612,0.4405,0.0553,3.2784,89.8028,231.8148,0.3875,0.0361,3.0151,91.0912,232.716,0.3912,0.0341
2015-11-19T01:57:59.897Z,4.0388,102.5078,229.6433,0.4465,0.0404,3.7656,90.188,231.6433,0.3886,0.0426,3.0731,91.7243,232.4065,0.3946,0.0327
2015-11-19T01:58:59.123Z,2.1026,101.8444,229.9011,0.4427,0.0198,4.4222,91.8567,231.8329,0.3963,0.0456,3.4276,90.982,232.3968,0.3917,0.0381
2015-11-19T01:59:59.432Z,5.2189,100.776,229.8345,0.4384,0.0522,3.1415,89.116,231.753,0.3849,0.037,3.7948,91.6045,232.4879,0.3933,0.0409
