2015-12-01T00:00:59.543Z,5.3293,90.871,232.3843,0.3914,0.0598,3.3866,81.6828,231.3782,0.353,0.042,2.008,81.3366,234.3592,0.3474,0.0249
2015-12-01T00:01:59.805Z,5.3721,94.3487,232.365,0.4061,0.0575,2.7327,82.0637,231.5942,0.3542,0.0342,3.2504,83.4136,233.9367,0.3566,0.0376
2015-12-01T00:02:59.118Z,4.6363,92.7046,233.0034,0.3978,0.0493,3.2624,80.6557,231.9445,0.3479,0.0408,3.2072,83.6481,233.3728,0.3587,0.0387
2015-12-01T00:03:59.568Z,6.0118,94.0414,233.3896,0.4025,0.0645,4.1961,82.4959,231.828,0.356,0.0512,2.6597,79.722,233.3098,0.3418,0.0338
2015-12-01T00:04:59.894Z,5.6602,94.5722,233.4742,0.4047,0.0611,2.9953,82.3647,232.3119,0.354,0.0359,2.9291,82.236,233.5365,0.3527,0.0364
2015-12-01T00:05:59.534Z,5.376,95.2659,233.3789,0.4079,0.0562,4.221,81.6219,231.7167,0.352,0.0514,2.7181,84.4549,233.2896,0.3619,0.0313
2015-12-01T00:06:59.942Z,2.7038,92.6577,232.928,0.3971,0.0303,3.3343,82.61,231.6935,0.3565,0.0399,2.6051,83.014,233.1658,0.3563,0.0316
2015-12-01T00:07:59.431Z,3.305,91.8536,232.6107,0.3943,0.0364,3.8833,81.3368,231.1739,0.352,0.0502,2.7329,79.9558,233.5,0.3424,0.0367
2015-12-01T00:08:59.836Z,2.2839,93.4645,232.7798,0.4013,0.025,4.0982,82.6534,230.9142,0.3578,0.0525,3.0561,81.4436,233.526,0.3483,0.0384
2015-12-01T00:09:59.008Z,4.035,91.5679,232.8068,0.3934,0.0456,3.479,80.991,230.8784,0.3513,0.0438,1.8852,82.401,233.3531,0.3528,0.0234
2015-12-01T00:10:59.449Z,4.4023,94.5957,233.2585,0.4053,0.0463,3.4323,82.2498,230.7209,0.3567,0.0405,2.7678,82.3476,232.9429,0.3536,0.0338
2015-12-01T00:11:59.715Z,2.9026,92.3335,233.1299,0.3959,0.0323,3.623,82.8742,231.3773,0.3581,0.0426,2.6367,83.0298,233.2678,0.3559,0.0324
2015-12-01T00:12:59.149Z,4.5903,95.1449,234.3484,0.4058,0.0486,2.966,82.5866,230.9887,0.3581,0.0368,2.116,84.3232,234.4817,0.3596,0.0267
2015-12-01T00:13:59.731Z,5.1358,92.7964,234.0345,0.3964,0.0562,2.4797,81.2925,229.4872,0.3545,0.0348,3.0105,82.814,235.0778,0.3524,0.035
2015-12-01T00:14:59.012Z,5.4312,94.6844,233.3842,0.4054,0.0572,2.7456,82.7171,231.1326,0.358,0.0338,2.2732,82.8214,234.3777,0.3537,0.029
2015-12-01T00:15:59.478Z,4.982,94.8555,233.5562,0.4061,0.0525,2.735,82.0797,231.8549,0.3541,0.033,1.7818,83.5458,233.8951,0.3574,0.0228
2015-12-01T00:16:59.878Z,5.1746,94.1792,234.2778,0.402,0.0531,2.897,82.5209,232.2511,0.3556,0.0356,3.0504,82.1588,233.931,0.3509,0.036
2015-12-01T00:17:59.217Z,4.8222,91.2457,233.9109,0.39,0.0531,3.1098,82.475,232.4353,0.3542,0.0362,2.8072,81.5902,233.2226,0.35,0.0356
2015-12-01T00:18:59.728Z,5.1685,93.3502,232.074,0.4017,0.0561,3.5609,83.9587,231.8993,0.3618,0.0421,3.2264,82.4376,233.2337,0.3533,0.0362
2015-12-01T00:19:59.936Z,4.8564,94.3011,231.9807,0.4063,0.0516,3.1693,81.3956,231.7976,0.3511,0.0397,2.4689,82.8931,233.8631,0.354,0.0292
2015-12-01T00:20:59.228Z,5.256,94.1149,232.4959,0.4046,0.0559,3.1878,81.991,231.7694,0.3536,0.0372,3.0126,83.7531,234.3556,0.3577,0.0367
2015-12-01T00:21:59.096Z,4.9242,93.4419,232.4388,0.4021,0.054,3.8602,83.8769,232.2326,0.3613,0.0451,1.9588,83.1812,234.2787,0.3549,0.0241
2015-12-01T00:22:59.477Z,5.4698,94.2071,232.3001,0.4054,0.0592,3.0704,81.9898,232.3174,0.3529,0.0385,3.1739,83.3984,234.1834,0.3562,0.0401
2015-12-01T00:23:59.695Z,3.2673,93.4909,232.4503,0.4016,0.0368,4.2844,82.5022,232.6407,0.3542,0.0531,2.8327,81.5318,234.5141,0.348,0.0353
2015-12-01T00:24:59.199Z,2.7434,93.8233,231.9053,0.404,0.0292,4.222,80.4357,232.1331,0.3464,0.0527,2.2202,82.9283,234.1783,0.354,0.0282
2015-12-01T00:25:59.533Z,4.993,93.4192,231.7673,0.403,0.0533,3.4974,82.6973,231.9214,0.3561,0.0424,2.3803,82.1899,233.5676,0.3518,0.0291
2015-12-01T00:26:59.895Z,5.1815,94.5109,231.2346,0.4085,0.0558,3.0201,81.5924,231.4942,0.3524,0.0377,3.606,83.6298,232.7844,0.359,0.0423
2015-12-01T00:27:59.565Z,4.4193,92.922,231.4165,0.4015,0.0474,3.8403,81.679,230.9492,0.354,0.0473,2.9515,81.3875,232.5155,0.3504,0.0368
2015-12-01T00:28:59.698Z,4.5673,92.4078,231.7863,0.3986,0.0497,3.5379,81.2446,230.8958,0.3521,0.0433,3.091,83.5791,232.7704,0.3592,0.0375
2015-12-01T00:29:59.983Z,5.2358,91.8901,231.3616,0.3968,0.0559,3.1959,82.5275,230.9912,0.3573,0.0396,2.3957,83.0336,232.7313,0.3567,0.0298
2015-12-01T00:30:59.349Z,5.4678,93.7574,231.8764,0.4041,0.0592,3.0738,81.5151,229.5858,0.3553,0.0388,2.818,82.5357,232.9709,0.3541,0.0349
2015-12-01T00:31:59.657Z,6.259,93.1725,232.0309,0.4018,0.0677,2.4071,80.262,227.6468,0.3521,0.0313,2.0923,81.0791,233.1866,0.3484,0.0266
2015-12-01T00:32:59.968Z,4.8126,92.8675,232.4416,0.3995,0.0532,3.5402,82.4513,229.9804,0.3577,0.0412,2.145,79.9591,232.4804,0.344,0.0288
2015-12-01T00:33:59.451Z,1.4846,95.5264,232.5779,0.4106,0.017,3.866,80.6033,230.5824,0.3492,0.0494,2.4739,81.3702,232.7703,0.3493,0.0324
2015-12-01T00:34:59.762Z,2.5716,92.9009,232.0415,0.4003,0.0274,3.8867,83.267,230.4687,0.361,0.0455,2.7914,82.9652,232.8523,0.3565,0.0318
2015-12-01T00:35:59.192Z,4.4571,93.1106,232.0291,0.4011,0.0487,3.6194,82.3431,230.2107,0.3572,0.0438,2.1523,82.4149,233.2871,0.3539,0.0268
2015-12-01T00:36:59.399Z,5.3175,94.1642,231.773,0.406,0.0567,3.6511,82.1193,230.2613,0.3566,0.0444,2.5587,81.5798,233.133,0.3496,0.032
2015-12-01T00:37:59.735Z,5.191,91.9663,231.6313,0.3972,0.0571,3.4997,80.6593,230.0865,0.3505,0.0427,2.7255,82.6382,233.2015,0.3547,0.0338
2015-12-01T00:38:59.127Z,5.2698,94.9101,231.8306,0.4092,0.0563,3.9127,81.4326,230.5663,0.3538,0.0499,2.4979,82.623,233.4287,0.3536,0.0299
2015-12-01T00:39:59.522Z,2.5791,93.3743,231.5511,0.4033,0.0273,4.0229,84.2604,230.9186,0.3651,0.0492,2.4856,82.4111,233.6935,0.3524,0.0309
2015-12-01T00:40:59.715Z,3.415,94.1658,231.7249,0.4065,0.0376,3.674,81.6992,231.0899,0.3536,0.0442,3.0816,82.4863,233.8362,0.3536,0.0385
2015-12-01T00:41:59.954Z,2.8073,94.4601,231.5389,0.4073,0.0299,3.7909,82.4405,231.4687,0.3559,0.0458,2.8734,81.9986,233.8124,0.3511,0.0344
2015-12-01T00:42:59.388Z,4.9881,92.2629,231.7988,0.398,0.054,3.3784,81.4674,231.5354,0.3516,0.0443,2.16,81.4462,233.5493,0.3486,0.0294
2015-12-01T00:43:59.756Z,4.7566,93.3163,232.2266,0.4012,0.052,3.5303,82.684,231.2616,0.3575,0.0423,2.8232,82.5196,234.1077,0.3525,0.0344
2015-12-01T00:44:59.456Z,2.3315,93.9829,232.2343,0.4042,0.0267,3.8007,82.4895,231.0863,0.3571,0.0465,2.7191,81.212,234.0418,0.3473,0.0341
2015-12-01T00:45:59.335Z,3.0733,93.0743,232.2809,0.4003,0.0352,3.1643,81.2037,231.426,0.3509,0.0406,2.8314,82.7648,233.7264,0.3534,0.0337
2015-12-01T00:46:59.564Z,5.7445,93.373,232.3197,0.4021,0.0625,3.2123,82.8934,231.4416,0.3585,0.0373,2.5397,82.9743,233.8432,0.3542,0.0316
2015-12-01T00:47:59.863Z,5.6491,95.869,232.0707,0.4132,0.0587,3.5168,83.996,230.8711,0.3636,0.0403,2.6548,82.43,233.7101,0.3523,0.0316
2015-12-01T00:48:59.613Z,4.7531,93.8514,231.9474,0.4043,0.0504,3.9314,83.274,231.2811,0.3601,0.0471,1.9503,82.9819,233.5779,0.3555,0.0247
2015-12-01T00:49:59.936Z,5.7592,94.6022,231.8876,0.4077,0.0626,3.223,82.4335,231.5229,0.3559,0.0398,2.6313,81.763,233.6346,0.3499,0.0327
2015-12-01T00:50:59.247Z,5.0219,94.4867,232.2052,0.4062,0.0554,3.229,81.9232,231.0109,0.3548,0.0371,2.0899,81.8553,234.0584,0.3496,0.0253
2015-12-01T00:51:59.658Z,5.2161,95.4523,232.1179,0.4111,0.0547,2.9011,80.7951,230.6232,0.3502,0.0359,2.3662,83.0729,233.9887,0.3549,0.0274
2015-12-01T00:53:59.360Z,4.8074,93.4236,232.4699,0.4015,0.0521,3.4713,80.1688,230.4535,0.3477,0.0435,3.1725,82.6984,233.5867,0.3541,0.0379
2015-12-01T00:54:59.703Z,5.1836,93.3393,232.4031,0.4011,0.0576,3.1429,82.0457,231.2777,0.3552,0.0393,1.8915,81.632,233.2419,0.3499,0.0262
2015-12-01T00:55:59.951Z,2.1616,95.0071,232.4592,0.4086,0.022,3.5542,82.3005,231.1435,0.3564,0.044,3.0124,82.4822,233.3029,0.3535,0.0359
2015-12-01T00:56:59.423Z,2.8174,93.2539,231.9218,0.402,0.031,3.5619,80.879,231.1691,0.3499,0.0459,3.3571,83.8184,233.1606,0.3597,0.0391
2015-12-01T00:57:59.617Z,2.0467,92.7707,231.5593,0.4009,0.0214,3.5555,83.0801,231.7721,0.3585,0.0437,2.0958,82.6565,233.4379,0.3541,0.0223
2015-12-01T00:58:59.758Z,2.7319,93.9068,231.0331,0.4064,0.0278,3.6647,81.9429,232.0514,0.3529,0.0446,2.8209,84.0086,233.622,0.3602,0.033
2015-12-01T00:59:59.162Z,1.9779,92.7107,231.3167,0.4003,0.0222,3.3659,82.6243,232.2158,0.356,0.042,2.0649,81.3134,233.8237,0.3481,0.0261
