2015-11-11T00:00:59.635Z,2.2303,72.3353,228.9808,0.3158,0.032,3.559,65.6576,230.9192,0.2844,0.0562,1.0245,65.4758,230.211,0.2841,0.0152
2015-11-11T00:01:59.899Z,1.62,75.4822,229.9601,0.3277,0.0214,3.3518,68.5897,231.8443,0.2957,0.0489,0.9085,67.238,231.2223,0.2907,0.0133
2015-11-11T00:02:59.261Z,2.3499,73.8834,228.9626,0.323,0.0313,3.7016,68.0336,231.4907,0.2942,0.0541,1.0918,66.6579,230.7471,0.2888,0.0167
2015-11-11T00:03:59.545Z,2.2875,75.5273,229.9238,0.3284,0.0292,3.6147,67.9746,232.3113,0.2921,0.0535,1.4088,66.8721,231.6297,0.2892,0.022
2015-11-11T00:05:59.605Z,2.9761,76.0652,230.1364,0.3305,0.0398,3.2719,68.1,232.2877,0.2929,0.0495,1.6143,67.2677,231.5956,0.2908,0.0248
2015-11-11T00:06:59.864Z,2.1657,74.0178,230.4101,0.3209,0.0287,4.1026,67.056,232.0446,0.289,0.0634,1.5814,66.8079,231.5497,0.2884,0.0271
2015-11-11T00:07:59.089Z,1.8069,75.6703,230.6903,0.3279,0.0233,3.9571,66.5919,232.4574,0.287,0.0606,1.5744,67.815,231.9502,0.292,0.0249
2015-11-11T00:08:59.374Z,2.3386,74.8022,231.3048,0.3232,0.0305,4.1756,67.8768,232.7167,0.2925,0.0618,2.0881,67.8308,232.2897,0.2923,0.0309
2015-11-11T00:09:59.702Z,3.0028,75.4643,231.3398,0.3264,0.0404,3.7583,66.8966,232.702,0.2872,0.0553,1.3775,69.0197,232.3707,0.297,0.0209
2015-11-11T00:10:59.035Z,2.5012,75.5735,231.278,0.3265,0.0322,4.0365,67.9931,232.9197,0.2921,0.0589,1.4556,69.2408,232.1092,0.298,0.0213
2015-11-11T00:11:59.380Z,1.8339,76.2353,231.3292,0.3292,0.0235,2.7462,66.9997,232.7459,0.288,0.039,1.8054,69.1379,232.2171,0.2976,0.0255
2015-11-11T00:12:59.573Z,1.7429,74.4832,230.7326,0.323,0.0238,3.3831,67.7896,232.7901,0.2911,0.0536,1.7473,66.2107,232.0109,0.2856,0.028
2015-11-11T00:13:59.760Z,2.3654,75.0802,230.6876,0.3256,0.0311,3.6731,67.1902,232.7284,0.2892,0.0548,1.9743,66.8009,231.3687,0.2889,0.0304
2015-11-11T00:14:59.055Z,2.641,74.6528,230.777,0.3234,0.0346,3.8123,67.6997,232.6738,0.2912,0.0558,1.5259,66.8989,231.4386,0.2886,0.0234
2015-11-11T00:15:59.420Z,2.4309,76.1792,230.9002,0.3296,0.032,3.3876,68.0893,232.117,0.2932,0.049,1.8187,66.4774,232.0248,0.2863,0.0282
2015-11-11T00:16:59.648Z,2.0037,73.3815,230.6541,0.318,0.0265,3.722,65.7095,231.3036,0.2837,0.0608,2.0218,66.6866,232.5364,0.2864,0.0314
2015-11-11T00:17:59.056Z,2.2332,74.8428,231.023,0.3242,0.0289,3.2339,67.7143,231.791,0.2918,0.0479,1.8429,68.2026,233.0176,0.2923,0.0279
2015-11-11T00:18:59.293Z,2.4887,76.112,231.2064,0.3291,0.0321,3.6174,68.0823,232.4592,0.2929,0.0546,1.1136,67.0925,232.8688,0.288,0.0176
2015-11-11T00:19:59.546Z,2.0256,75.6153,231.8893,0.3263,0.027,3.7698,68.1525,233.4191,0.2924,0.0571,1.8055,66.961,233.7449,0.2864,0.0275
2015-11-11T00:20:59.952Z,2.2355,76.0815,231.7315,0.3283,0.029,3.3075,67.402,233.5557,0.2883,0.0517,1.6715,66.953,233.6834,0.2862,0.0251
2015-11-11T00:21:59.222Z,2.2541,75.0784,231.6406,0.3239,0.029,3.718,67.4876,233.3421,0.2893,0.0573,1.2936,66.1752,233.4816,0.2836,0.022
2015-11-11T00:22:59.497Z,2.5558,75.0313,231.4066,0.3235,0.0334,3.5576,67.753,233.2333,0.2908,0.0513,1.819,67.2718,233.2714,0.2884,0.0276
2015-11-11T00:23:59.681Z,2.4138,76.7846,231.9844,0.331,0.0319,3.8751,68.5455,232.8815,0.2942,0.0554,1.4635,67.3688,233.4056,0.2886,0.0225
2015-11-11T00:24:59.029Z,2.0714,75.0341,232.0548,0.3231,0.0262,3.817,67.8724,232.8207,0.2914,0.0568,1.5576,67.627,233.5261,0.2897,0.0236
2015-11-11T00:25:59.215Z,2.2143,75.1998,232.4891,0.3231,0.0295,3.422,68.2899,233.1756,0.2931,0.051,1.1971,67.6348,233.0545,0.2904,0.0182
2015-11-11T00:26:59.547Z,2.382,76.5725,232.3467,0.3301,0.0323,3.7266,68.5537,232.2318,0.2951,0.0545,1.6412,69.1566,233.1629,0.2963,0.024
2015-11-11T00:27:59.687Z,2.0076,75.2493,231.7589,0.3248,0.0275,3.6042,66.9315,232.3903,0.288,0.0544,1.8371,67.1962,232.6853,0.2889,0.0273
2015-11-11T00:28:59.816Z,1.5703,76.6599,231.8309,0.3304,0.0211,4.0251,67.008,232.533,0.288,0.0598,1.3863,66.3605,232.463,0.2849,0.0221
2015-11-11T00:29:59.189Z,2.3178,75.7607,232.5808,0.3257,0.0301,3.7044,68.1469,232.9861,0.2921,0.0538,1.4578,67.7141,232.6391,0.2912,0.0213
2015-11-11T00:30:59.372Z,1.804,75.3499,232.1948,0.3238,0.0227,3.3535,67.6585,233.146,0.2904,0.0516,1.3871,67.6125,232.6775,0.291,0.0201
2015-11-11T00:31:59.696Z,1.9897,75.0631,232.4173,0.3226,0.0258,3.5753,66.938,233.2892,0.2866,0.0564,1.6979,68.2309,233.8632,0.2918,0.0259
2015-11-11T00:32:59.074Z,2.5806,75.8374,232.7179,0.3256,0.035,3.723,69.2767,233.422,0.2971,0.0547,1.6311,68.2656,233.8939,0.2919,0.0239
2015-11-11T00:33:59.302Z,3.0927,76.3217,232.5712,0.328,0.0414,4.0715,67.0082,233.1058,0.2871,0.0614,1.5715,68.8709,233.7795,0.2945,0.0227
2015-11-11T00:34:59.695Z,2.2596,75.3659,232.4888,0.3242,0.0297,3.583,68.8973,232.8522,0.296,0.0525,1.5121,68.0629,234.7198,0.2903,0.0225
2015-11-11T00:35:59.058Z,2.2786,74.992,232.3917,0.3228,0.0302,3.8418,67.0091,231.9584,0.2887,0.059,1.6197,67.9658,234.686,0.2901,0.023
2015-11-11T00:36:59.309Z,1.9279,74.3385,231.9508,0.3207,0.027,3.8329,66.6833,230.4876,0.2899,0.0604,1.0463,67.1137,234.6221,0.2857,0.0147
2015-11-11T00:37:59.535Z,2.49,75.4478,231.7726,0.3257,0.0342,4.0715,67.9985,231.0098,0.2941,0.0607,1.298,68.6057,234.3004,0.2934,0.0196
2015-11-11T00:38:59.864Z,1.9316,76.122,231.5999,0.3281,0.0241,3.1987,67.4459,231.4382,0.2918,0.0471,1.5165,69.0079,233.8467,0.2953,0.021
2015-11-11T00:39:59.167Z,1.7996,75.369,231.5344,0.325,0.025,3.6687,67.8794,231.5884,0.2933,0.0541,1.1021,68.6092,233.3972,0.2944,0.0154
2015-11-11T00:40:59.510Z,2.1562,74.7449,231.5052,0.3229,0.028,3.5058,67.3119,231.8803,0.29,0.0527,1.5093,67.3408,233.3589,0.2892,0.0219
2015-11-11T00:41:59.140Z,3.1785,74.9254,232.1129,0.3226,0.043,3.6177,67.9837,232.0323,0.2934,0.0537,1.0802,66.8571,233.7232,0.2862,0.0155
2015-11-11T00:42:59.442Z,2.0966,75.2368,231.5179,0.3249,0.026,3.5893,67.9432,232.9764,0.2919,0.0549,1.5848,69.0791,234.4558,0.2946,0.0225
2015-11-11T00:43:59.817Z,2.0156,74.9297,231.0643,0.3241,0.026,3.8826,68.1016,233.4636,0.292,0.0558,1.3079,68.9325,234.5151,0.2941,0.0196
2015-11-11T00:44:59.095Z,1.8681,76.4722,231.658,0.33,0.0253,3.7208,68.4443,233.883,0.293,0.0549,0.9217,66.9692,234.6727,0.2853,0.0133
2015-11-11T00:45:59.381Z,2.6005,74.4935,232.3796,0.3203,0.0363,3.6839,67.8667,233.5689,0.2909,0.0555,1.3978,68.2598,234.4159,0.2911,0.0192
2015-11-11T00:46:59.584Z,3.0203,75.7224,232.7318,0.3254,0.0416,3.7052,68.2543,233.4098,0.2922,0.0538,1.6445,69.5959,234.2113,0.2971,0.0242
2015-11-11T00:47:59.816Z,2.6041,76.4037,232.6931,0.3279,0.0343,3.7116,68.6152,234.0435,0.2931,0.0544,1.6599,68.8953,234.5953,0.2938,0.0238
2015-11-11T00:48:59.110Z,2.1779,76.4791,232.2076,0.3291,0.0283,3.6931,68.2,233.5957,0.2926,0.053,1.6793,68.921,234.5227,0.2941,0.0247
2015-11-11T00:49:59.353Z,2.2458,75.7634,231.7971,0.3267,0.0296,3.3211,67.9044,233.1747,0.2916,0.0495,1.3074,68.9053,234.76,0.2938,0.0188
2015-11-11T00:50:59.558Z,2.9755,74.5124,231.8028,0.3217,0.041,3.8792,67.5135,233.4696,0.2893,0.0575,1.4946,67.8367,234.6367,0.2888,0.022
2015-11-11T00:51:59.793Z,2.132,76.9062,232.1097,0.3309,0.029,3.9353,67.411,233.5023,0.2889,0.0602,1.3926,68.1681,234.6111,0.2902,0.0197
2015-11-11T00:52:59.061Z,2.038,75.9093,232.0593,0.3269,0.0268,3.8132,67.9772,233.658,0.2907,0.058,1.4873,68.1352,234.7,0.2906,0.0216
2015-11-11T00:53:59.406Z,2.2337,76.0329,231.3574,0.328,0.0299,3.7293,68.1842,233.1586,0.2925,0.054,1.233,68.9307,233.8412,0.2945,0.017
2015-11-11T00:54:59.879Z,3.1884,75.2967,231.5487,0.3246,0.0427,3.7608,68.0336,233.2566,0.2912,0.0557,0.9517,68.8321,233.5695,0.2942,0.0126
2015-11-11T00:55:59.347Z,2.64,75.461,231.7246,0.3263,0.0342,3.0672,67.8338,233.8366,0.2901,0.0446,1.0579,67.4734,233.654,0.2888,0.0149
2015-11-11T00:56:59.571Z,2.2085,75.9733,231.8823,0.3273,0.0291,3.4558,68.5644,234.0369,0.293,0.0502,1.2277,67.6351,233.5867,0.2899,0.0181
2015-11-11T00:57:59.908Z,2.0459,75.3677,231.7422,0.3248,0.0278,3.779,68.6639,234.1914,0.293,0.0555,1.1229,67.738,233.6914,0.2897,0.0174
2015-11-11T00:58:59.138Z,2.666,75.2227,232.0231,0.3238,0.0353,3.5775,68.5753,234.378,0.2922,0.0525,1.4,67.3862,234.1261,0.2875,0.0212
2015-11-11T00:59:59.574Z,3.475,75.6703,231.8268,0.3266,0.0466,3.9799,69.3648,234.0977,0.2963,0.0574,1.711,68.5605,232.9546,0.2941,0.0252
2015-11-11T01:00:59.914Z,2.7258,72.6509,231.7744,0.3135,0.0366,3.3156,67.8659,234.0993,0.29,0.0511,2.0052,65.1578,232.4314,0.2802,0.0286
2015-11-11T01:01:59.201Z,1.8176,75.4764,231.4592,0.3264,0.0249,4.2767,69.1183,233.8562,0.2954,0.063,1.3077,66.5132,231.9107,0.2863,0.0199
2015-11-11T01:02:59.643Z,2.1421,75.4495,231.4571,0.3258,0.0289,3.9402,67.6905,233.5505,0.2898,0.0574,1.7864,67.68,232.0281,0.2918,0.026
2015-11-11T01:03:59.944Z,2.2574,74.5366,232.1183,0.3209,0.0309,3.4557,67.208,233.6612,0.2871,0.0534,1.6588,67.357,232.131,0.2901,0.0233
2015-11-11T01:04:59.111Z,2.2094,74.6049,231.986,0.3209,0.0296,3.8198,68.0856,233.5939,0.2915,0.0593,1.3451,66.0384,232.2921,0.2839,0.0212
2015-11-11T01:05:59.333Z,1.6601,75.4973,232.1329,0.3254,0.0217,3.9243,69.3457,234.3179,0.2957,0.059,0.8593,67.5809,233.0426,0.2896,0.0132
2015-11-11T01:06:59.655Z,2.4434,75.8857,232.5845,0.3265,0.0329,3.4764,68.324,234.2164,0.2915,0.0504,1.2543,68.082,233.4448,0.2916,0.0201
2015-11-11T01:07:59.870Z,3.2132,75.6384,232.8038,0.3248,0.0431,3.7718,69.111,234.1595,0.2952,0.054,0.8423,67.3356,233.5252,0.2879,0.0113
2015-11-11T01:08:59.197Z,3.0546,75.7282,232.7463,0.3258,0.0412,3.4784,69.7024,234.263,0.2972,0.0497,1.9206,69.0068,233.6043,0.2958,0.026
2015-11-11T01:09:59.490Z,1.8467,75.0427,232.2421,0.3232,0.0249,3.6796,69.0145,234.1978,0.2953,0.0534,0.8849,66.9382,233.6807,0.2867,0.0111
2015-11-11T01:11:59.312Z,1.7941,74.6793,232.0271,0.3218,0.0241,3.5724,68.1257,233.9298,0.2913,0.0535,1.2861,68.326,233.5503,0.2925,0.019
2015-11-11T01:12:59.560Z,2.8623,74.8254,232.1024,0.3225,0.0389,4.276,68.8647,233.7871,0.2944,0.0638,1.2497,69.0759,233.8249,0.2953,0.0186
2015-11-11T01:13:59.820Z,3.3082,74.4225,232.3416,0.3202,0.0452,4.1127,67.9637,233.9236,0.2902,0.0611,2.07,68.7727,234.3071,0.2937,0.0297
2015-11-11T01:14:59.090Z,1.6971,75.7121,232.6842,0.3252,0.0229,3.9964,68.1517,233.9267,0.2911,0.0578,1.6838,68.4951,233.7029,0.2927,0.0238
2015-11-11T01:15:59.380Z,1.8253,75.6462,232.144,0.3255,0.0245,3.81,69.1848,233.1849,0.2965,0.0525,0.8663,66.741,233.6263,0.2852,0.0119
2015-11-11T01:16:59.741Z,2.1697,75.5164,232.3823,0.325,0.027,3.8193,68.414,233.9213,0.2924,0.0566,1.4059,68.772,234.3692,0.2928,0.0209
2015-11-11T01:17:59.025Z,2.5154,75.0916,232.4776,0.3231,0.0337,4.1506,68.5201,233.658,0.2928,0.0606,1.3092,66.9379,234.0529,0.2859,0.0197
2015-11-11T01:18:59.355Z,1.908,74.8481,232.2689,0.3218,0.0248,3.5504,69.3471,233.6667,0.2968,0.0525,1.486,67.0526,234.1944,0.2864,0.0223
2015-11-11T01:19:59.645Z,1.877,75.7139,232.265,0.3254,0.0239,3.4017,68.3528,233.5392,0.2924,0.0502,1.2267,68.5577,234.1558,0.2927,0.0191
2015-11-11T01:20:59.831Z,2.1136,74.5535,231.5515,0.3211,0.029,3.678,67.3824,234.1195,0.2878,0.0541,1.1901,66.7199,234.2025,0.2852,0.0207
2015-11-11T01:21:59.982Z,2.7488,75.0822,231.2431,0.3247,0.0369,3.8444,67.9333,233.8279,0.2904,0.0576,1.3226,67.9535,233.9603,0.291,0.0198
2015-11-11T01:22:59.325Z,2.7896,76.2351,231.7501,0.3288,0.0374,3.1948,67.9102,233.4039,0.291,0.048,1.2123,67.9291,233.2657,0.2912,0.0159
2015-11-11T01:23:59.539Z,2.0866,76.4843,233.4942,0.3271,0.027,3.0803,66.854,232.3888,0.2875,0.0478,1.2845,68.7913,231.6133,0.2967,0.0199
2015-11-11T01:24:59.773Z,1.9275,76.1355,233.2924,0.3262,0.0255,3.4214,65.008,229.5091,0.2832,0.0545,1.4209,68.4077,235.1431,0.2904,0.0199
2015-11-11T01:25:59.020Z,1.9172,73.6859,232.8132,0.3167,0.0261,3.2791,67.6476,231.0168,0.2929,0.0523,1.1133,67.5461,234.3223,0.2884,0.0168
2015-11-11T01:26:59.345Z,1.9179,76.3439,232.7541,0.3277,0.0262,3.4946,68.1375,232.9289,0.293,0.0518,1.0715,68.4789,233.3667,0.2935,0.0149
2015-11-11T01:27:59.625Z,1.8887,77.0021,233.0698,0.3304,0.0249,3.6849,67.7622,233.1773,0.2907,0.0556,1.5821,68.4798,233.7574,0.2924,0.0238
2015-11-11T01:28:59.804Z,2.5751,74.9959,232.8497,0.322,0.0346,4.4548,68.463,233.576,0.2933,0.067,1.4398,68.0886,234.5036,0.2905,0.021
2015-11-11T01:29:59.218Z,2.4994,75.0346,232.8221,0.3228,0.0349,3.8708,66.7522,232.9378,0.2862,0.0596,1.944,66.437,234.4107,0.2836,0.0304
2015-11-11T01:30:59.501Z,2.3016,74.7622,232.8819,0.3207,0.0318,3.566,68.4509,232.7951,0.2948,0.0551,1.5085,68.1167,234.1829,0.2913,0.0212
2015-11-11T01:31:59.677Z,1.7699,74.3815,232.3287,0.3201,0.0226,3.908,67.4348,233.4335,0.2892,0.0578,1.2342,67.0462,233.742,0.2873,0.0184
2015-11-11T01:32:59.075Z,2.2719,75.0773,232.1379,0.3231,0.0313,3.8451,68.2566,233.0146,0.2935,0.0566,1.4728,68.1546,233.7388,0.292,0.021
2015-11-11T01:33:59.346Z,2.5299,74.8453,231.8121,0.3228,0.0345,3.334,66.4126,233.0151,0.285,0.0507,2.1737,68.855,233.4588,0.2946,0.032
2015-11-11T01:34:59.686Z,2.3096,75.9444,232.0781,0.3273,0.0315,3.3876,66.7244,233.3713,0.2858,0.0514,1.2896,67.4297,233.7131,0.2886,0.0191
2015-11-11T01:35:59.958Z,1.7774,74.9123,232.1755,0.3225,0.0232,3.7703,69.5844,233.5997,0.2981,0.0552,1.6368,67.2741,233.1991,0.2879,0.0249
2015-11-11T01:36:59.147Z,1.615,75.3424,232.2168,0.3241,0.0217,3.9108,67.6212,233.6046,0.2896,0.058,1.4117,67.5859,232.8926,0.29,0.0209
2015-11-11T01:37:59.557Z,2.1896,75.8679,232.3922,0.3263,0.0298,3.867,67.8975,233.3448,0.2911,0.0579,1.579,67.7905,233.5999,0.2903,0.0239
2015-11-11T01:38:59.876Z,3.1841,74.1513,232.5659,0.3188,0.0441,3.5427,66.5338,233.2798,0.2851,0.0532,1.4438,66.9375,233.5929,0.2867,0.0203
2015-11-11T01:39:59.182Z,2.7647,76.0242,232.7977,0.3262,0.0361,3.7037,66.6043,232.77,0.2861,0.0588,1.2974,67.1263,233.9454,0.2869,0.0201
2015-11-11T01:40:59.497Z,1.7508,74.1805,231.9601,0.3197,0.0232,3.7556,68.7907,231.8998,0.2964,0.0569,1.5549,66.5937,233.2225,0.2857,0.0225
2015-11-11T01:41:59.863Z,1.9529,76.2629,231.9723,0.3288,0.0258,3.6748,67.5541,232.4207,0.2908,0.054,1.6421,68.5938,233.5741,0.2936,0.0243
2015-11-11T01:42:59.158Z,1.9082,75.677,231.9068,0.3259,0.0257,3.6557,67.436,232.4822,0.2902,0.0533,1.5651,67.8907,233.8311,0.2904,0.0227
2015-11-11T01:43:59.424Z,2.6963,75.1868,231.5427,0.3249,0.0358,3.8471,67.1955,232.2001,0.2897,0.0562,1.1546,69.2502,233.5412,0.2963,0.0163
2015-11-11T01:44:59.662Z,2.0881,73.9777,231.307,0.3196,0.0285,3.5404,66.4722,232.5345,0.2854,0.0573,1.1475,66.3625,233.2859,0.2849,0.0204
2015-11-11T01:45:59.036Z,2.469,75.8821,231.1054,0.3287,0.0329,3.1066,68.1258,232.145,0.2936,0.045,1.9218,67.6677,233.1183,0.2899,0.0299
2015-11-11T01:46:59.370Z,2.2955,75.0072,230.9809,0.3242,0.0305,3.6965,68.469,232.8515,0.2938,0.0547,1.0877,69.2125,232.9685,0.2971,0.0174
2015-11-11T01:47:59.690Z,3.236,74.2127,231.176,0.321,0.0451,3.6221,68.3856,232.6501,0.2937,0.0525,1.3312,67.4568,232.3181,0.2905,0.0189
2015-11-11T01:48:59.923Z,2.7567,74.309,231.1467,0.3211,0.039,4.2112,67.1246,232.6842,0.2885,0.0642,1.7982,66.3856,232.5655,0.2855,0.0267
2015-11-11T01:49:59.205Z,1.7878,75.2276,231.2458,0.3253,0.0234,3.5017,67.491,233.0632,0.289,0.052,1.7539,67.239,233.0711,0.2888,0.0264
2015-11-11T01:50:59.468Z,2.2329,75.6405,232.1187,0.3259,0.028,3.9025,68.4049,233.1282,0.2933,0.0564,1.4071,66.8512,233.3867,0.2863,0.0216
2015-11-11T01:51:59.690Z,2.3701,75.9124,232.4987,0.3263,0.0304,3.9838,67.398,233.4573,0.2886,0.0596,1.7303,69.2741,234.0985,0.2957,0.0243
2015-11-11T01:52:59.909Z,1.7267,76.3115,232.9077,0.3275,0.0227,3.7307,66.7013,233.5409,0.2856,0.0571,1.1091,67.626,234.188,0.2881,0.0174
2015-11-11T01:53:59.290Z,2.3309,75.6023,232.5653,0.3251,0.0312,4.0033,69.2044,233.1937,0.297,0.0587,1.5076,67.4158,233.9499,0.2878,0.0229
2015-11-11T01:54:59.590Z,2.4901,75.8891,232.6771,0.3258,0.0333,4.1242,68.3544,233.0588,0.2936,0.0607,1.1825,68.3782,233.2789,0.2932,0.0181
2015-11-11T01:55:59.848Z,2.8514,75.1618,232.4399,0.3225,0.0397,3.7612,69.4585,232.3911,0.2983,0.0538,1.7176,67.2489,233.1037,0.2888,0.0258
2015-11-11T01:56:59.124Z,2.2067,74.8017,232.0709,0.3221,0.03,3.6193,68.598,232.6271,0.2946,0.0536,0.9253,68.0535,233.4773,0.2913,0.0133
2015-11-11T01:57:59.308Z,1.6347,75.5934,232.3824,0.3253,0.0224,3.8317,68.1982,233.0692,0.2923,0.0554,1.5295,68.7687,233.8503,0.2938,0.0222
2015-11-11T01:58:59.510Z,2.2089,74.1833,232.6487,0.3187,0.0287,3.6857,67.3723,233.3375,0.2884,0.0557,1.0513,68.0951,234.296,0.2905,0.0157
2015-11-11T01:59:59.852Z,2.5875,75.5378,232.373,0.3253,0.0343,4.4153,68.5382,233.3252,0.2937,0.064,1.2566,67.6186,234.1831,0.2885,0.0165
