2015-11-14T00:00:59.932Z,4.8646,70.083,230.4819,0.3038,0.0727,3.0229,63.5552,230.2056,0.2758,0.0487,1.1384,63.6168,230.1643,0.2767,0.0182
2015-11-14T00:01:59.275Z,4.4882,73.3014,230.0636,0.3187,0.063,3.0528,65.7536,230.4706,0.2851,0.0479,1.5401,65.1674,230.1328,0.2828,0.0232
2015-11-14T00:02:59.812Z,4.5293,72.7278,229.4414,0.3172,0.0643,2.8075,64.0455,230.3682,0.2785,0.0447,1.67,66.7242,229.9771,0.2898,0.0237
2015-11-14T00:03:59.179Z,4.3344,72.5187,229.3389,0.3165,0.0604,2.9519,63.8288,229.8734,0.278,0.0467,1.5987,63.8189,229.9657,0.2772,0.0264
2015-11-14T00:04:59.381Z,4.2299,72.439,229.4318,0.316,0.0599,2.7091,65.4084,229.8437,0.2848,0.0419,1.7604,63.2097,230.5292,0.2741,0.0273
2015-11-14T00:05:59.873Z,4.512,71.7992,229.433,0.3126,0.0625,2.7376,64.2417,230.2524,0.2791,0.0427,1.3084,64.9021,230.7861,0.2815,0.0214
2015-11-14T00:06:59.671Z,4.247,72.3091,230.0552,0.3142,0.0595,2.4073,64.3803,230.3699,0.2792,0.0376,1.419,65.4387,230.71,0.2841,0.0216
2015-11-14T00:07:59.412Z,3.5654,73.185,229.6768,0.3181,0.0488,2.7483,65.2048,230.4131,0.2828,0.0413,1.4999,65.4536,230.6271,0.2839,0.0228
2015-11-14T00:08:59.136Z,4.0113,73.582,229.0599,0.3209,0.056,3.4138,65.5513,230.6734,0.2837,0.0525,1.1991,64.8671,231.1773,0.2808,0.0182
2015-11-14T00:09:59.425Z,4.4985,72.454,228.4493,0.3174,0.0634,2.6252,65.0276,230.366,0.2821,0.0425,1.4579,63.8929,231.2181,0.2762,0.0235
2015-11-14T00:10:59.719Z,4.9802,71.4676,228.8957,0.3125,0.0705,3.1527,64.3454,230.6168,0.2795,0.0491,2.3386,64.4823,231.681,0.2781,0.0374
2015-11-14T00:11:59.047Z,4.6323,71.4889,230.0187,0.3108,0.0659,2.4384,63.0892,227.9492,0.2768,0.0393,1.4022,66.5169,231.9722,0.2867,0.0198
2015-11-14T00:12:59.515Z,4.284,72.5635,230.0609,0.3153,0.0599,3.2774,64.7278,227.5729,0.2843,0.0509,0.8777,64.2115,231.9867,0.2763,0.0132
2015-11-14T00:13:59.235Z,4.2581,71.9144,229.9023,0.3128,0.0603,2.5696,65.7371,230.4034,0.2851,0.0406,1.2039,65.3678,231.6301,0.2824,0.0179
2015-11-14T00:14:59.616Z,4.7016,73.4564,230.2364,0.3191,0.0648,2.7095,64.7588,230.153,0.2815,0.0422,1.9926,64.191,231.7857,0.2773,0.0331
2015-11-14T00:15:59.816Z,4.6132,72.6271,230.1718,0.3155,0.0643,3.2592,64.1343,230.1221,0.2785,0.0499,1.7248,65.1035,230.6361,0.2828,0.0253
2015-11-14T00:16:59.520Z,4.6152,73.4266,230.6903,0.3181,0.0642,2.6172,64.189,230.3526,0.2796,0.0412,1.9189,65.814,230.7386,0.2859,0.0259
2015-11-14T00:17:59.884Z,4.826,72.8559,229.9413,0.317,0.0686,3.2049,66.4724,230.6957,0.2882,0.0492,1.6716,64.9745,231.5002,0.2809,0.0255
2015-11-14T00:18:59.283Z,4.8697,72.3871,229.8757,0.3149,0.0683,3.176,64.455,230.9338,0.2792,0.0494,1.9342,64.4743,231.8613,0.2787,0.0296
2015-11-14T00:19:59.702Z,4.409,71.9343,228.8173,0.3147,0.0626,2.9439,65.7446,231.1962,0.2839,0.0467,1.6002,64.5916,231.733,0.2791,0.0246
2015-11-14T00:20:59.630Z,4.2498,73.4609,229.2999,0.3202,0.0579,2.9408,64.906,231.2982,0.2811,0.0463,1.5225,65.1064,231.8923,0.2805,0.023
2015-11-14T00:21:59.004Z,4.7506,73.3138,230.5291,0.3182,0.0662,2.852,65.2327,231.6483,0.2817,0.0446,1.1887,65.1004,232.1626,0.2804,0.0187
2015-11-14T00:22:59.412Z,4.7313,73.2035,230.6512,0.3171,0.0652,3.1282,64.7102,232.1867,0.2788,0.0505,1.6028,66.3347,231.9115,0.286,0.0241
2015-11-14T00:23:59.732Z,4.6063,73.4593,230.6889,0.3188,0.0635,3.0567,64.4295,232.105,0.2776,0.0474,81.8153,140.223,231.5848,0.6065,0.3277
2015-11-14T00:24:59.991Z,1075.2466,1453.0421,228.9133,6.3494,0.7099,1167.2909,1576.8489,230.572,6.8415,0.7107,1620.6198,2181.3012,228.6401,9.5402,0.7485
2015-11-14T00:25:59.676Z,1190.165,1569.3969,228.3655,6.8722,0.7583,1296.7733,1707.0978,230.1486,7.4172,0.7594,1730.2556,2275.2715,228.6355,9.9511,0.7593
2015-11-14T00:26:59.471Z,1215.6274,1598.3606,228.3827,6.9983,0.7601,1339.8289,1740.724,230.2589,7.5597,0.7694,1775.9653,2324.5843,229.2333,10.1406,0.7629
2015-11-14T00:27:59.483Z,1201.8989,1582.0914,227.9651,6.94,0.7591,1341.8143,1735.206,229.9188,7.5469,0.7733,1773.0648,2325.8899,229.7081,10.125,0.7614
2015-11-14T00:28:59.684Z,1205.5194,1588.4161,228.1773,6.9612,0.76,1334.6287,1733.5151,229.8897,7.5404,0.77,1767.7692,2315.2264,229.8081,10.0747,0.7625
2015-11-14T00:29:59.179Z,1196.7852,1569.6169,227.6205,6.896,0.7622,1359.6584,1750.8713,230.1706,7.6064,0.7772,1767.1143,2323.3754,229.4701,10.1246,0.7601
2015-11-14T00:30:59.773Z,1208.5553,1575.75,227.2351,6.9344,0.768,1362.5896,1752.363,229.7464,7.6272,0.7776,1770.3063,2318.6709,229.1672,10.1178,0.762
2015-11-14T00:31:59.293Z,1254.417,1616.1635,228.3092,7.0782,0.777,1348.5826,1763.9436,229.7751,7.6766,0.7647,1752.7817,2273.4772,227.5656,9.9899,0.7715
2015-11-14T00:32:59.714Z,1285.6757,1648.1043,229.2882,7.1877,0.7798,1324.3524,1762.6331,229.7006,7.6731,0.7516,1733.2882,2230.3076,226.207,9.8597,0.7786
2015-11-14T00:33:59.906Z,1311.9065,1669.733,229.8773,7.2629,0.7866,1343.5081,1794.1396,230.136,7.7956,0.7484,1736.8496,2233.7872,226.2239,9.8742,0.7783
2015-11-14T00:34:59.270Z,1290.1351,1637.7896,229.3638,7.1402,0.7884,1347.5963,1789.3855,229.8992,7.7828,0.7536,1720.6069,2222.2537,225.6555,9.848,0.774
2015-11-14T00:35:59.585Z,1213.7831,1566.8401,229.0047,6.8419,0.7743,1292.7056,1728.36,229.8596,7.5193,0.7481,1667.6938,2179.8357,225.6762,9.658,0.7651
2015-11-14T00:36:59.995Z,1206.35,1562.1099,229.0614,6.8196,0.7713,1278.3878,1714.0941,229.763,7.4606,0.7462,1660.8684,2169.6213,225.7889,9.6087,0.766
2015-11-14T00:37:59.326Z,1203.7999,1558.0088,228.7101,6.8126,0.772,1291.9936,1719.5461,229.8355,7.4815,0.7516,1672.9224,2186.1207,226.1063,9.6682,0.7656
2015-11-14T00:38:59.098Z,1200.9819,1563.5831,229.4647,6.8143,0.7685,1273.0579,1709.6098,229.9927,7.4334,0.7442,1664.0869,2173.6096,226.3242,9.6039,0.7657
2015-11-14T00:39:59.763Z,1225.1676,1592.6386,229.9959,6.9238,0.7694,1284.6397,1725.2597,230.3379,7.4894,0.7446,1685.0199,2191.5646,226.7373,9.6658,0.7699
2015-11-14T00:40:59.831Z,1220.685,1585.7507,229.4836,6.9096,0.7703,1276.5389,1712.6644,229.9986,7.446,0.7457,1678.2818,2180.0299,226.4854,9.625,0.7701
2015-11-14T00:41:59.058Z,1238.5018,1598.5993,229.1093,6.9781,0.7745,1294.4232,1717.1728,229.3678,7.4863,0.7537,1705.5235,2195.8442,225.8628,9.7223,0.7783
2015-11-14T00:42:59.339Z,1226.1417,1593.664,229.1304,6.9551,0.7693,1276.5616,1694.2786,229.1948,7.3919,0.7538,1707.1204,2192.9244,225.8871,9.7081,0.7793
2015-11-14T00:43:59.201Z,1269.2429,1634.7274,229.3023,7.1293,0.7768,1285.4261,1706.4513,228.7644,7.4593,0.7528,1727.5824,2194.9936,225.6569,9.7268,0.788
2015-11-14T00:44:59.570Z,1253.1547,1615.2233,229.3431,7.0423,0.7763,1285.2737,1708.715,228.9774,7.4619,0.7518,1710.8808,2188.665,225.9247,9.687,0.7813
2015-11-14T00:45:59.677Z,1276.514,1630.2758,229.3217,7.109,0.7824,1322.0099,1747.5898,229.4449,7.617,0.757,1723.4689,2205.3856,225.7397,9.7698,0.7806
2015-11-14T00:46:59.888Z,1239.0069,1605.0775,228.967,7.0102,0.7722,1311.272,1722.1242,229.1542,7.5147,0.7615,1732.621,2230.0733,227.1131,9.8182,0.7776
2015-11-14T00:47:59.201Z,1235.634,1615.1283,228.1236,7.0798,0.7657,1340.7983,1729.2818,229.111,7.5475,0.7753,1785.4419,2296.0636,228.9228,10.0295,0.7798
2015-11-14T00:48:59.649Z,1224.8061,1620.0441,228.712,7.0829,0.7567,1310.4844,1704.2254,229.0158,7.4416,0.7692,1778.7432,2288.6744,229.7432,9.9619,0.7792
2015-11-14T00:49:59.529Z,1221.7708,1619.1989,228.8764,7.074,0.7544,1310.4064,1702.4852,229.0991,7.4315,0.77,1782.0943,2293.6365,229.9629,9.9739,0.7788
2015-11-14T00:50:59.898Z,1225.9804,1622.7034,228.5613,7.0994,0.7556,1310.3583,1700.3857,229.0276,7.4234,0.7703,1786.0108,2293.6188,229.8797,9.9771,0.7798
2015-11-14T00:51:59.184Z,1233.3644,1627.7344,228.3263,7.1291,0.7585,1311.179,1696.1273,228.181,7.4325,0.773,1793.1275,2293.3297,229.7484,9.9816,0.7803
2015-11-14T00:52:59.446Z,1232.8824,1620.0734,227.8243,7.1108,0.7604,1324.4587,1702.7108,227.9936,7.4683,0.7777,1798.7264,2300.2709,229.8774,10.0066,0.7802
2015-11-14T00:53:59.831Z,1242.823,1622.394,227.8622,7.1204,0.7664,1330.7339,1714.0416,227.9461,7.5194,0.7767,1788.7074,2287.0596,229.178,9.9791,0.7814
2015-11-14T00:54:59.908Z,1247.3817,1622.3311,227.8611,7.1196,0.7689,1341.721,1725.2048,228.1631,7.5611,0.7784,1791.4849,2290.2437,229.0209,10,0.781
2015-11-14T00:55:59.313Z,1242.5262,1620.0938,228.1516,7.1008,0.7676,1336.6451,1719.2232,228.1983,7.5341,0.7785,1790.0306,2290.8143,228.9385,10.0061,0.78
2015-11-14T00:56:59.582Z,1243.2051,1625.9683,228.5801,7.1133,0.7646,1332.2099,1718.4211,228.3856,7.5238,0.7747,1795.558,2293.2596,228.9261,10.0175,0.7818
2015-11-14T00:57:59.921Z,1249.1789,1630.0108,228.9387,7.1194,0.7667,1339.7974,1731.1538,228.9093,7.5628,0.7739,1789.1301,2292.1303,228.8432,10.0161,0.78
2015-11-14T00:58:59.554Z,1255.5393,1635.9593,229.0632,7.1419,0.7684,1341.338,1734.2409,228.8753,7.5768,0.7726,1797.0191,2298.1889,229.1273,10.03,0.7805
2015-11-14T00:59:59.822Z,1245.3317,1654.3647,229.1071,7.2204,0.7528,1315.0562,1682.2961,227.0046,7.4097,0.7822,1847.419,2334.1256,230.0879,10.1442,0.7913
