2015-12-11T00:00:59.516Z,4.1552,117.177,232.207,0.5044,0.0367,3.8957,101.7235,231.8813,0.4387,0.037,84.7246,133.8453,235.029,0.5696,0.6359
2015-12-11T00:01:59.831Z,3.7525,120.1296,232.0125,0.5175,0.0307,2.7392,104.7434,232.7005,0.45,0.0259,84.2658,135.3836,235.1271,0.5753,0.626
2015-12-11T00:03:59.219Z,5.6455,120.3664,231.6338,0.5194,0.0486,4.3578,105.2846,232.8434,0.452,0.0423,84.9504,135.4209,235.1581,0.5756,0.6302
2015-12-11T00:04:59.472Z,5.5426,121.612,231.5524,0.5254,0.0464,4.6934,105.0446,232.4595,0.4518,0.044,84.8212,134.8524,234.7733,0.5743,0.6304
2015-12-11T00:05:59.748Z,3.3821,117.078,229.378,0.5102,0.0299,4.7385,104.9807,230.406,0.4553,0.0466,83.6489,135.1357,232.846,0.5804,0.6221
2015-12-11T00:06:59.156Z,4.2954,118.0601,229.6119,0.5136,0.0347,4.0009,103.8213,230.2814,0.4508,0.0378,82.3526,134.0564,232.428,0.5771,0.6172
2015-12-11T00:07:59.461Z,3.8399,117.5193,229.5793,0.5116,0.0316,3.5186,102.4982,230.3585,0.4447,0.0363,83.4238,132.4595,232.493,0.5692,0.6336
2015-12-11T00:08:59.722Z,5.499,118.6054,229.7134,0.5153,0.0463,3.366,102.4178,228.8533,0.4474,0.034,82.7527,132.7852,232.9423,0.5705,0.6252
2015-12-11T00:09:59.031Z,4.1549,118.9011,230.5426,0.516,0.0356,3.5674,103.0698,227.1747,0.4536,0.0358,83.2426,132.9712,233.1674,0.5711,0.627
2015-12-11T00:10:59.381Z,3.7222,118.1062,230.2398,0.5128,0.0312,3.5549,104.022,229.5433,0.4536,0.0347,83.7203,133.1566,233.1835,0.5715,0.6293
2015-12-11T00:11:59.891Z,3.4738,117.8234,229.9296,0.512,0.0299,3.692,104.1254,229.9156,0.4525,0.0356,83.4112,134.0076,233.1763,0.5749,0.6262
2015-12-11T00:12:59.112Z,4.4353,118.2917,230.173,0.5139,0.0384,3.3974,101.2899,230.5454,0.4391,0.0373,83.5201,134.7982,233.3626,0.5776,0.6237
2015-12-11T00:13:59.335Z,4.1585,119.3801,230.3818,0.5179,0.0353,3.062,103.594,229.882,0.4504,0.0287,82.8998,132.6902,232.6295,0.5701,0.6274
2015-12-11T00:14:59.477Z,4.4624,119.4041,230.3868,0.5178,0.0374,4.1784,100.3752,229.5021,0.4374,0.0408,82.8846,131.8322,232.4379,0.5671,0.6313
2015-12-11T00:15:59.743Z,3.8452,118.118,230.0258,0.5132,0.0329,3.9123,104.8148,229.432,0.4573,0.0371,82.8212,132.892,232.6598,0.5705,0.6256
2015-12-11T00:16:59.040Z,4.0602,118.4057,230.0046,0.5147,0.0334,3.0509,103.8778,229.4313,0.4531,0.029,83.0061,132.9169,232.4817,0.5717,0.6261
2015-12-11T00:17:59.338Z,2.6824,118.3429,229.0656,0.517,0.0216,3.9524,103.4577,229.7765,0.45,0.0374,82.6898,131.7238,232.4249,0.5668,0.6298
2015-12-11T00:18:59.558Z,3.9325,116.6011,228.8265,0.5085,0.0334,3.388,102.5957,229.6539,0.4464,0.0329,83.5222,133.264,232.1735,0.5737,0.6299
2015-12-11T00:19:59.920Z,3.2016,117.7986,229.393,0.5133,0.0274,3.4967,100.9334,229.4174,0.4398,0.0353,83.3554,132.5737,232.3363,0.5704,0.6304
2015-12-11T00:20:59.108Z,4.4684,118.8658,229.7339,0.5169,0.0357,4.1093,102.3956,229.0007,0.4468,0.0406,83.1021,134.2579,232.2264,0.5782,0.6228
2015-12-11T00:21:59.280Z,3.2169,118.3954,229.7402,0.5155,0.0275,4.1655,102.7009,229.4665,0.4478,0.0422,82.6443,131.1497,232.5711,0.564,0.6319
2015-12-11T00:22:59.558Z,4.5407,117.7854,228.9867,0.5138,0.0386,4.1026,103.1934,229.4473,0.4502,0.0423,82.1319,131.0111,232.0805,0.5644,0.6288
2015-12-11T00:23:59.974Z,3.8156,119.3585,229.1935,0.5204,0.0315,4.09,103.8333,228.8814,0.4538,0.0395,82.3865,131.5564,231.964,0.5674,0.6275
2015-12-11T00:24:59.392Z,4.1516,118.8397,229.768,0.5179,0.0347,2.8337,101.2632,226.1611,0.4473,0.0296,82.841,131.0426,232.5746,0.5632,0.6346
2015-12-11T00:25:59.712Z,4.5687,117.672,229.3704,0.5124,0.0396,3.2188,102.1195,228.3022,0.447,0.0304,82.9004,132.583,231.8625,0.5718,0.6271
2015-12-11T00:26:59.932Z,3.9118,118.5222,229.9197,0.5146,0.0334,3.2437,100.3059,229.7422,0.4364,0.034,83.599,133.5546,232.2821,0.5747,0.6297
2015-12-11T00:27:59.226Z,4.3904,117.5824,229.7934,0.5113,0.0374,3.3457,102.528,230.0217,0.446,0.0314,82.1952,132.1894,232.4507,0.569,0.6248
2015-12-11T00:28:59.531Z,3.3467,116.2827,229.7605,0.5056,0.0292,3.3792,105.1242,229.8073,0.4576,0.0327,82.2912,131.5974,232.4468,0.5664,0.628
2015-12-11T00:29:59.038Z,4.711,120.0382,229.9941,0.5222,0.0389,3.93,104.0083,229.5221,0.4529,0.0371,82.6734,131.2939,232.401,0.5649,0.6314
2015-12-11T00:30:59.340Z,4.7815,118.2882,229.6968,0.5147,0.0407,3.6737,102.9254,229.7535,0.4476,0.0331,81.6977,130.7354,231.9551,0.5634,0.6265
2015-12-11T00:31:59.549Z,4.1152,117.7665,229.6225,0.5127,0.0347,4.0626,104.6529,230.1664,0.4548,0.0416,82.2341,130.9141,231.552,0.5657,0.6299
2015-12-11T00:32:59.866Z,5.1519,116.5778,229.5803,0.5075,0.0429,4.4325,106.4705,230.3649,0.462,0.0419,81.9113,131.626,231.1051,0.5692,0.6266
2015-12-11T00:33:59.179Z,4.7201,119.5309,229.6592,0.5194,0.0391,4.236,103.1824,230.0262,0.4483,0.0406,81.8683,131.2873,231.5777,0.5668,0.6259
2015-12-11T00:34:59.631Z,2.8335,118.3881,229.933,0.5147,0.0241,3.8211,105.4677,229.8953,0.4587,0.0387,82.5165,132.1546,231.981,0.5698,0.6273
2015-12-11T00:35:59.929Z,4.1335,115.8315,229.5864,0.5044,0.0364,4.273,103.6221,230.264,0.4505,0.0409,83.1775,132.5899,231.6462,0.5722,0.6288
2015-12-11T00:36:59.162Z,5.3754,118.0829,229.6511,0.5139,0.0437,3.9213,103.42,230.1482,0.4494,0.038,82.1848,131.3484,231.1867,0.5684,0.63
2015-12-11T00:37:59.411Z,4.1934,117.4741,229.3475,0.512,0.0373,3.4842,103.8767,230.0727,0.4519,0.0349,81.5409,130.4445,230.9076,0.5654,0.6288
2015-12-11T00:38:59.562Z,3.1847,117.0669,229.0019,0.5105,0.0269,4.8764,103.0726,230.213,0.4479,0.0492,81.7779,130.9041,231.1582,0.5663,0.6274
2015-12-11T00:39:59.758Z,4.2193,116.6934,229.0877,0.5095,0.0361,3.2818,102.6318,229.4888,0.4475,0.033,82.0564,133.3999,231.2607,0.5765,0.6176
2015-12-11T00:40:59.067Z,2.6034,117.8648,228.9089,0.5144,0.0216,3.852,102.0582,229.6503,0.4439,0.0373,82.404,131.971,231.1037,0.5709,0.6266
2015-12-11T00:41:59.272Z,3.9171,114.5084,229.3366,0.4988,0.0338,3.9867,103.4064,229.8361,0.4501,0.0389,81.8501,131.9121,231.1537,0.5703,0.6247
2015-12-11T00:42:59.673Z,3.8809,118.6891,229.4485,0.5173,0.0329,4.1935,102.2287,229.8801,0.4448,0.0448,82.3833,131.4258,231.4267,0.568,0.6315
2015-12-11T00:43:59.909Z,4.5245,118.7699,229.9323,0.5163,0.038,4.5607,103.3603,230.2345,0.4486,0.0431,82.6524,130.5842,231.6119,0.5638,0.6357
2015-12-11T00:44:59.197Z,4.4907,117.5543,229.254,0.5124,0.0384,4.4461,105.667,230.3754,0.4584,0.0423,82.2186,131.035,231.0709,0.567,0.6301
2015-12-11T00:45:59.490Z,3.1071,116.8647,229.3977,0.5092,0.028,4.6201,103.9241,230.0135,0.452,0.0459,80.9818,131.2031,231.0534,0.568,0.6202
2015-12-11T00:46:59.793Z,4.8611,118.7473,230.2111,0.515,0.0413,3.7752,102.7617,228.7484,0.4489,0.0373,82.8273,133.2138,231.7242,0.5754,0.6233
2015-12-11T00:47:59.285Z,3.7994,118.5109,229.8934,0.5152,0.0317,3.1234,102.2038,227.3691,0.4497,0.0303,81.9756,131.9943,232.0454,0.5682,0.6231
2015-12-11T00:48:59.595Z,4.1667,117.2666,229.6802,0.5103,0.0357,4.2608,104.223,230.134,0.4532,0.0398,82.4042,131.8357,231.1737,0.5701,0.6262
2015-12-11T00:49:59.928Z,4.2262,119.4064,229.9714,0.5193,0.0346,4.1735,102.19,230.6551,0.4432,0.04,80.9345,130.023,231.6265,0.5612,0.6244
2015-12-11T00:50:59.192Z,4.2121,118.0914,229.4258,0.5142,0.0364,3.8491,104.2921,230.2456,0.4531,0.0359,82.1047,131.4562,230.9589,0.5689,0.6276
2015-12-11T00:51:59.496Z,4.9431,119.8434,229.5126,0.5213,0.0411,4.983,104.4677,230.2274,0.4542,0.0469,81.3184,130.0802,231.1604,0.5629,0.6268
2015-12-11T00:52:59.789Z,4.6786,119.3615,229.5035,0.5199,0.0389,3.7184,103.9978,230.5314,0.4512,0.0357,82.4697,133.2221,232.1551,0.5738,0.6215
2015-12-11T00:53:59.012Z,4.4008,118.5998,229.2004,0.5165,0.0372,3.5934,103.6154,229.9103,0.4504,0.0345,82.3371,130.6192,231.7211,0.564,0.6331
2015-12-11T00:54:59.233Z,4.6975,118.533,229.8863,0.5146,0.0401,4.0608,101.3311,227.4804,0.4459,0.0388,82.303,133.569,232.65,0.5737,0.6185
2015-12-11T00:55:59.456Z,3.9658,118.8028,230.2866,0.5155,0.033,4.0605,103.0818,227.4658,0.4532,0.0403,82.7434,131.1039,232.858,0.5632,0.6327
2015-12-11T00:56:59.706Z,3.7931,116.6531,230.022,0.5067,0.0314,4.337,99.0146,229.5549,0.4305,0.0447,82.8453,132.423,232.1911,0.5705,0.6292
2015-12-11T00:57:59.072Z,3.9923,118.8746,229.7822,0.517,0.0343,3.9218,103.4488,229.9762,0.4501,0.0373,82.2919,132.4934,231.9833,0.5709,0.6243
2015-12-11T00:58:59.263Z,4.9309,117.8413,230.1133,0.5119,0.0416,3.1449,103.8652,229.9167,0.4525,0.0304,81.8314,131.5102,231.639,0.5677,0.6245
2015-12-11T00:59:59.481Z,3.0232,117.8722,230.0268,0.5119,0.0257,3.8953,103.0577,230.0357,0.4479,0.0385,82.0378,131.9032,231.7154,0.5697,0.6243
