2015-12-12T00:00:59.596Z,2.5655,112.1705,231.2076,0.4848,0.0223,3.2773,96.4751,228.0247,0.4229,0.0355,82.7686,128.0012,233.807,0.547,0.6509
2015-12-12T00:01:59.123Z,4.1286,114.643,231.1787,0.4957,0.0366,3.7234,97.4903,228.7552,0.426,0.0398,82.9744,130.1352,233.1491,0.5589,0.6406
2015-12-12T00:02:59.307Z,2.8114,115.5477,230.9943,0.4997,0.024,3.4763,100.0193,230.4553,0.4335,0.036,82.4135,129.5764,232.8443,0.5566,0.6396
2015-12-12T00:03:59.384Z,2.9581,113.9376,230.576,0.4938,0.0258,4.3019,100.3943,229.6591,0.4371,0.043,82.9723,128.4118,232.6721,0.5515,0.6486
2015-12-12T00:04:59.579Z,4.004,115.8108,230.4095,0.503,0.0347,4.198,99.231,228.9213,0.4337,0.0416,81.8378,127.4178,232.0442,0.5489,0.6448
2015-12-12T00:05:59.911Z,5.0089,115.7996,229.813,0.5034,0.044,3.8902,99.9502,228.892,0.437,0.0373,82.2633,128.2225,231.691,0.5533,0.6435
2015-12-12T00:06:59.115Z,2.9397,115.7529,229.9498,0.5033,0.0255,4.2215,98.1937,228.9351,0.4283,0.0429,81.2418,127.4625,231.5865,0.5506,0.6399
2015-12-12T00:07:59.671Z,3.6315,113.4214,229.629,0.493,0.0323,3.837,99.6695,228.7962,0.4357,0.0408,81.6986,126.5386,231.3977,0.5465,0.6478
2015-12-12T00:09:59.378Z,2.9805,113.7544,229.1069,0.4965,0.0274,4.0822,98.5376,227.2275,0.4336,0.0414,81.3814,127.4417,230.8748,0.5523,0.6413
2015-12-12T00:10:59.034Z,4.5001,113.7601,229.3241,0.4958,0.0401,3.4003,97.9388,225.4613,0.4344,0.0347,81.2106,128.6042,231.4857,0.5554,0.6341
2015-12-12T00:11:59.554Z,4.3273,114.5885,229.4053,0.499,0.0386,3.348,95.9105,227.5261,0.4216,0.0362,81.8899,128.1827,230.9502,0.555,0.6424
2015-12-12T00:12:59.079Z,5.053,113.1937,229.4531,0.4934,0.0458,3.3708,100.1614,228.4434,0.4386,0.0332,81.756,126.5121,231.0444,0.5473,0.6483
2015-12-12T00:13:59.345Z,5.4104,116.4,229.9623,0.5059,0.0464,3.8098,98.5059,229.1234,0.4304,0.0385,81.8208,127.5064,231.7397,0.5499,0.6427
2015-12-12T00:14:59.639Z,4.1586,116.1477,229.9021,0.5046,0.0359,3.5801,100.1955,229.3496,0.437,0.0364,81.2648,126.9184,232.1622,0.5464,0.6428
2015-12-12T00:15:59.975Z,5.1363,117.0042,229.5697,0.5097,0.0443,3.4782,99.8532,229.5031,0.4351,0.0356,82.1705,130.1654,232.052,0.5608,0.6346
2015-12-12T00:16:59.269Z,3.6869,115.65,229.4376,0.5034,0.0321,3.1396,98.839,229.0442,0.4316,0.0323,82.3152,127.3211,232.2667,0.5481,0.6474
2015-12-12T00:17:59.438Z,4.009,114.8787,228.9819,0.5014,0.037,4.4207,100.3684,229.7137,0.4373,0.0457,81.623,129.0049,232.0663,0.5557,0.6345
2015-12-12T00:18:59.751Z,4.0113,115.1015,229.6387,0.501,0.0354,3.9012,96.376,229.7031,0.4196,0.0409,81.852,128.5121,231.8114,0.5538,0.6403
2015-12-12T00:19:59.989Z,3.9045,115.4249,229.6708,0.502,0.0345,3.6696,98.1836,229.4476,0.4273,0.0389,81.9911,126.1335,231.7683,0.5441,0.6513
2015-12-12T00:20:59.380Z,4.1734,115.9732,229.9794,0.5038,0.0358,3.9653,98.6498,229.3433,0.43,0.0408,81.8238,129.9387,232.0072,0.5601,0.6332
2015-12-12T00:21:59.971Z,3.4297,118.1702,230.9159,0.5115,0.0269,2.9046,99.454,227.4869,0.4373,0.0295,82.3226,130.4393,232.8908,0.56,0.6337
2015-12-12T00:22:59.522Z,3.5357,116.7796,230.5763,0.5063,0.0307,3.3211,98.0253,228.1531,0.4296,0.0371,82.9752,129.8181,232.9841,0.5577,0.6416
2015-12-12T00:23:59.938Z,5.0797,115.508,230.6205,0.5004,0.046,4.1028,99.7105,230.2707,0.4328,0.0407,81.9155,129.5102,232.0722,0.5576,0.6351
2015-12-12T00:24:59.215Z,3.7233,115.6201,230.5214,0.5011,0.0322,4.1408,97.1662,230.1109,0.4221,0.0448,82.324,129.2522,232.2186,0.5563,0.6391
2015-12-12T00:25:59.509Z,3.8714,116.0615,230.3066,0.5036,0.033,3.4345,98.8353,229.7865,0.4303,0.0344,81.9238,128.593,232.0566,0.5546,0.6414
2015-12-12T00:26:59.055Z,4.5001,115.5771,231.0317,0.4994,0.0401,4.3994,98.5281,229.8246,0.4286,0.0447,81.704,128.2444,231.3937,0.5541,0.6397
2015-12-12T00:27:59.397Z,4.5525,116.234,230.3164,0.5046,0.0383,3.8796,97.7645,230.1516,0.4247,0.0414,81.6001,127.1932,231.3427,0.5499,0.6451
2015-12-12T00:28:59.870Z,4.576,118.1347,230.4491,0.5123,0.039,2.9452,98.8089,229.2915,0.4308,0.0311,81.7749,128.3458,230.8544,0.5565,0.6402
2015-12-12T00:29:59.217Z,4.4558,116.7546,230.3602,0.5067,0.0397,3.6663,102.4156,229.4586,0.4463,0.039,81.1077,127.4623,230.9222,0.5519,0.6368
2015-12-12T00:30:59.493Z,2.9656,116.9641,230.036,0.5081,0.0249,4.0415,99.6666,229.1198,0.4351,0.0403,81.2764,128.2112,230.4837,0.5562,0.6365
2015-12-12T00:31:59.817Z,4.5592,114.3527,230.169,0.4968,0.0397,3.9626,97.1684,229.5678,0.4229,0.0398,82.0613,129.1812,231.08,0.5587,0.638
2015-12-12T00:32:59.281Z,4.1999,115.1306,230.3238,0.4999,0.0366,4.164,97.2117,229.651,0.4233,0.0452,82.2223,129.8713,231.5113,0.5606,0.636
2015-12-12T00:33:59.910Z,5.113,115.7693,230.3377,0.5022,0.0436,3.5151,99.774,229.0528,0.4355,0.0342,82.4526,129.0898,231.5832,0.5579,0.6421
2015-12-12T00:34:59.480Z,3.7351,116.3652,229.7413,0.5059,0.0317,3.9447,102.0617,228.7287,0.4469,0.0397,82.1534,128.2112,231.5589,0.5533,0.6437
2015-12-12T00:35:59.751Z,4.3113,115.9933,229.8302,0.5041,0.0372,4.1414,101.3805,229.0926,0.4423,0.0408,81.7785,129.1982,231.4404,0.5577,0.6353
2015-12-12T00:36:59.010Z,5.1824,114.5601,230.131,0.4973,0.0464,3.033,97.3236,227.4348,0.4281,0.0331,81.6972,127.5154,232.5288,0.5484,0.6449
2015-12-12T00:37:59.656Z,3.9323,115.654,229.644,0.5033,0.0347,4.1298,98.6245,227.112,0.4337,0.0408,82.4435,127.4412,232.5154,0.5482,0.6502
2015-12-12T00:38:59.011Z,4.4057,116.5733,229.2341,0.5081,0.0376,4.2097,98.1126,229.2552,0.4277,0.0423,81.9664,131.3079,231.0919,0.5678,0.6264
2015-12-12T00:39:59.341Z,3.4428,115.9793,229.0497,0.5062,0.0293,4.2816,102.2548,229.4201,0.4457,0.0415,81.9414,127.1447,231.4283,0.5495,0.6466
2015-12-12T00:40:59.576Z,5.0051,115.4915,229.026,0.5042,0.0432,3.6949,100.1324,229.1657,0.437,0.0365,82.2073,130.6524,231.45,0.5642,0.6324
2015-12-12T00:41:59.050Z,3.9028,115.6404,229.3748,0.5037,0.0349,4.5351,99.9056,229.7658,0.4348,0.048,82.6958,129.0926,232.3964,0.5547,0.6439
2015-12-12T00:42:59.280Z,3.8438,116.1151,229.651,0.5055,0.0335,3.2705,100.8733,229.8202,0.4387,0.0363,82.2054,129.2078,232.4826,0.5562,0.6384
2015-12-12T00:43:59.701Z,4.0358,115.839,229.5639,0.5046,0.0351,3.4792,104.6797,229.7299,0.4564,0.0324,83.3777,129.7309,232.3727,0.5583,0.6442
2015-12-12T00:44:59.009Z,4.4464,116.3918,229.5609,0.507,0.0379,4.1919,102.8789,229.9671,0.4475,0.0396,81.8191,129.018,232.1518,0.5561,0.637
2015-12-12T00:45:59.579Z,4.4633,118.4353,229.6668,0.5154,0.0378,3.3065,101.6233,228.4646,0.4446,0.032,81.7191,128.0742,232.746,0.5502,0.6388
2015-12-12T00:46:59.912Z,4.9076,115.998,229.6769,0.5053,0.0429,4.0997,99.0023,226.9977,0.4362,0.0415,83.063,131.4791,233.343,0.5631,0.6357
2015-12-12T00:47:59.167Z,4.6328,115.1259,228.772,0.5029,0.04,3.4177,98.553,229.655,0.4288,0.0361,82.641,131.0853,232.0988,0.5653,0.6337
2015-12-12T00:48:59.178Z,2.7734,115.1893,229.2303,0.5024,0.0251,3.2605,99.1193,230.3015,0.4301,0.033,82.8318,132.2877,232.4503,0.5686,0.6297
2015-12-12T00:49:59.514Z,4.88,116.3084,229.88,0.5056,0.0416,4.2905,100.8341,230.7623,0.4368,0.0425,83.3522,130.09,232.6645,0.5589,0.6442
2015-12-12T00:50:59.753Z,4.1132,116.6365,230.4804,0.5055,0.0347,3.6767,99.2,231.1345,0.4284,0.0379,83.6579,130.7975,233.1346,0.5611,0.6426
2015-12-12T00:51:59.504Z,4.1932,116.1331,230.4794,0.5042,0.0361,3.5313,99.3482,228.6212,0.4338,0.0353,83.6366,131.8196,233.8877,0.5634,0.6371
2015-12-12T00:52:59.238Z,3.0956,114.0202,231.1166,0.4931,0.0277,4.5682,96.3562,228.2786,0.4223,0.0511,83.0418,131.1708,233.5896,0.5612,0.6384
2015-12-12T00:53:59.681Z,3.3759,116.2332,230.872,0.5031,0.0302,3.7697,101.1435,230.5956,0.4389,0.0373,83.256,129.3959,232.9653,0.5555,0.6458
2015-12-12T00:54:59.067Z,4.0216,116.5467,230.6953,0.5043,0.0351,4.0718,101.2743,230.729,0.439,0.0403,82.169,129.1791,232.2393,0.556,0.6386
2015-12-12T00:55:59.500Z,3.8211,117.084,230.6097,0.5069,0.0344,3.2914,101.6189,230.0154,0.4419,0.0326,81.3829,127.718,231.7405,0.551,0.6396
2015-12-12T00:56:59.957Z,3.3175,114.4503,230.8822,0.4954,0.0283,4.702,99.1422,229.8926,0.4312,0.0493,80.6652,127.2439,230.7076,0.5517,0.6387
2015-12-12T00:57:59.812Z,4.4843,115.4541,231.5998,0.4982,0.0389,3.5923,99.393,229.3311,0.433,0.0366,80.2801,127.3143,230.3064,0.5529,0.6333
2015-12-12T00:58:59.058Z,4.2326,118.0206,231.4216,0.5092,0.0356,3.8502,98.9987,229.8252,0.4312,0.0403,80.8244,126.647,230.2303,0.5498,0.6402
2015-12-12T00:59:59.533Z,5.7307,116.2301,231.886,0.5011,0.0492,3.9048,97.926,226.9704,0.4313,0.0374,81.7389,129.2775,231.1648,0.559,0.6364
2015-12-12T01:00:59.941Z,3.6944,112.7065,231.3973,0.4869,0.0322,3.2793,100.1301,227.873,0.4393,0.037,82.18,128.8425,230.707,0.5584,0.641
2015-12-12T01:01:59.176Z,3.2307,114.9267,231.1699,0.4969,0.0283,3.2776,98.9908,230.0228,0.4304,0.0331,81.9522,128.9847,230.8363,0.5588,0.6376
2015-12-12T01:02:59.708Z,3.8409,117.6492,231.3315,0.5075,0.0333,3.7559,96.2836,229.4259,0.4198,0.0411,79.3684,124.3457,228.3701,0.5446,0.6434
2015-12-12T01:03:59.007Z,4.2266,116.3012,231.8072,0.5015,0.037,3.4969,99.1615,230.1897,0.4312,0.0349,79.2507,126.2343,228.3153,0.5527,0.6311
2015-12-12T01:04:59.266Z,5.0087,118.0326,231.4784,0.5095,0.0414,4.2413,98.4279,230.0201,0.4283,0.0413,81.4693,128.1326,230.4163,0.5565,0.6386
2015-12-12T01:05:59.143Z,3.9591,117.2484,231.4801,0.5061,0.0338,3.9792,100.5942,229.3643,0.4384,0.0398,80.5617,127.8079,229.9384,0.5558,0.6338
2015-12-12T01:06:59.413Z,4.0655,116.6857,231.1851,0.5045,0.0341,3.7966,98.6287,229.3819,0.4299,0.0401,81.1393,127.8075,229.9744,0.556,0.6395
2015-12-12T01:07:59.883Z,3.5884,114.5229,231.3046,0.4951,0.0305,3.8736,99.0386,229.5243,0.4311,0.0393,80.2752,127.0963,230.4084,0.5521,0.6349
2015-12-12T01:08:59.407Z,4.1034,116.8808,231.1086,0.506,0.0347,4.5436,98.6058,229.763,0.4291,0.0448,81.1471,128.1146,230.834,0.5549,0.6362
2015-12-12T01:09:59.831Z,4.7745,117.1941,231.2155,0.5068,0.0422,4.0771,96.8602,229.9826,0.4209,0.0411,81.3311,128.1279,230.8243,0.555,0.6375
2015-12-12T01:10:59.906Z,5.5381,116.3896,231.485,0.5026,0.0469,3.5996,99.9797,230.3691,0.4339,0.0379,80.6206,126.7169,230.9556,0.5483,0.6391
2015-12-12T01:11:59.329Z,3.7434,116.5541,231.2474,0.5039,0.0313,3.965,98.6173,229.8357,0.429,0.0392,81.2773,127.564,230.9322,0.5519,0.6417
2015-12-12T01:12:59.597Z,3.7629,115.5988,231.55,0.4991,0.0332,4.0193,98.3532,230.0288,0.4275,0.0417,80.7449,129.0808,230.8551,0.5593,0.6285
2015-12-12T01:13:59.444Z,4.5463,117.2152,231.3486,0.5064,0.0391,3.3236,102.2882,229.9154,0.4441,0.0338,90.9698,137.5073,230.5194,0.5967,0.6523
2015-12-12T01:14:59.733Z,12.4119,128.3607,231.3142,0.5552,0.0474,26.3515,152.0105,229.8451,0.6631,0.0513,257.441,319.4379,230.1779,1.3909,0.821
2015-12-12T01:15:59.594Z,1055.6602,1480.2118,229.8207,6.4411,0.713,1043.0223,1500.9877,228.0739,6.5806,0.694,1566.0674,2096.9453,227.2462,9.2276,0.7461
2015-12-12T01:16:59.939Z,1102.4411,1516.1729,229.2126,6.6143,0.7276,1089.0657,1534.7328,227.5936,6.7431,0.7094,1612.5509,2128.0629,227.4482,9.3558,0.7583
2015-12-12T01:17:59.082Z,1180.1422,1593.6857,229.1248,6.9555,0.7406,1176.8739,1606.4418,227.6533,7.0561,0.7326,1708.7992,2221.9186,228.5497,9.7209,0.7684
2015-12-12T01:18:59.635Z,1198.2302,1607.8643,229.2957,7.0117,0.7456,1227.6692,1657.9308,228.7582,7.2473,0.7397,1731.3046,2260.0746,228.9121,9.8722,0.7663
2015-12-12T01:19:59.110Z,1174.6504,1609.446,229.9175,7,0.7298,1210.5493,1618.8469,227.006,7.1299,0.7484,1762.5444,2286.5735,229.7119,9.9531,0.77
2015-12-12T01:20:59.060Z,1188.174,1622.2576,229.9528,7.0547,0.7328,1220.7149,1631.0951,226.9827,7.1852,0.7481,1770.2401,2289.0521,229.6761,9.9658,0.7738
2015-12-12T01:21:59.401Z,1206.144,1611.304,229.4547,7.0218,0.7484,1262.4832,1689.2111,228.9492,7.378,0.7477,1742.6081,2277.6974,228.9196,9.949,0.7656
2015-12-12T01:22:59.653Z,1214.0249,1614.8993,229.0578,7.0497,0.7513,1267.6821,1691.6217,228.8474,7.392,0.7493,1750.2962,2277.7828,228.7246,9.958,0.7692
2015-12-12T01:23:59.965Z,1220.4158,1619.5862,228.822,7.0771,0.7532,1275.0608,1690.721,228.4886,7.3993,0.7541,1759.2058,2280.0132,228.3373,9.9849,0.7711
2015-12-12T01:24:59.468Z,1240.6366,1643.9305,228.9373,7.1805,0.7545,1278.2969,1693.6485,228.1256,7.4236,0.7543,1781.0533,2292.6511,228.7644,10.0215,0.7772
2015-12-12T01:25:59.973Z,1258.9132,1666.9319,228.8308,7.2842,0.7552,1276.9132,1694.3506,228.0303,7.4301,0.7533,1795.0594,2293.3377,228.7748,10.0239,0.7821
2015-12-12T01:26:59.281Z,1240.7756,1651.1752,228.6973,7.2194,0.7509,1272.8281,1688.267,228.3415,7.3933,0.754,1785.6508,2292.8389,229.1374,10.0057,0.7795
2015-12-12T01:27:59.176Z,1245.1681,1664.3206,228.8365,7.2727,0.7488,1260.0709,1668.9837,227.4546,7.3375,0.7547,1799.3109,2295.3813,229.2769,10.0107,0.7836
2015-12-12T01:28:59.600Z,1207.4999,1631.6788,228.7879,7.1313,0.74,1230.1221,1640.326,227.5639,7.2078,0.7497,1761.826,2265.6317,229.4214,9.8746,0.7776
2015-12-12T01:29:59.195Z,1165.6037,1585.9625,228.9285,6.927,0.7344,1192.5491,1613.4756,227.5897,7.089,0.739,1704.3891,2215.5781,229.5082,9.6531,0.7698
2015-12-12T01:30:59.419Z,1168.676,1585.1299,228.5569,6.9348,0.7376,1192.4902,1610.2347,227.5366,7.0767,0.7409,1705.4556,2210.2439,229.3012,9.6384,0.7712
2015-12-12T01:31:59.634Z,1218.7414,1623.7871,228.3073,7.1118,0.7504,1241.1297,1651.2404,227.2494,7.2653,0.7513,1749.184,2242.4698,228.5402,9.8116,0.7798
2015-12-12T01:32:59.234Z,1231.5752,1631.2514,228.3193,7.1439,0.755,1244.3973,1651.1859,226.6606,7.2844,0.7532,1753.1682,2234.5207,227.9952,9.8,0.784
2015-12-12T01:33:59.785Z,1194.1742,1601.6386,228.5144,7.0089,0.7451,1210.5231,1621.5851,226.8513,7.1477,0.7465,1719.5863,2208.229,228.2856,9.6724,0.7788
2015-12-12T01:34:59.134Z,1196.411,1610.4541,228.9482,7.0339,0.7427,1212.9152,1627.2602,227.4066,7.1551,0.7455,1734.5425,2228.1809,229.0508,9.7275,0.779
2015-12-12T01:35:59.379Z,1255.953,1662.7258,228.915,7.2633,0.7553,1264.6749,1678.1011,227.7798,7.367,0.7537,1786.2186,2270.368,228.7908,9.9223,0.7873
2015-12-12T01:36:59.827Z,1270.6444,1678.1567,229.1831,7.3213,0.7574,1281.6196,1694.1703,227.9097,7.433,0.7566,1800.7272,2286.4156,228.8056,9.9923,0.7891
2015-12-12T01:37:59.207Z,1243.112,1657.992,229.3609,7.2283,0.75,1244.3659,1656.09,227.5892,7.2765,0.7513,1776.497,2259.5527,228.7001,9.8797,0.787
2015-12-12T01:38:59.942Z,482.3164,714.7392,229.8693,3.1159,0.3154,474.92,698.1628,229.3816,3.0587,0.3137,788.1967,1012.6071,230.7733,4.4137,0.6798
2015-12-12T01:39:59.258Z,4.854,116.561,230.2218,0.5057,0.0424,4.4893,101.1118,230.206,0.4392,0.0428,3.145,99.7711,232.3899,0.4294,0.0307
2015-12-12T01:40:59.482Z,4.4953,115.7885,229.8475,0.5035,0.0395,3.1629,98.5685,229.5779,0.4295,0.0369,2.7124,99.8325,232.0167,0.4303,0.0273
2015-12-12T01:41:59.936Z,2.7622,117.1423,230.3958,0.508,0.0248,3.3056,102.0002,229.56,0.4441,0.0324,3.137,99.7067,232.8093,0.428,0.0311
2015-12-12T01:42:59.598Z,3.0829,116.9125,230.4649,0.5068,0.0265,4.9479,101.062,229.9705,0.4398,0.0474,2.7765,99.7827,232.2795,0.4293,0.0303
2015-12-12T01:43:59.302Z,3.6439,114.8676,230.3131,0.4983,0.0321,4.3234,102.0639,230.3769,0.4426,0.0422,2.7947,99.4662,232.2151,0.4283,0.0283
2015-12-12T01:44:59.747Z,4.1829,115.7138,229.9916,0.5025,0.0366,3.5838,101.949,230.4666,0.4422,0.0361,3.5051,99.9053,232.5432,0.4293,0.0349
2015-12-12T01:45:59.027Z,4.7381,115.0116,230.056,0.4997,0.041,4.1755,100.2385,231.4439,0.4333,0.0447,3.44,101.1051,232.9452,0.4337,0.0343
2015-12-12T01:46:59.319Z,5.1025,116.2047,231.4046,0.5016,0.0436,3.8121,101.3896,231.2732,0.4391,0.0388,2.889,101.9192,233.2688,0.4373,0.0299
2015-12-12T01:47:59.614Z,4.1491,116.0518,231.239,0.5024,0.0363,3.4812,100.9376,230.9082,0.4371,0.0343,2.9045,101.7165,233.0363,0.4364,0.0295
2015-12-12T01:48:59.840Z,5.4932,118.4573,231.1898,0.5116,0.0466,3.9207,96.7642,230.799,0.4192,0.0396,3.0557,102.5456,233.3011,0.4396,0.0295
2015-12-12T01:49:59.153Z,5.9127,117.8673,231.009,0.51,0.0499,3.734,99.5022,230.7518,0.4312,0.0368,3.0843,99.6922,232.3436,0.4292,0.031
2015-12-12T01:50:59.580Z,3.9239,117.7055,230.6058,0.5102,0.0332,4.7945,101.5065,230.1227,0.4411,0.048,3.2355,96.4235,232.2534,0.4151,0.0324
2015-12-12T01:51:59.024Z,4.6711,117.223,230.7606,0.5074,0.04,4.3193,104.2889,230.5351,0.4522,0.0389,3.567,99.7329,232.1028,0.429,0.0347
2015-12-12T01:52:59.676Z,2.7847,115.8179,230.0732,0.5033,0.0248,4.4361,101.6512,230.2372,0.4421,0.0434,2.1983,101.8385,232.3896,0.4383,0.0217
2015-12-12T01:53:59.494Z,4.2974,118.0651,230.3054,0.5122,0.0362,4.8128,100.9378,229.7466,0.439,0.0483,2.829,101.5506,232.9157,0.4353,0.027
2015-12-12T01:54:59.774Z,3.5275,117.4407,230.5987,0.5095,0.03,3.9338,98.4537,227.801,0.4323,0.0401,2.8984,100.8566,233.8063,0.4313,0.0304
2015-12-12T01:55:59.013Z,4.6034,117.1771,230.4877,0.5077,0.0406,4.4417,102.2794,227.8022,0.4489,0.0449,3.64,102.1841,233.3561,0.4376,0.036
2015-12-12T01:56:59.248Z,5.0949,115.3101,231.0253,0.4987,0.044,3.5148,101.5955,230.5227,0.4407,0.033,3.2511,101.748,233.0234,0.4368,0.0307
2015-12-12T01:57:59.556Z,5.4805,118.8553,230.7704,0.5149,0.0479,4.1338,99.9686,230.217,0.4338,0.0401,2.7867,99.2473,232.8186,0.4265,0.0276
2015-12-12T01:58:59.762Z,2.9677,119.3965,230.9759,0.5167,0.0236,4.0404,100.9013,230.3871,0.4379,0.0386,2.6208,101.149,232.1429,0.4356,0.0267
2015-12-12T01:59:59.036Z,4.8896,118.0887,230.658,0.512,0.0393,4.2087,102.7327,230.3593,0.4457,0.039,3.631,101.4251,232.1037,0.4372,0.0366
