2015-11-20T00:00:59.495Z,4.2934,95.446,232.6525,0.41,0.0459,3.7603,87.4152,234.6459,0.3725,0.0447,2.7374,85.7603,234.5553,0.3657,0.0335
2015-11-20T00:01:59.762Z,3.8305,95.888,229.8302,0.417,0.041,3.0133,86.1788,232.6268,0.3702,0.0367,2.9332,87.1549,232.1034,0.3756,0.0342
2015-11-20T00:02:59.091Z,3.7213,96.9449,228.8939,0.4236,0.038,2.3717,85.4943,231.9484,0.3683,0.0317,2.4466,84.3563,231.2551,0.364,0.0318
2015-11-20T00:03:59.316Z,1.574,95.5766,228.4289,0.4185,0.0165,3.7681,84.5245,231.9884,0.3642,0.0443,2.5815,85.0711,231.2193,0.3678,0.0315
2015-11-20T00:04:59.679Z,4.8423,95.9868,228.0885,0.4211,0.0511,3.875,85.4163,231.3508,0.3698,0.0465,3.551,86.2815,231.5,0.373,0.0412
2015-11-20T00:05:59.029Z,5.5018,96.8753,228.4325,0.4242,0.0563,3.1518,86.6257,231.4293,0.374,0.0385,4.0444,85.5749,231.7926,0.3696,0.0473
2015-11-20T00:06:59.368Z,5.1902,96.1966,227.8389,0.4221,0.0537,3.06,87.1558,230.885,0.3776,0.0372,3.1241,87.6333,231.4939,0.3786,0.037
2015-11-20T00:07:59.579Z,5.0479,98.1496,228.3623,0.4296,0.053,3.3051,86.5735,230.4631,0.3755,0.0375,2.3244,85.7427,231.7078,0.3703,0.0266
2015-11-20T00:08:59.855Z,5.4442,97.1247,227.9613,0.4256,0.0567,2.5238,88.6898,230.7676,0.3843,0.0284,3.4504,85.7975,231.0544,0.3709,0.0389
2015-11-20T00:09:59.217Z,5.0251,96.2796,228.4226,0.4212,0.0536,3.3367,84.6583,231.318,0.3658,0.0384,3.1747,87.4023,231.739,0.3771,0.0368
2015-11-20T00:10:59.485Z,5.07,96.7473,228.6251,0.4226,0.0523,2.8731,85.764,231.5325,0.3705,0.0318,2.8853,84.9938,231.9675,0.3664,0.0342
2015-11-20T00:11:59.764Z,5.4088,96.6007,228.4301,0.4225,0.0555,2.871,86.564,231.606,0.3741,0.0332,3.2926,86.1048,231.8784,0.3708,0.039
2015-11-20T00:12:59.941Z,4.9185,97.287,229.2501,0.4236,0.0513,3.5432,86.0955,231.4967,0.3722,0.0408,3.011,85.3097,232.3877,0.3663,0.0342
2015-11-20T00:13:59.426Z,4.1431,96.666,229.3019,0.4217,0.0427,2.6458,88.1878,232.0458,0.38,0.0316,2.8758,86.8448,232.2543,0.3742,0.0332
2015-11-20T00:14:59.617Z,4.884,97.8516,229.6001,0.4257,0.051,3.2478,85.0163,231.5841,0.3671,0.0408,2.9812,84.8067,232.4322,0.3644,0.0374
2015-11-20T00:15:59.983Z,4.8324,97.5734,229.4591,0.4248,0.0502,3.3611,86.1224,231.5092,0.3725,0.0404,3.6031,86.7426,232.2274,0.3737,0.042
2015-11-20T00:16:59.310Z,2.1333,98.7726,230.4585,0.4282,0.0214,3.1926,87.2485,230.9518,0.3775,0.036,3.6695,85.094,231.8985,0.3663,0.0423
2015-11-20T00:17:59.609Z,3.7009,96.9667,230.5465,0.4208,0.0384,4.0609,84.8645,230.8746,0.367,0.0468,3.0063,85.9646,231.62,0.3709,0.0351
2015-11-20T00:18:59.865Z,3.9358,96.6402,230.2197,0.4202,0.0408,2.9057,84.1471,230.3768,0.3648,0.036,2.8416,84.24,231.4798,0.3638,0.0341
2015-11-20T00:19:59.044Z,4.9512,98.2344,230.2588,0.4264,0.0507,3.3144,84.8057,230.7892,0.3678,0.0377,2.8326,86.443,231.3924,0.374,0.034
2015-11-20T00:20:59.339Z,5.5185,97.5822,230.4192,0.4229,0.0576,3.2416,86.0149,231.0088,0.3724,0.0376,3.8555,85.3338,231.4975,0.3688,0.0458
2015-11-20T00:21:59.607Z,5.4127,96.1782,230.1473,0.4177,0.0571,3.7342,85.8211,231.073,0.3712,0.0426,2.795,85.7801,231.6374,0.3702,0.0316
2015-11-20T00:22:59.760Z,4.8091,96.8224,231.1251,0.419,0.0497,3.2991,85.4004,230.6447,0.37,0.039,2.7516,84.9309,231.5856,0.3665,0.0338
2015-11-20T00:23:59.932Z,3.272,97.5109,230.9803,0.4214,0.0345,2.8532,85.5447,230.4884,0.3718,0.0324,3.0133,84.074,231.8346,0.3625,0.0355
2015-11-20T00:24:59.113Z,4.8681,96.6852,231.0906,0.418,0.0512,3.1619,86.6334,230.5991,0.376,0.0349,3.1357,86.5349,232.0753,0.3727,0.0356
2015-11-20T00:25:59.397Z,4.262,97.8002,230.9047,0.423,0.0441,3.3377,86.5914,231.3252,0.3742,0.04,3.2545,84.8359,232.4466,0.3646,0.0389
2015-11-20T00:26:59.668Z,3.1216,98.0051,230.5624,0.4245,0.0324,4.0199,85.5555,232.0574,0.3691,0.0465,3.1252,87.7156,232.3849,0.3771,0.0367
2015-11-20T00:28:59.271Z,2.4141,98.2252,229.8154,0.4272,0.0239,3.8976,86.5863,231.4799,0.3744,0.0444,2.9652,86.2934,231.2727,0.3729,0.0348
2015-11-20T00:29:59.530Z,2.8982,96.0685,229.3537,0.4183,0.028,3.2917,85.8503,231.2328,0.3713,0.04,2.1435,85.5085,230.9236,0.3707,0.0266
2015-11-20T00:31:59.422Z,4.7407,97.0302,230.182,0.421,0.0496,2.7984,86.3706,231.0224,0.374,0.0335,3.3443,85.1986,230.468,0.3697,0.0385
2015-11-20T00:32:59.623Z,4.0036,97.2278,231.6748,0.4192,0.0414,2.7032,85.101,231.3974,0.3678,0.0342,2.6871,84.3281,230.2835,0.3659,0.0343
2015-11-20T00:33:59.915Z,5.3625,99.1293,231.8103,0.4271,0.0546,3.0029,88.3476,231.4693,0.3817,0.0353,2.0735,83.7457,230.2403,0.3641,0.0238
2015-11-20T00:34:59.368Z,5.025,98.3933,231.6709,0.4243,0.0513,3.2307,86.8461,231.4359,0.3756,0.0376,2.4621,85.9503,230.4631,0.3737,0.0283
2015-11-20T00:35:59.634Z,1.9291,97.4903,231.4737,0.4204,0.0212,4.271,86.1276,231.0514,0.3725,0.0512,2.8466,85.787,230.6829,0.3715,0.0331
2015-11-20T00:36:59.897Z,4.1226,98.9413,231.1011,0.4281,0.0422,3.1729,86.2624,230.7758,0.374,0.0359,3.0662,86.5646,230.7084,0.3756,0.036
2015-11-20T00:37:59.129Z,0.7253,97.4634,231.5848,0.4211,0.0068,3.9068,83.509,231.2093,0.361,0.0477,2.887,85.3358,230.9934,0.3693,0.0367
2015-11-20T00:38:59.298Z,2.3911,97.3979,231.4238,0.421,0.0244,4.1191,86.6732,231.2775,0.3746,0.0482,3.3605,84.9623,231.0377,0.3677,0.039
2015-11-20T00:39:59.552Z,1.9738,99.6034,231.78,0.4293,0.0192,3.7212,83.9718,231.0013,0.3632,0.0455,2.2774,85.2873,231.3277,0.3688,0.0275
2015-11-20T00:40:59.768Z,4.1303,98.9298,231.4876,0.4267,0.0421,3.2873,85.61,230.6384,0.3713,0.0402,2.8947,84.5014,230.9726,0.3658,0.0357
2015-11-20T00:41:59.953Z,5.1291,99.7421,231.4551,0.4309,0.0521,3.3569,86.1715,230.7224,0.3732,0.0401,3.2954,85.3386,230.3624,0.3709,0.0379
2015-11-20T00:42:59.261Z,5.9043,98.0431,231.615,0.4234,0.0609,2.9211,87.3301,231.0888,0.3783,0.034,3.4912,86.5799,230.28,0.3758,0.0411
2015-11-20T00:43:59.618Z,5.3097,98.6487,230.0133,0.429,0.0541,2.7186,85.3841,231.6834,0.3682,0.033,2.7427,85.1595,230.1585,0.3699,0.0337
2015-11-20T00:44:59.930Z,3.1513,98.442,229.7625,0.4282,0.0332,4.2891,86.2108,231.6647,0.3722,0.0509,2.6889,85.1685,230.1772,0.3702,0.0314
2015-11-20T00:45:59.201Z,2.1011,95.9862,229.3511,0.4187,0.0238,3.3448,85.0772,231.2706,0.3674,0.0393,2.8343,86.6719,231.006,0.3754,0.0331
2015-11-20T00:46:59.477Z,2.1365,95.49,229.9179,0.4154,0.0219,4.1081,83.8586,230.9823,0.3632,0.0477,2.4684,87.6051,231.2715,0.3791,0.0273
2015-11-20T00:47:59.709Z,1.71,97.1251,230.3514,0.4212,0.0179,4.0067,86.2307,231.8181,0.3725,0.0464,3.2947,85.2782,232.3345,0.367,0.0386
2015-11-20T00:48:59.982Z,1.8945,96.7329,230.8976,0.4182,0.0186,4.1004,85.1196,232.5331,0.3664,0.0526,2.8887,87.021,232.7582,0.3741,0.0345
2015-11-20T00:49:59.183Z,2.082,98.2382,230.8811,0.4254,0.0223,3.503,84.479,232.6399,0.3632,0.0434,2.8234,86.7656,233.1546,0.3724,0.0339
2015-11-20T00:50:59.655Z,2.9024,97.8227,231.575,0.4218,0.0301,3.2962,86.0446,232.1307,0.3705,0.0388,2.5463,85.5501,232.304,0.3682,0.03
2015-11-20T00:51:59.029Z,4.8393,97.9283,231.5956,0.4221,0.0502,2.885,87.0891,231.8016,0.3758,0.0318,2.7793,84.056,231.9589,0.3626,0.0327
2015-11-20T00:52:59.320Z,4.6873,98.2789,231.9477,0.4238,0.049,4.2777,87.7989,232.0866,0.3785,0.0479,2.6189,86.9662,232.1463,0.3745,0.029
2015-11-20T00:53:59.623Z,3.211,97.7672,232.4174,0.4203,0.0327,3.6397,87.2546,231.7496,0.377,0.0433,2.5652,85.6692,232.1597,0.3686,0.0289
2015-11-20T00:54:59.007Z,1.5161,98.3177,231.9559,0.4236,0.0158,4.1586,85.7696,231.5969,0.37,0.048,3.0987,86.1874,232.7106,0.3699,0.0359
2015-11-20T00:55:59.231Z,2.2921,98.6073,231.7033,0.4255,0.022,3.7884,86.2576,231.3608,0.3729,0.0441,2.3416,86.0303,232.4184,0.37,0.028
2015-11-20T00:56:59.647Z,3.966,98.1119,231.7729,0.4237,0.0405,3.0857,85.9823,230.619,0.3729,0.0369,2.6387,85.5865,232.6395,0.3677,0.0312
2015-11-20T00:57:59.050Z,5.1613,97.9722,231.7326,0.4225,0.0536,3.0107,88.3963,230.9393,0.3829,0.0336,3.2356,85.0045,232.9092,0.3651,0.039
2015-11-20T00:58:59.267Z,5.5126,96.7955,231.9619,0.417,0.058,3.4847,87.0003,230.8373,0.3774,0.041,2.4957,87.8329,232.8016,0.3777,0.0266
2015-11-20T00:59:59.820Z,3.7759,99.5507,232.0981,0.4287,0.0367,3.7644,85.8123,230.9944,0.3715,0.043,2.6245,84.4762,233.0852,0.3625,0.0331
