2015-12-13T00:00:59.363Z,4.9699,116.0956,224.179,0.5181,0.0411,5.1107,103.7782,231.417,0.4483,0.0508,82.4074,136.948,230.9494,0.5927,0.6052
2015-12-13T00:01:59.050Z,3.9181,118.7802,224.8816,0.528,0.0318,4.0341,107.3326,230.398,0.4656,0.038,81.0883,135.2648,231.2259,0.5849,0.6024
2015-12-13T00:02:59.507Z,4.462,121.7987,225.3887,0.5402,0.0353,4.3092,108.6921,228.9422,0.475,0.0397,81.1779,134.5598,230.5448,0.5832,0.6058
2015-12-13T00:03:59.834Z,4.7811,121.6781,225.7462,0.5382,0.0395,3.3752,109.9019,228.932,0.48,0.0316,81.3325,134.6054,230.8862,0.5833,0.6074
2015-12-13T00:04:59.429Z,3.0056,119.646,226.2692,0.5287,0.0264,4.8871,105.7751,226.6646,0.4663,0.0453,81.9789,134.6724,231.6212,0.5811,0.6106
2015-12-13T00:05:59.660Z,3.1611,122.7691,226.5503,0.5414,0.0265,5.3504,107.7334,227.902,0.4724,0.0477,82.128,135.6582,232.0121,0.5844,0.6084
2015-12-13T00:06:59.743Z,5.847,121.103,226.7079,0.5338,0.0497,4.0199,103.3914,230.9795,0.4473,0.0407,82.3632,135.1893,231.6765,0.5833,0.6134
2015-12-13T00:07:59.316Z,4.4057,119.3064,226.4047,0.527,0.0364,3.4043,109.886,231.1742,0.475,0.0334,81.7304,133.1279,230.9166,0.5767,0.6157
2015-12-13T00:08:59.022Z,3.8697,122.0442,226.4274,0.5389,0.0302,4.3812,108.2663,231.1942,0.4684,0.0418,81.4986,136.5585,230.9846,0.5913,0.5998
2015-12-13T00:09:59.483Z,5.5182,122.3245,227.3426,0.5379,0.0465,3.2016,110.5744,230.708,0.4791,0.028,82.0959,134.4345,231.0344,0.5812,0.6124
2015-12-13T00:10:59.156Z,3.563,124.1568,228.4266,0.5429,0.0288,4.9485,109.2909,230.6033,0.4735,0.0449,82.6415,134.523,231.0869,0.5819,0.6166
2015-12-13T00:11:59.426Z,4.1164,122.9531,228.9277,0.5365,0.0336,3.8665,108.2557,230.8581,0.4689,0.0386,81.3776,134.3227,231.2481,0.5813,0.6107
2015-12-13T00:12:59.959Z,4.112,123.4376,228.8221,0.5391,0.0335,4.1414,108.0504,230.7105,0.4687,0.0385,80.919,133.7459,231.1929,0.5789,0.608
2015-12-13T00:13:59.524Z,4.0264,120.4586,228.8965,0.5258,0.0338,4.1036,109.5316,231.0423,0.4743,0.0389,82.0952,134.4969,231.1482,0.582,0.6119
2015-12-13T00:14:59.949Z,3.9682,122.3321,228.4576,0.5351,0.0315,4.33,109.73,231.2878,0.4745,0.0405,82.3422,134.3479,231.3426,0.5808,0.6153
2015-12-13T00:15:59.613Z,4.9817,122.269,228.5722,0.5347,0.0406,4.5976,111.3466,231.6667,0.4807,0.0413,81.8529,136.3092,231.1897,0.5899,0.6032
2015-12-13T00:16:59.396Z,4.0696,123.7773,228.9426,0.5402,0.0315,4.0157,108.9408,230.597,0.4733,0.037,82.408,134.3735,231.7866,0.58,0.6166
2015-12-13T00:17:59.309Z,4.8007,124.9574,228.9874,0.5458,0.0392,3.8633,112.5646,231.2039,0.4872,0.035,81.2379,134.0921,231.7368,0.5784,0.6076
2015-12-13T00:18:59.135Z,4.4422,123.3388,229.6653,0.5368,0.0363,3.6784,112.1503,231.3209,0.4848,0.0326,81.9385,134.0899,231.5565,0.5792,0.614
2015-12-13T00:19:59.463Z,5.1629,123.6632,229.1322,0.5398,0.0404,3.9086,106.8762,230.7445,0.4626,0.0382,81.539,135.111,230.7392,0.5853,0.6076
2015-12-13T00:20:59.238Z,4.8464,122.541,229.1595,0.5347,0.0396,4.0601,108.1742,230.4589,0.4693,0.0362,81.5208,132.316,230.8589,0.5732,0.621
2015-12-13T00:21:59.717Z,3.951,120.7587,229.1727,0.5267,0.0337,3.8418,107.9596,230.8593,0.4676,0.0375,81.9138,133.9319,230.6188,0.5807,0.6148
2015-12-13T00:22:59.997Z,4.4204,122.5072,229.1565,0.5341,0.0367,4.4936,106.2733,230.8359,0.4604,0.0433,80.8359,133.2795,230.8362,0.5778,0.6084
2015-12-13T00:23:59.241Z,4.8909,123.448,229.1983,0.5387,0.0406,4.4544,108.6713,230.7781,0.4707,0.0403,80.3935,132.2036,230.6037,0.5728,0.6108
2015-12-13T00:24:59.686Z,4.1762,123.87,229.0208,0.54,0.0347,5.1234,108.5454,230.5001,0.4707,0.0478,80.8617,133.7436,230.5366,0.5798,0.6068
2015-12-13T00:25:59.084Z,4.4604,121.6543,228.9529,0.5303,0.038,4.0311,106.6026,230.6276,0.4618,0.0424,80.7645,132.3881,230.498,0.5738,0.613
2015-12-13T00:26:59.819Z,3.5636,121.9171,229.583,0.5308,0.0302,4.9575,105.2145,231.2367,0.4549,0.0487,82.7247,133.9438,231.6871,0.5783,0.6233
2015-12-13T00:27:59.206Z,4.0246,122.5409,229.0074,0.5352,0.032,4.1791,107.6683,231.4879,0.4653,0.037,82.4347,133.8522,231.1433,0.5783,0.6179
2015-12-13T00:28:59.548Z,5.5012,123.0824,228.8596,0.537,0.045,3.1274,106.7355,230.8373,0.4626,0.0316,81.605,133.8385,230.9768,0.5793,0.6121
2015-12-13T00:29:59.370Z,4.2213,124.1676,229.1408,0.541,0.0332,4.4716,106.0097,230.3302,0.4602,0.0417,81.4976,135.8556,230.9359,0.5882,0.6031
2015-12-13T00:30:59.978Z,4.08,120.6703,229.3224,0.5264,0.0333,3.6825,107.6035,228.7188,0.4701,0.0375,81.9749,134.6753,231.2247,0.5823,0.6132
2015-12-13T00:31:59.525Z,4.2034,124.036,229.6168,0.5401,0.0331,3.9406,108.2999,228.7479,0.4742,0.0349,82.4222,136.3229,231.6871,0.5879,0.6063
2015-12-13T00:32:59.698Z,5.308,123.6819,229.3259,0.5387,0.0435,4.4016,107.8677,231.4197,0.4664,0.0381,81.6719,135.3419,231.4244,0.5853,0.6067
2015-12-13T00:33:59.363Z,4.6566,121.2158,229.5278,0.5283,0.0382,3.6301,107.6487,231.3381,0.4651,0.0333,81.844,133.1678,231.4126,0.5751,0.6163
2015-12-13T00:34:59.041Z,3.4755,122.7205,229.6066,0.534,0.0296,3.6882,106.5919,231.2224,0.461,0.0355,81.8395,135.5121,231.62,0.5848,0.6058
2015-12-13T00:35:59.946Z,2.8652,122.6746,229.7062,0.5334,0.0224,4.538,105.9216,230.8161,0.459,0.0464,81.8816,135.2957,231.5414,0.584,0.6096
2015-12-13T00:36:59.310Z,3.9149,123.2441,229.4458,0.5364,0.0307,4.083,104.3702,230.3251,0.4537,0.0389,81.9194,135.5806,231.4871,0.5854,0.6067
2015-12-13T00:37:59.544Z,5.3792,122.8026,229.4232,0.5346,0.0445,3.6122,107.462,230.7799,0.4652,0.0325,82.0237,135.8335,231.6355,0.5865,0.607
2015-12-13T00:38:59.174Z,4.53,123.1551,229.8127,0.5358,0.0377,3.4119,107.512,230.7707,0.4657,0.0301,81.8063,134.9318,231.992,0.5816,0.6099
2015-12-13T00:39:59.882Z,4.6701,123.1517,229.2904,0.5368,0.0384,3.7625,107.6265,230.4261,0.4668,0.0337,82.0088,136.1104,231.6564,0.5874,0.6045
2015-12-13T00:40:59.257Z,4.7476,123.0708,229.2936,0.5368,0.0388,4.5759,107.5196,230.6288,0.4657,0.043,82.0616,134.7459,231.8296,0.5811,0.6111
2015-12-13T00:41:59.639Z,3.3311,120.5967,229.6187,0.5254,0.0277,4.4284,105.9288,230.7116,0.4595,0.043,82.4329,136.0235,232.4205,0.5853,0.6111
2015-12-13T00:42:59.970Z,4.3536,123.5487,229.4934,0.5378,0.034,4.0709,108.4684,230.5783,0.4702,0.0365,82.0962,135.3498,232.2608,0.5823,0.6085
2015-12-13T00:43:59.168Z,3.9198,123.6347,229.8339,0.5373,0.0316,3.0399,109.9726,230.8193,0.4771,0.0298,82.7451,134.6527,232.0391,0.5803,0.6164
2015-12-13T00:44:59.157Z,3.3896,121.7081,229.4225,0.5304,0.028,4.732,107.8811,230.8512,0.4673,0.0424,81.8758,136.9338,231.7868,0.5905,0.602
2015-12-13T00:45:59.400Z,2.8018,120.5216,228.9396,0.5264,0.0235,4.4189,104.0848,230.1708,0.4522,0.0451,82.8448,133.5882,231.9176,0.5759,0.6252
2015-12-13T00:46:59.812Z,3.8354,123.4774,229.8173,0.5365,0.0303,3.8643,106.9967,229.1716,0.4665,0.0361,82.3972,137.4555,231.6589,0.593,0.6039
2015-12-13T00:47:59.913Z,3.24,120.889,229.4291,0.5266,0.0266,4.4767,107.2158,229.0614,0.4675,0.0421,80.4912,133.1591,230.8965,0.5763,0.6068
2015-12-13T00:48:59.260Z,3.5031,123.7893,230.0437,0.5376,0.0281,4.0125,104.9837,229.3473,0.4578,0.0375,82.8915,135.546,231.469,0.5856,0.613
2015-12-13T00:49:59.439Z,2.6636,121.792,229.1925,0.5304,0.0222,4.2546,106.4265,229.4133,0.4639,0.042,81.9401,136.0817,230.7263,0.5896,0.6053
2015-12-13T00:50:59.884Z,4.1769,122.6727,229.1339,0.5345,0.0333,3.8272,105.4668,229.4144,0.4595,0.0369,81.5804,133.6085,230.672,0.5791,0.6138
2015-12-13T00:51:59.542Z,5.0848,122.1908,229.3788,0.5323,0.0419,2.9774,108.0914,229.8507,0.4707,0.0294,82.4291,138.7197,231.2119,0.5999,0.5981
2015-12-13T00:52:59.056Z,4.3669,123.7317,228.964,0.5398,0.0358,4.1406,108.9343,229.4544,0.4752,0.0388,81.8138,133.2276,231.0058,0.5769,0.6159
2015-12-13T00:53:59.752Z,3.9821,120.629,228.958,0.5263,0.033,4.024,103.9293,229.9454,0.452,0.0377,81.7498,137.1392,231.3001,0.593,0.5991
2015-12-13T00:54:59.263Z,4.1166,122.6853,229.7149,0.5336,0.0338,3.3002,107.5806,230.301,0.4673,0.0297,81.1426,133.5001,230.7049,0.5788,0.6099
2015-12-13T00:55:59.613Z,3.886,123.4502,229.6573,0.5372,0.0311,5.0876,104.4188,230.3417,0.4533,0.0474,81.4141,134.2685,230.8899,0.581,0.6097
2015-12-13T00:56:59.887Z,4.3987,122.9462,229.8222,0.5348,0.0368,4.2451,107.7713,230.2656,0.468,0.0415,81.3356,133.8323,231.0037,0.5792,0.6105
2015-12-13T00:57:59.730Z,4.051,123.8338,229.6108,0.539,0.0323,4.1298,109.5501,230.0786,0.4766,0.0381,81.6149,135.2097,231.0348,0.5854,0.6046
2015-12-13T00:58:59.061Z,4.0934,123.3547,230.1542,0.5356,0.0331,3.9508,108.1167,230.9631,0.4678,0.0356,82.0758,134.7064,231.683,0.5812,0.6107
2015-12-13T00:59:59.409Z,5.6249,123.4166,229.7748,0.5375,0.0457,4.1955,107.1057,231.0139,0.4636,0.0386,82.1758,138.1248,231.6257,0.5961,0.5979
2015-12-13T01:00:59.191Z,4.263,119.9077,229.8896,0.5216,0.04,4.2529,110.7702,230.9933,0.4792,0.0401,82.6912,134.8266,231.5334,0.5827,0.6166
2015-12-13T01:01:59.479Z,3.9782,121.1652,229.574,0.5275,0.0329,3.4147,106.5966,230.8064,0.4619,0.0315,81.681,135.419,231.6844,0.5846,0.6076
2015-12-13T01:02:59.646Z,4.0148,121.4199,229.3419,0.5295,0.0345,4.5568,110.5557,230.5746,0.4799,0.0398,81.4184,134.3068,231.2346,0.5802,0.608
2015-12-13T01:03:59.387Z,3.9506,123.1554,229.2978,0.5367,0.0326,3.7341,107.1927,230.4427,0.465,0.0353,81.7471,135.7968,231.2541,0.5869,0.6043
2015-12-13T01:04:59.891Z,3.9054,121.2522,229.2351,0.5287,0.0324,4.8299,107.7259,230.442,0.4673,0.0465,82.2324,132.8163,231.5271,0.5736,0.6211
2015-12-13T01:05:59.449Z,3.8418,122.5228,229.1154,0.5348,0.0313,4.1886,108.9619,230.356,0.4727,0.041,81.572,134.5879,231.7378,0.5802,0.6073
2015-12-13T01:06:59.112Z,4.0809,122.3261,229.608,0.5328,0.0338,3.9946,107.3519,230.66,0.4653,0.0398,81.7558,135.5926,231.9508,0.5843,0.609
2015-12-13T01:07:59.089Z,4.0086,123.5064,229.84,0.5369,0.0327,3.9003,109.7611,230.8162,0.4754,0.0352,80.7204,135.8554,231.1703,0.588,0.5976
2015-12-13T01:08:59.436Z,4.9349,124.3095,230.1495,0.5398,0.0399,3.7846,107.6341,231.1588,0.4656,0.0367,82.7846,134.8744,231.8304,0.5815,0.6156
2015-12-13T01:09:59.731Z,3.6097,120.2911,229.8957,0.5228,0.029,3.8277,105.1052,230.9968,0.4549,0.0383,82.8373,136.4818,231.8391,0.5886,0.6118
2015-12-13T01:10:59.089Z,4.688,123.0136,230.1319,0.5342,0.0379,3.6133,107.7327,231.2518,0.4656,0.0329,82.2794,135.1735,231.8507,0.5829,0.6128
2015-12-13T01:11:59.243Z,4.7157,122.3433,230.5101,0.5301,0.0389,3.7344,106.1695,230.4005,0.461,0.0341,82.3175,134.6487,232.1047,0.5802,0.6131
2015-12-13T01:12:59.941Z,4.4826,123.2711,230.9162,0.5343,0.0365,4.1425,107.0847,230.4807,0.465,0.0385,82.1577,136.5388,231.9192,0.5887,0.6047
2015-12-13T01:13:59.453Z,4.7277,124.5018,231.159,0.5386,0.0372,4.8142,106.2312,230.0414,0.4619,0.0451,81.855,135.1702,231.335,0.5842,0.6077
2015-12-13T01:14:59.127Z,4.0303,124.7751,230.5397,0.5414,0.0323,4.0927,106.3201,229.6134,0.463,0.0373,81.2729,135.4927,231.1414,0.586,0.6031
2015-12-13T01:15:59.516Z,5.0276,121.8496,229.6431,0.5303,0.0403,3.867,110.1792,229.8196,0.4791,0.0355,81.3531,134.9052,230.7136,0.5846,0.6065
2015-12-13T01:16:59.846Z,3.6476,122.5864,229.933,0.5331,0.0296,5.1699,108.4688,229.0043,0.4736,0.0467,80.9414,132.9798,230.5268,0.577,0.6123
2015-12-13T01:17:59.909Z,4.7067,121.1342,230.1032,0.526,0.0392,4.5567,106.743,229.2714,0.4659,0.042,81.2995,134.8671,230.4098,0.5856,0.6059
2015-12-13T01:18:59.316Z,4.9839,124.9453,230.3599,0.5422,0.0406,3.9597,110.3392,229.3526,0.4808,0.0352,81.2532,132.2731,230.5761,0.5739,0.6159
2015-12-13T01:19:59.024Z,3.2803,122.6836,230.22,0.5329,0.0269,3.8652,107.2855,228.7855,0.4693,0.0367,81.0653,134.1159,230.3418,0.5823,0.6074
2015-12-13T01:20:59.790Z,3.2397,124.0738,230.6732,0.5379,0.0252,4.2695,109.4605,228.4509,0.4791,0.0388,80.8979,132.7657,230.9074,0.5753,0.6104
2015-12-13T01:21:59.784Z,3.6454,124.8388,230.9173,0.541,0.03,4.1677,105.2453,228.8669,0.4597,0.0401,81.2518,133.8799,230.5374,0.5805,0.6088
2015-12-13T01:22:59.187Z,3.6158,124.1932,230.6933,0.5381,0.0281,3.5326,106.4767,228.8118,0.4651,0.0333,81.8621,135.2788,230.5573,0.5867,0.6069
2015-12-13T01:23:59.527Z,4.0652,123.2049,231.1364,0.5327,0.0327,3.8691,107.4889,229.4664,0.4676,0.036,81.7236,136.1176,230.9445,0.5893,0.6023
2015-12-13T01:24:59.516Z,4.3512,124.3553,231.2491,0.5372,0.0349,4.7361,105.9396,229.6161,0.4614,0.0447,81.7514,136.1144,231.5302,0.588,0.6046
2015-12-13T01:25:59.898Z,3.7482,122.151,231.1164,0.5282,0.0315,3.6785,111.1317,229.8027,0.4836,0.0371,82.0268,134.8498,231.4698,0.5826,0.6122
2015-12-13T01:26:59.892Z,4.0573,125.088,231.7429,0.5397,0.0314,4.5099,108.2536,229.8731,0.4712,0.0437,81.7826,133.3836,231.761,0.5754,0.6146
2015-12-13T01:27:59.302Z,4.8661,125.2761,231.2367,0.5412,0.0379,3.7911,106.8956,230.1709,0.4641,0.036,80.9121,135.1966,231.6718,0.5834,0.5996
2015-12-13T01:28:59.793Z,3.4587,124.3571,231.1018,0.5374,0.0277,3.9921,110.2385,229.9428,0.4796,0.0373,83.2879,137.6609,232.9387,0.5909,0.6085
2015-12-13T01:29:59.360Z,4.4974,122.4774,230.9701,0.5303,0.0359,4.4011,104.3773,229.0991,0.4552,0.0451,82.6148,135.7648,232.7241,0.5828,0.6123
2015-12-13T01:30:59.119Z,4.6919,121.3171,230.4997,0.5258,0.04,3.6919,103.3032,229.1942,0.4509,0.04,83.2354,135.1209,232.8471,0.5801,0.6205
2015-12-13T01:31:59.026Z,4.2351,124.26,231.0169,0.5373,0.034,4.1954,105.7446,229.5363,0.4611,0.0389,82.4041,134.8013,232.819,0.5792,0.6148
2015-12-13T01:32:59.527Z,4.6104,124.6455,230.7524,0.54,0.0366,4.7591,106.7185,228.8528,0.467,0.0478,82.9487,136.0001,233.1007,0.5829,0.6118
2015-12-13T01:33:59.827Z,3.0707,124.0667,230.7989,0.5374,0.024,3.8334,103.7571,226.9778,0.4568,0.0359,83.8881,140.642,233.2035,0.603,0.5998
2015-12-13T01:34:59.119Z,4.2179,122.1731,231.2202,0.5277,0.0347,5.0609,106.1702,225.6273,0.4706,0.0488,83.1933,135.8826,233.549,0.5819,0.6163
2015-12-13T01:35:59.926Z,4.1649,125.7009,230.7718,0.5445,0.0332,3.9383,110.2964,228.3553,0.4828,0.0349,81.9367,134.2517,233.0445,0.5757,0.6121
2015-12-13T01:36:59.120Z,4.3188,124.9053,230.6423,0.5412,0.035,3.252,108.6482,228.9904,0.4743,0.0302,82.7287,137.2644,233.0023,0.5897,0.6054
2015-12-13T01:37:59.466Z,5.6455,124.5157,229.9252,0.5405,0.0448,3.5278,107.3374,229.9349,0.4663,0.0334,81.5977,133.0578,231.509,0.5752,0.6158
2015-12-13T01:38:59.862Z,4.4858,123.8544,230.379,0.5371,0.0373,4.1625,112.8484,229.9585,0.4902,0.0363,81.1565,132.969,231.2293,0.5748,0.6122
2015-12-13T01:39:59.125Z,4.4942,123.9983,230.4868,0.5376,0.036,4.2883,106.6071,230.0434,0.4632,0.0431,81.603,134.5338,231.5281,0.5802,0.6084
2015-12-13T01:40:59.786Z,3.5315,125.8363,229.9353,0.5473,0.0274,4.067,105.8716,229.5547,0.461,0.0408,81.3792,133.0175,231.1598,0.5757,0.6138
2015-12-13T01:41:59.274Z,4.9004,125.4677,230.3704,0.5443,0.038,3.4164,106.421,230.1986,0.462,0.0318,81.1861,134.5458,231.3407,0.5814,0.6063
2015-12-13T01:42:59.852Z,3.7992,123.0018,229.8758,0.5348,0.0304,4.3381,108.4892,231.2523,0.4693,0.0405,82.323,135.5181,231.093,0.5862,0.6095
2015-12-13T01:43:59.486Z,5.1449,122.7454,230.8767,0.5311,0.0426,4.4133,107.3568,231.0863,0.4644,0.0416,81.8249,134.5968,231.4071,0.5812,0.6111
2015-12-13T01:44:59.089Z,4.7897,122.7323,231.2811,0.5304,0.0392,4.0343,107.8002,231.0401,0.467,0.0388,81.3808,134.6276,231.0054,0.583,0.6087
2015-12-13T01:45:59.966Z,5.1751,124.1042,230.6901,0.538,0.0423,4.4846,110.2484,231.4252,0.4768,0.0405,81.3145,134.7621,230.926,0.5835,0.6065
2015-12-13T01:46:59.529Z,4.2916,125.3873,230.9879,0.5421,0.0347,3.6404,110.2819,230.7852,0.4779,0.034,81.0281,134.2353,230.864,0.5812,0.6048
2015-12-13T01:47:59.450Z,4.6941,125.0578,230.8912,0.5414,0.0382,4.0058,109.8101,229.8009,0.4776,0.0366,81.0022,133.3901,231.3014,0.5767,0.6086
2015-12-13T01:48:59.934Z,4.8399,124.7924,230.7704,0.5414,0.0401,3.7623,107.6374,229.7105,0.469,0.0343,81.1969,135.6916,230.993,0.5874,0.6009
2015-12-13T01:49:59.642Z,5.6712,124.1104,230.6661,0.5373,0.046,4.3861,107.0347,229.5586,0.4661,0.0426,81.289,133.9254,230.8411,0.5801,0.6112
2015-12-13T01:50:59.046Z,4.1197,124.0428,230.8034,0.5368,0.0327,4.4851,105.7684,230.1688,0.4596,0.0441,82.7041,134.6666,231.7658,0.5812,0.619
2015-12-13T01:51:59.504Z,4.7059,125.5408,231.1452,0.5429,0.0374,4.4003,107.618,230.838,0.4663,0.042,81.4105,135.2657,231.971,0.5826,0.6047
2015-12-13T01:52:59.837Z,4.741,122.8674,231.2989,0.5312,0.0389,3.8666,108.4211,231.6584,0.4684,0.0354,82.9671,136.0698,232.4871,0.5852,0.6122
2015-12-13T01:53:59.409Z,4.9164,122.7251,231.02,0.5304,0.0397,3.394,109.2534,231.5941,0.4718,0.0318,82.5498,134.4916,232.0389,0.579,0.6167
2015-12-13T01:54:59.694Z,3.0608,121.1634,230.9953,0.5248,0.025,3.4452,105.8959,231.0392,0.4585,0.0339,82.3182,132.603,232.428,0.5713,0.627
2015-12-13T01:55:59.458Z,3.977,126.6077,231.3594,0.5468,0.0308,4.4519,107.3621,231.0123,0.4648,0.0414,82.5996,136.8426,232.401,0.589,0.6048
2015-12-13T01:56:59.760Z,4.5146,123.4278,231.8037,0.5321,0.0366,4.1701,103.429,230.9148,0.4481,0.0392,81.7832,134.3376,231.1707,0.5811,0.6098
2015-12-13T01:57:59.053Z,4.6739,122.6022,232.3458,0.5268,0.0371,4.5354,108.2927,231.3509,0.4678,0.0417,80.5388,134.6397,230.6018,0.5838,0.5998
2015-12-13T01:58:59.791Z,4.4707,125.2083,231.9511,0.5395,0.0357,3.2522,110.7358,231.0465,0.4786,0.0282,82.9051,135.4637,232.9155,0.5815,0.6141
2015-12-13T01:59:59.230Z,4.1588,121.793,231.1958,0.5263,0.0349,3.6294,112.3613,231.118,0.486,0.0316,82.045,136.9262,232.3127,0.5897,0.6016
