2015-11-26T00:00:59.173Z,4.3249,100.1623,231.0992,0.4333,0.0442,3.6823,93.5712,231.0853,0.4048,0.0396,80.4596,120.6089,230.3646,0.5244,0.6686
2015-11-26T00:01:59.401Z,5.0807,103.7126,231.0945,0.4485,0.0484,3.8638,94.8131,230.5591,0.4119,0.0401,80.9485,121.501,229.9438,0.5287,0.668
2015-11-26T00:02:59.656Z,5.4647,102.7047,231.1397,0.4441,0.0547,3.1426,89.6966,229.9588,0.3901,0.0371,80.6826,122.478,229.8864,0.5329,0.6624
2015-11-26T00:03:59.024Z,3.8868,104.0487,232.6713,0.4473,0.037,4.1109,92.5103,229.7104,0.4031,0.0456,80.9253,122.0802,229.9331,0.5311,0.665
2015-11-26T00:04:59.378Z,3.9746,104.6559,233.4231,0.448,0.0378,2.9462,94.1668,229.6673,0.4099,0.0312,80.8288,121.863,229.9865,0.53,0.6646
2015-11-26T00:05:59.716Z,5.6747,104.6754,232.7295,0.45,0.0533,3.5426,90.4672,230.3972,0.3928,0.0398,82.5302,124.8211,232.274,0.5373,0.6628
2015-11-26T00:06:59.182Z,4.2067,105.8129,233.7041,0.453,0.039,3.5206,92.6997,231.3301,0.4007,0.0387,83.4601,125.1442,233.3787,0.5364,0.6698
2015-11-26T00:07:59.472Z,5.337,104.3895,232.7834,0.4489,0.0505,4.1273,91.0914,230.9223,0.394,0.046,84.4192,125.8609,233.6245,0.5387,0.6723
2015-11-26T00:08:59.377Z,4.1154,104.1777,232.6366,0.4477,0.0412,3.7335,91.8308,230.5129,0.3979,0.0441,83.766,124.9312,233.732,0.5346,0.6736
2015-11-26T00:09:59.566Z,2.2703,103.419,232.398,0.4446,0.022,4.4443,91.9032,229.6913,0.4,0.0495,82.8776,123.5009,233.0045,0.53,0.6731
2015-11-26T00:10:59.825Z,3.6842,102.8338,232.0816,0.4429,0.0368,3.6267,92.6626,229.8934,0.4027,0.0403,82.9435,123.4586,233.109,0.5292,0.6743
2015-11-26T00:11:59.277Z,4.9304,104.3474,232.4078,0.4484,0.0469,3.3888,92.3966,229.904,0.4021,0.0371,83.2284,126.3776,233.8854,0.5403,0.6598
2015-11-26T00:12:59.196Z,265.4394,493.3068,231.6698,2.1362,0.2203,282.4781,531.488,229.6962,2.3198,0.2343,615.8838,845.1251,232.4698,3.6511,0.7654
2015-11-26T00:13:59.498Z,911.6482,1405.1254,230.6878,6.0908,0.649,898.1144,1385.63,228.6309,6.0606,0.648,1456.3858,2020.0782,230.1453,8.7773,0.7206
2015-11-26T00:14:59.727Z,944.9656,1428.6401,230.5053,6.1979,0.6614,938.2107,1417.063,228.6068,6.1987,0.6617,1494.0321,2049.2089,230.1479,8.9036,0.7293
2015-11-26T00:15:59.856Z,1005.5361,1471.3671,230.7908,6.3751,0.6833,1006.617,1475.8532,228.4369,6.4592,0.6824,1540.7396,2090.0961,229.8823,9.0908,0.7366
2015-11-26T00:16:59.636Z,973.6515,1476.4247,231.099,6.3879,0.6592,972.2329,1404.809,225.2724,6.236,0.6917,1586.1701,2113.1131,230.6418,9.1613,0.7509
2015-11-26T00:17:59.887Z,979.0296,1473.4581,230.7799,6.3847,0.6644,983.3477,1423.1767,226.1008,6.2929,0.6909,1572.8198,2105.2497,230.3251,9.14,0.7468
2015-11-26T00:18:59.128Z,1007.1898,1481.9037,231.3203,6.4056,0.6798,1016.7294,1485.2775,228.3378,6.5043,0.6847,1550.8019,2099.7525,230.1675,9.1219,0.7389
2015-11-26T00:19:59.420Z,1016.4148,1475.9472,231.0931,6.3864,0.6881,1036.332,1498.1489,227.7744,6.577,0.6914,1551.2457,2097.0134,229.8703,9.1222,0.7399
2015-11-26T00:20:59.473Z,1026.7036,1484.0618,230.5665,6.4371,0.6922,1036.569,1497.5394,227.9452,6.5696,0.6924,1557.3345,2094.9171,229.931,9.1103,0.743
2015-11-26T00:21:59.838Z,1023.3908,1497.4957,231.1833,6.477,0.6837,1039.1523,1507.7992,229.1854,6.5794,0.6892,1565.7823,2116.9073,230.8823,9.168,0.7396
2015-11-26T00:22:59.071Z,1027.878,1495.4967,230.3836,6.4913,0.6875,1039.2758,1497.2726,228.6098,6.5494,0.6944,1571.7055,2112.3544,230.5019,9.1633,0.744
2015-11-26T00:23:59.758Z,1019.9496,1486.3711,229.7344,6.4698,0.6861,1036.7492,1483.125,228.1737,6.4993,0.6988,1572.6961,2108.2856,230.1532,9.16,0.7454
2015-11-26T00:24:59.108Z,1011.8029,1486.2145,230.1019,6.4581,0.681,1038.74,1496.6662,229.3524,6.5255,0.694,1568.0974,2119.6972,231.159,9.1692,0.7393
2015-11-26T00:25:59.418Z,993.13,1475.3322,229.8924,6.4173,0.6729,1020.0861,1474.9498,229.3334,6.4314,0.6918,1560.7638,2112.4036,231.3976,9.1288,0.7384
2015-11-26T00:26:59.595Z,947.7984,1428.0132,229.7104,6.2167,0.6638,980.5406,1445.9051,229.2423,6.3067,0.6787,1499.014,2057.5234,230.9782,8.9077,0.7282
2015-11-26T00:27:59.906Z,949.1113,1418.1257,229.6226,6.1757,0.6693,976.2134,1445.6158,229.0162,6.3116,0.675,1484.5663,2035.8208,230.6437,8.8266,0.7296
2015-11-26T00:28:59.331Z,953.5607,1432.2951,230.3978,6.2169,0.6658,979.6479,1447.1081,228.9103,6.3213,0.6775,1497.6607,2048.669,230.8481,8.8742,0.7311
2015-11-26T00:29:59.842Z,952.4776,1434.9181,231.4967,6.1984,0.6638,967.737,1455.5211,229.3263,6.3462,0.6646,1476.7699,2032.7719,231.0142,8.7987,0.7267
2015-11-26T00:30:59.230Z,968.8857,1444.1174,231.9943,6.2245,0.6706,966.4344,1471.7853,229.6766,6.4075,0.6569,1460.5603,2009.9483,230.3326,8.726,0.7272
2015-11-26T00:31:59.481Z,964.959,1453.9108,232.2586,6.2598,0.6638,961.2112,1461.4308,229.5227,6.3668,0.6572,1477.3744,2027.822,231.1501,8.7724,0.7288
2015-11-26T00:32:59.767Z,950.1144,1455.6094,231.4512,6.2889,0.6529,956.8346,1429.5493,228.4563,6.2572,0.6699,1511.649,2056.9031,232.0538,8.8629,0.7348
2015-11-26T00:33:59.721Z,966.656,1469.8392,231.0686,6.361,0.6576,944.0086,1418.651,228.3311,6.2129,0.6653,1517.6136,2042.1538,231.276,8.8294,0.7429
2015-11-26T00:34:59.063Z,975.8668,1467.7192,231.1725,6.349,0.665,956.4868,1433.9847,228.4988,6.2757,0.6669,1510.5443,2036.5072,230.9573,8.8172,0.742
2015-11-26T00:35:59.318Z,980.1954,1462.0814,230.9112,6.3308,0.671,967.2733,1440.4088,228.5167,6.303,0.6714,1509.3967,2032.2466,230.3886,8.8201,0.7431
2015-11-26T00:36:59.991Z,982.9866,1465.8465,231.223,6.3387,0.6705,971.5042,1452.8303,228.8496,6.3482,0.6681,1507.0997,2035.5701,230.7719,8.8205,0.7399
2015-11-26T00:37:59.440Z,991.0252,1476.5273,231.6817,6.3727,0.6709,984.0723,1468.6895,229.1582,6.409,0.67,1512.2866,2048.7076,231.3472,8.8551,0.7381
2015-11-26T00:38:59.935Z,1018.5832,1478.1511,231.2669,6.3914,0.6891,1029.8926,1514.2226,230.0878,6.5803,0.6802,1518.7373,2060.8487,230.7262,8.932,0.7369
2015-11-26T00:39:59.233Z,1013.2732,1476.1078,231.4789,6.3764,0.6864,1009.6214,1498.1999,229.5898,6.5255,0.6733,1506.717,2039.2906,230.4322,8.8497,0.7397
2015-11-26T00:40:59.878Z,1013.8943,1472.4951,231.2463,6.3675,0.6882,1016.2946,1502.5421,229.5353,6.5455,0.6765,1506.3284,2038.3184,230.2842,8.8509,0.7399
2015-11-26T00:41:59.257Z,1004.7861,1470.2399,230.6139,6.3749,0.6836,1014.0861,1479.4367,229.1494,6.4566,0.6852,1531.9991,2063.2423,230.6903,8.9432,0.7426
2015-11-26T00:42:59.523Z,998.6627,1467.0126,230.0719,6.3763,0.6811,1008.711,1466.8536,228.9653,6.4062,0.6872,1537.8513,2065.7661,230.5392,8.96,0.7437
2015-11-26T00:43:59.794Z,1004.7074,1464.2221,230.3871,6.3554,0.6863,1012.1001,1480.5771,229.2952,6.4573,0.6832,1520.5528,2047.604,230.1903,8.8951,0.7417
2015-11-26T00:44:59.078Z,1007.9819,1470.0251,230.8,6.3691,0.6849,1014.0162,1486.7722,229.5638,6.4762,0.6825,1522.9003,2053.1857,230.4397,8.9096,0.7409
2015-11-26T00:45:59.551Z,1000.9382,1461.2884,230.8123,6.3308,0.685,1035.0161,1498.2099,229.5164,6.5273,0.691,1531.4912,2075.7763,230.8574,8.9912,0.7371
2015-11-26T00:46:59.784Z,57.0191,173.4811,231.2543,0.7531,0.0743,61.0078,165.6484,232.0223,0.7151,0.081,199.2402,270.0082,233.1073,1.1626,0.75
2015-11-26T00:47:59.131Z,298.9656,567.8219,229.9094,2.4752,0.2643,353.2643,646.1858,230.402,2.8136,0.2861,430.6756,712.7384,231.9972,3.0789,0.683
2015-11-26T00:48:59.632Z,4.2561,99.7995,230.8536,0.4317,0.0408,4.4699,89.9232,231.1364,0.389,0.0513,336.2035,394.33,231.9171,1.7021,0.8178
2015-11-26T00:49:59.984Z,1081.335,1528.4994,230.1658,6.6394,0.7077,1141.433,1591.9126,230.1418,6.9178,0.7084,1590.6288,2144.1751,230.4169,9.3063,0.7426
2015-11-26T00:50:59.282Z,1087.0367,1512.2299,230.4891,6.5609,0.7189,1155.8622,1613.2713,230.2307,7.0068,0.7169,1599.5247,2162.1589,230.6081,9.3752,0.7392
2015-11-26T00:51:59.583Z,1035.5277,1474.3023,230.7668,6.3887,0.7021,1092.3279,1554.5587,229.7663,6.7654,0.7026,1552.6409,2111.3072,230.501,9.1594,0.735
2015-11-26T00:52:59.080Z,1120.6722,1551.4017,230.736,6.7235,0.7218,1158.1561,1615.8181,229.7956,7.0315,0.7169,1624.0737,2165.9456,230.6315,9.3912,0.7493
2015-11-26T00:53:59.491Z,1031.1574,1480.2431,230.3202,6.4271,0.6967,1078.9595,1543.8226,229.9284,6.7141,0.699,1547.3696,2107.684,231.1659,9.1171,0.7337
2015-11-26T00:54:59.795Z,1014.0192,1462.4146,230.174,6.3529,0.694,1064.6509,1529.1476,229.7873,6.6543,0.696,1532.6114,2093.398,231.1918,9.0546,0.7323
2015-11-26T00:55:59.969Z,1004.4378,1447.1638,230.1002,6.289,0.6934,1059.484,1526.139,229.8962,6.6383,0.6942,1511.963,2075.5113,230.8434,8.9908,0.729
2015-11-26T00:56:59.284Z,1012.1362,1451.5608,230.3738,6.3002,0.697,1069.9991,1541.9028,230.1983,6.698,0.6933,1512.643,2078.4347,230.852,9.0028,0.7288
2015-11-26T00:57:59.500Z,1002.026,1444.713,230.5146,6.2673,0.6934,1066.8602,1535.5473,230.2657,6.6681,0.6943,1509.5098,2079.8449,230.9561,9.0052,0.7262
2015-11-26T00:58:59.740Z,996.4826,1434.6879,229.7663,6.2436,0.6942,1066.6204,1525.5227,229.9712,6.6332,0.699,1513.4603,2079.8761,230.6293,9.0177,0.7282
2015-11-26T00:59:59.011Z,1009.2381,1446.5035,229.8505,6.2933,0.6977,1061.935,1524.165,229.6136,6.638,0.697,1515.3025,2073.3749,230.6668,8.9878,0.7307
