2015-12-03T00:00:59.440Z,3.1679,101.7493,231.9129,0.4385,0.0322,4.0076,89.6233,231.4224,0.3874,0.0453,3.019,90.4579,232.3824,0.3891,0.0335
2015-12-03T00:01:59.991Z,2.7984,102.74,231.4242,0.4441,0.027,4.0702,90.6011,231.7647,0.3912,0.0443,2.4477,88.5833,232.3666,0.3811,0.028
2015-12-03T00:02:59.270Z,4.3247,104.1789,231.6083,0.4494,0.0434,3.6293,89.4026,231.1863,0.3861,0.0412,3.3493,90.119,232.2816,0.3882,0.0362
2015-12-03T00:03:59.597Z,5.3629,103.1868,231.6907,0.4452,0.0508,4.0595,91.258,231.3923,0.3948,0.0454,2.8235,89.4656,232.3929,0.3848,0.0312
2015-12-03T00:04:59.934Z,6.35,102.1652,230.9518,0.4422,0.0613,2.7883,89.7955,231.245,0.3886,0.0321,3.3683,91.3064,231.9082,0.3937,0.0375
2015-12-03T00:05:59.359Z,3.6138,104.5577,231.8321,0.4504,0.0343,3.0589,91.1611,231.5371,0.3938,0.0333,3.1874,91.2757,232.9482,0.3921,0.0351
2015-12-03T00:06:59.831Z,3.7246,104.4293,231.6936,0.4503,0.0348,2.9785,89.9573,231.6997,0.3881,0.0337,2.3979,90.3884,232.9112,0.3879,0.0274
2015-12-03T00:07:59.965Z,3.6307,103.5411,232.0937,0.4457,0.0352,3.3049,89.8296,229.4398,0.3916,0.0357,3.3601,90.7656,233.6857,0.3886,0.0367
2015-12-03T00:08:59.182Z,3.2508,105.0961,232.1518,0.4523,0.0307,3.0009,92.2266,229.4818,0.4016,0.0329,2.0729,91.7213,233.6884,0.3928,0.0219
2015-12-03T00:09:59.491Z,6.1957,103.854,232.0285,0.4474,0.0587,2.971,89.7946,232.0619,0.3869,0.0303,2.6149,89.4948,232.5044,0.3849,0.0298
2015-12-03T00:10:59.753Z,3.4881,103.1101,231.9343,0.4437,0.0347,3.9066,87.0933,231.6601,0.3764,0.0451,2.9155,91.8607,232.1364,0.3962,0.0333
2015-12-03T00:11:59.346Z,2.9209,103.1725,232.2668,0.4437,0.0295,4.2181,90.4764,231.0342,0.3915,0.0503,2.5881,90.4135,232.5721,0.3889,0.0299
2015-12-03T00:13:59.425Z,4.1145,104.608,232.4436,0.4498,0.0399,3.5503,91.6113,231.3002,0.3964,0.0386,3.0435,90.7282,232.5863,0.3902,0.0344
2015-12-03T00:14:59.673Z,5.0636,105.5341,233.3324,0.4517,0.0478,3.9027,90.9086,231.0357,0.3929,0.0426,3.1042,90.3208,233.2986,0.3875,0.0342
2015-12-03T00:15:59.984Z,4.8612,104.4647,233.6789,0.4466,0.0471,4.2758,89.724,231.4821,0.3876,0.0462,2.9246,89.914,233.3593,0.3854,0.0345
2015-12-03T00:16:59.389Z,4.8764,104.7698,233.227,0.4491,0.0466,3.1021,92.0941,231.9234,0.3968,0.0344,3.4752,92.0513,232.9121,0.3948,0.039
2015-12-03T00:17:59.260Z,4.7338,104.2435,232.9862,0.447,0.0454,2.6837,91.8391,231.5793,0.3967,0.0298,2.621,89.496,232.8342,0.3841,0.0299
2015-12-03T00:18:59.578Z,5.4791,104.2613,232.3858,0.4485,0.0531,3.5268,91.9334,231.719,0.3965,0.039,2.8015,91.5144,233.362,0.3923,0.029
2015-12-03T00:19:59.930Z,5.8335,105.5703,232.9508,0.4529,0.0558,3.2297,93.3353,232.2445,0.4021,0.0363,3.3079,91.132,233.5197,0.3899,0.0351
2015-12-03T00:20:59.615Z,4.281,104.5975,232.9147,0.4486,0.0413,3.7425,91.9103,232.4484,0.3951,0.0398,2.2912,90.787,233.6248,0.3889,0.0248
2015-12-03T00:21:59.525Z,5.1825,103.6184,232.986,0.4452,0.0508,3.8832,87.711,232.0119,0.3784,0.0447,3.5153,91.5678,233.874,0.3912,0.0393
2015-12-03T00:22:59.751Z,4.3987,106.5329,233.1952,0.4567,0.0419,2.9389,92.1532,231.9246,0.3973,0.0332,2.8665,91.2635,233.9473,0.39,0.0318
2015-12-03T00:23:59.036Z,4.3027,105.9257,233.0598,0.4547,0.0401,3.4398,92.9498,232.0124,0.4007,0.0383,2.8353,89.6783,233.7367,0.3836,0.0317
2015-12-03T00:24:59.532Z,2.8409,105.1941,232.863,0.452,0.0266,3.8313,91.9771,231.746,0.3968,0.0421,2.7284,94.4154,233.7459,0.4041,0.0296
2015-12-03T00:25:59.089Z,3.689,107.6027,232.7889,0.462,0.0334,3.5309,91.3719,231.201,0.3952,0.0388,2.508,90.5187,233.5329,0.3878,0.028
2015-12-03T00:26:59.411Z,5.3303,106.1356,232.634,0.456,0.0498,4.1195,89.8639,231.4162,0.3882,0.0452,3.1975,91.0617,233.7309,0.3892,0.0356
2015-12-03T00:27:59.855Z,5.7659,106.3161,232.5482,0.4572,0.0548,3.4203,89.7472,231.6155,0.3874,0.0387,2.0489,91.5714,233.6263,0.3913,0.0238
2015-12-03T00:28:59.449Z,5.5338,103.4582,232.062,0.4457,0.054,3.5532,89.628,231.2369,0.3872,0.0404,3.513,92.7638,233.3833,0.3978,0.0387
2015-12-03T00:29:59.799Z,4.7114,104.542,232.4084,0.4498,0.0452,3.8812,92.3248,231.1449,0.3991,0.0432,2.9607,91.4977,233.12,0.3933,0.0324
2015-12-03T00:30:59.395Z,2.2884,105.6851,232.3673,0.4549,0.0218,4.4238,89.3808,231.1898,0.3863,0.0535,2.6451,90.9482,232.9342,0.3904,0.0309
2015-12-03T00:31:59.564Z,5.938,103.1524,231.9278,0.4447,0.0566,3.5615,89.461,231.3145,0.3869,0.0387,3.2022,89.8402,232.7922,0.3857,0.0366
2015-12-03T00:32:59.850Z,5.8543,104.0431,231.6653,0.4485,0.0562,3.5682,91.4203,231.4464,0.3951,0.0388,3.5845,91.2604,232.8968,0.3911,0.039
2015-12-03T00:33:59.221Z,4.8256,105.4162,231.4803,0.4556,0.046,4.1496,92.6842,231.595,0.4003,0.045,3.1962,91.6819,232.7788,0.3934,0.0346
2015-12-03T00:34:59.999Z,5.1909,104.4427,232.2537,0.4495,0.0499,2.7846,88.628,231.8752,0.3818,0.03,2.8686,92.4462,232.1487,0.3987,0.0314
2015-12-03T00:35:59.177Z,5.4478,103.9584,232.4691,0.4467,0.0539,3.3582,92.2054,232.7299,0.3962,0.035,2.8892,91.0662,231.789,0.393,0.0317
2015-12-03T00:36:59.323Z,5.9389,104.0979,232.5169,0.4473,0.0567,3.7474,90.5633,232.587,0.3896,0.0413,3.0018,91.4523,231.5,0.3944,0.0345
2015-12-03T00:37:59.553Z,5.2056,105.5458,233.2662,0.4521,0.0505,2.9457,90.1675,232.7818,0.3873,0.0331,3.3713,92.8641,232.474,0.3998,0.0365
2015-12-03T00:38:59.109Z,4.6459,103.6012,233.6873,0.443,0.0448,3.7119,91.5999,233.036,0.393,0.0401,3.0439,91.003,232.6528,0.3911,0.0327
2015-12-03T00:39:59.100Z,4.1354,104.6464,234.5609,0.4454,0.039,3.1351,91.4799,232.2722,0.3941,0.033,3.6119,90.4529,232.8603,0.3887,0.0403
2015-12-03T00:40:59.378Z,5.8165,104.1487,234.3002,0.4447,0.058,3.4573,91.399,232.4495,0.3934,0.0421,4.2376,87.4583,233.0864,0.3751,0.0493
2015-12-03T00:41:59.652Z,5.2995,105.8679,233.9482,0.4523,0.0512,3.6756,92.3769,232.1598,0.3976,0.0402,2.7064,91.3546,232.8647,0.3922,0.0301
2015-12-03T00:42:59.016Z,4.275,102.9823,234.0482,0.44,0.0428,4.1064,93.1093,231.8462,0.4019,0.0448,3.2258,90.5606,232.6407,0.3896,0.0344
2015-12-03T00:43:59.384Z,3.1875,101.1684,233.6935,0.4322,0.0314,3.7507,88.8711,232.2415,0.3825,0.0422,3.5832,90.9399,232.3331,0.3918,0.04
2015-12-03T00:44:59.881Z,3.5359,105.7001,234.2726,0.4512,0.0336,3.2258,91.104,233.1383,0.3905,0.0359,3.0465,92.4559,232.2117,0.3977,0.0327
2015-12-03T00:45:59.388Z,5.4531,105.0478,234.1508,0.4485,0.0538,4.0238,90.6475,233.1142,0.3889,0.0447,3.0171,88.2992,232.1309,0.3804,0.0365
2015-12-03T00:46:59.783Z,5.2238,105.8739,234.482,0.4516,0.0511,4.6655,91.058,233.4683,0.3902,0.0511,3.3326,89.842,232.4396,0.3868,0.0358
2015-12-03T00:47:59.762Z,5.4548,106.6355,234.3921,0.4549,0.0531,3.0366,91.5107,233.3395,0.3918,0.0338,2.5827,90.0627,232.0486,0.3882,0.0292
2015-12-03T00:48:59.213Z,4.1784,104.1743,233.9706,0.4452,0.0413,4.2331,91.0038,233.446,0.3899,0.0469,3.2141,89.9504,232.198,0.3871,0.0377
2015-12-03T00:49:59.493Z,3.3567,106.276,234.008,0.4539,0.0322,3.6046,91.5485,233.4416,0.3925,0.0413,2.6612,91.2399,232.1342,0.3935,0.0282
2015-12-03T00:50:59.721Z,3.1707,104.1814,233.7111,0.4459,0.0299,3.0978,92.6748,233.2329,0.3973,0.0352,3.4064,90.7827,232.2713,0.391,0.0378
2015-12-03T00:51:59.989Z,4.4978,102.887,233.2212,0.4413,0.0445,3.3635,89.9544,233.1907,0.3857,0.0374,3.096,92.9473,232.1313,0.4004,0.0345
2015-12-03T00:52:59.808Z,4.1391,102.4268,232.8563,0.4398,0.0408,3.4796,92.0518,232.523,0.3962,0.0365,3.3238,91.6205,231.471,0.3954,0.0376
2015-12-03T00:53:59.337Z,5.7322,105.3831,232.2458,0.453,0.0536,3.1072,91.2957,232.2673,0.3937,0.0348,3.1704,90.7888,232.2567,0.3913,0.0343
2015-12-03T00:54:59.914Z,5.4392,104.9223,232.3048,0.4513,0.052,3.5438,93.2177,231.9767,0.4014,0.0367,2.7378,91.9455,233.0312,0.3951,0.0289
2015-12-03T00:55:59.250Z,2.9058,104.9858,232.2317,0.4517,0.0259,3.7041,90.3281,231.8459,0.3896,0.0456,2.4896,91.0069,232.9762,0.3907,0.0274
2015-12-03T00:56:59.802Z,3.6654,104.0554,232.2746,0.4483,0.0361,3.8293,90.9467,232.3258,0.3911,0.0428,3.2732,93.2326,233.2536,0.3989,0.0359
2015-12-03T00:57:59.420Z,5.0154,104.296,231.7672,0.4499,0.05,2.9447,92.389,232.5168,0.3968,0.0314,3.1801,90.2994,233.056,0.3876,0.0354
2015-12-03T00:58:59.688Z,5.9892,104.7901,232.1044,0.4507,0.0566,3.2537,93.1467,232.8607,0.3993,0.0343,3.4249,91.3199,233.2144,0.3915,0.037
2015-12-03T00:59:59.082Z,5.6248,104.9912,232.3848,0.4521,0.0556,4.0901,92.8756,232.3882,0.3999,0.0439,2.5848,88.8106,232.9809,0.3812,0.029
