2015-12-31T00:00:59.132Z,3.211,125.1149,230.3298,0.5429,0.0262,4.1359,113.4636,231.5228,0.4897,0.0402,15.4149,118.7948,233.5922,0.5084,0.0932
2015-12-31T00:01:59.688Z,4.5491,129.5603,230.2062,0.5625,0.0352,4.6647,114.5022,231.2158,0.4954,0.043,3.8035,111.789,233.3966,0.4786,0.0336
2015-12-31T00:02:59.020Z,5.0487,128.535,229.911,0.5591,0.0402,4.509,113.2714,231.1106,0.4906,0.038,4.7272,113.8764,233.1016,0.4887,0.0424
2015-12-31T00:03:59.287Z,4.6247,128.3745,231.0103,0.5551,0.0353,3.373,111.8464,230.8265,0.4848,0.0307,2.4129,113.9089,233.4263,0.4875,0.0219
2015-12-31T00:04:59.596Z,4.2859,129.1805,230.8542,0.5595,0.034,5.0137,111.6962,230.6782,0.4843,0.0438,2.8079,112.9154,233.3101,0.4845,0.0265
2015-12-31T00:05:59.903Z,3.8408,128.0774,231.2943,0.5537,0.0293,3.9743,108.8822,230.7878,0.472,0.0412,3.3865,111.59,232.8975,0.4796,0.0313
2015-12-31T00:06:59.426Z,3.6744,130.4213,231.4066,0.5637,0.0287,3.9681,111.5657,229.721,0.4858,0.0347,3.0453,111.2797,232.9688,0.478,0.0283
2015-12-31T00:07:59.763Z,5.6616,129.1877,231.3758,0.558,0.0437,2.2978,109.5501,227.6104,0.4813,0.023,3.795,115.2355,233.7395,0.4933,0.0317
2015-12-31T00:08:59.303Z,4.9868,128.8856,231.1037,0.5573,0.0392,3.6449,115.8782,230.3802,0.5032,0.0317,3.6994,112.563,232.8444,0.483,0.0329
2015-12-31T00:09:59.493Z,4.356,129.1156,230.4356,0.5601,0.0323,3.8533,113.4771,230.424,0.4929,0.0352,20.4389,123.3125,232.9652,0.5293,0.123
2015-12-31T00:10:59.926Z,3.5155,126.7281,230.3573,0.5498,0.0286,4.3475,110.9754,229.9653,0.4825,0.0398,47.5048,136.7057,233.2349,0.5857,0.2741
2015-12-31T00:11:59.184Z,4.6236,127.6221,230.6066,0.5531,0.0356,4.3447,109.2148,230.6424,0.4736,0.0425,4.1252,114.0272,233.4133,0.4889,0.0376
2015-12-31T00:12:59.698Z,3.8762,129.2251,230.7685,0.5599,0.0308,4.6223,113.7492,230.2721,0.4936,0.0405,3.8725,114.6251,233.3761,0.4913,0.0338
2015-12-31T00:13:59.209Z,5.0817,126.0174,230.7704,0.5458,0.0396,3.4829,110.9061,230.6312,0.4809,0.0312,3.5884,111.9753,233.2729,0.4803,0.0316
2015-12-31T00:14:59.547Z,4.7242,130.3267,230.9824,0.5642,0.0363,4.3424,110.7316,231.3031,0.4788,0.039,3.4164,114.8513,233.7103,0.4916,0.0313
2015-12-31T00:15:59.863Z,4.1605,131.1342,230.9435,0.5676,0.0324,4.7652,115.5235,231.6663,0.4984,0.0415,3.3445,113.5562,232.9602,0.4871,0.0292
2015-12-31T00:16:59.628Z,3.858,128.1452,231.0177,0.5537,0.0299,4.7044,113.0818,232.204,0.4868,0.0436,3.2823,114.3022,233.3322,0.4898,0.0279
2015-12-31T00:17:59.426Z,4.6061,128.3354,231.2077,0.555,0.0349,4.5018,112.2516,231.9148,0.484,0.0382,2.6429,114.6764,233.0817,0.492,0.0247
2015-12-31T00:18:59.904Z,3.7174,129.9982,231.497,0.5608,0.0284,3.243,113.5322,232.3149,0.4882,0.0295,3.8162,113.3541,233.4399,0.4853,0.0324
2015-12-31T00:19:59.171Z,4.9124,130.2831,231.7068,0.5617,0.0372,4.137,114.3146,232.5731,0.4917,0.0348,4.4236,113.8592,233.6541,0.4878,0.0374
2015-12-31T00:20:59.456Z,5.0941,128.1042,231.8407,0.5524,0.0413,4.6081,111.8249,232.344,0.4818,0.0389,64.5576,148.2023,233.5345,0.6346,0.3655
2015-12-31T00:21:59.147Z,3.4271,131.3368,231.4301,0.5674,0.0254,4.4173,113.3301,232.2636,0.4878,0.0386,3.8633,112.0523,234.0408,0.4784,0.0351
2015-12-31T00:22:59.600Z,4.4872,129.3528,231.5236,0.5587,0.0342,4.3902,113.5832,232.6562,0.4883,0.0395,3.2946,112.8608,234.201,0.4818,0.0291
2015-12-31T00:23:59.264Z,4.1411,129.7639,231.019,0.5609,0.0318,3.8876,115.5807,232.4474,0.4971,0.0349,3.2787,112.6029,234.1552,0.481,0.0287
2015-12-31T00:24:59.611Z,4.4302,129.9688,230.9759,0.562,0.0345,3.673,113.8831,232.424,0.4901,0.0316,3.3015,114.3078,233.96,0.4886,0.0303
2015-12-31T00:25:59.879Z,4.4541,126.7429,231.0384,0.5474,0.0354,3.1988,109.3041,232.1303,0.4705,0.0299,2.5389,111.2502,234.3176,0.475,0.0218
2015-12-31T00:26:59.142Z,3.5142,127.4335,230.9279,0.5518,0.0278,3.8019,111.4382,232.2667,0.4799,0.0354,4.0111,113.0783,234.4991,0.4819,0.0382
2015-12-31T00:27:59.575Z,4.2281,128.4145,231.0245,0.5557,0.0329,3.7803,113.1501,232.2025,0.4877,0.033,2.9427,113.0457,234.8102,0.4812,0.0268
2015-12-31T00:28:59.313Z,5.4502,129.8973,230.8637,0.5625,0.042,3.881,112.172,231.9758,0.4832,0.0353,23.4325,128.2723,234.1069,0.5477,0.1382
2015-12-31T00:29:59.493Z,628.8053,1022.4908,229.7183,4.4564,0.4662,661.8771,1049.7503,231.1807,4.5496,0.4766,1107.4816,1566.9874,231.5654,6.7827,0.7102
2015-12-31T00:30:59.735Z,958.8431,1424.2608,229.423,6.2068,0.673,1014.0842,1491.5153,230.5739,6.4683,0.6792,1514.1896,2111.936,230.7606,9.1516,0.7167
2015-12-31T00:31:59.168Z,987.7272,1442.3885,229.3742,6.2874,0.6849,1049.7116,1521.294,230.8853,6.5887,0.6899,1533.4323,2127.8533,230.4608,9.2325,0.7205
2015-12-31T00:32:59.564Z,966.5724,1434.2868,229.3486,6.2537,0.674,1025.6105,1496.2409,230.7046,6.4855,0.6852,1526.5767,2117.7764,230.4807,9.188,0.7208
2015-12-31T00:33:59.848Z,984.1854,1452.1594,229.8646,6.3174,0.6777,1037.5449,1508.8494,230.5814,6.5437,0.6877,1542.5828,2130.4024,230.6141,9.2376,0.7242
2015-12-31T00:34:59.999Z,1005.391,1463.7003,230.3392,6.3539,0.6871,1053.4385,1537.5489,230.5579,6.6682,0.6853,1537.2745,2121.9172,230.4965,9.2052,0.7246
2015-12-31T00:35:59.951Z,1015.7236,1484.0241,230.5319,6.4368,0.6842,1047.3263,1522.9923,229.7393,6.6288,0.6874,1558.6757,2130.52,230.9231,9.2257,0.7314
2015-12-31T00:36:59.188Z,1027.724,1498.0061,230.6905,6.4932,0.6859,1043.4197,1522.4803,229.4067,6.6364,0.6856,1564.0316,2125.2794,230.9275,9.2032,0.7355
2015-12-31T00:37:59.515Z,1028.8457,1498.509,230.9808,6.4872,0.6867,1044.5738,1526.9282,229.4688,6.6537,0.684,1558.5134,2116.921,230.9308,9.1661,0.7369
2015-12-31T00:38:59.912Z,1029.9302,1497.4839,230.7358,6.4898,0.688,1050.2778,1530.1433,229.5127,6.6664,0.6863,1553.6719,2112.1668,230.7394,9.1533,0.7358
2015-12-31T00:39:59.711Z,1013.8815,1494.6298,230.5726,6.4815,0.6784,1026.803,1504.7642,229.3306,6.5608,0.6823,1560.3861,2115.9306,231.1605,9.1525,0.7378
2015-12-31T00:40:59.058Z,996.2291,1473.5362,230.421,6.3942,0.6756,1026.107,1500.5024,229.2461,6.5456,0.6834,1543.6127,2106.5499,231.002,9.1191,0.7326
2015-12-31T00:41:59.403Z,999.9789,1472.1976,230.5864,6.3842,0.6797,1024.4714,1508.1954,229.3672,6.5749,0.6794,1529.1793,2091.0673,230.8508,9.0569,0.7314
2015-12-31T00:42:59.722Z,968.8117,1451.2251,230.7536,6.2889,0.6671,976.9637,1469.555,229.084,6.4148,0.6646,1491.3223,2050.1594,230.8679,8.8794,0.727
2015-12-31T00:43:59.973Z,929.1231,1398.6406,230.0457,6.0794,0.6646,968.9322,1459.0598,229.5339,6.3567,0.6636,1452.8911,2027.7008,230.5406,8.7951,0.7171
2015-12-31T00:44:59.341Z,905.1046,1383.7806,229.7756,6.0218,0.6539,954.5069,1441.3164,229.586,6.2779,0.6621,1443.3211,2022.6818,230.9809,8.7566,0.7131
2015-12-31T00:45:59.589Z,918.4999,1394.2653,229.8513,6.0651,0.6587,970.9272,1454.7954,229.6968,6.3336,0.6677,1459.1201,2038.7119,231.1433,8.8197,0.7168
2015-12-31T00:46:59.523Z,927.5142,1397.1671,230.0348,6.0731,0.6636,985.7009,1471.6145,229.8446,6.402,0.6694,1458.3942,2043.4334,231.3876,8.8304,0.7135
2015-12-31T00:47:59.858Z,913.7993,1380.5497,230.2691,5.9943,0.6621,971.9468,1469.086,230.0107,6.3868,0.6612,1425.2695,2014.3842,231.1932,8.712,0.7082
2015-12-31T00:48:59.686Z,927.1153,1385.0576,229.8875,6.0242,0.6694,996.859,1486.1221,230.1776,6.4558,0.6708,1445.0562,2035.4974,231.1953,8.8036,0.7102
2015-12-31T00:49:59.028Z,933.1543,1390.8089,229.581,6.0572,0.6713,1007.6122,1492.4978,230.5009,6.4742,0.6752,1457.7467,2048.9809,231.5465,8.8486,0.7106
2015-12-31T00:50:59.797Z,909.0573,1378.9787,229.7687,6.0012,0.6592,986.0402,1469.4308,230.5518,6.3738,0.6711,1444.4244,2040.5142,231.4642,8.8149,0.7086
2015-12-31T00:51:59.143Z,937.6634,1404.4521,230.4671,6.0934,0.6676,997.2621,1486.6578,230.1811,6.4582,0.6712,1462.0387,2048.078,231.4975,8.8463,0.7134
2015-12-31T00:52:59.532Z,937.0974,1418.3314,230.6288,6.1493,0.6606,966.0606,1457.571,229.3746,6.354,0.6632,1464.5612,2032.2512,231.6653,8.772,0.7203
2015-12-31T00:53:59.769Z,948.0008,1425.4739,230.4888,6.1842,0.6651,981.8111,1464.6713,229.3679,6.3858,0.6697,1486.2403,2052.0326,231.6099,8.8593,0.7243
2015-12-31T00:54:59.319Z,939.8757,1422.4093,230.6143,6.1675,0.6602,971.0702,1459.8233,229.5894,6.3579,0.6653,1478.172,2045.3876,231.6275,8.8302,0.7227
2015-12-31T00:55:59.754Z,968.6838,1442.8069,230.8581,6.2488,0.6713,980.6399,1474.8752,229.5154,6.4257,0.665,1480.9764,2035.193,230.9884,8.8103,0.7276
2015-12-31T00:56:59.443Z,69.6316,218.9533,232.2009,0.9452,0.0802,65.0426,204.4088,230.4544,0.889,0.076,201.4823,287.2992,233.49,1.2366,0.6881
2015-12-31T00:57:59.726Z,369.1616,732.9912,231.0848,3.1764,0.3126,408.3963,783.0606,229.6548,3.4174,0.3361,511.3326,904.7486,232.5009,3.8973,0.6171
2015-12-31T00:59:59.271Z,438.5565,695.7092,230.8564,3.0213,0.3066,464.6637,731.1216,230.0663,3.1887,0.314,841.5313,1116.201,232.013,4.8299,0.7566
2015-12-31T01:00:59.569Z,1038.4014,1480.7183,229.777,6.4429,0.7017,1103.5087,1570.8603,230.1211,6.826,0.7026,1563.9639,2143.1728,231.0163,9.2764,0.7294
2015-12-31T01:01:59.851Z,994.808,1438.3907,229.1897,6.2756,0.6916,1092.6531,1560.5804,231.1501,6.7511,0.7007,1532.1647,2133.5676,231.2453,9.2261,0.7179
2015-12-31T01:02:59.656Z,918.5971,1383.4734,229.6279,6.0247,0.6642,1026.7378,1506.446,231.4409,6.5087,0.6813,1464.5815,2086.871,231.8675,8.9993,0.7017
2015-12-31T01:03:59.879Z,894.0722,1360.5749,229.8938,5.9171,0.6572,999.1161,1484.8267,231.0986,6.4249,0.6726,1433.4658,2054.5488,231.6586,8.8687,0.6978
2015-12-31T01:04:59.144Z,905.7105,1375.0394,230.8036,5.9572,0.6586,1002.2076,1499.2116,231.0492,6.4881,0.6685,1436.5103,2063.5226,232.341,8.8809,0.6964
2015-12-31T01:05:59.637Z,938.5663,1395.3696,231.2024,6.0345,0.6732,1028.8359,1521.8737,230.8559,6.5918,0.6766,1456.5465,2072.2718,231.7541,8.9412,0.7033
2015-12-31T01:06:59.888Z,969.278,1421.1484,230.8604,6.1556,0.6817,1066.148,1542.8574,230.8796,6.6827,0.6913,1502.6802,2110.2375,231.5975,9.1111,0.7117
2015-12-31T01:07:59.358Z,955.1203,1413.2109,231.024,6.1167,0.676,1037.8779,1527.5426,230.7864,6.6181,0.6794,1477.5157,2083.5278,231.6629,8.9936,0.7083
2015-12-31T01:08:59.831Z,930.4028,1395.3418,231.1982,6.0354,0.6668,1007.4776,1504.0413,230.821,6.5159,0.6697,1446.2147,2053.9089,231.6391,8.8663,0.7041
2015-12-31T01:09:59.535Z,946.5381,1401.0512,230.6539,6.0736,0.6756,1030.7638,1518.0128,230.8443,6.5753,0.6791,1465.9372,2069.3769,231.3972,8.9428,0.7075
2015-12-31T01:10:59.245Z,994.411,1442.52,230.7038,6.2522,0.6896,1065.6912,1538.5682,230.2083,6.6826,0.6927,1515.0752,2099.8393,231.1909,9.0821,0.7204
2015-12-31T01:11:59.035Z,976.4778,1435.4516,230.8041,6.2188,0.6809,1047.3466,1526.7468,230.4858,6.6237,0.6861,1505.7832,2098.4842,231.5591,9.062,0.7174
2015-12-31T01:12:59.226Z,946.3617,1413.8052,230.6716,6.1291,0.6694,1006.4169,1495.1199,230.5002,6.4865,0.6731,1470.1474,2059.9881,231.4638,8.8994,0.7145
2015-12-31T01:13:59.726Z,963.1627,1423.5992,230.2963,6.1815,0.6764,1017.0581,1494.0981,229.784,6.5022,0.6805,1488.7941,2066.2726,231.1959,8.9371,0.7203
2015-12-31T01:14:59.320Z,1009.884,1456.9801,230.4933,6.3207,0.693,1064.6596,1536.2322,229.847,6.6837,0.6931,1529.5953,2101.3246,231.0344,9.0945,0.7283
2015-12-31T01:15:59.519Z,1013.6862,1466.0223,230.8578,6.3501,0.6914,1057.2549,1536.0812,229.8567,6.6827,0.6881,1527.3931,2094.95,231.0012,9.0687,0.7294
2015-12-31T01:16:59.809Z,973.2721,1433.9892,230.73,6.2145,0.6788,1014.7653,1497.2281,229.8116,6.5143,0.678,1488.3528,2058.7188,230.8399,8.9176,0.7219
2015-12-31T01:17:59.196Z,982.6233,1434.7193,230.7571,6.2172,0.6848,1023.3483,1505.6934,229.7355,6.5537,0.6796,1488.4067,2055.3584,230.4821,8.917,0.7242
2015-12-31T01:18:59.181Z,1031.8482,1474.6578,230.8946,6.3863,0.7001,1067.4423,1547.5644,229.5834,6.7401,0.6897,1525.0383,2083.9321,230.6546,9.0343,0.7312
2015-12-31T01:19:59.566Z,1028.1554,1480.5533,230.6002,6.42,0.6943,1068.4089,1532.0343,229.1057,6.6864,0.6978,1553.86,2109.8104,230.905,9.1362,0.7373
2015-12-31T01:20:59.955Z,984.8766,1440.487,230.5174,6.2487,0.6838,1028.6009,1502.7286,229.2801,6.5537,0.6842,1503.1824,2067.3082,230.7652,8.9581,0.7276
2015-12-31T01:21:59.493Z,986.0092,1451.4724,230.7137,6.2906,0.6789,1016.32,1490.3519,228.9331,6.5094,0.6817,1512.9785,2072.389,231.1764,8.9636,0.7303
2015-12-31T01:22:59.867Z,1037.6406,1502.4511,231.1853,6.4981,0.6903,1047.285,1515.7379,228.6909,6.6276,0.6906,1559.5524,2102.3266,231.1862,9.0922,0.7416
2015-12-31T01:23:59.688Z,1054.0819,1510.8018,231.2765,6.5318,0.6975,1074.524,1551.531,229.6263,6.7566,0.6922,1563.4993,2115.7071,231.3135,9.146,0.7385
2015-12-31T01:24:59.073Z,1002.5588,1462.5816,230.5722,6.3421,0.6852,1034.6934,1516.3345,229.7229,6.5998,0.6819,1515.6102,2081.4558,231.6688,8.9844,0.7282
2015-12-31T01:25:59.335Z,987.0002,1441.35,230.7859,6.2451,0.6849,1043.6417,1526.033,230.4119,6.6229,0.6838,1500.2429,2082.1256,231.5454,8.9919,0.7203
2015-12-31T01:26:59.568Z,1025.9027,1470.0007,229.9587,6.3921,0.6976,1084.9304,1552.3658,230.2736,6.7408,0.699,1545.4657,2114.1531,231.3799,9.1362,0.7309
2015-12-31T01:27:59.389Z,1056.4852,1499.47,230.5572,6.5026,0.704,1101.0634,1575.8136,230.6251,6.8333,0.6988,1562.4721,2125.1737,231.1653,9.1929,0.7355
2015-12-31T01:28:59.860Z,1016.6786,1466.1372,230.9343,6.3479,0.6937,1056.8886,1547.8853,230.7269,6.708,0.6831,1512.3691,2086.1457,231.0988,9.0264,0.7248
2015-12-31T01:29:59.160Z,1005.1206,1457.9129,231.0579,6.309,0.6896,1047.441,1540.4296,230.9815,6.6684,0.6797,1503.3249,2078.0258,231.2037,8.987,0.7229
2015-12-31T01:30:59.783Z,1030.4304,1474.3748,230.9246,6.3836,0.6987,1086.6212,1569.3456,230.8162,6.7988,0.692,1533.8972,2110.8923,231.099,9.1338,0.7269
2015-12-31T01:31:59.095Z,1053.4926,1492.7925,230.7343,6.4694,0.7057,1118.8112,1595.0851,231.219,6.8982,0.7015,1563.8716,2140.7457,231.1289,9.2616,0.7302
2015-12-31T01:32:59.343Z,1030.7422,1480.0317,231.0366,6.4052,0.6961,1068.573,1555.3299,230.8133,6.7382,0.6869,1528.1358,2098.0377,230.7892,9.0906,0.7277
2015-12-31T01:33:59.601Z,1021.4553,1462.5897,230.9922,6.3316,0.6983,1050.4969,1544.1954,230.7716,6.6907,0.6804,1498.7046,2058.1099,229.8284,8.9542,0.7289
2015-12-31T01:34:59.442Z,1061.3852,1511.9176,231.8529,6.5206,0.7019,1049.5342,1530.2806,229.1749,6.6763,0.6862,1549.1792,2070.2866,228.8739,9.0437,0.7478
2015-12-31T01:35:59.574Z,1063.9554,1522.5337,230.9723,6.5913,0.6983,1092.6201,1541.2712,228.3568,6.7489,0.7087,1607.0619,2145.66,230.7563,9.2974,0.7497
2015-12-31T01:36:59.765Z,1040.1112,1479.5304,230.7788,6.4104,0.7027,1090.5702,1567.9444,230.6017,6.7991,0.6954,1543.8726,2110.2193,230.7011,9.1461,0.732
2015-12-31T01:37:59.088Z,1013.1936,1456.9902,230.9267,6.3093,0.6956,1066.8467,1545.2007,230.4893,6.7032,0.6905,1515.2141,2085.2764,230.541,9.0445,0.7275
2015-12-31T01:38:59.340Z,1037.9812,1479.9451,231.4008,6.3952,0.7011,1083.6464,1563.7359,230.218,6.792,0.6928,1535.0299,2098.512,230.3622,9.1093,0.7314
2015-12-31T01:39:59.642Z,1080.1404,1516.6677,231.3379,6.5558,0.7126,1118.4423,1589.2563,229.7503,6.9171,0.7036,1580.6304,2130.8752,230.1114,9.2597,0.7412
2015-12-31T01:40:59.992Z,1060.8474,1507.184,231.6017,6.5068,0.7033,1087.4847,1560.5023,229.579,6.7966,0.697,1565.9876,2114.4411,230.2092,9.1841,0.74
2015-12-31T01:41:59.285Z,1018.0616,1477.2424,231.3537,6.3842,0.6893,1054.6246,1529.1807,229.9002,6.6512,0.6896,1537.4085,2095.164,230.4571,9.0906,0.7329
2015-12-31T01:42:59.226Z,1044.9213,1504.6878,231.5475,6.4983,0.6949,1058.8842,1536.4796,229.7409,6.6872,0.6888,1558.9496,2105.6022,230.7815,9.1229,0.74
2015-12-31T01:43:59.530Z,1094.5073,1540.1417,231.4079,6.6557,0.7102,1103.2661,1578.7068,230.1476,6.859,0.6992,1592.6168,2132.4449,230.2606,9.2603,0.7477
2015-12-31T01:44:59.078Z,1081.1364,1526.2134,231.1794,6.601,0.7081,1088.1322,1567.3619,230.0716,6.8122,0.6948,1571.8443,2109.762,229.8992,9.1763,0.7451
2015-12-31T01:45:59.629Z,373.2108,614.8395,232.3274,2.6531,0.2701,369.2889,613.4692,231.3065,2.6634,0.2642,619.2024,844.3314,231.8624,3.6641,0.7129
2015-12-31T01:46:59.896Z,347.8948,693.4126,231.6632,3.0073,0.2867,360.0719,680.8562,231.0886,2.9574,0.291,448.0358,766.1132,231.5532,3.3197,0.6393
2015-12-31T01:47:59.124Z,3.9783,128.1444,232.6024,0.5507,0.0306,4.2398,111.9987,231.3954,0.4835,0.036,179.064,238.9131,231.8481,1.0309,0.7187
2015-12-31T01:48:59.024Z,701.4144,1035.4032,231.7761,4.475,0.4466,705.1633,1031.139,230.5464,4.4838,0.445,1211.9569,1566.9292,230.421,6.8122,0.801
2015-12-31T01:49:59.470Z,1206.953,1630.0617,231.114,7.0523,0.7401,1220.9421,1682.6142,229.885,7.3184,0.7257,1692.8534,2224.2756,229.7954,9.6791,0.7607
2015-12-31T01:50:59.666Z,1151.8393,1586.859,231.077,6.8663,0.7262,1180.335,1649.201,230.308,7.1604,0.7154,1650.4898,2198.1797,230.3508,9.542,0.751
2015-12-31T01:51:59.401Z,1079.1953,1516.8316,231.8675,6.542,0.7115,1098.7582,1595.3219,230.6279,6.9167,0.6887,1549.5217,2106.8133,229.7792,9.1681,0.7354
2015-12-31T01:52:59.662Z,1188.461,1617.1578,231.7904,6.9768,0.7347,1187.1874,1668.528,230.3682,7.2422,0.7119,1658.6864,2187.7286,229.4766,9.5328,0.7587
2015-12-31T01:53:59.979Z,1187.0272,1608.8184,231.2391,6.9574,0.738,1189.6468,1665.9179,229.937,7.2447,0.7141,1652.4437,2178.5411,229.1416,9.5068,0.7594
2015-12-31T01:54:59.263Z,1150.1263,1586.2282,230.7206,6.8743,0.7248,1181.6888,1641.1665,229.9212,7.1375,0.7199,1659.7874,2201.897,230.418,9.5554,0.7533
2015-12-31T01:55:59.776Z,1117.2086,1553.1023,230.3311,6.7426,0.719,1151.4569,1612.1886,229.7212,7.0177,0.714,1623.3603,2167.4344,230.0203,9.4224,0.749
2015-12-31T01:56:59.209Z,1068.816,1507.9403,230.7721,6.5343,0.7093,1070.6052,1560.9007,229.7301,6.7942,0.6858,1535.4182,2078.0004,229.6958,9.0456,0.7391
2015-12-31T01:57:59.567Z,1085.7149,1519.637,230.6509,6.588,0.7147,1091.4346,1574.356,229.7491,6.8519,0.6928,1556.4974,2095.2978,229.6727,9.1222,0.7423
2015-12-31T01:58:59.086Z,1087.4838,1523.8148,230.5338,6.6091,0.7144,1100.8578,1578.7265,229.6445,6.8746,0.6973,1570.0312,2113.6367,230.0906,9.1854,0.7425
2015-12-31T01:59:59.470Z,1052.072,1495.3321,230.5958,6.4842,0.7039,1068.2682,1549.2702,229.7296,6.743,0.6894,1535.7713,2081.877,229.8578,9.0562,0.7384
