2015-10-28T20:12:59.136Z,3.0086,9.2971,28.3267,40.0843,2.321,4.111,14.7471,326.6381,337.5214,8.3586,6.8386,12.4314,181.5871,200.7281,6.84
2015-10-28T20:13:59.402Z,-0.89,7.1636,0.9576,7.47,-0.1348,-1.564,6.2556,0.8328,7.5092,-0.2632,4.4676,8.6892,0.8432,10.32,0.526
2015-10-28T20:14:59.572Z,-0.2788,2.3515,0.9485,2.4358,0.6027,-0.2765,1.9465,0.8712,2.3804,0.5908,1.34,3.0335,0.84,3.4212,0.6208
2015-10-28T20:15:59.794Z,0.1852,0.1931,0.9445,0.2,0.9631,0.1693,0.1766,0.9,0.19,0.9479,0.1452,0.1548,0.8079,0.1841,0.9266
2015-10-28T20:16:59.983Z,8.2367,32.5846,146.1863,0.2172,0.5139,-11.2554,26.4798,144.2835,0.1846,0.0772,10.8767,28.7452,149.1111,0.1913,0.5713
2015-10-28T20:17:59.147Z,12.3404,50.2456,231.7381,0.217,0.2452,-18.2219,43.7983,228.2907,0.1915,-0.4196,16.5174,44.6837,231.9845,0.193,0.3755
2015-10-28T20:18:59.382Z,12.7336,50.5114,231.2161,0.2182,0.2521,-17.9705,43.1678,228.6413,0.1888,-0.423,17.1273,45.788,231.7834,0.1973,0.3771
2015-10-28T20:19:59.690Z,12.4444,50.8097,231.1242,0.2198,0.2442,-17.7312,43.9407,229.2957,0.1914,-0.4108,16.3133,45.0191,232.0373,0.1943,0.3692
2015-10-28T20:20:59.858Z,11.6143,50.0044,230.4635,0.2175,0.2314,-17.8904,43.3032,230.1667,0.1885,-0.4169,16.7389,45.0336,231.6167,0.1941,0.3734
2015-10-28T20:21:59.223Z,11.7479,49.3182,231.1927,0.2133,0.2381,-18.6201,44.1162,228.0129,0.1933,-0.427,16.317,46.0204,232.725,0.198,0.3572
2015-10-28T20:22:59.504Z,13.2945,51.0602,231.5375,0.2203,0.2613,-17.0857,43.401,229.366,0.189,-0.402,16.0555,44.4027,232.506,0.1909,0.3649
2015-10-28T20:23:59.813Z,12.0465,51.233,231.1605,0.2216,0.2352,-17.1718,43.2737,232.018,0.1866,-0.4073,15.6422,43.4442,230.3118,0.1886,0.363
2015-10-28T20:25:59.409Z,11.7382,50.1027,230.5833,0.2172,0.2347,-17.0659,44.5777,231.5723,0.1926,-0.388,15.6963,44.2002,231.7508,0.1904,0.359
2015-10-28T20:26:59.609Z,11.0196,48.9673,230.2988,0.2129,0.2257,-16.8142,45.3399,231.4773,0.1959,-0.3781,15.3621,44.7698,232.4784,0.1926,0.3448
2015-10-28T20:27:59.860Z,11.7871,49.8107,229.6111,0.2167,0.2364,-16.456,43.4199,230.6613,0.1883,-0.3836,15.0241,44.2386,231.3803,0.1911,0.345
2015-10-28T20:28:59.089Z,11.8704,50.2708,230.2609,0.2187,0.2355,-16.8662,42.6131,231.2329,0.1842,-0.3975,15.3425,44.2671,232.202,0.1909,0.3506
2015-10-28T20:29:59.455Z,11.3801,49.0799,231.5893,0.2118,0.2311,-16.6735,42.6441,231.7826,0.1837,-0.4038,15.0457,44.877,232.6127,0.1932,0.3396
2015-10-28T20:30:59.609Z,11.7266,49.6688,231.5522,0.2144,0.2362,-16.9731,44.0813,230.9429,0.1905,-0.3892,15.0841,43.7532,231.8132,0.1891,0.351
2015-10-28T20:31:59.720Z,12.3605,50.7326,231.6033,0.2191,0.2435,-16.12,42.932,230.8546,0.1862,-0.3835,14.5374,43.4011,231.8884,0.1875,0.3395
2015-10-28T20:32:59.861Z,12.1371,50.451,232.0884,0.2174,0.2393,-15.7897,40.9944,229.4088,0.1788,-0.3955,15.0657,44.4336,231.6864,0.1922,0.346
2015-10-28T20:33:59.030Z,11.9731,49.9387,232.4351,0.2148,0.2407,-17.2843,42.0661,227.8524,0.1852,-0.4172,14.8648,42.8544,231.9469,0.1849,0.3507
2015-10-28T20:34:59.275Z,10.9897,49.2124,232.7766,0.2123,0.2231,-16.9133,43.1685,230.3738,0.1874,-0.3974,14.7599,44.9442,232.3486,0.1931,0.3295
2015-10-28T20:35:59.749Z,11.1797,50.4029,232.9655,0.2163,0.2225,-16.5343,43.7095,231.486,0.1889,-0.3802,14.7635,42.3272,232.3846,0.1816,0.3521
2015-10-28T20:36:59.930Z,11.2026,49.8933,232.6581,0.2145,0.2255,-14.4981,42.2773,230.6479,0.1833,-0.3393,13.1603,42.4645,232.3413,0.1832,0.3048
2015-10-28T20:37:59.086Z,5.415,49.4024,232.5818,0.2122,0.1092,2.0764,38.747,231.6794,0.1671,0.0616,2.4562,36.661,231.8953,0.158,0.0651
2015-10-28T20:38:59.298Z,5.4315,47.4786,231.3058,0.2056,0.1149,3.4536,38.5331,231.8593,0.1662,0.0896,0.9942,36.9921,231.1101,0.1598,0.0326
2015-10-28T20:39:59.545Z,4.4667,51.6131,231.1291,0.224,0.0865,3.0793,37.6722,231.0786,0.1631,0.0842,1.6866,37.9663,231.4849,0.1637,0.0446
2015-10-28T20:40:59.746Z,4.2376,51.866,230.8573,0.2242,0.0829,3.6172,35.1003,230.3984,0.1516,0.1099,1.7008,37.0216,232.579,0.1588,0.0459
2015-10-28T20:41:59.844Z,5.1452,51.1203,231.1962,0.2213,0.1009,3.428,34.8168,230.6544,0.151,0.104,1.3882,37.2905,232.2608,0.1607,0.0385
2015-10-28T20:42:59.054Z,4.13,52.1455,231.6225,0.2253,0.0781,3.4176,36.3563,231.6248,0.1574,0.0912,1.6796,36.3787,229.601,0.1583,0.0463
2015-10-28T20:43:59.486Z,4.4774,52.0743,231.7546,0.2241,0.0868,2.7792,35.02,231.3146,0.1513,0.085,2.0892,35.6321,231.9508,0.1537,0.0553
2015-10-28T20:44:59.722Z,4.3903,52.1712,231.6008,0.2252,0.0838,3.7885,34.6955,232.4381,0.1499,0.1102,1.3171,34.9781,231.6768,0.1507,0.0403
2015-10-28T20:45:59.905Z,4.7816,51.7336,231.7782,0.2233,0.0929,3.2209,35.958,232.5212,0.1544,0.0892,1.3291,36.0246,232.026,0.1556,0.0371
2015-10-28T20:46:59.136Z,4.9454,50.5834,231.8544,0.2186,0.0978,3.4006,34.9217,232.7728,0.1499,0.1026,1.7323,36.4579,231.8326,0.1567,0.0472
2015-10-28T20:47:59.396Z,4.9336,52.5324,232.4999,0.2257,0.0949,3.6968,35.9199,232.9186,0.1545,0.1046,1.4232,37.2576,232.2047,0.1603,0.0427
2015-10-28T20:48:59.657Z,1.6113,51.672,230.6813,0.2237,0.0307,3.3108,34.5588,230.5989,0.1493,0.0999,1.7219,35.3362,230.3698,0.1534,0.0536
2015-10-28T20:49:59.827Z,2.7027,50.003,230.168,0.2174,0.0534,2.57,33.3001,226.8446,0.1469,0.0811,1.6187,35.7818,230.0574,0.1558,0.046
2015-10-28T20:50:59.117Z,2.8758,50.4109,230.206,0.219,0.0577,3.1636,33.1436,226.9654,0.1457,0.1056,1.069,36.8907,229.9127,0.1609,0.0344
2015-10-28T20:51:59.397Z,2.4755,51.2115,229.4195,0.2234,0.0477,3.5732,34.6474,229.2697,0.151,0.1066,1.3076,34.4488,229.934,0.1496,0.0393
2015-10-28T20:52:59.542Z,2.4114,50.6164,230.6776,0.2195,0.0473,3.6753,33.5651,229.4111,0.1461,0.1155,1.8455,36.2172,227.5055,0.1595,0.0583
2015-10-28T20:53:59.811Z,1.8215,52.0431,231.099,0.2245,0.0355,3.8327,36.2273,228.8536,0.1588,0.1068,1.1351,35.4012,229.7356,0.1537,0.0373
2015-10-28T20:54:59.282Z,2.5161,51.4113,230.7417,0.2233,0.0467,3.9421,35.3344,228.9459,0.1542,0.1188,1.5022,34.2758,231.2722,0.1482,0.0469
2015-10-28T20:55:59.484Z,2.0265,51.1949,229.5407,0.2233,0.0407,3.8958,34.7705,229.4375,0.1515,0.1109,1.2936,35.8348,231.1658,0.1555,0.0367
2015-10-28T20:56:59.666Z,1.7951,51.2449,229.4529,0.2234,0.0348,3.3309,35.1828,225.3438,0.1561,0.0978,1.3416,36.9262,230.4984,0.1603,0.0362
2015-10-28T20:57:59.863Z,1.7746,51.3558,229.9977,0.2231,0.0345,3.0537,33.9304,224.1367,0.152,0.0899,1.8398,34.8871,230.5566,0.1516,0.0488
2015-10-28T20:58:59.019Z,2.3777,50.695,229.0896,0.2212,0.0462,3.7281,33.947,226.0796,0.1504,0.1106,1.814,36.1508,230.0761,0.1569,0.0521
2015-10-28T20:59:59.258Z,2.169,51.268,229.1741,0.2233,0.0402,3.4074,33.1921,225.7105,0.1469,0.1024,1.4251,35.1943,230.1229,0.152,0.0421
2015-10-28T21:00:59.470Z,1.8716,47.8619,230.4155,0.208,0.0366,3.5807,34.6135,226.0711,0.153,0.1012,1.6431,35.0524,230.4665,0.1521,0.0482
2015-10-28T21:01:59.567Z,1.7304,50.9577,230.5095,0.2213,0.033,3.4119,35.3316,226.7508,0.1559,0.0993,1.3798,35.1296,230.9105,0.1519,0.0444
2015-10-28T21:02:59.868Z,2.1866,51.3579,230.6431,0.2221,0.0427,3.8392,37.2462,226.5941,0.1645,0.1048,1.893,35.864,231.2693,0.1549,0.0492
2015-10-28T21:03:59.137Z,2.1682,50.6573,230.6597,0.2196,0.0441,3.933,34.8179,226.7547,0.1532,0.1159,1.5306,35.013,231.8037,0.1512,0.0489
2015-10-28T21:04:59.348Z,1.5369,50.8434,229.6677,0.2216,0.0313,3.8533,35.7791,228.208,0.1573,0.1092,0.978,35.9862,231.7945,0.1554,0.029
2015-10-28T21:05:59.540Z,1.7901,50.7799,229.7844,0.221,0.0368,3.4679,34.5414,226.7009,0.1522,0.1045,1.5848,36.7332,231.5867,0.1587,0.0487
2015-10-28T21:06:59.748Z,2.6811,50.2003,229.9344,0.2179,0.0525,3.6737,33.6677,225.9327,0.1488,0.1055,1.2108,34.2348,231.7593,0.1474,0.0398
2015-10-28T21:07:59.056Z,3.5704,50.2796,230.8533,0.2177,0.0697,2.5881,36.4237,224.9006,0.1624,0.0763,1.2377,36.8411,232.0784,0.1586,0.0351
2015-10-28T21:08:59.212Z,2.2466,51.7126,231.0942,0.2236,0.0423,3.2453,35.4903,225.6149,0.1573,0.0966,1.9545,35.6492,231.7865,0.1532,0.0577
2015-10-28T21:09:59.429Z,1.9521,51.0118,230.7008,0.2213,0.0385,2.888,34.0712,226.0845,0.1502,0.0833,0.5949,35.2737,231.7447,0.152,0.0226
2015-10-28T21:10:59.641Z,3.0762,51.1421,231.1866,0.2213,0.0575,3.2334,35.1715,225.6188,0.156,0.0951,1.4869,36.6759,231.858,0.1584,0.043
2015-10-28T21:11:59.800Z,2.5485,51.3845,231.2254,0.2223,0.0497,2.9814,34.4267,226.1822,0.1522,0.0857,1.248,35.214,231.6758,0.1521,0.0356
2015-10-28T21:12:59.128Z,2.001,52.2483,231.1844,0.2264,0.0373,3.7928,34.7717,226.0031,0.1543,0.1103,1.5784,35.5804,231.9508,0.1536,0.0458
2015-10-28T21:13:59.346Z,2.1934,51.0751,230.9305,0.2213,0.0435,3.4287,33.4822,225.8096,0.1478,0.1022,1.4592,37.1622,232.6647,0.1597,0.0448
2015-10-28T21:14:59.566Z,2.5159,50.1676,230.7696,0.2171,0.0497,3.1305,34.4366,226.4763,0.1523,0.0959,1.4947,37.8379,232.3112,0.1626,0.0414
2015-10-28T21:15:59.773Z,2.3669,51.8719,230.3708,0.2246,0.0464,3.1835,34.7773,226.6424,0.1534,0.0957,1.1769,34.3641,232.3674,0.1475,0.037
2015-10-28T21:16:59.017Z,1.9944,51.373,230.3318,0.2229,0.0397,3.5478,34.0652,226.7858,0.1508,0.1046,1.5672,36.6474,232.2209,0.1578,0.0444
2015-10-28T21:17:59.246Z,2.5874,51.7241,230.5776,0.2246,0.0484,3.4389,34.1621,226.7918,0.1505,0.1002,0.702,36.948,231.8636,0.1592,0.0246
2015-10-28T21:18:59.485Z,2.1845,52.3367,231.1225,0.2263,0.0419,3.163,35.4441,227.0164,0.156,0.0942,1.9221,35.7192,231.8089,0.1535,0.0536
2015-10-28T21:19:59.714Z,3.1378,51.2142,231.7137,0.2218,0.0603,3.1025,34.0902,227.445,0.1503,0.0943,0.977,36.6964,231.7868,0.1585,0.0276
2015-10-28T21:20:59.043Z,3.3298,51.1326,232.4002,0.2197,0.0636,3.3404,35.0448,226.7834,0.1542,0.0977,0.8821,35.0427,231.8506,0.1512,0.029
2015-10-28T21:21:59.225Z,2.0456,51.9932,232.9402,0.2227,0.0392,2.7646,34.5146,227.2852,0.1515,0.0848,1.699,36.0233,232.3291,0.1548,0.0487
2015-10-28T21:22:59.374Z,1.9921,51.4214,232.881,0.2212,0.039,3.2136,34.329,227.2938,0.1512,0.0931,1.5711,36.6516,232.6997,0.1575,0.0445
2015-10-28T21:23:59.590Z,2.7031,51.1525,233.3526,0.2192,0.0531,3.9688,34.3574,227.1726,0.1514,0.119,0.9453,36.7774,232.7676,0.1579,0.0267
2015-10-28T21:24:59.753Z,2.713,51.2879,232.9333,0.22,0.0521,3.5417,33.9478,226.4447,0.15,0.1078,1.4704,37.7291,232.664,0.1616,0.0415
2015-10-28T21:25:59.981Z,1.9623,51.3991,232.6486,0.2203,0.0376,3.584,35.8047,226.4496,0.1581,0.1029,1.2895,35.9488,232.3759,0.1548,0.0348
2015-10-28T21:26:59.179Z,2.0628,51.7791,232.2028,0.2234,0.0399,2.8967,33.8763,226.3638,0.1491,0.0887,1.3944,36.6319,232.1861,0.1572,0.0413
2015-10-28T21:27:59.478Z,2.2275,51.3804,232.079,0.2212,0.0431,3.448,36.2977,225.6093,0.161,0.0965,1.33,35.7314,231.9173,0.1535,0.04
2015-10-28T21:28:59.885Z,3.2003,51.6098,231.2714,0.2233,0.0614,2.9536,33.082,224.6259,0.1473,0.0916,1.1247,34.6767,231.6736,0.1497,0.0352
2015-10-28T21:29:59.019Z,2.171,51.5034,230.9353,0.2228,0.0412,3.3617,34.86,224.5817,0.1551,0.097,1.0757,35.6438,232.4519,0.1536,0.0338
2015-10-28T21:30:59.115Z,1.8788,51.2732,230.7765,0.2224,0.0371,3.4052,34.2404,224.4358,0.1522,0.1005,1.7168,37.4533,232.3466,0.1612,0.0485
2015-10-28T21:31:59.374Z,2.261,50.6192,230.8725,0.2191,0.0451,2.9113,33.985,224.9403,0.1512,0.0888,1.288,34.8959,232.0828,0.1504,0.0379
2015-10-28T21:32:59.630Z,3.1874,52.3148,230.8481,0.2266,0.0608,2.8201,33.8074,225.8792,0.1495,0.0888,1.5886,35.9146,232.1789,0.1546,0.0444
2015-10-28T21:33:59.753Z,1.778,51.1951,232.1427,0.2212,0.0344,3.1008,34.2738,225.7688,0.1509,0.0923,1.2946,35.3582,232.7763,0.1513,0.0435
2015-10-28T21:34:59.987Z,2.1155,51.0631,231.6393,0.2204,0.0401,3.5174,35.1256,225.9537,0.1556,0.1021,0.9904,33.8378,232.9104,0.1449,0.0346
2015-10-28T21:35:59.179Z,2.1388,51.2101,231.4001,0.222,0.0431,3.7068,32.248,225.9247,0.1427,0.1182,1.4969,37.5312,232.9149,0.1611,0.0419
2015-10-28T21:36:59.488Z,2.2753,51.1008,231.5843,0.2204,0.0437,3.3907,34.1421,226.0015,0.1513,0.1013,1.0979,34.8015,232.7041,0.149,0.0382
2015-10-28T21:37:59.695Z,2.7053,50.8865,231.6348,0.2192,0.0528,3.6725,35.1964,228.1389,0.1548,0.1082,1.3892,35.1918,229.4491,0.1539,0.043
2015-10-28T21:38:59.855Z,1.4795,51.2102,230.9202,0.2216,0.0296,3.6923,34.6093,227.6381,0.1522,0.1089,1.5669,35.8097,229.9909,0.1562,0.0466
2015-10-28T21:39:59.114Z,2.0294,51.4883,230.5413,0.2235,0.0407,2.5524,33.823,224.3382,0.1507,0.0808,1.6917,37.1496,232.004,0.1606,0.0463
2015-10-28T21:40:59.382Z,2.6632,51.3935,231.5455,0.2214,0.052,3.6503,35.7311,224.3166,0.1595,0.1071,1.4829,34.5466,233.2122,0.1485,0.0459
2015-10-28T21:41:59.742Z,2.8247,51.4322,231.8887,0.2222,0.0549,3.3187,34.4948,224.4949,0.1538,0.1024,0.9929,37.0902,233.3527,0.159,0.0292
2015-10-28T21:42:59.992Z,2.4836,51.2678,231.7429,0.2205,0.0495,3.7038,35.4505,226.6516,0.1562,0.1077,1.636,34.8257,232.8765,0.15,0.047
2015-10-28T21:43:59.153Z,1.8966,51.961,231.8796,0.2237,0.0362,3.7148,34.1658,228.5661,0.1494,0.1149,1.2249,37.4384,233.0917,0.1609,0.0326
2015-10-28T21:44:59.402Z,2.6075,51.211,231.8466,0.2211,0.0501,3.8754,34.264,228.5412,0.1499,0.1181,1.4578,37.3678,233.2234,0.1596,0.0467
2015-10-28T21:45:59.656Z,2.6632,50.4301,232.2558,0.2167,0.0523,3.4101,36.0021,226.889,0.1589,0.0992,1.2371,34.313,233.7077,0.147,0.0391
2015-10-28T21:46:59.933Z,2.4874,51.5281,232.7568,0.2215,0.0476,3.5677,33.3957,225.5748,0.1477,0.1074,1.5146,36.4314,233.8666,0.1558,0.0456
2015-10-28T21:47:59.167Z,1.7802,51.8314,232.4329,0.2231,0.0339,3.4446,34.4913,226.0009,0.1527,0.1049,0.9748,36.2058,234.468,0.1542,0.0288
2015-10-28T21:48:59.329Z,2.2449,51.3459,232.2307,0.2212,0.0415,4.0223,34.5898,228.9529,0.1509,0.1212,1.608,37.1467,233.8786,0.1587,0.0481
2015-10-28T21:49:59.588Z,2.7337,51.951,232.5484,0.2234,0.0534,4.0495,34.3632,228.951,0.1502,0.117,1.8985,36.7904,233.8921,0.1574,0.0535
2015-10-28T21:50:59.960Z,2.5987,51.1079,232.5988,0.2196,0.0514,3.6695,35.4643,229.3029,0.1542,0.109,1.7775,35.6833,233.3384,0.1532,0.0498
2015-10-28T21:51:59.135Z,2.3558,51.9185,232.4075,0.223,0.0451,3.7783,34.2645,227.4354,0.1508,0.1138,1.2854,35.9996,233.556,0.154,0.0337
2015-10-28T21:52:59.309Z,2.0337,51.4058,231.2848,0.2222,0.0403,3.8265,35.321,227.5673,0.1554,0.1072,1.5342,37.27,233.168,0.1599,0.0441
2015-10-28T21:53:59.498Z,2.5414,52.1403,230.9773,0.2259,0.0471,3.0438,34.9956,229.4003,0.1529,0.093,1.4153,33.7089,232.8418,0.1442,0.0425
2015-10-28T21:54:59.746Z,2.146,50.8692,230.2611,0.221,0.0416,4.3593,35.5368,231.5934,0.1535,0.1231,1.3442,36.4847,231.4473,0.1577,0.0408
2015-10-28T21:55:59.921Z,2.2208,51.8433,230.5215,0.2247,0.0429,3.467,36.3423,231.1679,0.157,0.0985,1.7566,34.7277,232.1186,0.1493,0.0519
2015-10-28T21:56:59.137Z,2.08,50.8411,231.4468,0.2194,0.0414,3.5107,34.2683,228.9747,0.1496,0.1092,1.4307,35.3578,232.8068,0.1518,0.0446
2015-10-28T21:57:59.423Z,1.5152,51.2168,231.9941,0.2209,0.0299,3.1776,33.6643,227.9554,0.1477,0.0995,1.0275,36.9601,232.8234,0.1587,0.0276
2015-10-28T21:58:59.609Z,2.5708,51.5167,231.1244,0.223,0.0501,3.2962,34.0775,227.88,0.1497,0.1013,1.121,36.8054,232.6019,0.1582,0.0298
2015-10-28T21:59:59.971Z,2.3121,51.4252,231.1357,0.2225,0.0453,3.2597,34.0811,228.8024,0.1485,0.0988,1.2208,36.5015,231.0196,0.158,0.0379
2015-10-28T22:00:59.242Z,2.4351,50.3213,231.645,0.2167,0.0508,3.9916,37.025,231.9379,0.1597,0.1131,1.2167,37.5989,231.3817,0.1623,0.0373
2015-10-28T22:01:59.621Z,1.7341,51.2057,231.5733,0.2211,0.0346,3.9084,37.0014,232.4007,0.1599,0.1074,1.4208,36.3769,232.0935,0.157,0.0384
2015-10-28T22:02:59.784Z,2.1399,51.0293,231.5659,0.2202,0.0422,3.6165,34.1416,232.1015,0.1467,0.1101,0.8338,36.6424,232.0447,0.1584,0.0234
2015-10-28T22:03:59.093Z,2.9522,50.8997,231.6084,0.2196,0.0581,3.1234,36.2682,228.9813,0.159,0.0894,1.4077,34.342,232.825,0.147,0.041
2015-10-28T22:04:59.243Z,2.454,50.2263,231.7163,0.2166,0.0478,3.7002,32.9098,228.4287,0.1442,0.108,0.9505,35.2779,233.1305,0.1516,0.0312
2015-10-28T22:05:59.418Z,2.131,51.2262,231.0218,0.222,0.0408,4.1253,35.3532,230.8921,0.1533,0.116,1.1266,35.3185,232.7062,0.1518,0.039
2015-10-28T22:06:59.664Z,2.0522,50.5598,230.7322,0.2188,0.0403,4.0846,35.6407,232.1038,0.1543,0.1147,1.9974,36.2423,232.9911,0.1557,0.0578
2015-10-28T22:07:59.131Z,2.034,51.2002,230.9187,0.2212,0.0389,3.1914,35.7671,231.6488,0.1547,0.0952,1.5701,35.9893,233.1432,0.1542,0.0438
2015-10-28T22:08:59.262Z,2.9071,50.8134,230.7777,0.2198,0.0557,3.6752,34.0929,231.833,0.1473,0.1088,1.6301,38.1793,233.308,0.1632,0.0431
2015-10-28T22:09:59.597Z,2.6439,50.4098,230.4789,0.2189,0.0525,4.1046,36.4889,230.1518,0.1584,0.1118,1.1753,36.888,233.7495,0.1579,0.0348
2015-10-28T22:10:59.804Z,2.3432,50.8456,230.6956,0.22,0.0462,2.8075,35.2943,228.0321,0.1548,0.0819,1.7534,35.1845,234.4664,0.1508,0.0514
2015-10-28T22:11:59.101Z,2.051,51.9247,231.268,0.2248,0.0399,3.1544,34.7019,229.7176,0.1511,0.0918,1.0603,37.7714,233.9564,0.1614,0.0306
2015-10-28T22:12:59.409Z,3.1969,49.9858,231.4684,0.2157,0.064,4.3078,38.2197,231.7911,0.1647,0.1114,1.4536,35.7144,233.134,0.1526,0.0458
2015-10-28T22:13:59.674Z,2.546,49.4442,231.4677,0.2134,0.051,4.0962,34.728,232.7643,0.149,0.1216,2.0042,36.7589,233.3131,0.1576,0.0584
2015-10-28T22:14:59.038Z,1.5802,50.0009,231.5171,0.2156,0.0316,4.3149,37.5469,232.7084,0.1617,0.119,1.8047,35.6439,233.7029,0.1523,0.0517
2015-10-28T22:15:59.279Z,2.925,51.3227,231.7361,0.221,0.0585,3.3232,36.0448,232.1624,0.1552,0.0929,0.9641,35.6653,233.4187,0.1526,0.032
2015-10-28T22:16:59.525Z,2.6457,50.7635,231.5553,0.219,0.0514,4.1179,34.2807,231.4031,0.1481,0.12,1.4425,36.88,233.9659,0.1574,0.0374
2015-10-28T22:17:59.840Z,2.7324,51.2788,231.3095,0.2218,0.0519,3.3816,34.2566,228.7548,0.1499,0.1001,1.5329,37.7632,234.3905,0.1613,0.0429
2015-10-28T22:18:59.151Z,2.0743,50.6356,230.6047,0.2198,0.0406,3.644,36.17,230.865,0.1568,0.1064,1.9833,36.0769,233.9511,0.1542,0.0591
2015-10-28T22:19:59.388Z,2.0069,50.9254,231.2,0.2208,0.0397,3.6534,34.2858,232.2733,0.1478,0.1127,1.2384,36.2798,233.677,0.1557,0.0334
2015-10-28T22:20:59.581Z,1.8413,51.5032,231.641,0.2225,0.0355,3.2672,35.1047,232.086,0.1517,0.0992,0.965,35.4437,233.4721,0.152,0.0304
2015-10-28T22:21:59.724Z,2.5481,51.678,231.059,0.2236,0.0486,4.0403,34.6297,233.0666,0.1489,0.1179,1.8487,36.0974,232.9929,0.1551,0.0534
2015-10-28T22:22:59.196Z,1.8908,51.559,230.0368,0.2238,0.0371,4.2783,36.3049,232.8233,0.1558,0.118,1.2409,34.9052,232.3069,0.1507,0.0391
2015-10-28T22:23:59.344Z,2.3592,50.3209,229.8993,0.2188,0.0466,3.4152,35.8556,232.7878,0.154,0.0973,2.22,36.5565,232.0866,0.1578,0.0584
2015-10-28T22:24:59.657Z,2.358,51.3389,230.6601,0.2224,0.0461,3.4851,35.1023,230.9515,0.1515,0.1003,0.9492,34.6737,232.0582,0.1496,0.0308
2015-10-28T22:25:59.854Z,2.3762,51.7529,232.1651,0.2237,0.0453,3.427,34.517,229.5347,0.1503,0.1033,1.1259,37.0275,233.1527,0.1586,0.031
2015-10-28T22:26:59.144Z,2.9334,52.255,232.7457,0.2242,0.0551,3.2976,36.4579,232.377,0.1576,0.0999,0.917,35.3259,232.632,0.1519,0.0322
2015-10-28T22:27:59.417Z,2.3738,50.7551,232.8736,0.2181,0.0478,4.0952,35.6723,232.8212,0.1532,0.1124,1.1435,37.3062,232.9815,0.1599,0.0399
2015-10-28T22:28:59.657Z,2.137,51.6551,232.5368,0.2217,0.0401,3.8053,36.7197,232.6101,0.1578,0.1087,1.3571,34.7771,233.0535,0.1493,0.0421
2015-10-28T22:29:59.891Z,2.141,51.5591,232.2762,0.2218,0.0413,3.5675,34.8613,232.8148,0.1497,0.1091,1.8362,36.4615,233.0767,0.1564,0.0508
2015-10-28T22:30:59.239Z,2.0779,50.3506,231.6331,0.217,0.0397,4.046,35.1097,232.774,0.1509,0.1163,1.3023,37.3189,232.7299,0.1603,0.0408
2015-10-28T22:31:59.515Z,2.4927,51.4113,231.7423,0.2219,0.0481,3.4542,36.8058,232.8393,0.1576,0.1033,1.4214,37.6508,232.8319,0.1618,0.039
2015-10-28T22:32:59.653Z,1.8848,51.6153,231.6729,0.2226,0.0362,4.0092,34.3238,232.4859,0.1476,0.1204,1.5159,36.0448,232.4743,0.1545,0.0427
2015-10-28T22:33:59.907Z,2.4374,50.9743,231.9649,0.2197,0.0472,3.3553,35.4821,230.6029,0.1539,0.0952,1.7607,36.324,233.0636,0.156,0.0514
2015-10-28T22:34:59.211Z,2.929,51.5282,232.259,0.2218,0.0579,2.9933,35.1643,229.0542,0.1534,0.0897,1.0191,35.8621,233.6317,0.1538,0.0349
2015-10-28T22:35:59.427Z,2.3576,51.8489,232.3914,0.2234,0.0449,3.4766,33.4312,231.5446,0.1441,0.1069,1.7627,36.8703,232.5538,0.158,0.0484
2015-10-28T22:36:59.641Z,1.9858,51.1587,231.8965,0.2205,0.0388,4.2295,35.053,231.9895,0.1512,0.1229,1.2991,35.8609,232.1164,0.1545,0.0351
2015-10-28T22:37:59.906Z,2.7067,51.4826,231.8215,0.2224,0.052,3.6952,36.3547,232.1375,0.1562,0.1046,1.7207,37.8059,232.5486,0.1623,0.0468
2015-10-28T22:38:59.119Z,2.8038,51.1527,231.84,0.2206,0.0541,3.7396,37.5403,232.3348,0.1617,0.1013,1.4672,34.5388,232.4122,0.1488,0.0407
2015-10-28T22:39:59.369Z,1.9736,51.5254,231.5,0.2225,0.0371,3.8878,35.3257,232.3358,0.1519,0.1125,1.4304,36.5395,232.2137,0.1576,0.0433
2015-10-28T22:40:59.650Z,2.016,52.0437,231.7126,0.2243,0.039,3.717,34.2782,231.6812,0.148,0.1165,1.7642,36.8718,232.8493,0.1579,0.0493
2015-10-28T22:41:59.864Z,2.0474,50.767,231.4201,0.219,0.0412,4.0507,34.7063,232.0695,0.1493,0.1154,1.3724,35.517,232.4621,0.1526,0.041
2015-10-28T22:42:59.068Z,3.0877,51.4308,231.8468,0.2217,0.0606,3.7797,35.1404,232.1188,0.1507,0.1083,1.8471,36.8508,233.0298,0.1588,0.0518
2015-10-28T22:43:59.390Z,2.5596,51.5702,232.6274,0.2216,0.049,3.7834,35.9805,231.8076,0.1556,0.1133,1.2619,36.9873,233.0954,0.1579,0.0397
2015-10-28T22:44:59.519Z,1.6481,52.11,232.6759,0.2236,0.0313,3.7985,33.9764,229.6766,0.148,0.1116,1.3542,35.7704,233.586,0.1531,0.0409
2015-10-28T22:45:59.752Z,2.2321,52.1317,233.0968,0.2236,0.0417,3.3218,35.8196,228.3824,0.1573,0.0999,1.1218,35.9879,233.4893,0.1545,0.0396
2015-10-28T22:46:59.939Z,2.1221,51.4952,233.1646,0.2203,0.0416,3.0808,33.4495,228.751,0.1463,0.0945,1.206,37.1789,233.87,0.1588,0.0355
2015-10-28T22:47:59.184Z,2.2082,51.7951,233.1798,0.2221,0.0429,3.9989,36.4764,231.9351,0.1577,0.112,1.3991,35.5033,233.0922,0.1524,0.0406
2015-10-28T22:48:59.407Z,2.5231,52.1199,233.3001,0.2237,0.0482,3.4112,34.4047,232.1682,0.1477,0.1063,2.3092,36.1881,232.8654,0.1549,0.0642
2015-10-28T22:49:59.641Z,2.2452,51.8387,233.4084,0.2221,0.0435,3.2522,36.5102,233.0569,0.1568,0.098,1.9586,35.8262,233.0347,0.1536,0.0544
2015-10-28T22:50:59.840Z,1.8747,51.365,233.5028,0.2199,0.0361,4.0633,35.0336,232.913,0.1501,0.1172,1.4923,37.8608,233.2613,0.1622,0.0415
2015-10-28T22:51:59.210Z,1.6934,52.4117,233.3622,0.2249,0.0332,3.55,35.3801,232.8196,0.1518,0.1031,1.6606,35.4906,233.1182,0.1526,0.0479
2015-10-28T22:52:59.472Z,2.4452,51.2312,233.0378,0.2201,0.0497,4.1076,35.7173,232.4623,0.1536,0.1133,1.9863,36.71,232.9156,0.158,0.0587
2015-10-28T22:53:59.912Z,3.0155,51.5565,233.9234,0.2208,0.0574,4.1504,37.8025,232.9866,0.1618,0.1238,1.2164,36.5137,233.1264,0.1566,0.0365
2015-10-28T22:54:59.252Z,2.81,51.7956,233.6639,0.2218,0.0529,3.5369,36.2106,232.9388,0.156,0.1019,1.6853,34.5269,233.6302,0.1476,0.0464
2015-10-28T22:55:59.417Z,2.4729,51.8918,233.8058,0.2218,0.0476,3.2951,33.8591,232.3084,0.1458,0.1044,2.2692,35.5627,233.4466,0.153,0.0611
2015-10-28T22:56:59.726Z,2.2109,51.6602,233.6467,0.2216,0.0419,3.488,34.2079,231.9357,0.1473,0.1077,1.6686,37.4712,233.5066,0.1603,0.0445
2015-10-28T22:57:59.978Z,2.0158,52.393,233.7783,0.2235,0.0376,3.5189,35.818,232.8595,0.1538,0.1041,1.5154,35.9535,233.4226,0.1547,0.044
2015-10-28T22:58:59.149Z,1.6885,52.0263,234.7155,0.2216,0.0313,3.9508,35.1365,232.992,0.1507,0.1122,1.3752,36.1208,233.2871,0.1547,0.0424
2015-10-28T22:59:59.427Z,1.8772,52.0991,234.465,0.2227,0.0353,3.4084,35.51,230.0258,0.1546,0.1015,1.6897,37.0404,234.0461,0.1579,0.049
2015-10-28T23:00:59.796Z,3.3901,50.8625,233.5832,0.2178,0.0671,3.8449,35.8109,229.9507,0.1554,0.1097,1.7442,35.3299,233.7649,0.1513,0.0493
2015-10-28T23:01:59.024Z,3.0343,51.6843,233.2147,0.2222,0.0586,3.6451,34.4949,233.1739,0.1476,0.1106,1.9078,36.1493,233.1236,0.1552,0.0538
2015-10-28T23:02:59.238Z,2.2157,51.339,232.873,0.2207,0.0432,3.648,37.671,233.5095,0.1609,0.1002,1.4178,35.5512,233.2408,0.153,0.0457
2015-10-28T23:03:59.391Z,1.8926,51.1862,232.7073,0.2201,0.0359,3.4719,34.1687,233.0248,0.1465,0.1063,1.2738,36.6541,233.0727,0.1575,0.0409
2015-10-28T23:04:59.567Z,2.4603,52.1643,233.6897,0.2237,0.0467,3.8533,35.7887,232.3954,0.1539,0.1104,1.9121,36.9512,233.3839,0.1584,0.0499
2015-10-28T23:05:59.797Z,2.5145,52.1685,234.4775,0.2227,0.0477,3.6416,35.4269,230.1316,0.1545,0.1034,1.8836,36.6743,234.7698,0.1563,0.0543
2015-10-28T23:06:59.954Z,2.0271,52.0187,234.7118,0.2215,0.0401,3.5189,35.5415,230.2251,0.1541,0.1004,1.0808,34.6287,235.7626,0.1471,0.0333
2015-10-28T23:07:59.252Z,2.7196,52.1896,234.2129,0.2233,0.0526,3.8228,36.5393,232.1924,0.1578,0.1108,1.423,37.1669,235.4956,0.1578,0.0372
2015-10-28T23:08:59.496Z,2.3105,51.5711,233.883,0.2204,0.0448,3.9137,36.0698,231.1818,0.1564,0.1111,1.2763,35.6102,234.9491,0.1515,0.0392
2015-10-28T23:09:59.671Z,2.2544,52.0559,233.7404,0.2225,0.0437,4.117,34.9812,232.1988,0.1505,0.1209,2.0264,37.1085,234.6705,0.1581,0.0527
2015-10-28T23:10:59.890Z,1.7064,52.2958,233.6101,0.2237,0.0321,3.7195,37.2377,232.938,0.1596,0.1038,1.5749,35.6301,234.1198,0.1523,0.0475
2015-10-28T23:11:59.194Z,2.4172,51.3068,233.6143,0.2197,0.0481,4.0143,33.9259,232.5644,0.1466,0.1258,2.0156,36.7852,233.8467,0.1577,0.0584
2015-10-28T23:12:59.425Z,2.9418,51.0443,233.7248,0.2188,0.0572,3.4743,33.9554,230.2466,0.1474,0.1049,1.588,36.0275,234.4453,0.1537,0.0503
2015-10-28T23:13:59.964Z,2.7066,51.6166,234.0354,0.2202,0.052,3.6868,35.9663,230.3311,0.1558,0.1004,1.693,36.3595,234.6241,0.1552,0.0477
2015-10-28T23:14:59.099Z,1.8042,51.5716,233.1791,0.2216,0.0343,3.6967,32.8631,233.3871,0.1411,0.1168,1.4953,35.3494,233.6641,0.1513,0.045
2015-10-28T23:15:59.374Z,2.4982,51.7114,233.1501,0.2216,0.0479,3.178,36.1466,233.4445,0.1551,0.0929,1.4299,35.9776,232.8652,0.1547,0.0416
2015-10-28T23:16:59.519Z,1.6714,52.1862,234.1002,0.223,0.0322,3.4802,34.7144,233.7209,0.1492,0.1032,1.5497,35.8684,230.5538,0.1554,0.046
2015-10-28T23:17:59.842Z,1.7996,51.8928,232.4236,0.223,0.0351,4.1813,35.847,233.1526,0.1536,0.1186,1.5179,36.0761,233.015,0.1548,0.0424
2015-10-28T23:18:59.156Z,2.2757,51.5598,232.1179,0.2219,0.0443,3.7857,35.1127,232.6113,0.1514,0.1109,1.3766,35.2346,233.3182,0.1512,0.0433
2015-10-28T23:19:59.340Z,2.2851,51.6615,232.2042,0.2225,0.0456,3.2924,35.4988,232.2934,0.1527,0.0965,1.5052,36.0265,232.8321,0.1547,0.0421
2015-10-28T23:20:59.428Z,2.026,51.181,232.0208,0.2205,0.0384,3.7779,33.5465,230.2458,0.1458,0.1124,1.5981,35.0914,232.5915,0.1509,0.048
2015-10-28T23:21:59.606Z,2.2615,51.3695,232.431,0.2208,0.044,3.412,34.4277,228.7963,0.151,0.1036,1.5495,37.8454,233.2941,0.1624,0.0419
2015-10-28T23:22:59.045Z,1.9822,51.2273,231.9389,0.2209,0.0396,3.4251,35.8451,230.8173,0.1551,0.099,1.8103,35.3779,232.6347,0.1521,0.054
2015-10-28T23:23:59.186Z,1.8603,51.1553,231.823,0.221,0.0361,3.8349,34.5823,231.743,0.1493,0.1093,1.4874,36.4751,232.4828,0.1568,0.045
2015-10-28T23:24:59.529Z,2.0241,52.8138,232.2943,0.2275,0.0386,3.6799,36.5413,232.0226,0.1577,0.1059,1.5624,35.5126,232.7933,0.1526,0.0475
2015-10-28T23:25:59.730Z,1.5418,47.5247,232.3954,0.2043,0.0322,3.054,28.5422,232.1427,0.1227,0.1215,2.0784,29.2403,232.834,0.1257,0.0843
2015-10-28T23:26:59.159Z,2.2402,46.1927,232.7471,0.1987,0.0486,3.3937,26.9889,231.9681,0.1167,0.1337,2.2054,28.1159,232.7048,0.1204,0.0881
2015-10-28T23:27:59.321Z,1.9166,47.6137,233.0677,0.2047,0.0408,3.5088,27.684,232.5458,0.1188,0.1363,2.0687,32.8374,232.8382,0.1414,0.0759
2015-10-28T23:28:59.597Z,1.8575,48.1516,233.1449,0.2065,0.0398,3.4309,30.5145,232.9035,0.1304,0.124,1.809,30.7522,233.1319,0.1316,0.0729
2015-10-28T23:29:59.858Z,2.2562,47.4357,233.4714,0.2035,0.0478,2.8247,26.9065,233.8379,0.1149,0.1285,2.5441,30.0237,233.8824,0.1281,0.0914
2015-10-28T23:30:59.098Z,2.5239,46.9197,233.5208,0.2012,0.0539,3.0071,27.3961,232.8326,0.1183,0.1223,1.7606,30.3033,234.7108,0.129,0.0666
2015-10-28T23:31:59.612Z,1.9534,47.1602,233.9849,0.2013,0.0425,3.2653,26.9505,231.2325,0.1159,0.1348,1.9079,30.1124,235.1714,0.1283,0.0703
2015-10-28T23:32:59.817Z,1.53,48.4681,233.8301,0.207,0.0329,2.9527,30.9285,233.0842,0.1323,0.1044,2.1359,30.9792,234.3955,0.1318,0.073
2015-10-28T23:33:59.110Z,1.6173,48.626,233.824,0.2079,0.0327,3.1486,32.0649,233.5361,0.137,0.106,2.0917,31.4833,234.1777,0.1344,0.0751
2015-10-28T23:34:59.443Z,2.2147,48.2309,234.0511,0.2064,0.0468,2.9916,28.5097,233.6999,0.122,0.1176,1.5633,30.7491,234.4157,0.1311,0.0632
2015-10-28T23:35:59.651Z,2.4047,48.8463,233.7616,0.2087,0.0493,2.9581,30.0695,233.632,0.129,0.1107,2.3452,33.3611,234.3016,0.1425,0.0763
2015-10-28T23:36:59.874Z,1.7557,51.3768,233.7787,0.2198,0.0343,3.799,34.0795,233.493,0.1462,0.1141,1.2869,35.9664,234.3029,0.1534,0.0427
2015-10-28T23:37:59.250Z,2.4009,51.2261,234.0841,0.2181,0.0457,3.2922,34.225,233.7781,0.146,0.1023,1.7436,36.0614,234.2337,0.1541,0.0467
2015-10-28T23:38:59.511Z,2.1476,52.2162,233.7657,0.223,0.0418,3.3646,35.2445,234.0383,0.1505,0.1037,1.2985,37.2987,233.9607,0.1599,0.0377
2015-10-28T23:39:59.699Z,2.0688,52.1808,233.7877,0.2229,0.0402,3.9944,35.8097,233.9296,0.153,0.1151,2.0516,35.8138,234.3378,0.1529,0.0582
2015-10-28T23:40:59.865Z,2.5407,51.9544,233.6421,0.2226,0.0474,3.4995,34.5987,233.8814,0.1481,0.1035,1.8636,34.7207,234.3131,0.1484,0.0527
2015-10-28T23:41:59.127Z,2.9689,51.7413,233.7741,0.2212,0.058,3.4684,35.6498,233.5793,0.153,0.1057,1.9293,36.5972,234.3511,0.1559,0.0498
2015-10-28T23:42:59.486Z,2.4885,51.8857,234.085,0.2212,0.0473,3.6674,34.7087,233.4995,0.1482,0.1147,1.7363,36.7287,234.2548,0.1566,0.044
2015-10-28T23:43:59.737Z,1.7021,52.3402,233.9675,0.2237,0.0335,3.6346,36.5571,232.4522,0.1568,0.099,1.9523,35.9293,234.6112,0.1531,0.0523
2015-10-28T23:44:59.986Z,2.3297,52.0444,234.1165,0.2221,0.0452,3.1882,35.0147,230.1695,0.1519,0.0947,1.4725,36.6866,234.9486,0.1557,0.0425
2015-10-28T23:45:59.137Z,2.1186,51.3283,233.5566,0.2194,0.041,3.705,34.1237,232.8528,0.147,0.1149,1.8077,37.563,234.8279,0.1594,0.0504
2015-10-28T23:46:59.330Z,2.423,52.4458,233.8032,0.2246,0.0447,4.7333,36.4295,232.9079,0.1558,0.1252,1.2377,36.4578,234.3267,0.1554,0.0408
2015-10-28T23:47:59.529Z,2.5373,51.7109,234.2321,0.2205,0.0486,3.5614,35.0334,232.8899,0.1503,0.1036,1.207,36.1711,234.221,0.1541,0.0386
2015-10-28T23:48:59.735Z,2.9357,51.4208,234.3497,0.2193,0.0569,3.9173,35.4547,233.3312,0.1516,0.1096,1.3585,36.0181,234.4414,0.1536,0.0448
2015-10-28T23:49:59.029Z,2.3329,51.7508,234.4077,0.221,0.0449,4.3222,35.6021,233.1298,0.1524,0.1203,1.7701,34.8019,234.2656,0.1481,0.0482
2015-10-28T23:50:59.234Z,2.2399,52.0307,233.1131,0.2233,0.0424,3.8602,35.0168,233.3513,0.1508,0.1144,1.9236,36.5871,234.3546,0.1562,0.0574
2015-10-28T23:51:59.524Z,2.4937,50.9066,233.0283,0.2184,0.0473,3.4315,34.3915,233.0625,0.1477,0.1057,1.9324,37.1182,234.1936,0.1585,0.0502
2015-10-28T23:52:59.796Z,1.8926,51.7614,233.0962,0.2221,0.0363,4.2915,36.7407,233.1777,0.1574,0.1214,1.412,36.2309,234.0879,0.1544,0.0422
2015-10-28T23:53:59.013Z,2.5657,52.2419,233.5938,0.2237,0.0497,3.6996,35.0052,233.5201,0.1494,0.1087,1.3182,36.8719,234.7596,0.1569,0.0378
2015-10-28T23:54:59.296Z,1.9814,52.394,234.3474,0.2234,0.037,3.8812,35.8543,233.2074,0.1537,0.1152,1.4298,35.9736,235.0063,0.1529,0.0426
2015-10-28T23:55:59.741Z,2.3582,52.0101,234.5411,0.2212,0.047,4.2824,35.8283,233.1463,0.154,0.1235,1.5571,36.1812,235.2054,0.1539,0.0475
2015-10-28T23:56:59.031Z,2.2604,50.7453,234.4003,0.2164,0.0453,4.1063,34.8403,232.9592,0.149,0.1173,1.3336,38.0334,235.1378,0.1617,0.04
2015-10-28T23:57:59.187Z,2.3355,52.1707,234.2086,0.2229,0.0447,4.4585,35.4238,232.4299,0.1523,0.127,1.5112,37.2046,235.4445,0.1587,0.0437
2015-10-28T23:58:59.397Z,2.0777,51.2382,234.2343,0.219,0.0403,4.3196,36.4284,232.9747,0.1565,0.1154,1.837,37.2369,235.3407,0.158,0.0534
2015-10-28T23:59:59.588Z,1.8963,51.7414,234.22,0.2212,0.0353,4.0468,34.4935,233.1028,0.1478,0.1177,1.1199,35.8887,235.4149,0.153,0.0349
