2015-11-18T00:00:59.181Z,3.1278,100.6479,233.6679,0.4306,0.0317,3.1181,87.3834,232.9029,0.3744,0.0349,3.0236,90.1536,234.9843,0.3836,0.0334
2015-11-18T00:01:59.513Z,2.1223,102.3722,233.7816,0.4376,0.0205,4.0496,89.0478,232.867,0.3823,0.0456,2.7235,90.947,233.5673,0.3895,0.031
2015-11-18T00:02:59.775Z,2.2268,103.0429,233.5583,0.4417,0.0211,3.7233,90.2473,232.8073,0.3876,0.0427,3.423,90.4352,233.9018,0.3861,0.0379
2015-11-18T00:03:59.986Z,3.2811,100.8375,232.9041,0.4329,0.0318,3.4311,90.3975,232.6016,0.3888,0.0393,2.5469,89.2065,233.2645,0.3825,0.0288
2015-11-18T00:04:59.197Z,3.1689,104.637,233.269,0.4487,0.0308,4.256,89.557,232.3257,0.3852,0.0484,3.8438,90.4994,233.5672,0.3871,0.0428
2015-11-18T00:05:59.565Z,2.7105,103.6427,233.1074,0.4442,0.0267,3.9365,90.425,232.3501,0.3896,0.0442,3.0978,90.7753,233.6332,0.3886,0.034
2015-11-18T00:06:59.888Z,4.337,102.1271,233.1735,0.4374,0.0426,3.5697,87.5349,231.9529,0.3776,0.0404,2.5429,88.811,233.8879,0.3796,0.0296
2015-11-18T00:07:59.155Z,5.7042,99.0664,232.7787,0.4253,0.0593,2.8802,88.6477,232.1887,0.3819,0.0317,2.8862,88.4496,233.3444,0.379,0.0334
2015-11-18T00:08:59.416Z,5.0608,102.9418,232.7898,0.4421,0.0507,3.1323,89.2342,232.8786,0.383,0.0351,2.8465,90.3627,233.5879,0.3869,0.0321
2015-11-18T00:09:59.660Z,4.8068,104.626,233.598,0.4478,0.0451,3.5981,88.184,233.3562,0.3777,0.0405,2.5924,90.826,234.5138,0.3875,0.0273
2015-11-18T00:10:59.033Z,1.8294,101.6556,233.5223,0.4347,0.019,4.0134,90.3012,233.9556,0.3853,0.0448,2.7932,90.4093,235.2097,0.3843,0.0333
2015-11-18T00:11:59.277Z,4.6908,102.1231,231.3766,0.4413,0.0459,3.2845,89.7725,231.7431,0.3874,0.0362,3.8185,89.7732,233.016,0.3852,0.041
2015-11-18T00:12:59.560Z,4.178,101.2295,231.8253,0.4364,0.0421,2.9423,87.4262,230.9925,0.3785,0.035,2.9549,88.057,230.9953,0.3809,0.0336
2015-11-18T00:13:59.816Z,3.5313,100.8025,231.087,0.4365,0.0367,3.6833,88.5823,230.927,0.3835,0.0421,2.6201,87.7564,231.5632,0.3785,0.0305
2015-11-18T00:14:59.043Z,4.5174,100.6626,231.2009,0.4351,0.0448,3.4096,88.8554,230.8586,0.3847,0.039,3.8196,89.956,231.4669,0.3889,0.0439
2015-11-18T00:15:59.402Z,2.2886,101.1501,231.2007,0.4367,0.0227,3.3995,90.9597,231.2166,0.3934,0.0389,3.5482,89.167,231.441,0.3849,0.0404
2015-11-18T00:16:59.652Z,4.6584,103.1111,231.104,0.4455,0.0466,3.5407,90.4476,231.347,0.391,0.0382,3.723,89.3779,231.4185,0.3862,0.0412
2015-11-18T00:17:59.906Z,4.8703,100.5935,231.3587,0.435,0.0487,3.5395,86.2632,231.2471,0.3733,0.0442,2.5843,88.0004,231.2763,0.38,0.0304
2015-11-18T00:18:59.318Z,4.3568,102.7088,230.8096,0.4448,0.042,3.8769,90.1351,230.9257,0.3903,0.0419,2.8607,87.8099,231.086,0.3804,0.0323
2015-11-18T00:19:59.532Z,3.3574,103.6011,231.1757,0.4481,0.0336,4.3111,89.9927,231.1135,0.3893,0.049,3.3138,88.0971,232.0159,0.3799,0.037
2015-11-18T00:20:59.822Z,4.8876,101.6512,231.5204,0.4395,0.0489,3.4116,89.0049,230.6416,0.3855,0.038,2.5621,90.3822,232.093,0.3896,0.0275
2015-11-18T00:21:59.103Z,5.6184,102.503,231.2648,0.4433,0.0552,3.3904,90.2457,230.673,0.3907,0.0377,2.8994,85.1503,232.1956,0.3668,0.0337
2015-11-18T00:22:59.435Z,4.755,99.839,231.8734,0.4304,0.0502,3.6758,87.7941,230.7168,0.3804,0.0396,3.1076,88.0497,230.6999,0.3815,0.0388
2015-11-18T00:23:59.772Z,5.6579,103.8698,231.5046,0.4485,0.0554,2.7143,89.3759,230.2432,0.3881,0.0289,3.0076,89.0444,230.9796,0.3853,0.0331
2015-11-18T00:24:59.026Z,5.1092,102.3156,231.5857,0.4414,0.0507,2.6741,88.1543,228.0528,0.3869,0.0304,2.1809,89.8394,232.258,0.3863,0.024
2015-11-18T00:25:59.385Z,2.4851,101.2,231.2643,0.4368,0.0249,4.4453,89.611,230.1251,0.3896,0.048,2.9911,89.1436,232.0212,0.3845,0.0342
2015-11-18T00:26:59.708Z,2.0979,100.2631,230.5359,0.4351,0.0205,3.9055,87.4632,230.9816,0.3788,0.0484,2.8016,88.9681,232.0809,0.3834,0.0327
2015-11-18T00:27:59.987Z,2.2313,100.1582,230.3522,0.4347,0.023,3.9783,87.8636,230.8039,0.3805,0.0498,3.1262,88.1098,231.7657,0.3805,0.0373
2015-11-18T00:28:59.218Z,4.1157,101.87,230.4911,0.4421,0.0404,3.3563,90.1299,231.1894,0.3899,0.0387,2.9186,88.7887,232.1408,0.383,0.0328
2015-11-18T00:29:59.484Z,3.9565,100.2337,230.7413,0.4346,0.0399,3.3387,89.3184,231.452,0.3857,0.0396,3.2741,90.3879,232.3373,0.389,0.0369
2015-11-18T00:30:59.841Z,4.2285,102.2118,231.0246,0.4423,0.0414,3.1978,89.6236,231.4673,0.387,0.0363,2.8167,90.4325,232.4066,0.3892,0.0304
2015-11-18T00:31:59.233Z,4.5188,99.6982,230.5022,0.4322,0.0454,3.2604,91.8241,231.1963,0.3968,0.034,3.5448,89.2163,231.8428,0.3847,0.0407
2015-11-18T00:32:59.535Z,5.2689,101.2616,230.8393,0.4382,0.0523,3.1448,89.0357,230.858,0.3857,0.0374,3.0001,88.8669,231.7736,0.3833,0.0343
2015-11-18T00:33:59.848Z,3.7546,102.5557,230.7163,0.4445,0.0367,3.5082,87.284,230.6295,0.3783,0.042,2.4704,88.7486,230.7051,0.3845,0.0279
2015-11-18T00:34:59.073Z,3.9673,100.9847,230.6424,0.4378,0.0403,3.574,88.8078,231.341,0.3837,0.0401,2.6052,89.0348,232.1814,0.3836,0.0298
2015-11-18T00:35:59.432Z,2.4919,101.2409,231.3029,0.4377,0.0249,3.7463,88.0509,230.8913,0.3812,0.0442,3.2976,91.3429,232.296,0.3934,0.0366
2015-11-18T00:36:59.707Z,4.223,101.146,230.8187,0.4376,0.0411,3.1708,90.3507,230.7095,0.3916,0.034,2.8177,89.316,231.6481,0.3855,0.0326
2015-11-18T00:37:59.889Z,5.3769,100.7999,230.9664,0.436,0.0524,3.8108,89.7643,230.983,0.3887,0.0418,3.4023,90.6968,231.6902,0.3919,0.0386
2015-11-18T00:38:59.113Z,4.7781,102.2053,231.1898,0.442,0.0464,3.2169,90.8747,230.9489,0.3938,0.0354,3.4627,88.3431,230.3854,0.3834,0.0397
2015-11-18T00:39:59.414Z,1.7223,101.7811,231.2141,0.4396,0.0174,3.8496,88.8503,231.0361,0.3845,0.043,3.3261,87.1627,228.8811,0.3813,0.0385
2015-11-18T00:40:59.696Z,2.5834,99.0916,230.5693,0.4299,0.026,4.1484,86.4547,230.4903,0.3745,0.0475,2.8085,90.6245,230.2736,0.3933,0.0312
2015-11-18T00:41:59.960Z,5.1734,101.7756,230.3991,0.4409,0.0507,3.4682,89.6489,230.6014,0.3887,0.0395,2.8802,87.4782,229.7058,0.3805,0.0342
2015-11-18T00:42:59.140Z,4.1742,101.7631,231.6507,0.4389,0.0411,3.6228,88.4512,231.4336,0.3823,0.0414,2.8871,90.1879,230.2804,0.3919,0.0308
2015-11-18T00:43:59.303Z,3.7927,102.1429,231.4088,0.4409,0.0374,3.4129,88.9062,231.1015,0.3843,0.039,3.3221,89.3342,229.2821,0.3896,0.0366
2015-11-18T00:44:59.608Z,3.9141,101.0964,231.0389,0.438,0.0391,3.5047,90.5266,231.1008,0.392,0.0375,3.1199,89.7863,229.8936,0.39,0.0345
2015-11-18T00:45:59.909Z,2.7159,100.6408,230.6913,0.4362,0.0273,3.3852,90.5555,231.2097,0.3921,0.038,3.2525,87.5485,231.7462,0.3775,0.0371
2015-11-18T00:46:59.348Z,4.3796,100.0443,230.3397,0.4342,0.0468,3.3991,89.2559,231.1658,0.386,0.0403,3.2277,88.6702,231.5679,0.3831,0.0361
2015-11-18T00:47:59.586Z,4.4631,103.4554,231.0049,0.4478,0.0429,3.6265,90.3507,231.4537,0.3905,0.0426,3.3153,88.9574,232.0945,0.3834,0.0367
2015-11-18T00:48:59.886Z,4.89,101.579,231.2616,0.439,0.0486,2.4144,88.9463,231.8421,0.3837,0.027,4.1791,90.3108,232.2311,0.3884,0.0451
2015-11-18T00:49:59.145Z,4.2338,102.0562,231.3073,0.4407,0.0431,3.7859,88.6337,231.7802,0.3818,0.0432,2.9789,90.8078,232.5294,0.3902,0.0336
2015-11-18T00:50:59.757Z,4.2366,100.2711,231.5646,0.4326,0.0413,3.5727,89.56,231.3968,0.3868,0.0384,2.451,91.1078,232.738,0.3917,0.0271
2015-11-18T00:51:59.033Z,4.4181,100.8707,231.7729,0.4348,0.0451,3.1672,85.5137,231.4037,0.3692,0.0397,2.5328,87.9112,232.8521,0.3778,0.0313
2015-11-18T00:52:59.292Z,5.022,102.6537,231.7519,0.4424,0.0493,3.5084,90.4826,231.1429,0.3911,0.0387,2.5267,90.6301,232.7401,0.3897,0.0286
2015-11-18T00:53:59.584Z,5.1138,102.7823,231.6605,0.4431,0.0505,4.1931,89.1274,231.2331,0.3853,0.046,2.6816,89.4781,232.8777,0.3838,0.0309
2015-11-18T00:54:59.015Z,4.4876,101.5853,231.655,0.438,0.0427,3.3047,88.5963,231.1048,0.3828,0.0362,2.5872,86.5042,231.4141,0.3739,0.03
2015-11-18T00:55:59.298Z,2.3511,100.3234,230.2011,0.4349,0.0224,4.2097,89.2863,231.2838,0.386,0.0483,2.5523,90.3758,232.3158,0.3895,0.0289
2015-11-18T00:56:59.477Z,3.868,101.9604,230.3436,0.4427,0.0368,3.6941,88.8577,231.4841,0.3838,0.0407,2.7185,89.4265,232.8784,0.3841,0.0311
2015-11-18T00:57:59.714Z,6.0633,99.486,230.2388,0.4318,0.0619,2.3865,87.249,230.6351,0.3785,0.0276,3.8532,87.8504,232.9727,0.3769,0.0447
2015-11-18T00:58:59.927Z,5.1904,103.0033,231.5282,0.4449,0.0511,3.2366,88.5778,229.7121,0.3856,0.0371,3.3836,89.227,233.1046,0.3823,0.0378
2015-11-18T00:59:59.276Z,5.0387,102.127,231.2218,0.4412,0.0494,2.6917,91.2983,229.7094,0.3974,0.0304,3.2819,88.8587,232.4301,0.3823,0.0362
