2015-11-12T00:00:59.873Z,2.0736,71.2261,233.312,0.3054,0.0272,3.9648,65.2124,231.7667,0.2808,0.0615,0.8793,65.6736,234.154,0.2802,0.014
2015-11-12T00:01:59.645Z,1.4432,74.784,232.6901,0.3214,0.0202,3.9551,67.8007,232.9493,0.2908,0.0588,1.7299,67.5921,233.429,0.2896,0.0257
2015-11-12T00:02:59.220Z,2.0713,76.1993,232.7579,0.3267,0.0281,3.3911,68.8959,232.7051,0.2957,0.0502,2.0179,67.1968,233.5053,0.2877,0.0292
2015-11-12T00:03:59.605Z,2.178,76.1065,232.8001,0.3271,0.0278,3.6404,68.0463,232.1784,0.2927,0.0537,1.8507,68.4667,233.8632,0.2927,0.0266
2015-11-12T00:04:59.290Z,2.751,75.644,233.2643,0.3246,0.0353,4.2406,66.4908,232.609,0.2858,0.0651,1.7846,69.7021,234.1001,0.2978,0.0246
2015-11-12T00:05:59.036Z,2.4339,75.7284,232.4762,0.3252,0.0327,3.742,66.128,232.3781,0.285,0.0574,1.4969,67.4098,233.4903,0.2887,0.023
2015-11-12T00:06:59.340Z,1.9296,75.1722,232.2878,0.3235,0.0259,4.2861,67.6573,232.7793,0.2912,0.0649,1.7318,66.9995,233.812,0.286,0.0252
2015-11-12T00:07:59.637Z,1.6231,74.6991,233.126,0.3203,0.0211,3.772,68.2207,233.3466,0.2925,0.057,1.1535,67.0165,234.7974,0.2852,0.0178
2015-11-12T00:08:59.293Z,2.5117,74.9843,233.0588,0.3217,0.0332,3.516,68.4214,233.5622,0.293,0.0511,0.9759,68.5341,234.578,0.293,0.0163
2015-11-12T00:09:59.388Z,2.8041,75.3935,233.6489,0.3227,0.0382,4.4173,67.3577,233.6135,0.2882,0.0664,1.8626,67.0312,234.5381,0.2862,0.0281
2015-11-12T00:10:59.760Z,1.7301,75.3662,233.814,0.3225,0.0228,3.931,68.2383,233.9452,0.2918,0.0583,1.5717,67.6679,235.0267,0.2876,0.0211
2015-11-12T00:11:59.028Z,2.3334,75.3117,233.4239,0.3231,0.0298,3.8374,67.989,234.1164,0.2906,0.0579,1.9747,69.3851,235.591,0.2947,0.0292
2015-11-12T00:12:59.737Z,2.04,76.3796,233.3874,0.3274,0.0262,4.0122,67.9211,233.7004,0.2912,0.059,1.5178,69.2367,235.5555,0.2939,0.022
2015-11-12T00:13:59.162Z,2.6156,75.1929,233.0179,0.3226,0.0342,3.3344,66.4229,233.446,0.2843,0.0522,1.0996,69.5464,234.5867,0.2963,0.0167
2015-11-12T00:14:59.361Z,1.8708,75.9367,233.1447,0.3259,0.0227,3.379,65.9536,233.0714,0.2827,0.054,1.4941,67.3144,234.6985,0.2866,0.0234
2015-11-12T00:15:59.655Z,2.3587,74.4237,233.9925,0.3184,0.0309,3.4353,67.475,233.3072,0.2892,0.0527,1.58,66.1497,232.6073,0.2851,0.025
2015-11-12T00:16:59.078Z,2.3958,76.1772,233.3391,0.3262,0.0312,3.746,67.8549,233.0421,0.291,0.0544,1.6901,69.7566,233.6557,0.2983,0.0247
2015-11-12T00:17:59.317Z,2.9508,75.2693,233.2122,0.3227,0.0395,3.841,68.1362,232.9836,0.2924,0.0559,1.1824,69.3213,234.2705,0.2959,0.0163
2015-11-12T00:18:59.736Z,2.0636,76.427,232.9797,0.328,0.0263,3.722,67.4727,233.1598,0.2893,0.0553,1.9995,68.5412,234.5224,0.292,0.0287
2015-11-12T00:19:59.053Z,1.6965,74.9685,232.8761,0.3216,0.0233,4.0808,67.5864,233.1929,0.2898,0.063,1.2353,67.8412,234.4704,0.2891,0.0189
2015-11-12T00:20:59.543Z,1.9748,76.2723,232.8858,0.3273,0.0272,3.3636,67.8055,232.9853,0.2907,0.0484,1.5203,67.6587,234.5825,0.2884,0.0228
2015-11-12T00:21:59.339Z,2.3147,74.694,232.746,0.3202,0.0302,3.9248,69.7091,233.0943,0.299,0.0571,1.3355,67.5223,234.5816,0.2878,0.0189
2015-11-12T00:22:59.671Z,3.3808,76.4312,233.3902,0.3274,0.0456,3.4503,69.2897,233.7432,0.2968,0.0496,1.5981,67.5937,234.7371,0.2877,0.0249
2015-11-12T00:23:59.326Z,2.8819,76.465,232.8403,0.3282,0.0378,3.6783,68.4663,233.9717,0.292,0.053,1.5122,67.7476,234.1576,0.2894,0.0223
2015-11-12T00:24:59.692Z,1.891,76.148,232.7688,0.3268,0.0241,3.4165,66.8221,233.24,0.2867,0.0538,1.3729,66.8475,233.8289,0.2862,0.02
2015-11-12T00:25:59.954Z,1.4957,75.6343,232.1916,0.3254,0.0207,3.5587,68.6271,233.217,0.2942,0.0533,2.1987,68.1276,234.0529,0.291,0.0316
2015-11-12T00:26:59.189Z,1.955,75.186,232.4514,0.3239,0.0252,4.0066,68.291,233.526,0.2922,0.0591,1.5613,69.2037,234.6476,0.2951,0.0226
2015-11-12T00:27:59.407Z,2.8277,75.1891,232.9505,0.322,0.0378,3.9637,66.0238,232.97,0.2833,0.0613,1.9226,69.773,234.4878,0.2977,0.0267
2015-11-12T00:28:59.111Z,2.941,75.0553,232.7095,0.3224,0.04,4.1926,69.2298,233.0029,0.2965,0.0626,1.8111,68.8884,234.048,0.2944,0.0253
2015-11-12T00:29:59.375Z,2.1987,76.0709,232.8689,0.327,0.0296,4.226,67.9512,233.0474,0.2921,0.0626,1.4102,68.0396,233.9056,0.2905,0.0211
2015-11-12T00:30:59.614Z,1.9499,75.172,232.8297,0.3223,0.0269,3.8409,66.5046,233.8379,0.2843,0.0586,1.7046,67.0245,234.4612,0.2858,0.0256
2015-11-12T00:31:59.991Z,2.4107,75.7325,232.7405,0.3254,0.032,3.698,67.5954,234.8021,0.2878,0.0554,1.5609,68.9664,235.59,0.2925,0.0218
2015-11-12T00:32:59.292Z,3.3622,76.9726,232.6046,0.3307,0.0442,3.7949,68.1693,234.3518,0.2909,0.056,1.7834,67.996,235.2754,0.2891,0.0263
2015-11-12T00:33:59.679Z,1.7493,75.5689,232.5001,0.3249,0.0247,4.6929,67.8135,234.3824,0.2891,0.0691,1.5396,67.736,235.2374,0.2877,0.0225
2015-11-12T00:34:59.970Z,1.8175,75.8733,233.228,0.3255,0.0244,3.9174,67.9576,234.2816,0.2905,0.0577,2.1215,67.9518,235.4847,0.2888,0.0297
2015-11-12T00:35:59.216Z,2.1179,74.832,233.072,0.3209,0.0272,4.4952,67.5051,233.9567,0.2889,0.0686,1.751,67.6653,235.1719,0.2879,0.0276
2015-11-12T00:36:59.025Z,1.6421,75.052,233.1975,0.3218,0.0231,3.2444,68.0629,234.0662,0.291,0.0492,1.6999,67.5986,235.1586,0.2878,0.0262
2015-11-12T00:37:59.422Z,2.1925,76.3984,233.5405,0.3275,0.0291,3.7532,67.8175,234.8516,0.2889,0.0567,2.1898,69.5397,235.2724,0.2956,0.0299
2015-11-12T00:38:59.726Z,2.0001,76.0561,233.4097,0.3255,0.0271,3.9749,68.13,234.9215,0.2897,0.0599,1.7364,69.0441,235.148,0.2935,0.0261
2015-11-12T00:39:59.182Z,2.2784,75.644,231.6187,0.3269,0.0299,3.89,67.2691,233.8819,0.2873,0.0577,1.5649,67.6581,233.9188,0.2892,0.0243
2015-11-12T00:40:59.758Z,2.052,74.6686,230.6895,0.3234,0.0285,3.7831,67.4032,232.8219,0.2898,0.057,2.0048,66.9762,233.0213,0.287,0.0285
2015-11-12T00:41:59.187Z,1.589,73.9743,230.0248,0.3211,0.0216,3.662,66.8167,232.2597,0.2879,0.0562,1.2109,66.8002,232.5478,0.2871,0.018
2015-11-12T00:42:59.563Z,2.146,73.4854,229.9779,0.3188,0.0296,3.5717,66.0839,231.8783,0.2847,0.0532,1.2083,67.1571,231.719,0.2899,0.0189
2015-11-12T00:44:59.123Z,2.3798,74.2714,230.6685,0.3218,0.0326,3.6372,67.319,231.5515,0.2904,0.0541,1.4764,66.5956,231.566,0.2876,0.0222
2015-11-12T00:45:59.396Z,1.7223,74.2696,229.9607,0.3227,0.0236,3.4492,67.7403,231.6304,0.2923,0.0525,1.2062,67.3814,231.5127,0.291,0.0184
2015-11-12T00:46:59.699Z,2.127,74.1086,228.9477,0.3233,0.0291,3.5338,67.8519,230.969,0.2933,0.0523,1.8293,66.8522,231.5523,0.2882,0.0265
2015-11-12T00:47:59.485Z,2.5445,74.5603,228.9827,0.3255,0.0335,3.6625,66.2407,230.2629,0.2873,0.0554,1.3697,66.6934,230.9254,0.2896,0.0213
2015-11-12T00:48:59.354Z,2.917,73.7839,228.5682,0.3224,0.0396,3.7976,67.0992,230.4646,0.2914,0.057,1.5359,66.9633,230.4858,0.2904,0.0229
2015-11-12T00:49:59.625Z,2.3953,73.8482,229.1842,0.3224,0.0338,3.1809,65.825,231.5348,0.2842,0.0493,1.4501,65.3777,230.4376,0.2835,0.0216
2015-11-12T00:50:59.948Z,1.9044,73.888,229.5608,0.3211,0.0257,3.6913,67.7531,231.867,0.2925,0.0538,1.2096,66.4421,230.4903,0.2886,0.0174
2015-11-12T00:51:59.379Z,2.3182,75.1459,229.8204,0.3268,0.0307,3.9132,67.8657,232.2064,0.2922,0.0576,1.3318,66.608,230.7063,0.2879,0.0214
2015-11-12T00:52:59.800Z,3.5057,74.4309,230.0605,0.3228,0.0471,3.1291,67.7928,231.7501,0.2928,0.0465,1.6772,67.2385,231.6076,0.2898,0.0243
2015-11-12T00:53:59.178Z,1.9327,75.2626,229.984,0.3274,0.0261,3.5476,67.7677,231.912,0.2926,0.0522,1.1674,66.7993,231.7216,0.2882,0.0177
2015-11-12T00:54:59.613Z,2.163,74.3613,230.0636,0.3237,0.0298,3.6178,66.4659,231.8709,0.2865,0.0559,1.2931,66.3703,232.1003,0.2857,0.0198
2015-11-12T00:55:59.887Z,2.0891,73.9928,229.6427,0.3223,0.0288,3.5582,67.7512,232.4583,0.2914,0.0526,1.1275,68.4548,232.4325,0.2946,0.0163
2015-11-12T00:56:59.782Z,3.0658,75.2961,229.6204,0.3274,0.0418,3.3564,67.269,232.1137,0.29,0.0512,1.6878,66.8149,232.6953,0.2872,0.0237
2015-11-12T00:57:59.870Z,2.4756,74.9559,229.4329,0.3259,0.0332,3.239,67.0248,231.322,0.2897,0.0512,1.2138,67.8487,232.1581,0.2923,0.0179
2015-11-12T00:58:59.085Z,1.944,73.8844,229.0958,0.3221,0.0269,3.9941,67.1877,231.363,0.2906,0.0596,1.4023,67.0857,232.2367,0.2886,0.0214
2015-11-12T00:59:59.311Z,1.4498,74.0893,228.7481,0.3241,0.0181,3.6627,66.0212,231.2091,0.2858,0.056,1.708,66.2321,231.6827,0.2864,0.0258
