2015-12-16T00:00:59.331Z,3.1977,110.5448,232.5529,0.4755,0.0272,3.6489,96.6821,228.929,0.4222,0.0391,84.3097,126.6113,233.7562,0.542,0.6682
2015-12-16T00:01:59.631Z,4.8949,113.9841,232.0902,0.4907,0.0429,3.531,95.4507,229.3073,0.416,0.0368,85.0836,128.608,233.6957,0.5498,0.6646
2015-12-16T00:02:59.883Z,4.5924,114.1385,231.9337,0.492,0.0405,3.7855,96.4035,230.6415,0.4177,0.0399,84.3981,127.9625,233.1934,0.5487,0.6638
2015-12-16T00:03:59.281Z,5.2806,114.4466,232.0432,0.4929,0.046,3.9218,97.0558,230.0248,0.4212,0.0414,83.6093,129.1844,233.7368,0.5527,0.6488
2015-12-16T00:04:59.557Z,4.0929,114.4143,232.7635,0.4911,0.037,2.7171,99.5432,230.3314,0.4318,0.0278,83.652,130.2492,234.1219,0.556,0.6442
2015-12-16T00:05:59.012Z,4.9133,113.6591,231.9342,0.4891,0.0434,2.8416,98.9324,230.1563,0.4298,0.0311,84.2006,127.3177,233.6496,0.5452,0.664
2015-12-16T00:06:59.362Z,3.7947,111.0986,231.8386,0.479,0.0336,3.4397,95.6874,229.9576,0.4157,0.0363,83.8485,128.5134,233.8499,0.5496,0.6551
2015-12-16T00:07:59.708Z,4.4004,113.4412,232.859,0.487,0.0393,3.7543,96.5082,230.7104,0.4186,0.0402,83.6496,127.1514,234.2778,0.5424,0.6607
2015-12-16T00:08:59.013Z,4.8166,114.0967,233.0408,0.4892,0.0422,3.75,96.2844,230.8056,0.4171,0.0379,85.1656,130.2394,235.1631,0.5534,0.6572
2015-12-16T00:09:59.231Z,4.4125,114.1156,232.9442,0.4895,0.0389,3.3029,97.4374,231.2632,0.4214,0.033,84.9301,130.4167,234.7682,0.5549,0.6564
2015-12-16T00:10:59.479Z,4.9496,114.7962,233.1309,0.4918,0.043,3.7765,98.7993,231.0733,0.4276,0.0377,85.1577,130.3621,234.4748,0.5559,0.6556
2015-12-16T00:11:59.704Z,4.2469,114.8914,233.2212,0.4924,0.0375,3.4404,97.8477,231.0364,0.4235,0.0353,85.0757,129.0607,234.8219,0.5495,0.6613
2015-12-16T00:12:59.014Z,3.7978,113.7253,233.7038,0.486,0.0341,3.3251,96.3119,231.2898,0.4168,0.0373,84.5596,129.4051,234.8459,0.5511,0.6566
2015-12-16T00:13:59.292Z,3.632,115.0146,233.5895,0.4921,0.0316,4.6114,99.9871,231.4287,0.432,0.0447,84.5158,130.5779,235.0946,0.5555,0.65
2015-12-16T00:14:59.559Z,4.5817,115.5747,233.5614,0.4945,0.039,3.2192,96.4365,231.1491,0.417,0.0329,85.2341,130.6568,235.097,0.5557,0.6561
2015-12-16T00:15:59.826Z,4.8804,113.9288,233.6657,0.487,0.0435,4.2808,97.3022,231.3433,0.4208,0.0413,84.9692,131.5365,235.1566,0.5591,0.6495
2015-12-16T00:16:59.165Z,4.0993,118.1317,233.2476,0.5067,0.0341,3.376,99.3117,231.5823,0.4282,0.0338,84.5951,129.8508,234.9601,0.5523,0.6538
2015-12-16T00:17:59.507Z,4.6477,114.6168,233.6423,0.4907,0.0409,3.432,98.1662,231.8122,0.424,0.033,85.0784,130.469,234.894,0.5555,0.6547
2015-12-16T00:18:59.846Z,4.2235,116.4193,233.8498,0.4974,0.0368,3.5589,97.2199,232.6575,0.4179,0.0366,84.8233,129.8909,235.0426,0.5528,0.6547
2015-12-16T00:19:59.194Z,5.2453,114.5521,233.9183,0.4897,0.046,3.5215,100.3121,232.8426,0.4315,0.0352,83.8045,128.758,233.8961,0.5507,0.6529
2015-12-16T00:20:59.506Z,3.9276,113.5743,233.8812,0.4848,0.0361,3.6751,99.1004,232.4915,0.4263,0.0374,83.188,128.1486,233.0964,0.5498,0.6533
2015-12-16T00:21:59.750Z,4.7718,116.0619,233.9231,0.4956,0.0414,3.1881,97.8744,232.6302,0.4214,0.0332,83.5856,127.9499,232.7181,0.5491,0.6557
2015-12-16T00:22:59.965Z,3.7304,112.7238,233.58,0.4825,0.0333,3.9437,94.8968,232.3333,0.4086,0.0468,83.8132,128.7982,233.7877,0.5511,0.6566
2015-12-16T00:23:59.303Z,3.7929,114.0859,233.4329,0.4887,0.0332,3.4584,98.6327,232.2706,0.4248,0.036,84.5711,128.6614,234.0993,0.5498,0.6596
2015-12-16T00:24:59.572Z,4.0531,115.4284,233.5429,0.4937,0.0346,3.8052,97.3691,232.7978,0.4188,0.039,84.2082,129.1179,234.7723,0.5498,0.6546
2015-12-16T00:25:59.912Z,4.0125,114.9434,233.7063,0.4914,0.0355,4.3357,98.8349,232.5208,0.4251,0.0434,84.7201,129.0416,235.0268,0.5489,0.6588
2015-12-16T00:26:59.238Z,3.3383,114.8907,231.9371,0.4949,0.0293,3.2704,99.2666,230.9561,0.4298,0.0324,83.2937,128.8388,233.3331,0.5526,0.6494
2015-12-16T00:27:59.462Z,4.6167,113.9329,231.0789,0.4932,0.0399,3.7699,97.1602,230.3778,0.4219,0.0377,82.3369,129.2055,232.3796,0.5566,0.6403
2015-12-16T00:28:59.825Z,2.722,115.5904,231.5919,0.4988,0.0235,3.9089,98.1193,230.5357,0.4256,0.0411,82.6924,127.2841,232.5915,0.5473,0.6525
2015-12-16T00:29:59.006Z,4.6699,113.5392,231.7518,0.4901,0.0422,3.977,98.6327,230.9854,0.4267,0.0409,82.9404,127.3133,232.9087,0.5464,0.6546
2015-12-16T00:30:59.223Z,3.6288,113.9864,231.3032,0.4923,0.0331,3.5312,97.1956,229.771,0.4229,0.0367,82.8967,127.9226,232.2789,0.5509,0.6504
2015-12-16T00:31:59.558Z,4.1184,112.5084,231.0234,0.4866,0.0362,3.3635,95.7911,230.3777,0.4159,0.0397,82.6949,126.1433,232.2709,0.5434,0.6582
2015-12-16T00:32:59.802Z,3.8439,112.0038,230.0001,0.4868,0.0343,3.6811,98.8889,230.3539,0.429,0.0371,82.4918,127.6324,232.2375,0.5499,0.6513
2015-12-16T00:33:59.055Z,5.5152,112.1689,230.3423,0.4869,0.0496,3.4387,97.1123,230.9058,0.4206,0.035,83.2828,127.293,233.2419,0.5459,0.6569
2015-12-16T00:34:59.596Z,3.477,112.1187,230.0074,0.4869,0.0331,3.99,97.9478,230.8003,0.4241,0.0424,82.9552,128.4985,232.9324,0.5515,0.6482
2015-12-16T00:35:59.123Z,3.2934,113.3676,230.3879,0.4923,0.0281,4.3669,98.3464,230.6167,0.4262,0.0439,83.4764,128.2201,233.3449,0.5494,0.6524
2015-12-16T00:36:59.279Z,4.5533,115.7421,230.0184,0.5023,0.0403,3.319,94.7121,230.7602,0.4102,0.0361,83.8785,129.886,233.2608,0.5565,0.6498
2015-12-16T00:37:59.464Z,4.8062,111.4338,228.8422,0.4867,0.0437,3.2225,96.4442,230.248,0.4187,0.036,83.6358,128.9875,233.0982,0.5538,0.6526
2015-12-16T00:38:59.773Z,4.8766,112.2152,229.2715,0.489,0.044,4.1768,97.9011,231.2722,0.4232,0.0415,83.5157,128.4563,233.4205,0.5504,0.6521
2015-12-16T00:39:59.108Z,5.7041,112.4654,229.4004,0.4899,0.0504,3.5653,98.0666,231.1649,0.424,0.0342,83.1587,127.5292,232.8467,0.5477,0.6536
2015-12-16T00:40:59.614Z,4.6703,114.3545,230.9893,0.4948,0.0404,4.5534,98.8911,230.6133,0.4289,0.0465,82.29,128.4115,232.6303,0.5517,0.6434
2015-12-16T00:41:59.803Z,2.5932,112.4153,231.5531,0.4852,0.0241,4.3013,93.4409,228.1813,0.4092,0.048,83.1863,129.0323,233.4382,0.552,0.6491
2015-12-16T00:42:59.087Z,3.9327,112.7776,231.2629,0.4879,0.0339,2.7208,95.5348,227.721,0.4197,0.028,83.9181,128.7623,233.4916,0.5518,0.6544
2015-12-16T00:43:59.355Z,3.9425,113.3579,231.4699,0.4898,0.0344,3.7697,95.3474,228.8225,0.4167,0.0397,83.6142,127.7803,233.436,0.5476,0.6552
2015-12-16T00:44:59.783Z,3.5766,115.5303,231.0509,0.4997,0.0315,4.6891,95.6212,230.3151,0.4152,0.0483,83.6889,129.3178,233.5512,0.5537,0.6493
2015-12-16T00:45:59.060Z,3.3353,112.7282,231.3213,0.4871,0.0299,4.4526,96.8186,230.7969,0.4193,0.0452,84.0196,129.7532,233.7468,0.5543,0.6496
2015-12-16T00:46:59.340Z,3.5376,113.0755,231.2273,0.4889,0.0332,4.6862,96.6238,230.7103,0.4188,0.0475,83.0203,127.0044,232.8038,0.5453,0.6586
2015-12-16T00:47:59.680Z,4.4052,115.3237,231.0824,0.4989,0.039,3.6634,97.4975,230.4685,0.4229,0.0384,82.5373,128.0408,232.2315,0.5512,0.6481
2015-12-16T00:48:59.911Z,4.2428,113.9451,231.4832,0.4916,0.0365,3.6392,97.4814,230.408,0.4228,0.0383,82.7264,128.6688,232.3742,0.5538,0.6452
2015-12-16T00:49:59.211Z,3.0298,114.8864,231.9294,0.4953,0.0269,4.0089,98.5693,228.7113,0.4316,0.0393,82.9643,127.2858,232.57,0.5476,0.6538
2015-12-16T00:50:59.470Z,3.3408,111.5321,231.7347,0.4811,0.0303,3.5843,98.8426,227.4305,0.435,0.0365,82.2137,126.4118,232.1926,0.5446,0.6522
2015-12-16T00:51:59.709Z,3.1129,114.4369,231.3729,0.4944,0.0263,4.0115,99.4746,229.9369,0.4326,0.0412,82.3605,127.1189,231.1879,0.5496,0.6504
2015-12-16T00:52:59.919Z,5.7881,114.2415,230.683,0.4949,0.051,3.0391,95.8219,230.8105,0.4151,0.0326,82.499,127.2551,231.042,0.5504,0.6507
2015-12-16T00:53:59.296Z,5.5984,114.2984,231.0283,0.4948,0.0488,2.8609,96.9079,230.4553,0.4207,0.0304,81.5409,126.8402,231.0791,0.5483,0.6456
2015-12-16T00:54:59.739Z,4.0928,115.2588,230.8153,0.499,0.0363,3.3522,97.7757,230.4188,0.4245,0.0347,82.2498,126.9135,231.0811,0.5493,0.6512
2015-12-16T00:55:59.899Z,5.8598,113.3488,230.7405,0.4914,0.0525,3.0779,97.778,230.1741,0.4247,0.0307,81.4413,126.8354,230.8095,0.5492,0.6445
2015-12-16T00:56:59.140Z,2.8307,112.8741,230.8599,0.4888,0.0251,4.5981,97.235,230.4246,0.4223,0.0468,81.4987,126.5938,230.6096,0.5487,0.647
2015-12-16T00:57:59.360Z,5.0781,112.6655,230.9621,0.4875,0.0462,3.4735,98.19,230.3218,0.426,0.0344,81.7471,127.5873,230.5984,0.553,0.6434
2015-12-16T00:58:59.618Z,5.2067,114.3305,231.4109,0.4942,0.0463,2.8313,97.4703,230.4016,0.4234,0.0291,81.9003,126.2658,231.4153,0.5454,0.65
2015-12-16T00:59:59.843Z,4.4511,115.1418,231.2418,0.4976,0.0382,3.7333,96.931,230.57,0.4202,0.0398,82.3312,126.6903,231.453,0.5471,0.6511
