2015-12-28T00:00:59.252Z,2.973,112.8043,231.996,0.4867,0.0285,4.8585,101.2272,230.7867,0.4385,0.0469,84.1716,130.8724,234.0789,0.5592,0.6457
2015-12-28T00:01:59.516Z,4.5434,116.2735,232.1409,0.5007,0.0399,3.6034,100.0419,231.1901,0.4322,0.0366,85.0485,131.9432,234.5142,0.5624,0.6468
2015-12-28T00:02:59.725Z,2.5804,114.0165,231.5292,0.4921,0.0214,3.1887,98.1474,231.3022,0.4246,0.0337,84.1496,131.8338,234.2556,0.5626,0.6429
2015-12-28T00:03:59.969Z,4.0822,113.4605,231.754,0.4891,0.0364,3.2333,96.6364,231.4368,0.4177,0.036,83.2705,130.0701,234.0543,0.5558,0.646
2015-12-28T00:04:59.204Z,3.8975,114.779,230.9865,0.497,0.0338,4.2484,100.4883,231.5953,0.4343,0.0422,83.5044,130.4084,233.5726,0.5584,0.6419
2015-12-28T00:05:59.489Z,4.4563,115.2428,230.8836,0.498,0.0387,3.6235,101.3497,231.8753,0.437,0.0346,83.5547,130.1849,232.9463,0.5586,0.6445
2015-12-28T00:06:59.695Z,3.6466,113.0104,231.3138,0.4884,0.0324,4.208,99.4016,231.8243,0.4287,0.0427,83.0184,130.2631,232.9554,0.5588,0.6405
2015-12-28T00:07:59.972Z,3.4288,118.0867,231.2904,0.5102,0.0289,4.4788,98.9364,231.698,0.4271,0.0437,83.0819,130.2021,233.2716,0.5573,0.6403
2015-12-28T00:08:59.240Z,4.4229,116.341,231.3378,0.5023,0.0384,3.029,98.2273,231.6164,0.4237,0.033,83.3968,130.2612,233.4629,0.5579,0.645
2015-12-28T00:09:59.624Z,4.0698,116.2866,231.0945,0.5025,0.0353,3.8144,100.6527,231.8151,0.4342,0.0367,84.0554,128.6443,233.7567,0.5504,0.6559
2015-12-28T00:10:59.844Z,4.7527,114.774,231.1931,0.4966,0.0431,4.2469,100.2207,232.558,0.4308,0.0429,83.3331,129.7346,233.9096,0.5543,0.6457
2015-12-28T00:11:59.204Z,3.0727,113.6977,231.4738,0.4911,0.028,4.1331,98.6886,232.8061,0.424,0.0434,83.9188,129.8416,234.3057,0.5536,0.65
2015-12-28T00:12:59.383Z,4.7567,114.1493,231.1747,0.4931,0.044,3.8235,100.0444,232.8492,0.4293,0.0421,85.1573,130.4295,233.876,0.5575,0.6565
2015-12-28T00:13:59.601Z,4.961,116.3529,232.0536,0.5016,0.0442,4.348,97.5601,230.1941,0.4236,0.044,84.0407,130.467,235.0373,0.5552,0.6471
2015-12-28T00:14:59.855Z,3.52,114.5515,231.8678,0.4933,0.0302,3.7514,98.9186,230.4012,0.4295,0.0379,83.4037,130.6359,234.2829,0.5573,0.6418
2015-12-28T00:15:59.178Z,4.1019,115.5478,231.3353,0.4986,0.0357,3.6918,100.7113,232.5094,0.4331,0.0362,84.2582,129.6056,234.0068,0.5539,0.6527
2015-12-28T00:16:59.449Z,3.4207,115.7682,231.5787,0.5,0.0307,4.4816,100.39,232.4652,0.4313,0.0451,83.808,130.3389,234.1057,0.556,0.6467
2015-12-28T00:17:59.749Z,4.1437,115.7735,231.3885,0.4995,0.0362,4.261,98.6726,232.2767,0.4247,0.0466,83.9265,126.7807,233.6842,0.5425,0.6658
2015-12-28T00:18:59.994Z,3.6452,115.0192,231.4614,0.4969,0.0319,4.338,100.0462,232.1797,0.431,0.044,83.318,129.3626,233.5176,0.5543,0.6465
2015-12-28T00:19:59.370Z,4.8928,115.8012,231.7001,0.5001,0.0429,3.9459,99.9622,232.269,0.4306,0.04,83.412,130.0314,233.7066,0.5561,0.6433
2015-12-28T00:20:59.637Z,3.5867,115.7734,232.0099,0.4989,0.0318,4.2236,98.6764,232.5563,0.4243,0.0428,83.995,129.8884,233.7783,0.5554,0.649
2015-12-28T00:21:59.992Z,3.569,117.7067,232.1978,0.5073,0.0302,3.8425,99.528,232.4454,0.4281,0.039,84.0545,130.0299,233.7522,0.5559,0.6478
2015-12-28T00:22:59.279Z,5.1617,116.0474,232.0692,0.4996,0.0449,3.6586,98.8492,232.6039,0.4253,0.0364,83.5934,129.5874,233.443,0.555,0.6471
2015-12-28T00:23:59.537Z,5.4058,116.5365,232.1879,0.5018,0.0477,3.5114,99.1502,232.279,0.4267,0.0357,83.3681,129.6419,232.8043,0.5569,0.6467
2015-12-28T00:24:59.794Z,3.4633,115.556,232.1868,0.4973,0.0313,4.0124,100.8849,232.2002,0.4343,0.0408,83.4199,129.9722,232.9917,0.5577,0.6459
2015-12-28T00:25:59.245Z,3.3704,115.3991,232.2674,0.4964,0.0292,4.4646,99.023,231.6158,0.4277,0.0467,82.9504,130.3924,233.7529,0.5574,0.6381
2015-12-28T00:26:59.430Z,4.3425,115.9984,232.1316,0.4996,0.0386,3.6838,99.3989,231.5024,0.4297,0.0388,83.9578,129.7821,233.3549,0.5563,0.6493
2015-12-28T00:27:59.711Z,3.9485,117.2848,232.6657,0.5037,0.0344,4.1027,100.2142,231.6933,0.4325,0.0419,82.0831,126.4334,230.557,0.548,0.6522
2015-12-28T00:28:59.956Z,4.4558,114.5797,231.7582,0.4942,0.0401,3.3147,97.7085,231.001,0.4226,0.0359,83.8892,128.5641,233.9179,0.5499,0.6552
2015-12-28T00:29:59.233Z,3.9351,115.5848,231.7093,0.4983,0.0339,4.5212,101.2552,230.9973,0.4384,0.0447,83.6642,130.0403,233.6689,0.5563,0.646
2015-12-28T00:30:59.389Z,4.7156,116.1525,231.643,0.5012,0.0403,3.5807,98.987,231.1245,0.4286,0.0352,83.3068,130.559,233.9173,0.558,0.6405
2015-12-28T00:31:59.541Z,3.3963,116.3363,231.6245,0.5023,0.0285,4.0556,99.0779,231.579,0.428,0.0416,83.8135,129.9622,234.1052,0.5552,0.6478
2015-12-28T00:32:59.818Z,4.0575,115.8837,231.5068,0.5004,0.0345,3.0917,100.7392,231.3007,0.4359,0.0318,83.6955,130.8518,233.7226,0.56,0.6433
2015-12-28T00:33:59.336Z,4.1297,117.4566,232.168,0.5057,0.0356,3.9896,100.3473,231.6671,0.4331,0.0389,84.7209,131.8061,233.9578,0.5633,0.6459
2015-12-28T00:34:59.582Z,4.4348,116.1953,232.0898,0.5,0.0384,4.4368,100.4168,231.8604,0.4333,0.044,84.2524,130.6287,234.4019,0.5577,0.6468
2015-12-28T00:35:59.856Z,4.2369,117.1871,232.0492,0.5047,0.0371,4.2211,98.6018,232.1589,0.4251,0.0424,83.8453,130.1357,234.5156,0.5548,0.6474
2015-12-28T00:36:59.132Z,4.8826,116.3956,232.4244,0.5003,0.0426,3.064,99.6054,232.3317,0.4288,0.0301,84.2464,129.7288,234.566,0.5528,0.651
2015-12-28T00:37:59.382Z,5.7078,113.2655,232.3022,0.4873,0.0505,3.2349,97.1163,231.2284,0.4204,0.0365,84.3448,130.2581,234.6989,0.5552,0.6523
2015-12-28T00:38:59.737Z,5.0268,116.8213,232.7625,0.5014,0.043,2.7421,98.581,229.4827,0.4299,0.028,84.953,131.2812,235.3936,0.5577,0.6509
2015-12-28T00:39:59.030Z,3.327,116.4592,231.8939,0.5017,0.0299,3.1678,100.4256,231.222,0.4341,0.0326,84.2709,129.7812,234.6438,0.5531,0.6522
2015-12-28T00:40:59.283Z,5.3598,115.7374,230.0791,0.5029,0.046,3.4619,99.1646,232.9,0.4256,0.0341,84.1747,129.0235,234.0881,0.5508,0.6545
2015-12-28T00:41:59.693Z,5.0715,115.6327,230.2492,0.502,0.0446,3.0314,99.0032,232.9847,0.4248,0.0307,83.4457,130.4932,234.4696,0.5568,0.6408
2015-12-28T00:42:59.944Z,4.0309,113.4621,229.5864,0.494,0.0347,3.9252,100.7412,233.2577,0.432,0.039,84.1384,130.8851,234.3596,0.5578,0.6448
2015-12-28T00:43:59.364Z,3.901,114.514,229.9664,0.4976,0.034,2.8149,99.0058,232.6898,0.4256,0.032,84.4916,130.7598,234.9793,0.5562,0.6507
2015-12-28T00:44:59.827Z,4.1993,116.6658,230.0737,0.5068,0.0373,3.1358,100.8996,232.8887,0.4335,0.0323,84.2023,130.9988,234.4692,0.5585,0.6453
2015-12-28T00:45:59.116Z,3.913,113.4128,229.9174,0.4929,0.0348,3.6996,102.7529,233.1212,0.441,0.0369,84.3171,129.6508,234.1229,0.5533,0.6528
2015-12-28T00:46:59.479Z,4.522,114.451,228.8979,0.4999,0.04,4.4791,100.2278,233.4481,0.429,0.0435,83.2278,129.4308,233.7884,0.5538,0.6457
2015-12-28T00:47:59.771Z,3.5757,115.2222,227.3726,0.5065,0.0304,3.5875,98.9765,233.359,0.4235,0.0352,83.4645,130.115,233.4501,0.557,0.6446
2015-12-28T00:48:59.045Z,5.1124,114.0772,227.5772,0.5007,0.0446,3.1917,100.5156,233.3891,0.4307,0.0319,83.0172,127.8671,233.1158,0.5481,0.6512
2015-12-28T00:49:59.385Z,4.4554,114.8358,227.881,0.5033,0.0391,4.0655,99.6327,233.1604,0.4271,0.0404,82.9464,128.9612,233.015,0.5539,0.6455
2015-12-28T00:50:59.752Z,3.4184,113.0168,228.1602,0.4954,0.0298,4.0395,101.7433,233.3991,0.4359,0.041,82.6232,128.9705,233.3727,0.5529,0.6419
2015-12-28T00:51:59.898Z,5.494,113.4959,228.1698,0.4969,0.0496,3.857,100.1089,233.3393,0.4292,0.0359,84.0876,127.8146,233.1029,0.548,0.6599
2015-12-28T00:52:59.091Z,5.4788,112.1187,228.4093,0.4909,0.0492,3.6531,99.7516,233.2981,0.4272,0.0384,83.4166,127.2977,233.5761,0.545,0.6589
2015-12-28T00:53:59.381Z,4.6598,110.7003,228.0907,0.4851,0.0415,2.9834,99.4811,233.158,0.4265,0.032,83.4247,129.8553,233.6374,0.5555,0.6465
2015-12-28T00:54:59.713Z,3.902,112.7452,228.3805,0.4939,0.035,3.2524,102.0798,233.4232,0.4376,0.0333,83.4589,130.3005,233.7549,0.5572,0.6434
2015-12-28T00:55:59.945Z,4.5846,116.2773,228.4466,0.5089,0.0393,3.3912,99.5551,233.3429,0.4266,0.0358,84.0598,129.2554,233.784,0.5525,0.6521
2015-12-28T00:56:59.126Z,4.6688,112.4746,228.0496,0.4935,0.0431,3.457,99.2992,232.9872,0.4264,0.0351,83.6952,128.2608,233.5601,0.5491,0.6566
2015-12-28T00:57:59.504Z,4.2038,115.6896,228.5121,0.5063,0.036,4.0621,100.9503,233.4402,0.4317,0.0411,83.9358,129.3088,233.9783,0.5529,0.6532
2015-12-28T00:58:59.668Z,4.9499,113.5393,228.571,0.4966,0.0427,3.7326,101.7527,233.6897,0.4351,0.0367,83.9651,129.9229,234.3777,0.5546,0.649
2015-12-28T00:59:59.923Z,4.5003,115.529,229.032,0.5051,0.0384,4.2489,100.6656,233.7296,0.43,0.0416,83.6953,128.2542,234.6758,0.5468,0.6554
