2015-11-24T00:00:59.900Z,4.9366,96.3526,229.6563,0.4192,0.0532,4.361,88.7407,233.0948,0.3807,0.0492,82.9963,120.4885,233.2429,0.5164,0.6923
2015-11-24T00:01:59.140Z,5.7643,100.0317,230.128,0.4349,0.0581,3.8879,88.2861,233.3204,0.3778,0.0454,83.3594,123.5449,233.6317,0.5293,0.6779
2015-11-24T00:02:59.647Z,4.7131,99.3954,229.4854,0.4327,0.0486,4.1652,88.9514,232.1058,0.3836,0.0458,83.0067,122.2667,233.1795,0.5238,0.6802
2015-11-24T00:03:59.944Z,4.7998,102.5789,229.3696,0.4471,0.0474,3.4664,90.4501,232.0268,0.3893,0.0396,82.4815,121.4043,232.8704,0.5211,0.681
2015-11-24T00:04:59.797Z,2.8238,99.4331,229.674,0.433,0.0281,4.0687,89.6893,230.1245,0.3902,0.0459,83.3293,123.9208,233.6637,0.5307,0.6743
2015-11-24T00:05:59.560Z,2.4677,100.391,229.5417,0.4371,0.0256,4.4676,89.3669,229.2907,0.3898,0.0532,84.148,123.895,233.7813,0.53,0.681
2015-11-24T00:06:59.796Z,4.2921,100.724,229.5968,0.4388,0.0426,4.656,92.9836,231.5864,0.4014,0.0505,83.3416,122.3779,233.037,0.5251,0.6821
2015-11-24T00:07:59.258Z,5.2027,100.904,229.6348,0.4398,0.0519,4.0401,92.9274,232.8021,0.3994,0.0414,84.0371,123.7108,232.8964,0.5312,0.6801
2015-11-24T00:08:59.601Z,4.7853,98.9968,229.438,0.4313,0.0486,3.7066,93.32,232.8868,0.401,0.0408,83.5869,122.9455,233.3176,0.527,0.6821
2015-11-24T00:09:59.831Z,5.3793,100.3193,229.3124,0.4371,0.0542,3.369,90.7697,232.8441,0.3901,0.038,83.2543,122.4438,233.3541,0.5248,0.6814
2015-11-24T00:10:59.133Z,4.8522,101.7443,230.9292,0.4407,0.0483,3.1691,90.1852,233.0609,0.3867,0.0353,83.6882,124.7344,233.8853,0.5337,0.6727
2015-11-24T00:11:59.573Z,3.9203,103.9796,232.1078,0.4481,0.0373,2.8657,88.8131,230.6269,0.3851,0.0348,84.5577,124.0231,235.648,0.526,0.6845
2015-11-24T00:12:59.126Z,3.4921,103.7227,231.5752,0.4471,0.0341,4.0513,91.7613,233.1679,0.3932,0.0445,84.3466,123.8968,235.1646,0.5267,0.6812
2015-11-24T00:13:59.510Z,4.6424,102.0891,231.019,0.4414,0.0456,3.9298,89.6869,233.6309,0.3837,0.0421,83.743,123.8001,234.3289,0.5281,0.6781
2015-11-24T00:14:59.836Z,4.7685,101.2337,230.719,0.4382,0.0482,3.4817,93.5825,233.1929,0.4012,0.0396,83.6142,125.0563,233.9993,0.5341,0.6703
2015-11-24T00:15:59.475Z,3.5894,102.2489,230.0428,0.4447,0.034,3.7344,93.2264,232.6707,0.4009,0.0401,83.9127,123.6083,233.8873,0.5279,0.6798
2015-11-24T00:16:59.242Z,4.8507,101.4954,230.2999,0.4407,0.0478,3.1931,91.2962,232.6321,0.3924,0.0359,83.5723,123.1743,233.6678,0.5268,0.6793
2015-11-24T00:17:59.574Z,3.7338,103.2233,230.3151,0.4477,0.0361,3.4475,92.8654,232.2338,0.3999,0.0368,82.8095,122.9015,233.0188,0.5272,0.6766
2015-11-24T00:18:59.814Z,2.996,102.2313,230.7789,0.4431,0.0307,3.7322,91.9058,231.412,0.397,0.0422,83.4022,124.0953,233.6179,0.5316,0.674
2015-11-24T00:20:59.658Z,2.9529,103.4497,231.579,0.4463,0.0295,4.3713,90.9475,231.4137,0.3931,0.0481,83.1916,123.4006,233.4214,0.5284,0.6769
2015-11-24T00:21:59.361Z,3.9143,102.9777,231.13,0.4457,0.0374,3.5813,90.4241,231.1198,0.3908,0.0387,83.1882,124.1577,233.5716,0.5313,0.6712
2015-11-24T00:22:59.676Z,3.6463,103.1051,230.8767,0.4468,0.0358,3.8227,90.669,230.7109,0.393,0.0413,83.2324,123.6116,233.3709,0.5298,0.6742
2015-11-24T00:23:59.905Z,4.3497,101.7741,230.9115,0.4402,0.0435,3.6601,91.6101,230.8932,0.3968,0.0391,82.3465,122.1221,233.1186,0.5234,0.6751
2015-11-24T00:24:59.208Z,4.6111,104.3378,231.7936,0.4498,0.0434,4.4791,91.5444,230.4553,0.3973,0.0497,82.8894,122.4338,233.6784,0.5242,0.6786
2015-11-24T00:25:59.509Z,4.5808,101.9335,231.1769,0.4408,0.0451,3.8462,90.7344,230.8435,0.3931,0.0473,83.4536,123.6343,233.4669,0.5295,0.6771
2015-11-24T00:26:59.768Z,5.2787,104.1933,231.1081,0.4504,0.0505,3.7645,91.6141,231.9388,0.3952,0.0422,82.9645,124.2447,233.3115,0.5324,0.6705
2015-11-24T00:27:59.094Z,4.386,104.5229,231.369,0.4517,0.0419,3.812,93.1931,232.1209,0.4016,0.0416,83.156,124.2958,233.446,0.5326,0.6709
2015-11-24T00:28:59.423Z,4.3833,102.5563,230.6783,0.4438,0.0441,3.7682,92.576,232.038,0.3991,0.0408,82.6826,123.7203,233.4355,0.5301,0.6716
2015-11-24T00:29:59.694Z,3.8399,102.4649,231.5681,0.4425,0.0379,3.3262,92.6641,232.8136,0.3985,0.038,83.1456,123.9448,233.3035,0.5309,0.6731
2015-11-24T00:30:59.031Z,3.5851,103.073,231.84,0.4449,0.0361,4.1513,89.0466,232.1736,0.3837,0.0486,83.528,123.3546,232.7124,0.53,0.6799
2015-11-24T00:31:59.369Z,4.8479,103.9563,232.2336,0.4475,0.0487,4.0068,92.0247,232.5857,0.3956,0.0437,83.5902,123.3114,233.1084,0.5285,0.6802
2015-11-24T00:32:59.841Z,5.603,101.6935,231.8796,0.438,0.0561,4.0732,91.2827,232.432,0.3927,0.0435,83.1471,123.8852,233.539,0.5305,0.6723
2015-11-24T00:33:59.168Z,2.6839,103.9936,231.6521,0.4486,0.0261,3.8353,93.1191,232.3034,0.3999,0.0424,82.8254,123.4953,233.482,0.5284,0.6726
2015-11-24T00:34:59.594Z,2.7776,103.0237,231.5211,0.4445,0.0247,4.0375,88.7065,232.0355,0.3825,0.0465,83.3054,123.9112,233.4703,0.5308,0.6753
2015-11-24T00:35:59.178Z,4.0081,102.8716,231.5149,0.4446,0.0399,3.6799,90.186,232.3447,0.3881,0.0409,83.2799,124.6916,233.5904,0.534,0.6701
2015-11-24T00:36:59.508Z,3.6379,103.0827,231.8584,0.4442,0.0357,3.5767,90.7265,232.6951,0.3903,0.0392,84.3393,125.2435,233.8443,0.5359,0.6757
2015-11-24T00:37:59.827Z,4.3234,101.1569,232.2363,0.4356,0.0427,3.4234,90.1815,230.0093,0.3919,0.0385,83.7616,124.3936,234.8045,0.5295,0.6755
2015-11-24T00:38:59.146Z,3.273,101.9122,231.4757,0.4402,0.0327,4.0538,92.255,230.9628,0.3997,0.0432,83.9496,123.4151,234.5097,0.5259,0.6833
2015-11-24T00:39:59.861Z,3.1986,102.163,231.3555,0.4415,0.0304,3.9747,92.4263,231.8953,0.3986,0.0432,83.8133,123.4943,233.7562,0.5286,0.6788
2015-11-24T00:40:59.054Z,4.0679,101.5407,231.4818,0.4392,0.0403,3.6342,92.0014,232.7163,0.395,0.0418,83.3991,122.8332,234.268,0.5246,0.6814
2015-11-24T00:41:59.304Z,4.0487,104.6127,232.2441,0.4502,0.0386,3.5843,92.6199,232.9723,0.3974,0.0398,84.8007,124.5804,234.9814,0.5303,0.6813
2015-11-24T00:42:59.963Z,2.6117,103.3517,231.5591,0.4464,0.0257,3.8039,92.6091,232.9839,0.397,0.0412,84.2689,124.9397,234.4697,0.5321,0.677
2015-11-24T00:43:59.724Z,4.3293,102.6077,231.9432,0.4422,0.0422,4.0947,92.1232,232.7477,0.3957,0.0438,84.7057,125.2884,234.5979,0.5344,0.6781
2015-11-24T00:44:59.256Z,3.7313,100.763,232.2321,0.4328,0.0362,3.019,91.0826,232.2677,0.3921,0.0324,82.9977,121.531,234.2218,0.5183,0.6848
2015-11-24T00:45:59.636Z,3.6066,101.2956,232.0617,0.4358,0.0367,3.6857,91.2029,232.5837,0.3924,0.0419,83.3322,123.445,233.7393,0.5283,0.677
2015-11-24T00:46:59.081Z,3.4141,102.3347,232.2507,0.4404,0.0341,3.4541,90.8774,233.088,0.3901,0.0382,83.1631,122.678,233.6653,0.5252,0.6796
2015-11-24T00:47:59.403Z,2.4667,103.5898,232.4576,0.4453,0.0225,4.1872,91.6536,233.0753,0.3938,0.0445,84.0148,123.8085,234.2192,0.5286,0.6789
2015-11-24T00:48:59.629Z,4.5475,103.894,232.2254,0.4474,0.0451,4.4505,93.6243,233.3864,0.4023,0.0462,83.5144,123.0188,233.7459,0.5265,0.6799
2015-11-24T00:49:59.805Z,2.4473,103.037,232.4656,0.4432,0.0234,3.8218,90.6429,230.7031,0.3931,0.0435,83.65,124.05,234.4136,0.5291,0.6767
2015-11-24T00:50:59.677Z,4.0668,102.5014,232.8391,0.4402,0.0422,2.6825,88.756,231.5358,0.3838,0.0296,83.467,125.5088,233.9222,0.5365,0.6687
2015-11-24T00:51:59.912Z,4.1553,101.5778,232.5151,0.4366,0.0421,4.0785,92.537,233.9167,0.3963,0.044,83.6692,123.8642,233.9571,0.5301,0.6773
2015-11-24T00:52:59.731Z,3.8914,103.2037,233.1209,0.4424,0.0384,2.9836,92.2712,233.8485,0.3946,0.0316,81.559,121.2878,231.2269,0.5249,0.6742
2015-11-24T00:53:59.518Z,4.1594,101.472,231.804,0.4369,0.0407,3.6389,93.8931,233.5431,0.4028,0.0386,83.1788,124.3579,232.8557,0.5338,0.6711
2015-11-24T00:54:59.824Z,3.9873,103.1013,231.853,0.4442,0.0398,3.7878,92.7287,233.2026,0.3975,0.0407,83.5976,123.413,233.7518,0.5284,0.679
2015-11-24T00:55:59.266Z,3.0086,102.9892,231.7223,0.4439,0.0279,4.1231,92.4274,232.9843,0.3969,0.0447,83.4411,123.4648,233.4581,0.5291,0.6776
2015-11-24T00:56:59.541Z,5.1573,102.5348,231.6519,0.4423,0.0495,2.892,93.4566,233.233,0.4005,0.0319,82.6099,122.5212,233.2218,0.5249,0.6753
2015-11-24T00:57:59.798Z,3.3463,101.8049,232.4299,0.438,0.0335,3.509,91.2287,233.292,0.3905,0.0388,83.5912,123.3785,233.6979,0.5282,0.6798
2015-11-24T00:58:59.931Z,2.7578,100.4698,231.7979,0.4329,0.0264,4.2509,91.5854,233.4645,0.3922,0.0467,83.9949,123.5298,234.322,0.5266,0.6813
2015-11-24T00:59:59.229Z,4.7242,103.0017,232.1297,0.4434,0.0463,3.505,91.5412,233.0757,0.3928,0.0367,83.0106,121.9737,233.8756,0.5216,0.6822
