2015-11-27T00:00:59.677Z,3.6121,99.9488,234.6728,0.4255,0.0376,4.023,87.8721,232.1985,0.3785,0.0461,80.8214,116.4637,230.1589,0.5061,0.6957
2015-11-27T00:01:59.058Z,3.4474,102.4467,234.3197,0.4371,0.034,3.8548,89.8631,231.4938,0.3882,0.0424,80.1079,118.213,229.6061,0.5152,0.6811
2015-11-27T00:02:59.356Z,4.0525,103.8484,233.9777,0.4437,0.0398,3.8867,89.3073,231.7316,0.3852,0.0452,82.0899,120.568,231.7757,0.5195,0.6818
2015-11-27T00:03:59.697Z,5.3349,103.8451,233.1174,0.4446,0.0521,3.8329,90.6876,231.5387,0.3924,0.0421,83.4007,122.7388,234.1573,0.5242,0.6808
2015-11-27T00:04:59.996Z,5.3748,103.6711,233.2466,0.4444,0.0523,3.4318,91.0446,231.599,0.3938,0.0366,84.7701,123.5092,235.0011,0.5256,0.6879
2015-11-27T00:05:59.418Z,3.7339,103.6282,233.0723,0.4442,0.036,3.2508,90.0824,231.3868,0.3894,0.0353,83.8052,124.0397,235.326,0.5269,0.6774
2015-11-27T00:06:59.669Z,4.4346,102.7157,233.3799,0.4401,0.0432,3.8912,91.2076,232.0368,0.3927,0.0426,84.5321,125.1787,235.4674,0.5312,0.6776
2015-11-27T00:07:59.911Z,5.0895,103.1933,233.3861,0.4422,0.0511,3.4739,90.2637,232.6778,0.3882,0.039,83.9739,124.3839,235.0595,0.5287,0.6783
2015-11-27T00:08:59.404Z,3.4547,102.6391,233.3777,0.4397,0.0342,4.2896,91.7379,232.8366,0.3944,0.046,84.5251,122.8219,234.8578,0.523,0.6909
2015-11-27T00:09:59.701Z,2.506,103.7423,233.0719,0.4453,0.0227,4.2065,90.4941,232.7011,0.3895,0.0451,84.4381,123.1598,235.3627,0.5231,0.6869
2015-11-27T00:10:59.994Z,2.7497,103.7258,232.9037,0.4447,0.0267,3.5049,90.0467,231.594,0.3888,0.0397,84.9833,124.9246,235.5067,0.5304,0.682
2015-11-27T00:11:59.303Z,2.8376,103.7916,233.3928,0.4448,0.0278,3.7111,90.5036,229.3714,0.3948,0.0419,84.6361,123.309,236.2789,0.5216,0.6873
2015-11-27T00:12:59.657Z,4.3118,102.9902,233.1671,0.4416,0.0411,3.8192,90.5582,231.1491,0.3921,0.0445,84.8885,124.7159,235.9715,0.5285,0.6832
2015-11-27T00:13:59.987Z,4.4826,103.3225,233.0364,0.4435,0.0443,3.4409,91.0788,232.2004,0.3924,0.0387,84.5929,125.2256,235.6584,0.5318,0.6777
2015-11-27T00:14:59.195Z,3.2348,101.9243,232.8583,0.437,0.0327,4.1306,92.0334,231.9849,0.3969,0.0447,84.6026,123.0776,235.4732,0.523,0.6888
2015-11-27T00:15:59.484Z,3.3768,103.2237,232.3353,0.4443,0.0335,4.0609,90.7765,231.4879,0.3921,0.0451,84.1662,123.7515,234.6243,0.5269,0.6829
2015-11-27T00:16:59.834Z,4.6537,102.5825,232.1504,0.4417,0.0459,3.6328,89.8591,230.762,0.3888,0.0434,83.1935,122.3336,234.0197,0.5224,0.6823
2015-11-27T00:17:59.069Z,2.8962,103.9415,232.0649,0.4473,0.0273,3.4549,89.6693,230.5033,0.3885,0.0406,84.2603,123.2722,233.9181,0.5271,0.6849
2015-11-27T00:18:59.225Z,3.6614,102.3273,232.2131,0.4407,0.0344,4.2296,90.9363,230.6779,0.3944,0.046,83.1311,122.8425,233.9952,0.5253,0.6779
2015-11-27T00:19:59.484Z,2.9358,103.9667,232.1236,0.4473,0.0274,3.4036,89.964,230.093,0.3911,0.0384,83.9342,123.1208,233.8479,0.5264,0.6835
2015-11-27T00:20:59.838Z,3.0058,104.1822,232.0388,0.4491,0.0285,4.2601,91.2035,230.2829,0.3957,0.047,83.3567,122.7255,233.7114,0.5248,0.681
2015-11-27T00:21:59.076Z,4.454,102.4894,232.5291,0.4411,0.0441,3.3429,89.0379,230.753,0.3858,0.0393,82.8298,120.6587,233.5206,0.5166,0.6901
2015-11-27T00:22:59.348Z,5.2299,103.9065,232.8233,0.4459,0.0523,3.3595,89.7819,230.8443,0.3889,0.0376,83.3277,121.9244,233.8816,0.5211,0.6875
2015-11-27T00:23:59.649Z,4.8178,103.0318,232.5942,0.4429,0.0475,2.9037,90.7291,230.7368,0.3929,0.0315,83.4345,122.6295,233.8889,0.524,0.6819
2015-11-27T00:24:59.974Z,5.1383,101.9293,232.8542,0.4376,0.0493,3.2713,89.1587,230.6038,0.3866,0.0377,83.1555,122.8734,233.6855,0.5259,0.6774
2015-11-27T00:25:59.278Z,5.2064,102.3088,232.8908,0.4389,0.0523,2.9244,88.5114,231.3287,0.3821,0.0383,83.472,124.0038,234.128,0.5298,0.6766
2015-11-27T00:26:59.456Z,3.9616,103.8321,233.1235,0.4448,0.0382,3.9958,91.4626,231.4456,0.3958,0.0419,83.8071,123.2896,234.4256,0.5257,0.6815
2015-11-27T00:27:59.729Z,4.5792,102.9589,233.2568,0.4408,0.0446,3.4456,90.8449,231.4608,0.3923,0.0386,84.5102,123.8512,234.6201,0.5276,0.6843
2015-11-27T00:28:59.074Z,3.182,103.3709,233.2624,0.4427,0.0319,4.9333,90.387,231.2309,0.3912,0.0536,84.4379,124.31,234.7283,0.5296,0.6823
2015-11-27T00:29:59.463Z,5.6802,103.1539,233.7728,0.4416,0.0547,3.5101,88.0472,231.5487,0.3802,0.0421,83.1442,122.8047,234.0266,0.5249,0.6795
2015-11-27T00:30:59.757Z,3.2824,103.5549,233.9825,0.4421,0.031,4.0366,89.5399,231.2742,0.3871,0.0431,84.4247,123.9211,235.5047,0.5262,0.6831
2015-11-27T00:31:59.169Z,4.8899,101.7183,234.0558,0.4348,0.0498,3.6461,88.2149,231.2416,0.3817,0.0429,85.3009,123.9428,235.638,0.526,0.6904
2015-11-27T00:32:59.523Z,3.8916,102.3697,234.0377,0.4368,0.0369,3.2482,93.3646,231.2945,0.4035,0.0346,83.9435,122.4582,235.3726,0.5205,0.6885
2015-11-27T00:34:59.296Z,2.7328,103.6058,234.0541,0.4429,0.026,4.0214,91.0335,231.2616,0.3937,0.0452,84.1976,123.1031,235.1213,0.5232,0.6851
2015-11-27T00:35:59.536Z,2.5657,102.9303,233.4682,0.4409,0.0246,4.7743,91.0084,230.9257,0.394,0.0527,84.033,123.1485,234.4221,0.5249,0.6844
2015-11-27T00:36:59.772Z,2.1721,100.991,233.3922,0.4326,0.0204,4.1096,88.5373,230.3057,0.3845,0.0467,83.37,121.9631,234.2829,0.521,0.6866
2015-11-27T00:37:59.063Z,2.6726,103.5437,233.7277,0.4424,0.0269,4.4004,87.5697,230.6542,0.3794,0.0503,83.6199,123.3649,234.2203,0.5268,0.6794
2015-11-27T00:38:59.365Z,2.1053,103.3226,233.4415,0.4424,0.02,3.8564,90.5175,228.7113,0.396,0.0429,83.9871,123.606,234.8185,0.5264,0.6809
2015-11-27T00:39:59.629Z,2.9305,104.0676,233.6507,0.4453,0.0282,3.4707,87.9473,227.9963,0.3854,0.0397,83.4516,122.3275,235.0127,0.5201,0.6845
2015-11-27T00:40:59.065Z,3.8293,104.2442,233.7772,0.4459,0.0387,3.763,88.8511,230.3018,0.3853,0.0449,83.4432,123.7561,234.3048,0.528,0.677
2015-11-27T00:41:59.476Z,5.4262,104.1634,233.5264,0.4456,0.0529,3.923,89.3818,230.5335,0.3875,0.0445,84.2231,124.0075,234.4899,0.5285,0.6816
2015-11-27T00:42:59.750Z,3.6518,104.4724,233.8682,0.4471,0.0354,3.8077,87.0348,231.2298,0.377,0.0442,84.3239,125.4285,234.932,0.5339,0.6757
2015-11-27T00:43:59.029Z,2.3202,103.8414,233.2886,0.4448,0.0211,4.0542,89.1217,231.1496,0.3858,0.0451,83.2944,123.8762,234.2459,0.5289,0.6737
2015-11-27T00:44:59.328Z,3.5716,102.2275,233.4025,0.4376,0.0352,2.8365,88.6084,231.0187,0.3837,0.034,84.0504,123.8501,234.8419,0.5275,0.6807
2015-11-27T00:45:59.628Z,5.061,102.4179,232.7603,0.4393,0.0509,3.1175,88.5615,231.2031,0.3826,0.0379,84.0198,125.4963,234.3031,0.5357,0.6733
2015-11-27T00:46:59.905Z,4.8554,103.9096,233.183,0.4455,0.0465,3.583,90.2717,232.7322,0.3879,0.0398,84.4727,125.726,234.9946,0.535,0.6747
2015-11-27T00:47:59.269Z,5.4947,104.5106,233.4798,0.4479,0.0527,3.7457,91.129,232.3804,0.3922,0.041,83.9912,124.4768,235.382,0.5287,0.6779
2015-11-27T00:48:59.625Z,3.5971,103.986,233.4447,0.4456,0.0352,2.9153,92.9108,232.7219,0.3991,0.0321,84.1964,123.7236,235.1893,0.5254,0.6826
2015-11-27T00:49:59.965Z,2.8108,103.5277,233.2133,0.4441,0.0273,4.0313,90.9503,232.6877,0.3907,0.0457,83.4966,124.7393,234.6766,0.5319,0.6723
2015-11-27T00:50:59.214Z,4.206,103.6952,233.4247,0.4438,0.043,3.556,88.4034,232.8446,0.3798,0.0434,84.2909,124.5529,234.4516,0.5313,0.6816
2015-11-27T00:51:59.355Z,3.0016,103.3369,233.5069,0.4421,0.0291,3.2989,90.548,232.807,0.389,0.0351,83.6644,122.7248,234.3726,0.5229,0.6853
2015-11-27T00:52:59.778Z,3.5784,104.2074,233.836,0.4451,0.0352,3.8516,91.7233,233.2191,0.3935,0.0427,84.3848,123.6438,234.7666,0.5263,0.684
2015-11-27T00:53:59.176Z,4.5824,103.3518,233.6227,0.442,0.0443,3.4228,92.403,233.1239,0.3964,0.035,84.1082,123.4639,234.8193,0.5258,0.6824
2015-11-27T00:54:59.478Z,5.1485,104.873,233.8795,0.4477,0.0492,3.5513,92.8723,233.1457,0.398,0.0386,84.3467,124.8954,234.8882,0.5322,0.6762
2015-11-27T00:55:59.797Z,5.6247,104.6141,234.037,0.4465,0.0536,3.6512,91.7402,232.7004,0.3939,0.0403,84.0285,122.9801,234.4825,0.5238,0.6859
2015-11-27T00:56:59.049Z,3.0664,103.856,234.1874,0.4435,0.0304,3.851,89.5701,232.3527,0.3857,0.0397,84.0822,124.5201,234.4938,0.5309,0.6774
2015-11-27T00:57:59.223Z,3.4946,104.329,234.3774,0.4448,0.0318,3.444,90.3932,231.8259,0.3898,0.0382,84.0435,124.3642,234.1254,0.5318,0.6777
2015-11-27T00:58:59.442Z,4.9326,105.5005,233.8011,0.4515,0.0472,3.9738,93.0112,231.9203,0.4014,0.0415,83.932,123.3388,234.2792,0.5265,0.6833
2015-11-27T00:59:59.656Z,4.6265,104.7249,232.8468,0.4496,0.0444,3.2467,89.6219,232.2646,0.3859,0.0376,82.8273,123.9463,233.7877,0.529,0.672
2015-11-27T01:00:59.950Z,6.1582,101.2255,233.1689,0.4338,0.0613,3.2509,87.8456,232.6079,0.3769,0.0395,84.0445,123.5066,233.8227,0.5285,0.6849
2015-11-27T01:01:59.198Z,5.1333,104.3461,233.0774,0.4477,0.0494,3.5246,91.7049,232.7934,0.3938,0.0392,83.9549,123.2336,233.9509,0.5267,0.684
2015-11-27T01:02:59.505Z,4.7854,103.767,233.2665,0.4448,0.0458,3.4342,91.4569,231.8884,0.3945,0.0381,83.2364,123.7646,233.9443,0.5284,0.6744
2015-11-27T01:03:59.864Z,5.2333,103.5609,232.7254,0.4447,0.0512,2.7269,89.2819,231.957,0.3847,0.0311,84.2418,124.7935,233.8774,0.5335,0.6779
2015-11-27T01:04:59.204Z,5.1349,102.1602,232.2422,0.4401,0.0506,3.407,90.8994,231.6378,0.3921,0.036,82.6774,120.9817,232.8193,0.5193,0.6858
2015-11-27T01:05:59.539Z,4.8118,103.9278,233.3128,0.4449,0.0455,3.2571,92.3234,232.3615,0.3976,0.0372,82.9505,123.4937,233.4526,0.5292,0.6746
2015-11-27T01:06:59.858Z,4.9692,103.9623,233.0386,0.446,0.0482,3.2621,90.6985,232.3316,0.3901,0.0351,82.6312,123.7709,233.6854,0.5297,0.671
2015-11-27T01:07:59.028Z,5.6914,104.7957,233.4262,0.4486,0.0537,3.265,92.8752,232.8887,0.3984,0.0343,83.865,123.3837,234.2861,0.5268,0.6812
2015-11-27T01:08:59.390Z,3.1776,104.6486,233.3814,0.4482,0.0302,3.9932,92.9353,232.77,0.3985,0.0421,83.7977,123.7923,234.2189,0.5289,0.677
2015-11-27T01:09:59.786Z,3.0425,104.6756,233.2033,0.4485,0.0281,4.0954,90.4177,232.4437,0.3886,0.0458,82.9636,122.4729,233.9346,0.5238,0.68
2015-11-27T01:10:59.959Z,4.9789,106.6809,234.1962,0.4557,0.0473,3.539,90.2575,233.1543,0.3875,0.0385,82.9345,122.666,233.6497,0.525,0.6772
2015-11-27T01:11:59.208Z,5.7721,102.9334,233.7121,0.4402,0.0562,3.3711,93.0843,233.2118,0.3996,0.0361,84.1404,122.5262,234.3811,0.5227,0.6876
2015-11-27T01:12:59.422Z,4.6456,104.6418,233.7969,0.4474,0.0445,3.8434,91.5286,232.9688,0.3923,0.044,83.7962,123.2007,234.4678,0.5255,0.6813
2015-11-27T01:13:59.658Z,3.4041,103.9784,233.4429,0.445,0.0328,3.4537,91.7238,233.0871,0.3938,0.0387,83.9663,122.4145,234.3754,0.5232,0.6872
2015-11-27T01:14:59.916Z,4.9107,105.2323,233.9034,0.4498,0.0467,3.6937,91.4325,233.0787,0.3924,0.0384,83.839,123.5311,234.6464,0.5259,0.6796
2015-11-27T01:15:59.144Z,5.3947,105.1156,233.958,0.4493,0.0532,3.3281,91.6212,233.4147,0.3928,0.0368,84.1456,123.9058,235.6329,0.526,0.6812
2015-11-27T01:16:59.637Z,3.4254,104.9376,233.4197,0.4495,0.031,4.1608,92.0123,232.9775,0.3948,0.0447,84.0712,126.5259,235.1523,0.5385,0.667
2015-11-27T01:17:59.924Z,3.2288,104.3491,233.6172,0.4462,0.0307,4.4958,89.4815,232.6759,0.3846,0.0502,85.0347,125.1218,235.3161,0.5317,0.6822
2015-11-27T01:18:59.147Z,2.437,102.7257,233.4662,0.4397,0.0238,4.4403,90.0417,232.2682,0.3875,0.0483,83.0844,122.3063,234.0137,0.5231,0.6808
2015-11-27T01:19:59.463Z,3.9322,105.0424,233.401,0.4497,0.0371,4.1301,91.7395,231.3668,0.397,0.0449,83.4604,124.1607,234.1586,0.5304,0.6742
2015-11-27T01:20:59.733Z,3.3621,104.2146,233.7647,0.4455,0.0322,3.8211,88.6575,228.8799,0.3873,0.0427,83.3718,124.21,234.7125,0.5291,0.6749
2015-11-27T01:21:59.323Z,4.9795,105.4021,233.806,0.4508,0.0475,3.4602,89.7008,230.1067,0.3897,0.0408,84.3709,125.1703,234.514,0.5335,0.6766
2015-11-27T01:22:59.587Z,4.2477,106.892,233.9743,0.4569,0.0401,4.109,89.5221,231.8247,0.3865,0.0442,84.0688,125.5331,234.2282,0.5358,0.6714
2015-11-27T01:23:59.786Z,2.8466,105.7847,234.1201,0.4515,0.0262,4.2948,91.3666,232.022,0.3936,0.0467,83.998,124.8503,234.6989,0.532,0.6754
2015-11-27T01:24:59.055Z,4.3086,105.3384,233.6514,0.4503,0.0407,3.8551,89.9447,232.4398,0.3867,0.0452,84.9324,124.346,235.2854,0.5284,0.6857
2015-11-27T01:25:59.439Z,3.6437,104.3938,233.7612,0.4466,0.0348,5.0616,91.1725,232.5252,0.3919,0.056,84.0102,125.3138,235.4079,0.532,0.674
2015-11-27T01:26:59.892Z,2.5377,106.1536,233.6133,0.4542,0.0238,4.2204,90.9625,232.1261,0.3916,0.0468,84.2092,125.3099,234.9979,0.5335,0.6736
2015-11-27T01:27:59.234Z,2.9422,107.3073,233.3446,0.4601,0.0269,4.5916,91.7768,232.0549,0.3959,0.0521,83.6953,125.0921,234.5836,0.5333,0.6704
2015-11-27T01:28:59.518Z,4.7913,105.4284,233.5423,0.451,0.0459,3.9552,93.0854,232.5496,0.4004,0.0427,83.7335,124.6735,234.7695,0.5308,0.6743
2015-11-27T01:29:59.815Z,4.6989,103.8621,233.3567,0.445,0.0458,3.2204,89.118,232.8946,0.3823,0.0382,82.9751,122.9348,234.3311,0.5248,0.6784
2015-11-27T01:30:59.133Z,3.3833,103.8197,233.1693,0.4453,0.0326,4.1656,93.7238,232.2902,0.4036,0.0472,83.8574,124.1941,234.4241,0.5299,0.6784
2015-11-27T01:31:59.314Z,4.6426,103.1864,232.653,0.443,0.0447,3.1627,92.8109,231.832,0.401,0.033,83.6791,124.0845,234.2268,0.5297,0.6763
2015-11-27T01:32:59.741Z,2.252,104.5355,232.6255,0.4493,0.0231,4.4495,91.4575,231.9429,0.3947,0.0518,83.4543,123.6844,234.1755,0.5281,0.6779
2015-11-27T01:33:59.019Z,2.9901,105.0328,232.6846,0.4513,0.0284,4.1914,91.9516,231.4621,0.3971,0.0457,83.8078,124.1727,234.3168,0.5301,0.6766
2015-11-27T01:34:59.269Z,3.6114,105.3501,232.6408,0.4525,0.0348,4.1401,89.8698,231.5656,0.3879,0.0459,84.4536,126.8026,235.2304,0.5393,0.6689
2015-11-27T01:35:59.434Z,4.5407,103.2545,232.864,0.443,0.0446,3.4238,90.1084,231.9743,0.3881,0.0391,84.0887,124.0453,234.972,0.5273,0.6796
2015-11-27T01:36:59.741Z,4.3923,105.1507,232.246,0.4524,0.0418,3.9802,92.8526,232.244,0.3996,0.0435,84.0146,124.8285,234.0812,0.5328,0.6742
2015-11-27T01:37:59.988Z,4.3609,105.9915,231.5184,0.4579,0.0412,3.9918,92.7309,232.1415,0.3993,0.0426,83.954,124.7833,234.4468,0.5321,0.6742
2015-11-27T01:38:59.306Z,3.8587,103.9698,231.6114,0.4487,0.039,2.9527,92.3279,230.7606,0.4001,0.0323,83.47,123.7807,234.7109,0.5278,0.6756
2015-11-27T01:39:59.533Z,5.0698,103.8865,232.4318,0.4465,0.049,3.0624,88.9205,229.0169,0.3884,0.0342,84.1105,124.6518,235.4895,0.5293,0.6791
2015-11-27T01:40:59.831Z,4.1455,105.8625,232.5395,0.4551,0.0401,3.2075,89.3503,231.8107,0.3856,0.0393,83.8541,124.6514,234.0784,0.5325,0.677
2015-11-27T01:41:59.194Z,248.1388,479.0128,232.0851,2.0718,0.2089,252.2547,459.7898,231.5748,1.9944,0.2059,544.4396,754.5916,232.585,3.2618,0.7616
2015-11-27T01:42:59.534Z,890.9652,1347.1437,230.2741,5.8506,0.6614,957.6511,1451.1782,230.5312,6.2943,0.6599,1414.5518,2034.3664,230.7247,8.8167,0.6952
2015-11-27T01:43:59.793Z,899.5234,1351.1913,230.3743,5.8649,0.6659,976.535,1468.007,230.7166,6.3623,0.665,1421.8266,2040.9444,230.7204,8.8458,0.6974
2015-11-27T01:44:59.081Z,975.9051,1410.357,230.0466,6.1306,0.6911,1060.315,1530.7908,230.609,6.6375,0.6926,1503.7675,2106.3609,230.5492,9.136,0.7134
2015-11-27T01:45:59.318Z,976.3169,1412.6371,230.111,6.1389,0.6912,1061.2266,1529.6409,230.2911,6.6417,0.6937,1507.255,2106.8399,230.4502,9.1422,0.7157
2015-11-27T01:46:59.554Z,966.5547,1405.9973,230.2428,6.106,0.6874,1060.4324,1529.0133,230.4783,6.634,0.6933,1500.1161,2106.2129,230.5567,9.1342,0.7114
2015-11-27T01:47:59.936Z,974.6684,1411.5954,229.7508,6.1438,0.6906,1069.9884,1530.5189,230.3767,6.6427,0.6993,1514.8349,2113.2938,230.4562,9.1699,0.7171
2015-11-27T01:48:59.105Z,994.8209,1433.5125,229.7956,6.2376,0.6939,1063.6213,1525.9967,229.6767,6.6443,0.6972,1524.9172,2103.6512,230.4501,9.1281,0.7248
2015-11-27T01:49:59.360Z,1005.2547,1454.9437,230.2223,6.3193,0.6911,1055.8419,1521.1204,229.5198,6.6276,0.6937,1533.7473,2103.9317,230.5088,9.127,0.7297
2015-11-27T01:50:59.776Z,998.8837,1451.9508,231.0566,6.284,0.6877,1072.2942,1548.086,230.5504,6.7148,0.6933,1527.5288,2120.5556,231.1977,9.1721,0.7206
2015-11-27T01:51:59.081Z,992.82,1442.3976,230.9039,6.2467,0.688,1085.3561,1556.8877,230.7744,6.746,0.6973,1527.4894,2131.698,231.5323,9.2062,0.717
2015-11-27T01:52:59.251Z,1029.207,1446.8686,230.7781,6.2692,0.7114,1092.1281,1586.5592,231.0956,6.8654,0.6881,1494.2996,2076.9384,229.5619,9.0462,0.7198
2015-11-27T01:53:59.500Z,1032.9371,1437.5641,231.1113,6.2196,0.7182,1085.5566,1601.7574,231.7348,6.9117,0.678,1459.6687,2040.767,228.8276,8.918,0.7158
2015-11-27T01:54:59.764Z,968.6247,1382.3768,231.3362,5.9751,0.7007,1022.066,1557.1408,232.0237,6.7109,0.6563,1381.4708,1978.14,229.0173,8.6371,0.6977
2015-11-27T01:55:59.984Z,987.1386,1400.5446,231.6212,6.0463,0.7053,1020.3036,1556.8266,231.5201,6.7238,0.6554,1389.1488,1972.2462,228.8789,8.6167,0.7046
2015-11-27T01:56:59.263Z,981.8941,1405.8799,232.227,6.0532,0.6983,1022.977,1569.7415,232.4127,6.7535,0.6515,1391.5843,1987.3951,229.6334,8.6539,0.7002
2015-11-27T01:57:59.558Z,995.0378,1404.6729,232.4774,6.0417,0.7082,1028.2416,1580.6438,232.376,6.8017,0.6508,1380.9049,1966.7072,228.6018,8.6027,0.7016
2015-11-27T01:59:59.262Z,999.2365,1404.3502,231.9548,6.0544,0.7113,1030.4882,1567.2759,231.4739,6.771,0.6577,1392.5361,1966.3597,228.4275,8.6079,0.7084
2015-11-27T02:00:59.737Z,1000.2957,1421.7606,231.9728,6.1287,0.7033,1030.5118,1554.5201,231.074,6.7272,0.663,1421.5,1991.6269,229.263,8.6862,0.7131
2015-11-27T02:01:59.110Z,1010.2299,1423.3021,231.9819,6.1353,0.7098,1038.4038,1570.351,231.5385,6.7818,0.6617,1415.1903,1986.4111,228.7206,8.6849,0.7129
2015-11-27T02:02:59.488Z,1015.0014,1438.1183,231.9399,6.2004,0.7058,1037.4351,1570.607,232.103,6.7667,0.6607,1429.564,1999.194,229.174,8.7234,0.7152
2015-11-27T02:03:59.813Z,1033.4583,1419.9562,230.3726,6.1632,0.7276,1047.201,1553.0782,230.0468,6.7504,0.6746,1425.1846,1956.6972,226.3771,8.6427,0.7294
2015-11-27T02:04:59.069Z,1024.648,1409.4932,229.6127,6.1388,0.7265,1067.9185,1550.3036,229.6852,6.7494,0.688,1448.137,1981.7988,226.5495,8.7477,0.7309
2015-11-27T02:05:59.344Z,1047.2216,1433.7977,229.8266,6.2378,0.7304,1081.6998,1560.1836,229.3534,6.8023,0.6932,1474.2969,2002.0511,226.867,8.8248,0.737
2015-11-27T02:06:59.595Z,1031.7199,1418.8802,229.3329,6.1869,0.7272,1071.3073,1537.6261,228.4297,6.7312,0.6969,1473.9249,1997.6201,226.7378,8.8102,0.7388
2015-11-27T02:07:59.941Z,982.4606,1396.328,228.3623,6.1143,0.7034,1083.3046,1518.1299,228.4744,6.6443,0.7136,1507.6227,2066.2834,229.7838,8.9917,0.7299
2015-11-27T02:08:59.085Z,992.2131,1403.9989,228.3983,6.1469,0.7066,1081.9603,1517.9665,228.5241,6.6425,0.7128,1508.9977,2059.9385,229.6636,8.969,0.7323
2015-11-27T02:09:59.383Z,1031.1828,1413.022,228.7778,6.1767,0.7298,1085.9001,1548.4296,229.144,6.7576,0.7014,1474.7499,2002.8911,226.9956,8.8233,0.7371
2015-11-27T02:10:59.627Z,1007.4298,1402.2758,228.0656,6.1483,0.7191,1108.8709,1543.6619,228.6353,6.7511,0.7179,1511.3983,2062.9863,229.2238,8.9996,0.7318
2015-11-27T02:11:59.158Z,991.8946,1398.9984,228.7872,6.1144,0.7092,1094.7709,1539.1382,228.9589,6.7221,0.7108,1501.8551,2066.3603,230.1885,8.9762,0.7269
2015-11-27T02:12:59.561Z,1024.0579,1427.9631,229.0727,6.2333,0.717,1109.9718,1559.6083,229.0413,6.8088,0.7113,1516.6857,2071.534,230.0084,9.0056,0.7314
2015-11-27T02:13:59.865Z,1014.0066,1422.2094,229.2068,6.2044,0.713,1092.6312,1540.5124,228.499,6.7418,0.7093,1508.5754,2055.9532,229.7421,8.949,0.7331
2015-11-27T02:14:59.185Z,1026.9706,1448.8867,229.3442,6.3176,0.7091,1097.4335,1525.3762,227.1282,6.7149,0.7194,1561.3847,2094.8038,230.2369,9.0979,0.7453
2015-11-27T02:15:59.406Z,1011.6788,1461.9594,229.8954,6.3593,0.6922,1055.5643,1469.1491,225.1991,6.5236,0.7187,1577.9756,2089.6917,230.4936,9.0662,0.7552
2015-11-27T02:16:59.802Z,1050.4838,1454.7248,229.9766,6.3256,0.7226,1112.6877,1563.7947,228.3049,6.8488,0.7119,1531.517,2068.5602,229.1752,9.0258,0.7411
2015-11-27T02:17:59.156Z,1011.911,1424.722,228.9016,6.2235,0.7106,1107.3494,1538.7315,228.2968,6.7398,0.7195,1537.8269,2087.3935,229.8056,9.083,0.7364
2015-11-27T02:18:59.460Z,1032.8494,1446.0504,229.0863,6.3123,0.7144,1129.3888,1555.3543,227.947,6.8226,0.7264,1563.029,2110.0751,230.2497,9.1641,0.74
2015-11-27T02:19:59.750Z,1023.4917,1437.5853,229.2871,6.2698,0.7119,1117.7511,1551.1671,228.3983,6.7913,0.7201,1550.0324,2101.0636,230.3047,9.1228,0.7387
2015-11-27T02:20:59.969Z,1037.3273,1448.3779,228.9928,6.3241,0.7159,1139.2799,1561.3938,228.2088,6.842,0.7294,1574.7797,2121.4998,230.1763,9.2168,0.7421
2015-11-27T02:21:59.479Z,1039.5135,1449.4198,228.9666,6.3302,0.7171,1116.2688,1546.3199,227.8524,6.7862,0.7219,1556.4106,2091.8884,229.7804,9.1036,0.7434
2015-11-27T02:22:59.076Z,1059.5878,1460.1694,228.194,6.3988,0.7262,1141.1442,1559.111,227.7324,6.8462,0.7326,1577.5021,2104.8313,229.5296,9.17,0.7501
2015-11-27T02:23:59.271Z,1045.8706,1446.405,228.4111,6.3326,0.7229,1138.0399,1563.7134,228.1387,6.8539,0.7283,1561.7772,2101.1911,229.8323,9.1416,0.7439
2015-11-27T02:24:59.611Z,1056.9662,1452.4612,228.6132,6.3529,0.7277,1160.2598,1588.8511,228.6466,6.9487,0.7303,1569.6891,2117.1862,229.9138,9.2082,0.7409
2015-11-27T02:25:59.944Z,1052.8833,1454.1281,228.9641,6.351,0.7238,1148.9489,1585.5428,228.969,6.9249,0.7252,1556.8278,2104.1193,229.8577,9.1538,0.74
2015-11-27T02:26:59.190Z,1073.9735,1472.3102,229.7591,6.4076,0.73,1158.0284,1602.1937,229.0523,6.9947,0.7228,1564.022,2109.5995,229.7197,9.1825,0.7408
2015-11-27T02:27:59.434Z,1063.2506,1463.255,228.9969,6.3891,0.7264,1156.9396,1594.344,229.0726,6.9598,0.7254,1568.6884,2117.4578,230.1949,9.1981,0.741
2015-11-27T02:28:59.839Z,1052.9251,1452.6477,229.0171,6.3428,0.7249,1153.0522,1585.7821,228.7398,6.9326,0.7272,1562.5118,2115.1567,230.4009,9.1798,0.7392
2015-11-27T02:29:59.069Z,1061.1298,1452.373,228.9776,6.3424,0.731,1153.6713,1585.1626,228.4452,6.9387,0.7273,1558.9146,2096.1263,228.9785,9.1539,0.7431
2015-11-27T02:30:59.467Z,1051.9699,1438.7772,228.7983,6.2881,0.7308,1166.2682,1597.1139,229.0781,6.9718,0.7301,1554.4629,2103.4199,228.9486,9.1867,0.7393
2015-11-27T02:31:59.748Z,1056.6709,1449.711,229.1301,6.3266,0.7283,1160.3794,1595.9033,229.1636,6.9641,0.7269,1558.9201,2107.9847,229.447,9.1864,0.7399
2015-11-27T02:32:59.026Z,1061.8617,1463.223,229.1435,6.3852,0.7256,1153.178,1589.3734,229.2507,6.9328,0.7258,1565.7436,2111.2301,229.7833,9.1875,0.7408
2015-11-27T02:33:59.297Z,1061.8471,1463.2193,228.7734,6.3957,0.726,1146.7282,1571.0257,228.4061,6.8777,0.7297,1579.8687,2113.13,229.3216,9.2142,0.747
2015-11-27T02:34:59.545Z,1048.4222,1448.5797,228.6204,6.3359,0.7242,1152.6729,1576.2888,228.8356,6.8881,0.7307,1577.2727,2121.6129,229.491,9.2446,0.7423
2015-11-27T02:35:59.751Z,1059.0137,1438.8591,228.0516,6.3092,0.736,1159.3447,1585.5609,228.722,6.9324,0.7316,1557.4263,2095.1517,228.4467,9.1713,0.742
2015-11-27T02:36:59.059Z,1068.0072,1442.4447,227.8877,6.3293,0.7401,1166.2764,1593.3994,228.5798,6.9705,0.7317,1551.3291,2082.3408,228.097,9.1289,0.7452
2015-11-27T02:37:59.223Z,1059.0147,1430.9098,227.3928,6.2918,0.7401,1175.4863,1593.6847,228.5091,6.9738,0.7378,1555.8704,2091.3506,228.1548,9.1663,0.7434
2015-11-27T02:38:59.520Z,1060.8253,1436.9738,227.6401,6.3123,0.739,1179.8726,1595.3478,228.477,6.9827,0.7392,1569.8594,2107.6989,228.7377,9.214,0.7451
2015-11-27T02:39:59.782Z,1069.3313,1441.18,227.4001,6.3378,0.7419,1186.2012,1599.8811,228.3147,7.0068,0.7413,1572.0221,2106.4768,228.4021,9.2223,0.7468
2015-11-27T02:40:59.385Z,1061.118,1438.4342,227.5073,6.3225,0.7376,1188.2908,1606.1273,229.0594,7.0117,0.7403,1570.3851,2116.8418,228.9906,9.244,0.7411
2015-11-27T02:41:59.594Z,1060.6978,1437.1564,227.7146,6.3108,0.738,1181.8674,1604.7597,229.2293,7.0009,0.736,1563.8988,2109.0506,228.8789,9.214,0.7414
2015-11-27T02:42:59.897Z,1086.7109,1460.0068,227.7587,6.4101,0.7437,1182.1502,1610.7497,229.4072,7.0207,0.7337,1570.1544,2098.3858,228.0022,9.2031,0.7491
2015-11-27T02:43:59.157Z,1080.9057,1452.2261,227.3953,6.3865,0.7442,1169.0805,1591.0813,228.7368,6.9558,0.7343,1565.815,2085.1969,227.3869,9.1705,0.7502
2015-11-27T02:44:59.318Z,1081.9417,1452.887,227.5968,6.3828,0.7448,1188.8542,1603.8713,228.7304,7.0118,0.7412,1581.5242,2108.6334,227.5912,9.2652,0.75
2015-11-27T02:45:59.504Z,1076.8212,1445.2377,227.3677,6.3561,0.7453,1179.8703,1596.8438,228.6001,6.9851,0.7389,1568.764,2093.3632,227.4149,9.2046,0.7501
2015-11-27T02:46:59.795Z,1079.5066,1448.3889,227.1289,6.3774,0.7456,1196.9312,1606.6131,228.8559,7.0202,0.7449,1589.7689,2119.6022,227.6144,9.3119,0.7502
2015-11-27T02:47:59.902Z,1067.3136,1441.5153,226.9882,6.3501,0.7407,1178.281,1589.1188,228.9201,6.9418,0.7414,1579.9759,2109.2926,227.5162,9.2706,0.75
2015-11-27T02:48:59.194Z,1091.633,1470.104,227.8405,6.4523,0.7424,1188.5876,1606.7523,229.0293,7.0152,0.7397,1593.0641,2119.881,227.8147,9.3045,0.7502
2015-11-27T02:49:59.598Z,1084.3712,1469.9571,228.3117,6.4382,0.7378,1166.0792,1591.3539,228.8876,6.9523,0.7323,1581.9593,2104.8157,227.9434,9.2336,0.7503
2015-11-27T02:50:59.897Z,1099.5369,1482.338,228.2594,6.493,0.7418,1181.2771,1603.4946,228.8028,7.0078,0.7369,1597.9258,2119.7147,228.0142,9.2961,0.753
2015-11-27T02:51:59.184Z,1088.2478,1469.8219,228.374,6.4354,0.7397,1172.9002,1597.9754,228.9635,6.9791,0.7336,1581.0489,2103.5254,227.6704,9.2382,0.7513
2015-11-27T02:52:59.602Z,1109.213,1483.024,228.0717,6.5021,0.748,1196.4504,1618.3763,229.022,7.0658,0.7392,1597.1722,2117.1339,227.5743,9.3027,0.7536
2015-11-27T02:53:59.873Z,1098.1766,1477.8168,228.0853,6.4789,0.7428,1175.2929,1602.978,229.0416,6.9986,0.7334,1580.7927,2098.6388,227.8072,9.2126,0.7518
2015-11-27T02:54:59.152Z,1111.2173,1492.0419,228.3699,6.5333,0.7449,1194.8145,1620.8943,229.1486,7.0739,0.7374,1604.7757,2128.2323,228.3327,9.3203,0.7534
2015-11-27T02:55:59.340Z,1096.9597,1487.3488,228.7733,6.501,0.7371,1175.7658,1609.7181,229.7401,7.0059,0.7302,1586.8342,2116.3941,228.5879,9.258,0.7503
2015-11-27T02:56:59.712Z,1123.7133,1506.4471,229.4438,6.5647,0.7458,1199.5542,1643.9427,230.1194,7.1433,0.73,1596.2291,2126.2282,228.3648,9.3106,0.7504
2015-11-27T02:57:59.942Z,1090.4413,1476.2576,228.4916,6.4604,0.739,1189.1466,1619.544,229.9041,7.0437,0.7338,1591.371,2130.2011,228.8052,9.3094,0.7483
2015-11-27T02:58:59.318Z,1109.8678,1489.6619,228.3254,6.5242,0.7453,1208.6147,1632.9661,229.6601,7.1107,0.7403,1612.6729,2145.51,228.552,9.3867,0.7509
2015-11-27T02:59:59.520Z,1095.2228,1480.0549,228.3622,6.4812,0.7401,1192.2072,1620.0071,229.5539,7.0568,0.7359,1597.144,2130.9618,228.6198,9.3206,0.7497
2015-11-27T03:00:59.821Z,1109.0298,1498.0649,228.3663,6.5603,0.74,1208.509,1621.4298,229.0944,7.077,0.7453,1633.0474,2162.5376,229.0206,9.4418,0.7554
2015-11-27T03:01:59.180Z,1080.0064,1507.521,228.5926,6.5945,0.7165,1153.0785,1532.9533,225.7668,6.7898,0.7517,1674.033,2176.6122,229.4667,9.4852,0.7699
2015-11-27T03:02:59.326Z,1108.3101,1524.4406,228.3531,6.6758,0.7277,1172.4967,1563.0143,226.732,6.8932,0.7509,1677.042,2181.3071,229.6261,9.4993,0.768
2015-11-27T03:03:59.765Z,1098.9923,1499.3043,227.9286,6.577,0.7333,1174.0093,1580.0944,227.9084,6.9327,0.7433,1639.7774,2155.3412,229.209,9.4029,0.7601
2015-11-27T03:04:59.946Z,1122.7752,1504.9467,228.5557,6.5844,0.746,1205.726,1620.588,228.1734,7.1018,0.7442,1627.5807,2142.8808,228.1138,9.3937,0.7592
2015-11-27T03:05:59.089Z,1110.8762,1491.1627,228.2745,6.5317,0.7453,1196.173,1611.1327,228.2239,7.0593,0.7422,1615.6114,2130.7792,227.8697,9.35,0.7593
2015-11-27T03:06:59.340Z,1126.0469,1503.5994,228.1716,6.5891,0.7492,1207.0166,1615.8204,227.5409,7.101,0.7469,1629.9651,2136.4414,227.4932,9.3911,0.763
2015-11-27T03:07:59.666Z,1122.1786,1498.6918,228.1678,6.5682,0.7489,1201.7423,1611.8652,227.6408,7.0807,0.745,1623.9638,2131.9994,227.6014,9.3667,0.7616
2015-11-27T03:08:59.027Z,1125.6019,1502.946,228.3374,6.5816,0.7489,1208.9417,1618.9912,227.9284,7.1029,0.7469,1633.6151,2143.8928,227.7009,9.4153,0.7615
2015-11-27T03:09:59.325Z,1124.3918,1501.4149,228.5721,6.5684,0.749,1200.9483,1612.9329,227.8837,7.0773,0.7451,1626.9029,2132.2047,227.0654,9.3901,0.7621
2015-11-27T03:10:59.646Z,1111.5947,1497.9374,227.8224,6.575,0.7418,1211.8198,1603.6226,227.7799,7.0407,0.7559,1655.2244,2168.692,228.2013,9.5026,0.7627
2015-11-27T03:11:59.857Z,1111.9509,1498.9782,228.2077,6.5683,0.7418,1206.1562,1605.3371,227.8082,7.047,0.7514,1646.2234,2161.6699,228.1912,9.4724,0.7611
2015-11-27T03:12:59.088Z,1123.7939,1507.4393,228.0075,6.6107,0.7451,1206.3841,1606.1567,227.5118,7.0591,0.751,1648.2902,2155.1944,227.9516,9.4544,0.7649
2015-11-27T03:13:59.498Z,1131.5959,1519.16,228.1364,6.6582,0.7451,1202.768,1602.3558,227.4809,7.043,0.7511,1653.967,2157.0617,228.0838,9.4566,0.7684
2015-11-27T03:14:59.758Z,1123.2999,1515.1148,227.959,6.6464,0.7417,1200.9452,1598.2324,227.4902,7.0256,0.7512,1658.5823,2162.8683,228.2641,9.4752,0.7674
2015-11-27T03:15:59.079Z,1115.612,1503.3001,227.884,6.5954,0.7418,1218.9988,1613.7317,227.8521,7.0818,0.7553,1662.6207,2182.304,228.8955,9.5334,0.7612
2015-11-27T03:16:59.308Z,1107.7218,1499.831,227.9884,6.5783,0.7381,1214.3522,1605.6586,227.6771,7.052,0.7554,1662.5086,2179.8177,228.7712,9.5281,0.7619
2015-11-27T03:17:59.874Z,1109.7667,1503.5162,228.284,6.5851,0.7384,1226.9412,1619.2849,228.1059,7.0987,0.7577,1669.7896,2197.5753,229.2676,9.585,0.7594
2015-11-27T03:18:59.045Z,1108.6538,1503.2056,228.4144,6.5809,0.7376,1214.2402,1612.826,228.0497,7.072,0.7525,1657.7028,2185.7442,229.3303,9.531,0.7592
2015-11-27T03:19:59.543Z,1125.0973,1513.9866,228.8119,6.6163,0.7434,1233.7815,1639.8025,228.4309,7.1785,0.7522,1656.3338,2184.4567,229.1556,9.5318,0.7591
2015-11-27T03:20:59.901Z,1117.4224,1504.3386,228.3973,6.5866,0.743,1219.8579,1624.2298,228.0779,7.1211,0.751,1646.7416,2170.945,228.9348,9.4827,0.7586
2015-11-27T03:21:59.200Z,1128.2272,1515.1376,228.4495,6.6325,0.7448,1227.3782,1631.3712,228.056,7.1535,0.7525,1662.9382,2186.4125,229.0653,9.5448,0.7602
2015-11-27T03:22:59.551Z,1132.7421,1516.3481,228.569,6.6337,0.747,1209.4501,1623.8618,228.3282,7.1116,0.7449,1638.6391,2150.0517,228.0982,9.4254,0.7619
2015-11-27T03:23:59.032Z,1131.5153,1516.4943,228.0551,6.6493,0.7464,1230.0563,1630.6301,228.2373,7.144,0.7539,1665.2283,2184.7669,228.6087,9.5566,0.7606
2015-11-27T03:24:59.370Z,1116.6766,1504.449,228.4101,6.5862,0.7418,1214.8308,1616.7929,228.0582,7.0889,0.7511,1652.0467,2172.5512,228.6867,9.4998,0.7599
2015-11-27T03:25:59.633Z,1130.4086,1508.7557,227.8351,6.6217,0.7496,1241.167,1636.2068,227.7683,7.1833,0.7588,1667.1031,2184.9844,228.2559,9.5724,0.7623
2015-11-27T03:26:59.916Z,1124.6223,1509.3124,228.2284,6.6127,0.7448,1204.8282,1605.6374,227.4323,7.0596,0.7506,1649.4211,2155.9477,227.8526,9.4614,0.7648
2015-11-27T03:27:59.072Z,1136.4509,1515.0333,228.1336,6.641,0.7497,1237.0025,1630.7007,227.5076,7.168,0.7587,1670.7261,2180.8805,227.7561,9.5759,0.7668
2015-11-27T03:28:59.374Z,1123.0036,1498.2547,227.9651,6.5714,0.7496,1220.4821,1620.1064,227.4683,7.1224,0.7528,1644.7026,2153.4122,227.5161,9.4644,0.763
2015-11-27T03:29:59.682Z,1152.0401,1535.4806,228.2703,6.7266,0.7503,1225.4117,1621.7819,227.138,7.14,0.7557,1673.9736,2171.2556,227.7438,9.5333,0.7704
2015-11-27T03:30:59.971Z,1114.8777,1509.772,227.7866,6.6276,0.7383,1208.3642,1601.7289,227.6172,7.0366,0.7546,1666.9024,2180.6661,228.9467,9.5244,0.7639
2015-11-27T03:31:59.308Z,1136.1796,1527.1453,227.8704,6.7018,0.7439,1236.1575,1628.8424,227.7965,7.1499,0.7591,1685.9329,2199.9731,229.0548,9.6043,0.7671
2015-11-27T03:32:59.712Z,1119.4382,1514.8128,227.9568,6.6446,0.7391,1214.99,1605.2618,227.6719,7.0503,0.7573,1672.7994,2187.1653,229.064,9.5476,0.7642
2015-11-27T03:33:59.223Z,1135.0078,1523.1706,227.5602,6.6935,0.7454,1236.1726,1623.6757,227.6621,7.1311,0.7609,1688.0606,2201.9769,228.9391,9.6171,0.7678
2015-11-27T03:34:59.521Z,1121.2626,1511.2421,227.808,6.6337,0.7421,1217.1439,1612.1472,227.7751,7.0772,0.7552,1662.3002,2177.3373,228.7981,9.5159,0.7633
2015-11-27T03:35:59.857Z,1137.7181,1512.7324,227.9891,6.6352,0.7524,1256.7288,1655.6833,228.5614,7.2438,0.7589,1667.7858,2191.4503,228.391,9.5943,0.7606
2015-11-27T03:36:59.186Z,1115.1449,1517.1318,228.8339,6.6293,0.7348,1218.6583,1611.8697,227.4958,7.0844,0.7561,1678.7143,2205.0989,229.8582,9.5928,0.7607
2015-11-27T03:37:59.348Z,1135.2676,1553.6564,229.0528,6.7827,0.7306,1212.5554,1591.5548,225.7947,7.0488,0.7614,1725.7522,2228.6078,230.2499,9.6788,0.7742
2015-11-27T03:38:59.632Z,1127.9203,1508.2458,228.4893,6.6001,0.7479,1241.2252,1652.6861,228.6566,7.2277,0.7514,1644.2567,2176.9007,229.1239,9.5006,0.755
2015-11-27T03:39:59.997Z,1147.0426,1523.5174,228.2586,6.674,0.7524,1253.7768,1661.1743,228.3277,7.2754,0.7549,1665.9039,2189.6149,228.8463,9.5678,0.7603
2015-11-27T03:40:59.278Z,1131.3917,1510.412,228.2637,6.6166,0.7487,1239.0104,1646.3082,228.3009,7.211,0.753,1654.7172,2181.7579,228.9235,9.5304,0.7593
2015-11-27T03:41:59.599Z,1142.6977,1517.4874,227.762,6.6627,0.7528,1260.3517,1658.7874,228.1123,7.2707,0.76,1672.3838,2197.7923,228.9552,9.5987,0.7602
2015-11-27T03:42:59.898Z,1127.1443,1518.0299,227.7243,6.6657,0.7427,1237.3124,1632.843,228.015,7.1604,0.7577,1676.7519,2203.341,229.7657,9.5889,0.7606
2015-11-27T03:43:59.083Z,1138.8822,1532.4555,227.443,6.737,0.7434,1239.3959,1625.8598,227.4841,7.1468,0.763,1702.5567,2219.8276,230.0273,9.6497,0.7659
2015-11-27T03:44:59.470Z,1142.0609,1541.1242,228.4811,6.7442,0.7413,1224.7721,1623.8622,227.4193,7.1402,0.7541,1684.6681,2197.4717,229.7871,9.5631,0.7669
2015-11-27T03:45:59.881Z,1139.2627,1538.9824,228.3505,6.7388,0.7403,1232.4442,1621.2542,226.7876,7.1482,0.7605,1699.1469,2214.5231,229.9262,9.6311,0.7667
2015-11-27T03:46:59.049Z,1134.042,1540.6758,228.0933,6.7542,0.7358,1222.4432,1606.207,226.4051,7.094,0.7611,1710.1876,2220.4982,230.2093,9.6452,0.7706
2015-11-27T03:47:59.258Z,1142.8602,1538.8287,228.4136,6.7367,0.7426,1235.5278,1634.9076,227.6606,7.1809,0.7557,1692.4572,2209.6501,229.6611,9.621,0.767
2015-11-27T03:48:59.702Z,1163.1609,1538.4848,228.4816,6.7331,0.7561,1243.5368,1657.5828,228.1447,7.2653,0.7501,1664.1391,2171.52,227.8842,9.5282,0.7669
2015-11-27T03:49:59.931Z,1158.6671,1541.7206,228.5894,6.7446,0.7513,1235.3134,1646.1159,228.0994,7.2159,0.7503,1672.2052,2176.7611,228.0702,9.5439,0.7684
2015-11-27T03:50:59.228Z,1153.5702,1550.3275,228.2402,6.7919,0.7438,1237.9324,1633.7211,227.631,7.1775,0.7578,1703.5238,2214.5193,229.3653,9.6547,0.7693
2015-11-27T03:51:59.543Z,1135.1577,1532.3527,227.6857,6.7299,0.7408,1236.7257,1628.286,227.844,7.1464,0.7591,1699.8842,2219.8226,229.8033,9.6596,0.7668
2015-11-27T03:52:59.854Z,1144.4008,1542.3031,227.4434,6.7801,0.7413,1241.9311,1632.1202,228.0091,7.158,0.7611,1711.2459,2229.2637,229.989,9.6924,0.7681
2015-11-27T03:53:59.218Z,1151.7527,1547.6164,227.874,6.7911,0.7447,1225.9771,1623.1343,227.6516,7.1297,0.7553,1695.0684,2198.2147,229.0698,9.596,0.7709
2015-11-27T03:54:59.432Z,1148.8248,1533.1939,227.0908,6.7512,0.7497,1252.7002,1638.7433,227.8797,7.1908,0.7646,1704.7746,2215.5117,228.6961,9.687,0.7696
2015-11-27T03:55:59.574Z,1139.9911,1528.1834,227.48,6.7182,0.7457,1234.1781,1625.241,227.7865,7.1346,0.7594,1691.5067,2202.0653,228.6826,9.6296,0.7683
2015-11-27T03:56:59.915Z,1155.024,1544.9178,227.4071,6.7935,0.7476,1253.4782,1641.7474,227.9947,7.2005,0.7634,1715.1546,2230.5146,229.5352,9.7169,0.77
2015-11-27T03:57:59.141Z,1138.6545,1542.0257,227.3447,6.782,0.7385,1223.608,1598.6059,226.2625,7.0642,0.7653,1720.7494,2221.8569,229.8164,9.6678,0.7748
2015-11-27T03:58:59.403Z,1143.9714,1553.4907,227.0078,6.8429,0.7367,1227.5292,1582.109,224.5619,7.0453,0.7764,1760.2856,2250.7908,230.1228,9.7803,0.7808
2015-11-27T03:59:59.632Z,1130.8801,1502.3737,226.5757,6.6307,0.7529,1255.9443,1647.0856,228.1496,7.2189,0.7623,1669.6127,2194.0794,229.1416,9.5748,0.7619
2015-11-27T04:00:59.031Z,1150.1422,1508.4891,226.4516,6.6612,0.762,1278.0681,1665.5519,227.8634,7.3089,0.7673,1677.3429,2194.5652,228.1469,9.6187,0.7638
2015-11-27T04:01:59.189Z,1210.5621,1547.6394,225.9434,6.8494,0.7822,1329.6066,1715.4492,227.5612,7.5385,0.7748,1707.7008,2203.502,226.3348,9.7352,0.7751
2015-11-27T04:02:59.400Z,1190.1688,1529.0044,225.8478,6.7694,0.7782,1308.799,1696.9792,227.6869,7.4524,0.7713,1690.0498,2192.5232,226.6486,9.673,0.7704
2015-11-27T04:03:59.699Z,1144.2978,1486.3859,225.5788,6.5887,0.7702,1266.9981,1657.4114,227.798,7.2754,0.7646,1647.4333,2155.6563,226.6046,9.5131,0.7632
2015-11-27T04:04:59.018Z,1153.8125,1492.6392,225.417,6.6213,0.7727,1285.6287,1673.073,227.9947,7.3379,0.7689,1661.9129,2170.1618,226.5007,9.5809,0.7655
2015-11-27T04:05:59.291Z,1196.6334,1536.2033,225.8088,6.8029,0.7793,1331.979,1708.9633,227.4711,7.5121,0.7802,1721.4901,2224.3778,226.6686,9.8124,0.7736
2015-11-27T04:06:59.642Z,1174.6321,1537.7038,225.9799,6.805,0.7637,1300.5132,1657.505,225.6746,7.3447,0.7847,1748.5579,2242.689,227.5293,9.8559,0.7801
2015-11-27T04:07:59.088Z,1140.03,1507.2239,226.5356,6.652,0.7563,1252.8662,1629.5782,226.5999,7.1908,0.7691,1686.4802,2186.0183,227.3993,9.6128,0.7715
2015-11-27T04:08:59.348Z,1145.6146,1485.351,225.8032,6.5776,0.7718,1287.3628,1677.8576,228.4991,7.3431,0.7672,1653.2276,2170.5104,226.6137,9.5778,0.7616
2015-11-27T04:09:59.576Z,1189.0994,1527.537,224.9747,6.7897,0.7789,1336.027,1708.5112,228.023,7.4929,0.7822,1721.3717,2234.767,227.1226,9.8384,0.7706
2015-11-27T04:10:59.849Z,1175.3094,1507.6886,223.8014,6.7359,0.7792,1345.1814,1710.09,228.2436,7.4923,0.787,1715.347,2236.0106,227.098,9.8461,0.7683
2015-11-27T04:11:59.167Z,1144.1399,1467.8871,224.2769,6.5449,0.7797,1301.053,1685.7825,228.713,7.3706,0.7716,1642.2107,2158.4408,225.5256,9.5692,0.7604
2015-11-27T04:12:59.453Z,1174.4189,1494.0138,225.2558,6.6322,0.7861,1279.4948,1679.7834,228.0897,7.3639,0.7617,1627.0977,2120.3747,224.4034,9.4488,0.7667
2015-11-27T04:13:59.663Z,1194.0579,1537.926,225.0568,6.8332,0.7761,1321.1173,1694.8532,227.4626,7.4508,0.7792,1719.4909,2222.1007,227.1376,9.7822,0.7731
2015-11-27T04:14:59.844Z,1218.8803,1560.3288,225.8182,6.9096,0.7813,1312.6282,1700.1935,227.2,7.4824,0.7724,1713.2043,2197.8076,226.0838,9.7203,0.7798
2015-11-27T04:15:59.219Z,1176.9781,1522.6411,225.779,6.7437,0.7727,1266.6836,1653.3966,226.7291,7.2919,0.7658,1672.6452,2158.4753,226.2246,9.5411,0.7753
2015-11-27T04:16:59.702Z,1156.0432,1506.4228,225.8658,6.6689,0.7682,1260.2686,1642.5452,226.6097,7.2473,0.7676,1666.4161,2161.7759,226.6699,9.5364,0.7704
2015-11-27T04:17:59.027Z,1192.2392,1548.7294,226.9535,6.8234,0.7699,1270.9164,1659.8484,226.3348,7.3336,0.7652,1693.1166,2176.1716,226.73,9.5978,0.7791
2015-11-27T04:18:59.295Z,1169.1182,1537.52,226.6812,6.7828,0.7606,1241.1751,1622.804,225.6429,7.1916,0.7648,1691.5287,2172.8726,227.2018,9.5632,0.7791
2015-11-27T04:19:59.483Z,1177.6166,1548.1662,226.6172,6.8321,0.7607,1261.7417,1637.2781,225.6954,7.254,0.7709,1716.0943,2201.7582,227.8017,9.6648,0.78
2015-11-27T04:20:59.690Z,1165.2737,1549.2137,227.126,6.8207,0.7519,1245.1874,1622.7388,225.9129,7.1833,0.7673,1715.7122,2205.3646,228.3989,9.6553,0.7775
2015-11-27T04:21:59.079Z,1159.1538,1544.5844,227.4091,6.7919,0.7507,1262.793,1637.4608,226.5413,7.2278,0.7709,1725.4227,2228.1703,228.7813,9.7388,0.7739
2015-11-27T04:22:59.327Z,1156.1634,1556.1223,227.9182,6.8271,0.7431,1233.0416,1605.6207,225.2257,7.1287,0.7683,1733.1732,2223.4853,228.9206,9.7118,0.7792
2015-11-27T04:23:59.703Z,1175.6908,1575.7912,228.5029,6.8952,0.7459,1233.3702,1612.7848,225.2158,7.1609,0.7646,1738.3229,2219.6586,228.7268,9.7034,0.7831
2015-11-27T04:24:59.132Z,1203.176,1553.5512,228.3443,6.8033,0.7738,1276.8303,1698.99,228.1849,7.4457,0.7518,1659.1415,2158.2143,226.6758,9.5203,0.7699
2015-11-27T04:25:59.524Z,1214.7214,1561.9567,228.3781,6.839,0.778,1272.288,1696.4077,227.8056,7.4467,0.7499,1655.1917,2142.027,225.9426,9.4799,0.7719
2015-11-27T04:26:59.690Z,1209.4459,1550.9364,228.0763,6.7998,0.7797,1282.094,1704.0952,227.9534,7.4751,0.7519,1649.2012,2141.5429,225.8763,9.4804,0.7707
2015-11-27T04:27:59.008Z,1220.799,1567.4139,228.4181,6.8615,0.7785,1270.864,1698.4351,227.6659,7.4598,0.7482,1651.294,2131.9277,225.9137,9.4364,0.7747
2015-11-27T04:28:59.195Z,1218.4763,1576.3381,228.0857,6.9111,0.773,1256.0336,1668.1343,226.815,7.3543,0.7529,1679.0277,2152.4003,226.2428,9.5128,0.7803
2015-11-27T04:29:59.467Z,1230.2886,1569.3119,227.9198,6.8848,0.7841,1258.2262,1683.6004,227.4784,7.4011,0.7467,1648.5286,2113.889,224.4269,9.4189,0.7801
2015-11-27T04:30:59.726Z,1234.3478,1566.7767,227.4126,6.8893,0.7879,1281.4121,1697.5351,227.5494,7.4603,0.755,1659.3512,2126.6514,224.0981,9.489,0.7806
2015-11-27T04:31:59.936Z,1219.4628,1554.3867,226.9402,6.8492,0.7838,1270.4633,1683.0707,227.6777,7.392,0.7544,1654.4703,2123.6569,224.2177,9.4713,0.7794
2015-11-27T04:32:59.272Z,1226.0745,1545.1825,225.7061,6.8455,0.7934,1292.0183,1699.7459,227.2686,7.4786,0.76,1651.8434,2125.1092,224.197,9.4781,0.7783
2015-11-27T04:33:59.547Z,1180.7294,1533.6349,224.555,6.8291,0.7703,1270.4327,1640.389,226.0918,7.2552,0.7748,1704.738,2186.8502,227.089,9.6291,0.7802
2015-11-27T04:34:59.810Z,1177.8174,1539.3883,224.237,6.8647,0.7657,1281.6414,1631.233,225.1417,7.2441,0.7857,1740.3946,2222.1627,227.4508,9.7691,0.7828
2015-11-27T04:35:59.053Z,1160.5653,1542.8296,224.8587,6.8611,0.7521,1245.4819,1586.037,223.6801,7.0899,0.7853,1756.2682,2229.3324,228.2163,9.7676,0.7873
2015-11-27T04:36:59.280Z,1168.2827,1567.5358,225.0334,6.9654,0.7453,1239.1911,1565.3463,222.3072,7.0409,0.7912,1799.9819,2260.833,228.8376,9.8784,0.7966
2015-11-27T04:37:59.606Z,1162.8712,1542.2354,225.068,6.8516,0.7539,1249.6236,1596.9949,224.0762,7.1254,0.7828,1744.4136,2217.9123,227.8913,9.7318,0.7857
2015-11-27T04:38:59.725Z,1197.417,1556.8019,225.4893,6.9034,0.7684,1278.8769,1650.3411,225.7223,7.3109,0.7752,1724.4551,2203.0964,227.2283,9.6952,0.7827
2015-11-27T04:39:59.887Z,1173.188,1542.0621,225.6631,6.833,0.7607,1258.328,1627.0117,225.6853,7.2086,0.7733,1717.1697,2201.2923,227.5324,9.6742,0.78
2015-11-27T04:40:59.148Z,1204.2269,1572.6191,225.8751,6.962,0.7661,1271.4917,1642.3372,225.7928,7.2731,0.7745,1740.2159,2213.8348,227.3576,9.737,0.7869
2015-11-27T04:41:59.407Z,1176.1196,1545.0538,225.1452,6.8621,0.7612,1253.1712,1616.0277,225.2757,7.1734,0.7759,1723.7218,2200.0382,227.3592,9.6762,0.7822
2015-11-27T04:42:59.641Z,1192.3643,1577.2851,225.4519,6.9961,0.7559,1255.9642,1600.3958,223.5918,7.1568,0.7853,1778.8984,2239.8803,227.7737,9.8333,0.7959
2015-11-27T04:43:59.900Z,1183.9892,1589.1917,226.4167,7.0186,0.7449,1204.1539,1551.2838,222.3537,6.9757,0.7762,1776.4196,2220.4622,227.7833,9.7478,0.8
2015-11-27T04:44:59.172Z,1207.8097,1604.3726,226.7555,7.0749,0.7531,1232.2219,1580.1341,222.5363,7.0995,0.7798,1788.2799,2228.0336,227.1694,9.8066,0.8016
2015-11-27T04:45:59.567Z,1204.0036,1564.4457,226.6451,6.9023,0.7696,1247.7211,1630.8439,225.4142,7.2341,0.7653,1704.6942,2163.2833,225.5866,9.5891,0.7884
2015-11-27T04:46:59.830Z,1219.9714,1575.3614,226.4604,6.9553,0.7746,1278.9046,1658.4574,225.8589,7.3422,0.7712,1727.1201,2192.3168,225.8757,9.7057,0.7892
2015-11-27T04:47:59.091Z,1194.9967,1558.9436,226.5013,6.8826,0.7667,1259.7044,1639.1629,226.1288,7.2485,0.769,1713.2973,2185.8236,226.3307,9.6575,0.7833
2015-11-27T04:48:59.392Z,1202.9309,1557.6918,226.4142,6.8796,0.7726,1294.3479,1672.9634,226.8083,7.376,0.7729,1726.051,2210.96,226.128,9.7764,0.7804
2015-11-27T04:49:59.801Z,1185.1787,1549.2186,226.738,6.8317,0.7651,1264.4801,1639.8241,225.8367,7.2604,0.7712,1715.1888,2190.4238,226.1988,9.6834,0.783
2015-11-27T04:50:59.053Z,1179.156,1578.2686,227.5217,6.9366,0.7476,1214.803,1571.0783,223.267,7.0369,0.7732,1756.9822,2205.4358,226.8224,9.7222,0.7977
2015-11-27T04:51:59.147Z,1168.5286,1560.7869,226.9502,6.8771,0.7493,1235.3546,1586.7358,224.256,7.0746,0.7789,1759.6226,2225.267,227.2341,9.7926,0.7902
2015-11-27T04:52:59.404Z,1167.5234,1544.4337,226.4679,6.8188,0.7556,1260.6441,1627.5186,226.2631,7.1923,0.7742,1731.2979,2218.9217,227.5853,9.7487,0.7803
2015-11-27T04:53:59.573Z,1168.2709,1548.7026,226.4591,6.8386,0.7541,1260.279,1631.0832,226.5601,7.199,0.7728,1731.5829,2222.5474,228.0208,9.746,0.7794
2015-11-27T04:54:59.770Z,1169.8893,1560.6892,227.0933,6.8724,0.7498,1254.1083,1624.7578,226.2549,7.1806,0.7713,1745.3103,2237.5879,228.976,9.7711,0.7803
2015-11-27T04:55:59.977Z,1182.6527,1576.069,226.6457,6.9532,0.7506,1238.8318,1601.4511,225.247,7.1091,0.7737,1759.7483,2229.5897,228.2299,9.7684,0.7897
2015-11-27T04:56:59.200Z,1197.488,1582.028,226.5325,6.983,0.7572,1234.8603,1598.4862,224.6358,7.1148,0.7735,1749.6051,2201.3466,226.7367,9.7087,0.7945
2015-11-27T04:57:59.490Z,1207.8611,1592.0042,227.2612,7.0049,0.7588,1225.3178,1592.3128,223.972,7.1082,0.7696,1747.3443,2188.8468,225.9294,9.6879,0.7979
2015-11-27T04:58:59.812Z,1207.187,1597.489,227.7771,7.0134,0.7558,1221.8127,1584.3068,223.3586,7.0933,0.7709,1762.7252,2200.6394,226.2699,9.7258,0.8
2015-11-27T04:59:59.025Z,1201.9873,1569.8199,226.8073,6.9211,0.7655,1252.0923,1618.8892,225.086,7.1912,0.7732,1736.9788,2188.7593,225.3197,9.7134,0.7936
2015-11-27T05:00:59.314Z,1181.4376,1538.8157,224.9103,6.8411,0.7686,1270.2667,1619.0503,225.6551,7.1742,0.7848,1742.6494,2208.1297,225.5094,9.7912,0.79
2015-11-27T05:01:59.488Z,1175.4926,1530.4038,224.6724,6.8113,0.7682,1279.972,1626.0263,225.7978,7.2008,0.7874,1740.8706,2212.0273,226.0044,9.7866,0.7878
2015-11-27T05:02:59.732Z,1180.948,1554.9587,226.7518,6.8577,0.7593,1293.3774,1659.0237,227.5562,7.29,0.7798,1753.784,2252.7144,228.0272,9.8784,0.7791
2015-11-27T05:03:59.004Z,1183.1765,1567.3975,226.791,6.9107,0.7545,1286.3039,1645.5514,226.6685,7.2593,0.7818,1775.4206,2269.0663,228.5589,9.9273,0.7816
2015-11-27T05:04:59.365Z,1199.6036,1570.6059,227.439,6.9053,0.7632,1277.6986,1653.5378,226.373,7.3039,0.7728,1741.8226,2219.8789,226.6049,9.7958,0.7847
2015-11-27T05:05:59.636Z,1241.4734,1608.8439,228.1977,7.0501,0.7722,1258.8758,1653.4763,225.9128,7.3196,0.7612,1730.3764,2178.7611,225.1773,9.6739,0.7938
2015-11-27T05:07:59.279Z,1219.9016,1609.7485,228.4456,7.046,0.7578,1202.2291,1582.0712,223.4076,7.0799,0.7606,1736.9273,2164.2147,225.2584,9.6056,0.802
2015-11-27T05:08:59.546Z,1193.938,1588.1801,227.49,6.9816,0.752,1212.76,1585.5641,224.2212,7.0706,0.7653,1737.1828,2188.2814,227.4019,9.6229,0.7936
2015-11-27T05:09:59.806Z,1186.2373,1564.2927,225.0216,6.9518,0.7579,1267.7159,1620.9464,225.6139,7.1843,0.7828,1763.2073,2239.8157,228.1442,9.8168,0.7877
2015-11-27T05:10:59.300Z,1215.3359,1617.4276,227.0899,7.1224,0.7515,1257.7716,1621.2323,225.1519,7.2001,0.776,1795.6507,2264.5309,229.0595,9.8859,0.7935
2015-11-27T05:11:59.689Z,1204.7198,1611.3853,227.8477,7.0716,0.747,1213.6861,1585.403,224.5054,7.0619,0.766,1764.8579,2214.7082,227.6666,9.7271,0.7978
2015-11-27T05:12:59.008Z,1204.4013,1604.1788,227.9526,7.0366,0.7511,1229.5299,1606.9948,225.2552,7.1336,0.7651,1756.6193,2215.0173,227.8669,9.7199,0.7928
2015-11-27T05:13:59.352Z,1206.111,1613.1124,228.6463,7.0549,0.7481,1219.9937,1604.8901,225.5023,7.1166,0.7601,1755.5063,2216.3078,228.3497,9.7047,0.7909
2015-11-27T05:14:59.624Z,1193.0964,1615.4282,228.6578,7.0647,0.7377,1215.05,1589.645,225.3529,7.0537,0.764,1774.7354,2242.4819,229.2201,9.7824,0.7909
2015-11-27T05:15:59.950Z,1189.0714,1622.9461,229.2443,7.0791,0.7324,1205.2699,1576.2658,224.6739,7.015,0.7643,1789.1751,2254.6626,229.6339,9.8174,0.7926
2015-11-27T05:16:59.281Z,1181.1803,1583.6041,228.0598,6.9435,0.7456,1256.0798,1632.2507,227.0383,7.1882,0.7693,1757.787,2252.2399,229.1516,9.8278,0.7807
2015-11-27T05:17:59.509Z,1189.5149,1564.8946,227.5342,6.8772,0.76,1278.5562,1669.1252,228.0361,7.3196,0.7657,1722.8256,2220.7251,227.8548,9.7456,0.7757
2015-11-27T05:18:59.710Z,1192.8099,1567.1926,226.8636,6.9079,0.761,1267.8281,1647.1294,226.7168,7.2644,0.7694,1730.6906,2215.6111,227.6342,9.7327,0.7806
2015-11-27T05:19:59.077Z,1201.5638,1561.5393,226.7342,6.8867,0.7696,1267.4944,1655.2406,226.6947,7.3016,0.7658,1708.8121,2185.0897,226.3876,9.6512,0.782
2015-11-27T05:20:59.288Z,1199.9935,1580.1219,227.8813,6.9338,0.7601,1247.3574,1636.0769,226.5304,7.2224,0.7627,1721.4337,2194.9826,227.0499,9.6663,0.7835
2015-11-27T05:21:59.589Z,1198.759,1583.4556,228.3094,6.935,0.756,1239.004,1632.8452,226.7553,7.2008,0.7592,1723.8742,2196.2258,227.0346,9.6736,0.7846
2015-11-27T05:22:59.919Z,1225.5034,1592.9644,228.0041,6.9864,0.7694,1255.4649,1652.1763,226.3571,7.2989,0.7597,1717.3766,2177.2834,225.9277,9.6363,0.7892
2015-11-27T05:23:59.185Z,1222.9356,1589.2622,227.8506,6.9743,0.77,1236.8921,1633.103,225.6979,7.2355,0.7585,1705.6327,2155.2218,225.35,9.564,0.7908
2015-11-27T05:24:59.470Z,1239.5023,1599.0587,227.6973,7.0218,0.7747,1253.0598,1648.2446,225.478,7.3099,0.7604,1714.5168,2160.7463,225.1986,9.5939,0.7921
2015-11-27T05:25:59.735Z,1233.862,1618.4542,228.9797,7.0679,0.7624,1217.1609,1602.0813,223.4828,7.1683,0.7597,1736.8763,2166.723,225.3448,9.6147,0.8004
2015-11-27T05:26:59.045Z,1220.0027,1600.1159,228.0315,7.0169,0.7625,1228.79,1605.2631,223.5817,7.179,0.7655,1740.2689,2177.836,225.8536,9.642,0.7977
2015-11-27T05:27:59.249Z,1218.6037,1589.6917,227.9081,6.9751,0.7668,1250.2423,1643.2024,225.8277,7.2761,0.7608,1718.1103,2178.3528,226.2417,9.6276,0.7891
2015-11-27T05:28:59.485Z,1217.0712,1610.0867,228.7404,7.0386,0.7562,1230.627,1630.3842,226.445,7.1991,0.7547,1732.6474,2199.3043,227.6801,9.6592,0.7896
2015-11-27T05:29:59.746Z,1201.7909,1617.1541,228.9696,7.0627,0.7429,1223.3557,1608.2409,225.9561,7.1167,0.7609,1765.4806,2234.8794,229.0524,9.7559,0.7909
2015-11-27T05:30:59.083Z,1190.7765,1631.2832,229.3827,7.1116,0.7297,1195.5486,1557.8944,223.4907,6.97,0.7675,1805.7055,2261.3874,229.86,9.8373,0.7993
2015-11-27T05:31:59.312Z,1187.7063,1618.3524,229.3443,7.0564,0.734,1214.4123,1586.3823,224.8636,7.0546,0.7667,1787.0884,2254.6158,229.6594,9.8164,0.7924
2015-11-27T05:32:59.630Z,1185.9282,1616.2593,229.3368,7.047,0.7332,1218.3976,1583.5648,224.7257,7.0461,0.7699,1795.5709,2266.2212,229.7089,9.8647,0.7907
2015-11-27T05:33:59.946Z,1189.3297,1621.8529,229.4016,7.0699,0.7328,1211.9432,1578.1532,224.5918,7.0261,0.7686,1797.0479,2261.9886,229.631,9.8496,0.7944
2015-11-27T05:34:59.281Z,1174.6292,1595.0117,228.2737,6.9869,0.7361,1232.7797,1593.7954,225.9193,7.0544,0.7729,1789.2947,2271.064,229.3579,9.9017,0.7893
2015-11-27T05:35:59.560Z,1206.7233,1604.5122,228.6954,7.0153,0.7526,1236.5533,1615.5311,225.6333,7.1591,0.7656,1754.1601,2218.5467,227.3129,9.7591,0.79
2015-11-27T05:36:59.934Z,1185.719,1578.9662,227.8459,6.9298,0.751,1249.5864,1618.532,225.4777,7.1779,0.7717,1755.8962,2232.8181,227.6633,9.8066,0.7861
2015-11-27T05:37:59.079Z,1170.7834,1568.0143,227.3736,6.8959,0.7469,1264.8336,1620.0607,225.448,7.1853,0.7801,1777.6419,2265.498,228.4835,9.9145,0.7838
2015-11-27T05:38:59.369Z,1164.2398,1569.0576,227.5553,6.8943,0.7413,1245.9787,1597.8746,224.5936,7.114,0.7799,1779.3944,2261.5099,228.6914,9.8883,0.7882
2015-11-27T05:39:59.550Z,1182.4627,1587.3147,228.0458,6.9596,0.7447,1230.5664,1584.7638,223.3957,7.0929,0.7769,1776.3627,2235.5504,227.7366,9.8164,0.7944
2015-11-27T05:40:59.080Z,1203.3675,1609.8584,228.8141,7.0352,0.748,1217.1593,1584.7815,223.0325,7.1059,0.768,1769.8616,2215.1045,227.0657,9.755,0.7997
2015-11-27T05:41:59.368Z,1212.2423,1617.789,229.2622,7.0561,0.7499,1206.2529,1579.5866,222.8802,7.0867,0.7638,1761.7988,2198.6328,226.6048,9.7019,0.8009
2015-11-27T05:42:59.693Z,1215.6254,1615.3883,229.1774,7.0483,0.7523,1210.3901,1590.8209,223.3079,7.1234,0.7606,1750.8034,2190.9817,226.3549,9.679,0.7998
2015-11-27T05:43:59.091Z,1218.9692,1617.953,229.3212,7.0548,0.7533,1218.3476,1604.8357,223.6393,7.1757,0.7594,1745.7365,2191.2509,226.9343,9.6554,0.7981
2015-11-27T05:44:59.272Z,1211.5982,1580.9779,227.9557,6.9348,0.7663,1262.3376,1661.0566,226.6429,7.3287,0.7601,1704.977,2183.4781,226.3908,9.6446,0.7804
2015-11-27T05:45:59.491Z,1205.5694,1578.6545,228.2913,6.9147,0.7631,1259.0379,1654.6444,226.3529,7.3096,0.7609,1711.9206,2187.696,226.2596,9.6687,0.7819
2015-11-27T05:46:59.783Z,1201.5552,1590.1203,228.981,6.9436,0.7554,1248.6002,1633.9928,225.086,7.2584,0.7644,1735.0228,2205.4633,227.0019,9.7154,0.7864
2015-11-27T05:47:59.231Z,1190.534,1602.6618,228.9349,7.0003,0.7434,1219.8929,1578.4011,222.4137,7.0961,0.773,1779.7846,2230.4564,227.5645,9.8009,0.7991
2015-11-27T05:48:59.440Z,1196.9802,1611.2923,229.2083,7.0286,0.7429,1212.5336,1576.3386,222.4703,7.0854,0.7694,1777.8679,2222.9707,227.5002,9.7709,0.7999
2015-11-27T05:49:59.831Z,1212.9964,1623.2688,229.233,7.0811,0.7471,1208.5828,1572.7206,221.8159,7.0899,0.7689,1776.3883,2210.4738,227.0464,9.7353,0.8029
2015-11-27T05:50:59.094Z,1215.4251,1600.3531,227.9836,7.0193,0.7598,1231.119,1603.7544,223.4447,7.1764,0.7678,1747.1453,2190.1764,226.2605,9.6795,0.7968
2015-11-27T05:51:59.299Z,1212.5939,1609.8244,228.1971,7.0541,0.7533,1214.9269,1587.1418,223.4016,7.1034,0.7657,1758.9331,2200.9354,226.6489,9.7106,0.7997
2015-11-27T05:52:59.610Z,1216.4582,1621.2383,228.4383,7.0964,0.7501,1205.0747,1574.879,222.8251,7.0676,0.7652,1779.6022,2218.8981,226.6327,9.7904,0.8017
2015-11-27T05:53:59.095Z,1226.2085,1638.2853,228.505,7.1689,0.7475,1194.2294,1559.155,221.7315,7.0309,0.7653,1781.6702,2200.3083,226.65,9.7073,0.8106
2015-11-27T05:54:59.476Z,1218.7561,1637.5086,228.3326,7.171,0.7439,1190.2377,1540.0054,220.8311,6.9732,0.7733,1800.347,2215.3694,226.5584,9.7778,0.8114
2015-11-27T05:55:59.592Z,1228.4521,1645.3988,228.2006,7.21,0.7467,1183.1428,1536.7769,220.9309,6.9549,0.7697,1800.2563,2205.4211,226.1398,9.7521,0.817
2015-11-27T05:56:59.060Z,1242.0178,1638.7012,228.1797,7.1811,0.7583,1204.353,1582.633,223.4209,7.0828,0.7616,1760.0733,2179.6583,225.5603,9.6626,0.8066
2015-11-27T05:57:59.396Z,1217.1413,1610.9959,227.2503,7.0886,0.7554,1223.4742,1587.1662,223.9749,7.0856,0.7709,1771.1573,2210.2498,226.4296,9.7609,0.8014
2015-11-27T05:58:59.641Z,1228.0766,1621.8901,227.6833,7.1238,0.7574,1219.308,1588.9784,223.936,7.0953,0.7679,1768.7002,2201.0406,226.1183,9.7329,0.8019
2015-11-27T05:59:59.849Z,1226.5724,1614.73,227.5159,7.0971,0.7593,1227.2104,1596.2089,224.2196,7.1189,0.7691,1761.5731,2197.141,225.8182,9.7284,0.8014
2015-11-27T06:00:59.994Z,1234.9464,1628.0047,227.4137,7.158,0.759,1207.6204,1560.0192,221.9564,7.0274,0.7744,1789.5499,2198.9534,225.4507,9.7528,0.8134
2015-11-27T06:01:59.475Z,1217.9509,1624.38,226.8376,7.1603,0.7495,1201.104,1533.4177,220.913,6.941,0.7832,1814.6565,2224.3195,226.2301,9.8314,0.8164
2015-11-27T06:02:59.804Z,1196.6492,1592.8981,227.6021,6.9987,0.7514,1250.1637,1605.1806,224.7723,7.14,0.7791,1786.5289,2248.0852,227.8,9.8682,0.7944
2015-11-27T06:03:59.050Z,1197.9399,1583.0564,227.7926,6.9489,0.7569,1272.2208,1643.7838,226.1725,7.2673,0.7739,1760.5047,2242.5069,228.2942,9.8224,0.7856
2015-11-27T06:04:59.230Z,1224.2599,1614.1948,228.9536,7.0497,0.759,1250.2913,1644.1876,226.5158,7.2584,0.7609,1748.753,2215.7874,227.5664,9.7357,0.789
2015-11-27T06:05:59.433Z,1242.8108,1654.1122,230.096,7.1881,0.7514,1221.2852,1622.2263,226.3184,7.1676,0.7527,1768.1567,2218.8411,227.9397,9.7341,0.7978
2015-11-27T06:06:59.825Z,1193.6683,1622.3979,228.1402,7.1113,0.736,1233.0598,1593.187,225.9394,7.0517,0.7738,1815.5318,2289.7074,230.224,9.9449,0.7924
2015-11-27T06:07:59.020Z,1185.8098,1627.3728,228.4852,7.1218,0.7284,1223.5876,1571.6042,224.8857,6.9877,0.7786,1835.6934,2302.3425,230.1424,10.0037,0.7974
2015-11-27T06:08:59.374Z,1182.68,1660.2273,229.3179,7.2396,0.7118,1184.8988,1517.0188,222.5174,6.8173,0.781,1885.0051,2334.0933,231.4118,10.0858,0.8092
2015-11-27T06:09:59.705Z,1180.6173,1638.2183,228.831,7.1588,0.7209,1207.7385,1548.213,223.6298,6.9229,0.78,1860.2553,2321.7806,230.996,10.0502,0.8011
2015-11-27T06:10:59.112Z,1189.1352,1618.8958,227.8276,7.1048,0.7348,1234.9808,1588.721,225.41,7.0478,0.7774,1828.0784,2300.1681,229.9864,10.0007,0.7944
2015-11-27T06:11:59.434Z,1188.8989,1626.8851,228.7036,7.1133,0.731,1220.1742,1581.4621,225.0274,7.0277,0.7719,1819.0784,2290.2102,230.4539,9.938,0.7947
2015-11-27T06:12:59.757Z,1189.9478,1624.2933,228.9298,7.0947,0.7328,1217.7061,1587.1614,225.3701,7.0422,0.767,1800.1474,2273.3512,230.1453,9.8777,0.7906
2015-11-27T06:13:59.206Z,1228.4598,1660.2209,228.6742,7.2597,0.7397,1244.2733,1611.7363,225.1361,7.1586,0.7722,1836.0156,2299.9997,230.2869,9.9869,0.799
2015-11-27T06:14:59.460Z,1227.5039,1664.2522,228.6991,7.2767,0.7375,1249.9063,1613.1085,224.8949,7.1722,0.7748,1847.4065,2314.9584,230.8072,10.0293,0.7973
2015-11-27T06:15:59.648Z,1201.5182,1637.9217,228.9883,7.1524,0.7338,1219.4867,1586.4669,224.5531,7.0644,0.7691,1810.7739,2275.8111,229.9263,9.897,0.7954
2015-11-27T06:16:59.870Z,1209.2367,1673.0817,231.1008,7.2391,0.7222,1183.1108,1547.1817,222.1946,6.9628,0.7643,1832.4481,2272.1072,229.9094,9.8818,0.8068
2015-11-27T06:17:59.161Z,1195.9131,1650.18,230.6385,7.1544,0.7247,1201.5447,1563.0294,222.8672,7.0131,0.7689,1825.9476,2282.3741,230.0067,9.9223,0.7992
2015-11-27T06:18:59.370Z,1185.8183,1603.4109,228.7548,7.0087,0.7396,1253.7693,1618.5386,225.3114,7.1836,0.7738,1797.6477,2284.3876,229.6946,9.9444,0.7876
2015-11-27T06:19:59.578Z,1175.1615,1585.4152,227.9022,6.956,0.7413,1264.9708,1623.7227,225.6808,7.1948,0.7794,1788.6911,2283.7136,229.6438,9.9442,0.783
2015-11-27T06:20:59.912Z,1166.554,1588.2268,227.7109,6.9744,0.735,1253.9759,1598.6113,224.6742,7.1143,0.7846,1816.2587,2303.4812,230.1748,10.007,0.7883
2015-11-27T06:21:59.185Z,1159.4693,1622.681,228.9726,7.0863,0.7145,1225.4943,1569.4129,224.4589,6.9915,0.7805,1857.5633,2347.3064,232.457,10.0968,0.7903
2015-11-27T06:22:59.593Z,1155.0058,1613.6763,228.3342,7.0664,0.716,1222.8406,1557.0839,223.8643,6.9551,0.7853,1857.8304,2340.7457,231.9067,10.0927,0.794
2015-11-27T06:23:59.860Z,1149.0589,1630.9163,228.5136,7.1362,0.7038,1198.1951,1505.78,221.0281,6.8125,0.7961,1908.5502,2371.1543,232.4339,10.2007,0.8052
2015-11-27T06:24:59.153Z,1158.3378,1599.79,227.6697,7.0266,0.7234,1237.788,1570.2607,223.9825,7.0097,0.7874,1847.9862,2333.5553,231.524,10.0786,0.7914
2015-11-27T06:25:59.322Z,1187.9002,1616.0917,228.22,7.0806,0.7356,1246.2903,1594.2708,224.2781,7.1083,0.782,1831.3409,2305.5121,230.2143,10.0137,0.7944
2015-11-27T06:26:59.567Z,1178.4376,1607.5546,228.4139,7.0374,0.7334,1225.488,1578.5873,224.1145,7.0435,0.7766,1807.0771,2274.553,229.5218,9.9091,0.7942
2015-11-27T06:27:59.831Z,1195.8211,1596.2979,228.5503,6.9841,0.7484,1235.0557,1605.2067,224.4066,7.1526,0.77,1767.7104,2229.3393,227.7018,9.79,0.7923
2015-11-27T06:28:59.145Z,1162.4402,1593.2922,228.1687,6.9822,0.7291,1206.3451,1548.2648,222.9327,6.9448,0.7796,1805.0808,2265.2519,229.1383,9.8857,0.7976
2015-11-27T06:29:59.298Z,1155.4934,1586.7043,227.5717,6.9719,0.7284,1216.0785,1548.4528,222.6627,6.9543,0.7858,1818.37,2282.2564,229.2603,9.9544,0.7962
2015-11-27T06:30:59.644Z,1145.973,1541.8188,226.5894,6.8043,0.7434,1248.3967,1596.0918,225.0577,7.0918,0.7817,1760.4529,2247.2271,228.2074,9.8462,0.7829
2015-11-27T06:32:59.253Z,1150.8259,1547.5085,226.9086,6.8193,0.7436,1272.4831,1635.5792,227.3907,7.1925,0.7783,1758.5181,2273.2176,229.67,9.8972,0.7738
2015-11-27T06:33:59.471Z,1133.6862,1524.8858,226.088,6.7437,0.7437,1292.5152,1647.3187,227.8231,7.2304,0.7849,1758.7894,2292.334,230.2325,9.9557,0.768
2015-11-27T06:34:59.757Z,1121.3163,1528.2636,225.1774,6.7864,0.7337,1279.8674,1611.9934,226.413,7.1187,0.7938,1798.087,2323.4916,231.1238,10.0522,0.7739
2015-11-27T06:35:59.084Z,1113.825,1542.7424,226.2103,6.8193,0.7219,1261.0194,1584.0267,225.2863,7.0307,0.7962,1828.1098,2347.1164,231.9777,10.1172,0.7794
2015-11-27T06:36:59.410Z,1139.7253,1555.7794,227.3469,6.843,0.7327,1269.7452,1620.9899,226.6002,7.1519,0.7836,1794.1136,2314.4483,231.3373,10.0044,0.7755
2015-11-27T06:37:59.955Z,1141.953,1511.1749,225.689,6.695,0.7557,1322.9338,1684.9216,228.9136,7.3602,0.7857,1742.3206,2282.2547,229.3708,9.9499,0.763
2015-11-27T06:38:59.176Z,1134.1803,1527.0974,225.8362,6.7616,0.7425,1298.748,1648.6783,228.2702,7.222,0.7868,1770.3843,2303.2042,230.012,10.0133,0.7695
2015-11-27T06:39:59.729Z,1129.1517,1533.3119,226.4814,6.7701,0.7368,1294.8113,1646.3404,228.4867,7.2051,0.7869,1782.7133,2323.6214,230.9866,10.0593,0.7673
2015-11-27T06:40:59.930Z,1135.3989,1554.2309,227.879,6.82,0.7303,1290.0526,1667.161,230.1108,7.2447,0.7738,1774.1372,2332.282,232.3515,10.0374,0.7607
2015-11-27T06:41:59.125Z,1159.5355,1598.5661,229.2928,6.9715,0.7258,1250.643,1627.0319,227.655,7.1465,0.7685,1794.431,2314.677,232.1384,9.9702,0.7752
2015-11-27T06:42:59.471Z,1178.7761,1611.74,230.5258,6.9911,0.7313,1245.0264,1640.7628,227.2777,7.2187,0.7584,1771.0793,2282.6331,231.4492,9.8621,0.7762
2015-11-27T06:43:59.825Z,1192.1641,1582.7603,229.2299,6.904,0.7534,1279.0824,1690.4401,229.1806,7.3754,0.7573,1718.9383,2236.775,229.1922,9.7594,0.7687
2015-11-27T06:44:59.016Z,1171.5956,1563.824,227.9012,6.8615,0.7494,1281.653,1674.3234,229.1716,7.3057,0.7652,1734.0149,2260.2942,229.6551,9.8411,0.7677
2015-11-27T06:45:59.337Z,1164.7873,1544.1062,226.6402,6.8126,0.7547,1293.9628,1673.5207,229.098,7.3046,0.7736,1738.7432,2264.2322,229.0034,9.8868,0.7674
2015-11-27T06:46:59.798Z,1159.3054,1522.7861,226.0321,6.7367,0.7616,1314.2529,1687.7384,229.19,7.3636,0.779,1729.8698,2260.3922,228.156,9.9068,0.7659
2015-11-27T06:47:59.295Z,1171.2753,1513.9679,225.628,6.7096,0.7735,1316.4222,1691.4079,228.291,7.4085,0.7779,1704.1078,2215.6602,226.436,9.7847,0.7689
2015-11-27T06:48:59.555Z,1174.9961,1530.8751,225.469,6.7893,0.7684,1307.4904,1672.0212,227.3413,7.3541,0.7811,1737.5183,2241.473,227.1452,9.8674,0.7759
2015-11-27T06:49:59.899Z,1150.5576,1520.1008,225.1769,6.7502,0.7569,1292.615,1634.0059,225.603,7.2421,0.7909,1759.7466,2259.912,227.8162,9.9196,0.7784
2015-11-27T06:50:59.198Z,1141.1844,1531.6501,226.1882,6.7716,0.7452,1291.5344,1631.1838,225.7091,7.2264,0.7916,1781.5919,2295.8184,229.5109,10.002,0.7769
2015-11-27T06:51:59.521Z,1148.0526,1512.7973,225.3439,6.7128,0.759,1311.0847,1667.9659,227.6229,7.3274,0.7858,1732.6859,2255.1127,228.331,9.8761,0.7678
2015-11-27T06:52:59.894Z,1137.0363,1505.2217,224.736,6.6977,0.7556,1316.8898,1661.911,227.6187,7.301,0.7922,1755.2022,2283.2471,228.8408,9.9768,0.7689
2015-11-27T06:53:59.065Z,1125.2217,1520.1392,225.3847,6.7443,0.7403,1280.6237,1602.6741,224.6277,7.1347,0.7992,1794.6907,2301.6225,229.3777,10.0333,0.7802
2015-11-27T06:54:59.205Z,1133.9148,1539.3548,225.8339,6.8155,0.7367,1270.4881,1587.3492,223.6721,7.0963,0.7996,1815.7742,2309.5475,229.6129,10.058,0.7873
2015-11-27T06:55:59.470Z,1129.9164,1516.0509,225.2364,6.7306,0.7454,1296.7856,1617.7287,225.0031,7.1889,0.8017,1792.6572,2302.6325,228.9624,10.0558,0.7788
2015-11-27T06:56:59.942Z,1123.4731,1499.4172,224.1131,6.6903,0.7491,1306.8133,1626.9483,225.7598,7.2064,0.8036,1786.8607,2304.1471,229.0637,10.0587,0.776
2015-11-27T06:57:59.100Z,1118.9032,1503.3424,224.4987,6.6954,0.7443,1305.9162,1624.4821,225.462,7.2048,0.8033,1791.4554,2313.747,229.7452,10.0706,0.7738
2015-11-27T06:58:59.617Z,1114.7563,1491.3186,223.957,6.6586,0.7474,1319.7281,1639.7262,226.4188,7.2414,0.8058,1784.1192,2317.4048,230.0333,10.0741,0.77
2015-11-27T06:59:59.979Z,1129.4475,1530.0262,225.7329,6.7773,0.7387,1287.757,1611.2529,225.0548,7.1584,0.7996,1805.6994,2319.6248,230.2345,10.0748,0.7783
