2015-12-26T00:00:59.506Z,4.1677,111.948,229.3281,0.488,0.0398,2.4111,99.9604,228.6868,0.4375,0.0243,3.3442,101.1865,232.2182,0.4354,0.0311
2015-12-26T00:01:59.724Z,4.2359,116.2901,229.5249,0.5067,0.0366,3.7426,98.3861,231.1096,0.426,0.0389,3.8179,97.8192,232.0774,0.4214,0.0386
2015-12-26T00:02:59.952Z,3.7765,115.7246,229.5215,0.5045,0.0336,4.0075,99.9497,231.1593,0.4327,0.0398,3.1053,99.8484,231.83,0.4304,0.0312
2015-12-26T00:03:59.239Z,5.2688,116.3181,229.3283,0.5074,0.0456,3.1799,100.4659,231.3794,0.4341,0.0327,3.9387,97.0599,231.9204,0.4186,0.0416
2015-12-26T00:04:59.370Z,3.2232,113.0958,229.2993,0.4932,0.0281,4.1955,100.9652,231.3893,0.4366,0.0422,2.9973,98.934,231.543,0.4271,0.0308
2015-12-26T00:05:59.663Z,5.5863,114.216,228.9803,0.4986,0.0482,3.0792,97.9953,231.8545,0.4227,0.0322,3.0927,96.5357,231.7352,0.4165,0.0325
2015-12-26T00:06:59.027Z,4.8332,110.6071,228.105,0.4854,0.0457,3.666,98.8798,231.7246,0.4266,0.0377,2.8152,96.4848,231.4767,0.4163,0.0292
2015-12-26T00:07:59.307Z,2.5601,113.0871,226.7005,0.4979,0.0227,5.3214,101.0125,231.7748,0.4359,0.0526,2.9513,98.6499,231.6949,0.4258,0.0298
2015-12-26T00:08:59.562Z,3.5123,114.8961,226.7909,0.5065,0.0318,3.1366,97.7763,230.4673,0.4246,0.0309,3.389,100.3826,231.8915,0.4335,0.034
2015-12-26T00:09:59.606Z,4.1367,113.1113,227.2184,0.4976,0.0351,3.1848,99.0314,227.6655,0.4349,0.0347,3.0512,100.2468,232.7008,0.4304,0.0312
2015-12-26T00:10:59.903Z,5.2256,113.6707,226.9718,0.5003,0.0463,2.947,99.3789,229.7735,0.4326,0.0323,3.0984,98.8605,231.7025,0.4266,0.0311
2015-12-26T00:11:59.318Z,5.4207,113.4076,227.1506,0.4992,0.0489,3.4677,101.0168,230.7947,0.4378,0.0342,2.8159,100.3491,231.9117,0.433,0.0279
2015-12-26T00:12:59.621Z,4.6401,114.352,227.3626,0.5023,0.0408,3.7846,98.6732,231.0479,0.4271,0.0392,3.7999,101.3648,232.1146,0.4365,0.037
2015-12-26T00:13:59.317Z,4.9188,116.0225,227.6936,0.5095,0.0436,3.6074,103.1716,231.5725,0.4462,0.0341,3.6805,97.2647,231.5551,0.4205,0.0375
2015-12-26T00:14:59.657Z,3.5905,113.2043,228.4015,0.4958,0.0307,3.4762,98.2247,230.9524,0.4253,0.0345,3.4357,99.9536,231.7193,0.4318,0.0342
2015-12-26T00:15:59.018Z,3.5144,112.7768,228.2249,0.4938,0.0312,3.9342,101.3121,231.1027,0.4383,0.0396,3.1833,98.3948,231.5762,0.4249,0.0323
2015-12-26T00:16:59.290Z,5.4745,114.2026,229.6767,0.497,0.0504,3.5623,101.9261,228.5526,0.446,0.0349,3.6447,100.0896,232.5678,0.4302,0.0358
2015-12-26T00:17:59.703Z,4.7408,115.742,229.9696,0.5029,0.0405,3.0091,100.79,228.4542,0.4418,0.03,3.72,99.5301,232.2856,0.4284,0.0379
2015-12-26T00:18:59.112Z,3.913,112.0121,229.4366,0.4879,0.0342,4.4157,102.0809,231.5157,0.4407,0.0449,3.5274,97.1679,231.3609,0.42,0.0348
2015-12-26T00:19:59.899Z,3.703,112.0593,228.38,0.4907,0.0337,3.8179,97.0868,230.9763,0.4201,0.0402,3.0279,99.2345,231.2472,0.4291,0.0311
2015-12-26T00:20:59.258Z,4.5094,114.0798,228.0883,0.5001,0.0402,3.432,100.7776,230.6968,0.4366,0.0352,3.1296,99.1709,231.5151,0.4283,0.0306
2015-12-26T00:21:59.541Z,5.1866,114.2483,228.0867,0.5007,0.0463,2.5774,99.3353,230.5771,0.4311,0.0255,3.6214,99.2215,231.5015,0.4283,0.0373
2015-12-26T00:23:59.357Z,4.0591,113.7366,227.9194,0.4987,0.0355,3.4333,98.1238,230.5518,0.4256,0.0354,3.4885,100.3337,231.2967,0.4338,0.034
2015-12-26T00:24:59.587Z,4.0325,112.4665,228.116,0.4922,0.0363,2.7705,97.6665,229.1497,0.4265,0.0297,4.3234,100.6515,231.5974,0.435,0.0424
2015-12-26T00:25:59.907Z,3.5588,114.3881,228.417,0.5003,0.0304,3.6813,98.7398,227.8003,0.4333,0.0376,2.7897,102.2074,231.8927,0.4402,0.0267
2015-12-26T00:26:59.111Z,4.6661,114.2194,227.8331,0.5008,0.0411,2.9149,99.7281,230.1103,0.4332,0.0307,3.5524,98.6617,230.974,0.4273,0.0364
2015-12-26T00:27:59.423Z,3.3778,114.6986,227.6542,0.5037,0.0293,2.7059,100.0858,230.6905,0.4345,0.0281,3.9529,98.8404,231.1367,0.4275,0.0392
2015-12-26T00:28:59.694Z,4.2359,112.0431,227.5075,0.4924,0.0382,3.7052,98.0171,231.4393,0.4237,0.0373,3.1154,97.7758,231.9301,0.421,0.0356
2015-12-26T00:29:59.166Z,4.8519,76.251,227.1204,0.3356,0.0663,2.8663,51.3571,231.9404,0.2213,0.0781,3.2063,44.5106,231.8447,0.1919,0.0912
2015-12-26T00:30:59.478Z,5.0864,75.5,227.423,0.3325,0.071,2.2252,45.7845,231.4979,0.1983,0.066,4.4796,48.8357,232.0553,0.2104,0.1039
2015-12-26T00:31:59.747Z,4.9038,78.8402,228.2505,0.3456,0.0608,3.8984,48.1781,231.7681,0.2079,0.1007,2.5755,47.7859,232.0141,0.2055,0.089
2015-12-26T00:32:59.225Z,3.7334,85.0292,228.3679,0.3722,0.045,3.6853,60.8192,231.403,0.2628,0.0821,3.2768,58.3049,231.5287,0.2516,0.0779
2015-12-26T00:33:59.556Z,3.6933,111.8317,228.1903,0.4898,0.0347,3.167,93.3937,231.9623,0.4022,0.0372,3.6282,96.9486,231.5346,0.4187,0.0393
2015-12-26T00:34:59.924Z,5.8707,110.6541,228.3359,0.4847,0.053,3.3857,97.0685,231.8442,0.4182,0.0375,2.5779,96.7934,231.3241,0.419,0.0292
2015-12-26T00:35:59.922Z,6.0558,111.8618,229.0632,0.4882,0.0552,3.1759,97.6303,229.1374,0.4262,0.0315,3.762,95.5823,229.7314,0.4163,0.0402
2015-12-26T00:36:59.210Z,4.528,79.4983,229.6864,0.3463,0.0572,2.168,51.0621,230.0881,0.2214,0.0619,2.2544,55.3452,226.1366,0.2448,0.066
2015-12-26T00:37:59.625Z,3.1945,76.9869,229.1931,0.336,0.0465,1.7901,44.0673,232.113,0.1897,0.0634,3.5436,47.3182,226.8441,0.2086,0.0992
2015-12-26T00:38:59.903Z,5.484,76.5107,229.7253,0.333,0.0742,2.2827,43.1276,231.851,0.1857,0.0808,4.209,44.2441,227.7229,0.194,0.1108
2015-12-26T00:39:59.157Z,7.3975,75.7167,229.6607,0.3291,0.0966,2.4,39.1925,231.9829,0.169,0.1054,2.7653,45.5637,228.3527,0.1996,0.0847
2015-12-26T00:40:59.894Z,5.4593,76.949,229.2668,0.3359,0.0714,4.2757,47.002,231.5873,0.2036,0.1148,2.0491,47.0227,228.4199,0.2063,0.0838
2015-12-26T00:41:59.315Z,2.9064,80.4774,229.5591,0.3501,0.0393,3.0001,50.8994,231.3258,0.2204,0.0716,3.1869,52.2606,228.5244,0.2281,0.0816
2015-12-26T00:42:59.616Z,4.2454,114.5152,230.5146,0.4963,0.0374,3.7596,100.5257,231.6249,0.4335,0.0368,2.811,95.6357,228.9592,0.4178,0.0328
2015-12-26T00:43:59.966Z,4.3063,115.9579,230.4402,0.5025,0.0363,3.2632,98.3442,231.6549,0.4246,0.0325,3.8263,99.3914,228.8643,0.4342,0.0401
2015-12-26T00:44:59.203Z,4.8169,117.284,231.4737,0.5064,0.0419,3.5193,99.9546,231.4274,0.4316,0.0361,3.3121,100.6039,228.312,0.44,0.0338
2015-12-26T00:45:59.532Z,4.3859,113.8531,230.8874,0.493,0.0386,4.172,95.7116,231.5135,0.4131,0.0444,3.5075,94.7835,227.8511,0.4156,0.0384
2015-12-26T00:46:59.368Z,5.1636,114.1123,231.3449,0.4935,0.046,4.0422,100.9879,231.3473,0.4365,0.0359,3.3244,98.9465,228.0863,0.4338,0.034
2015-12-26T00:47:59.588Z,3.3851,115.8825,231.5202,0.4999,0.0284,4.1043,100.1771,231.4903,0.4329,0.0402,3.2166,98.4927,228.4845,0.431,0.0319
2015-12-26T00:48:59.536Z,350.1812,568.1877,230.9681,2.4671,0.2652,344.7893,579.2983,230.5161,2.5219,0.2554,630.9229,895.5356,227.4954,3.9559,0.5894
2015-12-26T00:49:59.335Z,1054.36,1476.1128,229.4903,6.432,0.7143,1059.1851,1515.9008,228.3144,6.6386,0.699,1572.6139,2108.0241,227.6638,9.258,0.7453
2015-12-26T00:50:59.751Z,1106.3291,1548.8129,229.1176,6.76,0.7141,1133.3292,1539.173,226.3107,6.8006,0.7367,1707.9654,2231.2538,229.6501,9.7156,0.7657
2015-12-26T00:51:59.037Z,1108.6257,1528.089,228.9649,6.6738,0.7251,1163.0317,1593.8673,228.6592,6.9692,0.7299,1660.9776,2207.5294,229.1027,9.6344,0.7526
2015-12-26T00:52:59.376Z,1111.6629,1522.0189,228.2786,6.6668,0.7306,1176.7676,1603.584,228.7287,7.01,0.7336,1661.6818,2206.6617,228.8726,9.6408,0.7522
2015-12-26T00:53:59.606Z,1118.8859,1534.6856,228.0176,6.7306,0.729,1161.9673,1584.8928,228.1266,6.947,0.7332,1669.1921,2197.5313,228.6918,9.6084,0.7594
2015-12-26T00:54:59.912Z,1137.3518,1552.4364,228.9477,6.7804,0.7328,1159.0881,1597.6178,228.3462,6.9964,0.7253,1662.4043,2183.6616,228.5936,9.5518,0.7614
2015-12-26T00:55:59.202Z,1138.5946,1539.1098,229.0573,6.7185,0.7399,1181.3719,1632.1551,229.4479,7.1129,0.7234,1638.4365,2171.2852,228.1185,9.5178,0.7544
2015-12-26T00:56:59.390Z,1147.903,1554.2909,229.5632,6.7703,0.7384,1181.513,1632.6871,229.2397,7.122,0.7233,1651.5266,2179.8411,228.2483,9.5498,0.7583
2015-12-26T00:57:59.694Z,1145.6079,1549.2629,229.0591,6.7631,0.7391,1186.1061,1627.0384,229.0036,7.1043,0.7292,1656.0336,2183.5428,228.0747,9.5727,0.7583
2015-12-26T00:58:59.038Z,1132.821,1541.4231,228.8745,6.734,0.7343,1189.2998,1627.9955,229.5895,7.0903,0.7303,1659.6091,2193.3502,228.4986,9.5985,0.7565
2015-12-26T00:59:59.227Z,1087.3909,1508.1233,229.1184,6.5818,0.7209,1135.7108,1575.2246,228.8879,6.8819,0.721,1617.7432,2153.7959,228.7229,9.4162,0.7519
2015-12-26T01:00:59.569Z,1050.4647,1475.3253,228.6936,6.4509,0.7123,1103.8992,1546.4521,229.3547,6.7423,0.714,1589.3538,2132.7571,229.0038,9.3128,0.7451
2015-12-26T01:01:59.090Z,1068.4713,1497.9325,229.1967,6.5351,0.713,1099.6307,1552.9582,229.802,6.758,0.7087,1590.3289,2124.4519,229.0021,9.2767,0.7492
2015-12-26T01:02:59.338Z,1065.8476,1500.8168,229.5081,6.5392,0.7099,1101.2366,1552.5409,229.6974,6.7591,0.7096,1598.6676,2132.1151,229.2243,9.3013,0.7501
2015-12-26T01:03:59.611Z,1069.9649,1497.1236,228.814,6.5424,0.7143,1120.1546,1568.2328,230.3446,6.8081,0.7141,1600.6391,2141.6831,229.5642,9.3289,0.7486
2015-12-26T01:04:59.033Z,1065.7041,1495.3923,228.9274,6.5318,0.7125,1111.9447,1566.0899,230.4644,6.7949,0.7102,1589.7517,2132.9631,229.9585,9.2743,0.7453
2015-12-26T01:05:59.139Z,1061.0247,1484.4439,228.8068,6.4873,0.7146,1126.7498,1576.6377,230.5117,6.8389,0.7146,1591.097,2142.8718,230.0726,9.3137,0.7417
2015-12-26T01:06:59.517Z,1081.683,1490.7122,228.7856,6.515,0.7252,1162.1136,1611.8131,230.8062,6.9831,0.7211,1596.956,2151.3878,229.5701,9.3704,0.742
2015-12-26T01:07:59.810Z,1074.0334,1483.1004,228.4923,6.4899,0.7236,1156.7189,1600.1348,230.6069,6.9379,0.7229,1596.2636,2148.8977,229.5736,9.3602,0.7419
2015-12-26T01:08:59.405Z,1077.5121,1489.0709,228.5273,6.5156,0.7236,1151.9038,1593.8311,230.3499,6.9184,0.723,1600.4363,2148.774,229.7133,9.3542,0.7452
2015-12-26T01:09:59.638Z,1084.0399,1484.7851,227.9154,6.5144,0.7302,1173.5094,1606.6524,230.34,6.9746,0.7304,1611.6857,2158.1091,229.1866,9.4156,0.7473
2015-12-26T01:10:59.917Z,1063.4177,1479.1336,227.6142,6.4978,0.7191,1158.9741,1566.6047,228.7041,6.8488,0.7398,1638.6969,2175.3877,229.4796,9.4796,0.7526
2015-12-26T01:11:59.103Z,1079.8233,1498.9165,227.9191,6.5762,0.72,1165.6817,1564.2786,227.6538,6.8717,0.7457,1664.2672,2188.1217,229.3845,9.5386,0.7605
2015-12-26T01:12:59.471Z,1082.9927,1473.3911,227.3947,6.4791,0.7346,1190.4956,1614.7963,230.2027,7.0146,0.7374,1609.6516,2156.5942,228.6883,9.4297,0.746
2015-12-26T01:13:59.010Z,1106.4883,1506.2164,227.3258,6.6251,0.7347,1185.8651,1602.3919,229.5688,6.98,0.7401,1645.0787,2173.9113,228.9842,9.4928,0.7572
2015-12-26T01:14:59.190Z,1090.923,1489.8286,226.8211,6.5679,0.7322,1181.4411,1589.3072,229.1792,6.9346,0.7431,1644.0544,2174.303,228.9101,9.4983,0.7568
2015-12-26T01:15:59.414Z,1104.5408,1499.3926,226.8089,6.6103,0.7364,1207.3174,1609.6844,229.3258,7.0193,0.7499,1661.2792,2194.4291,228.9234,9.5852,0.757
2015-12-26T01:16:59.776Z,1105.3901,1501.8234,227.4664,6.6017,0.736,1190.6797,1608.2978,229.4613,7.0088,0.7404,1639.3618,2169.0639,228.7282,9.4827,0.756
2015-12-26T01:17:59.501Z,1144.1248,1538.8057,229.1214,6.716,0.7432,1204.8094,1641.5984,229.7411,7.1443,0.7342,1645.3041,2168.031,228.4247,9.4908,0.7592
2015-12-26T01:18:59.268Z,1133.5712,1533.7342,229.4546,6.6833,0.7388,1189.3149,1629.507,229.8094,7.0904,0.7301,1637.8644,2163.5407,228.7338,9.4583,0.7579
2015-12-26T01:19:59.568Z,1154.7041,1554.3986,229.9538,6.7591,0.7431,1215.3794,1658.687,230.118,7.2074,0.7326,1656.9356,2185.1524,228.9313,9.5447,0.7588
2015-12-26T01:20:59.872Z,1136.2348,1539.6089,230.0226,6.693,0.7378,1203.5471,1653.2982,230.5673,7.1702,0.7282,1641.6467,2179.0136,229.2871,9.5029,0.7528
2015-12-26T01:21:59.242Z,1170.7838,1575.9428,230.7354,6.83,0.7429,1219.3922,1670.2038,230.3111,7.2518,0.7301,1666.9043,2192.6392,229.2285,9.5648,0.7603
2015-12-26T01:22:59.902Z,1152.0718,1548.0632,230.4137,6.7176,0.7443,1216.93,1670.562,230.567,7.2448,0.729,1640.6058,2174.3981,228.8922,9.4991,0.7543
2015-12-26T01:23:59.337Z,1184.9881,1573.4372,230.3831,6.8291,0.7532,1237.2427,1688.7158,230.081,7.3386,0.7323,1663.4508,2184.5495,228.354,9.5657,0.7606
2015-12-26T01:24:59.959Z,1166.4667,1567.8156,230.3333,6.806,0.7437,1212.9023,1663.8829,230.1395,7.2288,0.7287,1658.6082,2180.5563,229.1125,9.5171,0.7602
2015-12-26T01:25:59.261Z,1157.3632,1556.317,230.1869,6.761,0.7434,1211.2282,1661.4374,230.0967,7.2203,0.7291,1649.497,2175.731,229.0151,9.5,0.7591
2015-12-26T01:26:59.765Z,1144.988,1553.8146,230.2522,6.7478,0.7369,1213.8619,1652.9481,230.1968,7.1798,0.7346,1666.827,2199.9919,229.5522,9.5832,0.7589
2015-12-26T01:27:59.148Z,1145.4067,1552.8294,229.9944,6.7514,0.7377,1216.8057,1652.2076,230.2115,7.1761,0.737,1670.928,2202.9037,229.5485,9.5957,0.7597
2015-12-26T01:28:59.523Z,1141.8964,1555.7796,230.061,6.7619,0.7341,1217.51,1650.5799,230.2479,7.1682,0.7384,1678.0244,2214.7991,229.9781,9.6304,0.759
2015-12-26T01:30:59.742Z,1146.4044,1552.0042,229.4202,6.7645,0.7388,1231.4062,1658.9002,230.2356,7.2053,0.7419,1683.3058,2219.8703,229.9863,9.6517,0.7584
2015-12-26T01:31:59.125Z,1168.8101,1562.7974,229.0258,6.823,0.7482,1230.7398,1660.7312,229.6,7.2326,0.741,1677.0563,2196.0137,229.0999,9.5854,0.7621
2015-12-26T01:32:59.375Z,1175.4994,1568.5872,228.8773,6.8528,0.7491,1229.516,1659.0019,229.4956,7.2287,0.7414,1684.7307,2200.355,229.1514,9.6011,0.7659
2015-12-26T01:33:59.670Z,1169.3323,1556.2379,228.5506,6.8084,0.7514,1232.8636,1658.9287,229.4189,7.2308,0.7427,1675.4972,2188.4166,228.4312,9.5802,0.7658
2015-12-26T01:35:59.308Z,1174.0206,1571.2356,228.3499,6.8805,0.7471,1219.2908,1634.9205,228.6812,7.1488,0.7459,1695.1522,2194.0522,228.2401,9.6129,0.7717
2015-12-26T01:36:59.635Z,1179.2841,1570.3036,228.2296,6.8804,0.7507,1230.8837,1648.5866,228.811,7.2047,0.7467,1691.9866,2194.0887,228.1717,9.6151,0.7707
2015-12-26T01:37:59.292Z,1175.4025,1575.5963,228.2199,6.9031,0.7462,1215.999,1627.0136,228.089,7.1328,0.7476,1703.7294,2200.1625,228.7289,9.619,0.7746
2015-12-26T01:38:59.711Z,1179.0408,1565.1665,227.9691,6.8659,0.7535,1237.4184,1648.7631,228.5237,7.2149,0.7503,1694.376,2194.7942,227.9244,9.629,0.7711
2015-12-26T01:39:59.833Z,1178.3102,1566.5187,228.2417,6.8628,0.7518,1236.2934,1649.094,228.6918,7.2102,0.7496,1696.0313,2198.202,228.0338,9.6393,0.7704
2015-12-26T01:40:59.129Z,1187.8445,1575.1516,228.2249,6.9016,0.7538,1238.6444,1654.81,228.6528,7.237,0.7494,1698.9953,2196.9263,228.1085,9.6303,0.7727
2015-12-26T01:41:59.454Z,1186.9677,1612.6473,228.8716,7.0457,0.7356,1195.464,1586.0794,225.7227,7.026,0.7539,1757.9047,2227.5719,229.1579,9.7198,0.7897
2015-12-26T01:42:59.872Z,1189.0308,1623.5851,228.689,7.0992,0.7326,1189.6481,1571.428,225.2633,6.9746,0.757,1774.919,2238.7997,229.4143,9.7582,0.7936
2015-12-26T01:43:59.200Z,1203.9176,1633.8406,228.7617,7.1417,0.7365,1192.0419,1586.5772,226.0342,7.0187,0.7511,1765.8351,2229.5673,229.434,9.7171,0.7908
2015-12-26T01:44:59.658Z,1205.0702,1629.2582,228.7111,7.1236,0.7401,1197.5562,1599.3946,226.8136,7.05,0.7494,1754.6969,2223.5962,229.2358,9.7,0.7893
2015-12-26T01:45:59.009Z,1203.1823,1611.8793,228.3394,7.0587,0.7467,1228.2434,1633.3092,228.1755,7.1577,0.7522,1745.9277,2234.5339,229.1555,9.7503,0.7814
2015-12-26T01:46:59.464Z,1199.224,1595.2104,228.1326,6.9919,0.7513,1243.6101,1655.5434,229.0624,7.2273,0.7511,1724.7665,2220.7849,228.7507,9.7082,0.7776
2015-12-26T01:47:59.980Z,1208.4977,1597.6393,228.2149,7.0003,0.757,1255.9677,1670.3584,229.1131,7.2903,0.7518,1725.5839,2224.6684,228.6224,9.7303,0.7762
2015-12-26T01:48:59.038Z,1225.6231,1618.7572,229.3439,7.0578,0.7567,1238.015,1667.5744,228.7073,7.291,0.7422,1710.9302,2195.2867,228.1964,9.6194,0.7799
2015-12-26T01:49:59.399Z,1235.5704,1622.914,229.3683,7.0749,0.7618,1255.8673,1690.3051,229.0244,7.3806,0.743,1711.8366,2200.1118,228.1758,9.6418,0.778
2015-12-26T01:50:59.035Z,1228.2299,1619.9748,229.4433,7.0599,0.7585,1244.1457,1676.3999,228.7315,7.3285,0.7417,1708.4982,2195.2129,228.3439,9.6131,0.7788
2015-12-26T01:51:59.826Z,1240.2087,1636.9881,229.6274,7.1282,0.7581,1249.306,1679.3316,228.5474,7.348,0.7435,1731.3127,2215.6197,228.6832,9.6879,0.7809
2015-12-26T01:52:59.052Z,1215.8652,1607.8443,228.9148,7.0235,0.7567,1256.6508,1680.0745,229.1595,7.3314,0.7476,1718.7465,2217.5109,228.6325,9.6988,0.7745
2015-12-26T01:53:59.568Z,1228.8187,1621.266,228.5387,7.0938,0.758,1267.1747,1681.4884,228.854,7.3466,0.7533,1740.2631,2233.5785,228.5852,9.7707,0.7801
2015-12-26T01:54:59.047Z,1215.606,1611.1361,228.1362,7.0619,0.7537,1249.3789,1661.4007,228.6189,7.2671,0.752,1735.3945,2226.3965,228.7685,9.7318,0.78
2015-12-26T01:55:59.512Z,1227.6117,1620.1624,228.0506,7.1037,0.7578,1271.9376,1684.0078,229.2993,7.3439,0.756,1751.506,2249.1702,228.9767,9.8223,0.78
2015-12-26T01:56:59.738Z,1221.9941,1633.7279,228.6059,7.1461,0.7481,1237.1924,1643.8978,228.046,7.2081,0.7523,1760.0442,2242.8961,229.5136,9.772,0.7854
2015-12-26T01:57:59.377Z,1234.7572,1640.0633,228.3261,7.1819,0.7525,1260.0564,1654.8098,227.2161,7.2825,0.7612,1782.4531,2262.1083,229.1892,9.8694,0.7892
2015-12-26T01:58:59.729Z,1209.5979,1617.0026,228.7781,7.0678,0.7481,1256.0231,1658.1423,228.2638,7.2633,0.7577,1758.7684,2253.7297,229.3926,9.8242,0.78
2015-12-26T01:59:59.089Z,1230.0799,1636.1001,229.2576,7.1358,0.7514,1280.5784,1693.2758,229.1341,7.3895,0.757,1771.4751,2277.4876,229.9341,9.9043,0.7784
