2015-11-16T00:00:59.734Z,3.2647,110.9805,232.7129,0.4768,0.0302,4.5175,98.4674,232.3212,0.4239,0.0434,3.3952,101.0814,233.0204,0.4334,0.0346
2015-11-16T00:01:59.994Z,2.7066,112.8108,232.6814,0.4845,0.0231,4.0502,100.3754,231.8381,0.4332,0.0433,3.4793,101.3365,233.0042,0.4354,0.0338
2015-11-16T00:02:59.261Z,4.0674,113.2569,232.7374,0.486,0.0359,3.5674,99.009,228.6298,0.4333,0.0387,3.4721,100.5982,233.3671,0.431,0.0371
2015-11-16T00:03:59.511Z,5.0636,111.5903,231.773,0.4809,0.0458,2.4611,97.9008,228.4921,0.4288,0.0249,3.0635,101.8545,233.6085,0.4362,0.0301
2015-11-16T00:04:59.731Z,3.9255,112.6653,232.0434,0.4851,0.0351,3.5146,100.4601,231.4225,0.4341,0.0338,4.0843,101.7927,232.8602,0.4373,0.0398
2015-11-16T00:05:59.919Z,4.7587,114.6309,231.8173,0.494,0.0416,3.9301,100.7044,231.1404,0.4353,0.0388,3.0637,101.471,233.3364,0.4349,0.0292
2015-11-16T00:06:59.162Z,4.0241,113.5234,231.1303,0.4908,0.0349,3.4341,101.1779,230.807,0.4386,0.0342,3.7583,104.8681,233.2878,0.4494,0.0348
2015-11-16T00:07:59.424Z,5.1799,112.9773,231.564,0.4879,0.0475,3.0889,99.7644,231.3908,0.4309,0.0322,4.1374,99.4445,233.2685,0.4268,0.0449
2015-11-16T00:08:59.693Z,4.1941,112.1221,231.2842,0.4847,0.0371,3.9097,100.8824,231.1753,0.4367,0.0392,3.5182,101.8807,232.9024,0.4374,0.0345
2015-11-16T00:09:59.985Z,4.3065,112.9323,231.7897,0.4871,0.0381,3.8053,101.3193,231.2875,0.4381,0.0364,3.5027,102.4844,233.2802,0.4396,0.0346
2015-11-16T00:10:59.225Z,4.548,114.6968,232.1418,0.4937,0.0393,3.9874,101.2818,231.0342,0.4383,0.0399,3.2431,98.3807,233.3981,0.4213,0.034
2015-11-16T00:11:59.429Z,3.4465,112.6762,231.4436,0.4868,0.0309,4.0602,101.9841,231.0281,0.4418,0.0403,3.5411,100.4231,233.2071,0.4304,0.0356
2015-11-16T00:12:59.737Z,4.8951,112.1248,231.6464,0.4836,0.0425,3.7014,101.4552,231.0115,0.4392,0.0377,3.4477,100.1005,231.6504,0.4322,0.0342
2015-11-16T00:13:59.045Z,3.7474,112.4879,231.5676,0.4856,0.0321,3.4801,101.5507,231.0177,0.4401,0.0347,3.4219,97.4192,230.8878,0.4217,0.0361
2015-11-16T00:14:59.503Z,3.576,114.6465,230.8603,0.4967,0.0319,3.4811,98.5298,229.0475,0.4302,0.0349,3.5162,100.8963,232.121,0.4349,0.0353
2015-11-16T00:15:59.931Z,3.7087,111.8587,231.1654,0.4833,0.0324,3.6402,101.0604,226.5304,0.4461,0.0363,3.3097,101.0488,232.7473,0.4341,0.032
2015-11-16T00:16:59.129Z,3.7683,112.7888,231.0272,0.4878,0.0337,3.8609,98.9443,228.7761,0.4326,0.0398,3.755,102.688,232.5,0.4416,0.035
2015-11-16T00:17:59.448Z,4.0019,113.5367,230.9929,0.4914,0.0375,4.1427,98.9976,230.0957,0.4308,0.0415,3.0024,101.5158,232.3323,0.437,0.0307
2015-11-16T00:18:59.911Z,3.2399,111.8867,231.1311,0.4836,0.0285,4.0133,99.2193,229.7479,0.4315,0.041,2.7842,102.1891,232.7063,0.4384,0.0268
2015-11-16T00:19:59.147Z,4.9337,111.2031,231.1009,0.4811,0.0444,4.1618,98.241,229.947,0.4278,0.0436,3.4993,102.9022,232.9501,0.442,0.0338
2015-11-16T00:20:59.420Z,4.0113,113.8991,231.3758,0.492,0.0351,3.6618,101.3409,229.8401,0.441,0.0352,3.3321,100.9602,232.8948,0.4333,0.0333
2015-11-16T00:21:59.742Z,4.2749,112.3265,231.6036,0.4849,0.0385,3.8324,99.9257,230.3775,0.4334,0.0396,3.4935,101.4588,233.1891,0.4352,0.0336
2015-11-16T00:22:59.044Z,4.0631,114.0099,232.0831,0.4906,0.036,3.8579,99.4677,231.2711,0.4303,0.0431,3.1968,101.1251,233.3306,0.4331,0.0324
2015-11-16T00:23:59.438Z,3.4003,112.3769,231.9169,0.4842,0.0299,3.7337,100.3624,231.2957,0.434,0.0381,3.547,99.2205,233.0915,0.4259,0.0373
2015-11-16T00:24:59.768Z,4.0641,113.247,231.7528,0.4877,0.0359,3.688,101.0957,231.6417,0.4362,0.0362,3.6004,101.7221,232.8576,0.4368,0.0349
2015-11-16T00:25:59.047Z,4.0249,111.9953,231.8878,0.4831,0.0376,4.1789,101.1003,232.3326,0.4353,0.0398,3.281,101.989,233.0942,0.4377,0.034
2015-11-16T00:26:59.353Z,4.7368,112.0966,231.581,0.4843,0.0433,3.8198,102.0845,232.3044,0.4395,0.037,3.0678,100.6007,233.0959,0.4315,0.0312
2015-11-16T00:27:59.481Z,3.9548,110.8134,231.8873,0.4775,0.0374,3.6802,97.9612,232.1609,0.4216,0.04,2.9251,99.4637,233.4618,0.4262,0.0359
2015-11-16T00:28:59.794Z,4.3158,111.5871,231.9032,0.4809,0.039,3.9291,102.0878,232.0521,0.4397,0.0384,2.8813,101.5389,233.1088,0.4356,0.0307
2015-11-16T00:29:59.081Z,4.0979,114.6554,231.9278,0.4944,0.0358,3.4919,101.5951,232.1019,0.4382,0.0349,3.1747,101.4119,233.0041,0.4352,0.0323
2015-11-16T00:30:59.412Z,4.1505,114.0477,232.1613,0.4909,0.0375,3.7957,101.9515,231.8266,0.4397,0.0371,2.9657,103.2018,233.1608,0.4426,0.0282
2015-11-16T00:31:59.717Z,2.6704,112.9014,231.8424,0.4864,0.0236,4.3293,101.5641,232.2657,0.4372,0.0448,4.352,102.152,233.1238,0.4383,0.0423
2015-11-16T00:32:59.952Z,4.1344,111.8343,232.0209,0.4815,0.0352,3.447,100.8195,231.9121,0.4351,0.0345,3.3908,98.1993,232.8293,0.4215,0.0349
2015-11-16T00:33:59.149Z,4.6501,112.1167,232.1381,0.4826,0.0418,3.2513,103.3443,231.9308,0.4457,0.0332,3.6276,100.8032,232.5763,0.4336,0.0367
2015-11-16T00:34:59.491Z,4.7065,114.1881,231.7375,0.4921,0.0427,3.4645,102.3655,231.9351,0.4409,0.0348,3.8303,101.9081,232.6807,0.4376,0.0375
2015-11-16T00:35:59.921Z,5.3278,114.2418,232.3783,0.4917,0.0487,3.4945,102.8941,232.7847,0.4418,0.0336,3.2727,99.5714,232.6118,0.4286,0.0323
2015-11-16T00:36:59.278Z,4.8862,114.1199,232.2855,0.4907,0.0431,3.6044,103.1236,232.8235,0.4429,0.0365,3.7446,101.8376,232.6915,0.4379,0.0343
2015-11-16T00:37:59.456Z,1.9604,113.2723,232.2954,0.4874,0.0184,4.6678,100.4466,231.425,0.4345,0.0507,2.8623,98.935,233.0117,0.425,0.0291
2015-11-16T00:38:59.712Z,3.0137,113.3237,232.3874,0.4874,0.0267,3.3753,97.8287,228.843,0.4276,0.0355,3.2826,103.6629,233.3941,0.444,0.0313
2015-11-16T00:39:59.990Z,2.7847,111.1867,231.2464,0.4808,0.0254,4.9311,99.5478,231.2344,0.4304,0.0497,3.6191,102.1067,232.6698,0.4391,0.0352
2015-11-16T00:40:59.190Z,3.4666,115.5239,231.841,0.4981,0.031,3.7762,101.0396,231.6628,0.4361,0.0384,3.699,100.9807,232.7387,0.4334,0.0354
2015-11-16T00:41:59.494Z,2.93,113.1511,231.7656,0.4881,0.0255,4.0652,101.5881,231.2234,0.4395,0.0401,3.6343,98.71,232.0003,0.4253,0.0351
2015-11-16T00:42:59.721Z,2.5393,110.4523,231.8096,0.476,0.0234,4.2941,101.2655,230.851,0.438,0.0434,3.4138,100.6678,232.3355,0.4333,0.0347
2015-11-16T00:43:59.893Z,2.3246,112.9685,231.9918,0.4874,0.0213,4.8474,99.7309,230.6082,0.4324,0.0483,3.599,102.2763,232.6168,0.44,0.0354
2015-11-16T00:44:59.299Z,4.948,112.984,231.6991,0.4876,0.0454,4.2087,101.6269,231.2831,0.439,0.0421,2.9103,101.3314,232.304,0.4366,0.0297
2015-11-16T00:45:59.604Z,3.6869,114.451,232.6444,0.4916,0.0321,3.6707,101.6312,231.5753,0.4387,0.0358,3.2942,101.6453,230.8756,0.4401,0.0336
2015-11-16T00:46:59.959Z,4.3459,112.7292,233.4468,0.4827,0.0363,3.36,102.4125,232.523,0.4404,0.0357,3.801,97.1944,228.8687,0.4245,0.0381
2015-11-16T00:47:59.284Z,3.5568,112.8244,233.32,0.4829,0.0308,4.0627,102.0844,232.5352,0.4386,0.0377,3.3353,100.0741,229.0913,0.4369,0.0346
2015-11-16T00:48:59.544Z,3.803,114.0488,233.7461,0.4875,0.0339,3.4802,100.9603,232.5935,0.4339,0.0355,3.2299,99.7952,229.8079,0.4346,0.0341
2015-11-16T00:49:59.865Z,4.7544,115.1479,233.4284,0.4927,0.0415,3.5931,100.3936,233.0248,0.4312,0.0353,3.7537,98.4086,230.162,0.4276,0.0368
2015-11-16T00:50:59.020Z,4.1464,115.8023,233.4583,0.4959,0.036,3.5101,102.5607,233.0477,0.4396,0.0327,4.3408,99.5332,230.1456,0.433,0.0439
2015-11-16T00:51:59.336Z,2.7695,114.2216,233.5055,0.4887,0.0245,4.3868,101.2624,232.9984,0.4344,0.0469,2.9825,98.3526,229.8284,0.4278,0.0313
2015-11-16T00:52:59.782Z,3.565,114.9128,233.5134,0.4915,0.0302,3.4527,102.8348,232.7641,0.4416,0.033,4.046,100.0102,230.3968,0.4341,0.0401
2015-11-16T00:54:59.151Z,4.2641,115.2011,233.2517,0.4934,0.037,3.7808,102.1892,232.2076,0.4401,0.0367,3.5431,98.6243,230.2117,0.4284,0.0352
2015-11-16T00:55:59.464Z,3.9562,115.153,233.0085,0.494,0.0338,4.1498,99.62,232.2344,0.429,0.0413,2.9674,100.5107,230.5376,0.4365,0.0293
2015-11-16T00:56:59.894Z,4.3945,113.1363,233.143,0.4848,0.0392,4.359,102.0889,232.4963,0.439,0.0423,3.6136,98.7069,230.8404,0.4279,0.0389
2015-11-16T00:57:59.191Z,2.7209,112.809,232.4417,0.4853,0.0251,3.8956,100.174,232.3832,0.4312,0.0393,3.2529,101.3103,231.0339,0.4384,0.0321
2015-11-16T00:58:59.519Z,1.8429,116.5568,232.8839,0.5007,0.016,4.1647,103.118,232.2642,0.4442,0.0411,3.7805,99.0195,231.189,0.4284,0.0393
2015-11-16T00:59:59.778Z,5.6014,114.8675,232.9902,0.4931,0.0492,3.3091,102.1875,232.4442,0.4397,0.0329,3.2395,100.704,231.052,0.4357,0.033
