2015-12-17T00:00:59.823Z,3.441,111.8453,232.1333,0.482,0.0303,3.0322,99.8484,232.8936,0.4288,0.0314,83.6847,128.1666,233.8788,0.5482,0.6562
2015-12-17T00:01:59.648Z,4.857,115.5186,232.5802,0.496,0.0429,4.5924,98.7532,232.8695,0.4243,0.0454,84.6733,129.5048,234.0558,0.5531,0.6559
2015-12-17T00:02:59.304Z,4.9736,115.832,232.373,0.4982,0.0431,4.0736,99.9624,232.737,0.4294,0.0389,84.1386,130.225,234.1486,0.5559,0.6483
2015-12-17T00:03:59.734Z,3.8686,114.3141,232.7063,0.491,0.0327,4.6153,97.9862,232.5966,0.4212,0.049,83.6521,126.5162,234.3846,0.5404,0.6656
2015-12-17T00:04:59.115Z,4.1167,113.6944,232.9653,0.488,0.036,3.3351,98.0568,232.6596,0.4221,0.0341,83.8606,129.3903,234.6616,0.5517,0.6524
2015-12-17T00:05:59.761Z,4.836,116.3608,232.512,0.4998,0.042,4.1748,98.2365,232.5728,0.4222,0.0432,83.8977,130.5696,234.551,0.5571,0.6457
2015-12-17T00:06:59.087Z,4.5386,115.4829,233.123,0.4952,0.0398,3.5773,99.5277,233.4628,0.4261,0.0374,84.6528,130.733,234.5621,0.5572,0.6501
2015-12-17T00:07:59.350Z,5.3067,116.77,233.2078,0.5004,0.0443,3.814,98.5664,233.5095,0.4213,0.0386,83.9263,130.7682,234.4965,0.5576,0.6438
2015-12-17T00:08:59.992Z,5.279,115.6454,232.8657,0.4965,0.0461,3.8843,100.5717,232.9235,0.4323,0.0388,84.1675,128.7274,233.4503,0.5515,0.6568
2015-12-17T00:09:59.398Z,3.2923,115.4224,232.4897,0.4964,0.0287,3.9928,96.7598,231.9951,0.4176,0.0413,83.0328,127.48,233.0211,0.5468,0.6518
2015-12-17T00:10:59.636Z,4.2807,115.1793,232.0671,0.4962,0.0377,3.5123,99.46,232.3411,0.4288,0.0363,83.2315,130.4698,233.2981,0.559,0.6411
2015-12-17T00:11:59.037Z,3.8288,115.4723,232.393,0.4963,0.0321,3.4888,97.4008,232.7096,0.4187,0.036,84.6134,129.9984,233.6883,0.5557,0.6533
2015-12-17T00:12:59.997Z,3.0843,113.7249,232.1476,0.4893,0.0287,3.5274,96.9612,232.99,0.4161,0.0378,83.7764,127.8112,233.667,0.547,0.6587
2015-12-17T00:13:59.221Z,2.4988,111.7503,231.7233,0.4823,0.022,4.566,96.0001,232.9888,0.4129,0.0502,82.8874,127.1936,233.1849,0.5457,0.6562
2015-12-17T00:14:59.395Z,4.6122,113.2325,232.1564,0.4875,0.0411,4.3909,99.7299,233.2966,0.4274,0.0447,83.2247,128.131,233.0205,0.5501,0.6547
2015-12-17T00:15:59.608Z,4.113,114.3549,231.6451,0.4936,0.036,4.4898,100.1499,233.1852,0.429,0.0462,82.5141,127.0885,232.6657,0.5458,0.6519
2015-12-17T00:16:59.112Z,4.556,114.3796,231.7554,0.4933,0.0397,4.2866,100.8028,232.6488,0.4332,0.0392,83.6548,129.7811,232.6747,0.5577,0.647
2015-12-17T00:17:59.461Z,3.0587,114.8225,232.0651,0.495,0.0274,4.1759,99.182,232.0121,0.4277,0.0423,83.1639,129.2141,233.3101,0.5537,0.6471
2015-12-17T00:18:59.847Z,4.5621,115.0737,231.9021,0.4955,0.0391,3.4263,96.7835,232.5031,0.4166,0.0385,83.8887,129.1409,233.1713,0.5536,0.6542
2015-12-17T00:19:59.166Z,4.0817,114.7372,232.1696,0.494,0.036,4.7681,100.9778,232.6074,0.4343,0.0451,83.5944,128.6132,233.1096,0.552,0.6533
2015-12-17T00:20:59.457Z,3.9016,114.4046,231.997,0.4931,0.034,4.3384,98.2179,232.9475,0.4219,0.0442,83.6334,129.2695,233.5436,0.5532,0.6492
2015-12-17T00:21:59.709Z,4.1524,115.2593,232.2042,0.4961,0.036,3.2936,98.354,232.6153,0.4233,0.0338,84.8933,131.0893,234.0932,0.5597,0.6493
2015-12-17T00:23:59.560Z,3.9581,113.8172,232.7731,0.4889,0.0347,4.2844,100.4581,233.122,0.4309,0.0437,83.963,129.7532,234.2492,0.5538,0.6504
2015-12-17T00:24:59.419Z,5.0215,114.3273,233.0059,0.4903,0.0436,3.4838,97.8536,233.3992,0.4188,0.0357,85.2691,132.1248,234.4773,0.5637,0.6479
2015-12-17T00:25:59.919Z,4.3387,116.2779,233.0686,0.4985,0.0384,3.5514,98.3267,232.9992,0.4227,0.0369,84.9663,130.1211,234.5543,0.5551,0.6548
2015-12-17T00:26:59.233Z,5.3854,115.4957,233.1092,0.4953,0.0484,3.8543,96.2786,233.1973,0.4128,0.0407,84.2884,130.1477,234.4699,0.5549,0.6518
2015-12-17T00:27:59.972Z,2.7874,115.5258,233.3511,0.4946,0.0245,4.0325,102.0003,233.5296,0.4364,0.0411,84.1907,129.9795,234.4434,0.5546,0.6503
2015-12-17T00:28:59.809Z,5.4748,115.6836,233.5385,0.4956,0.046,3.2778,99.8542,233.3579,0.4278,0.0338,84.3045,128.496,234.2923,0.549,0.6585
2015-12-17T00:29:59.057Z,4.1371,114.4574,233.7604,0.4901,0.0357,3.9297,99.7593,233.1686,0.4279,0.0398,84.1826,130.4458,233.9238,0.5574,0.6502
2015-12-17T00:30:59.376Z,4.8581,117.2669,234.2146,0.5008,0.0408,3.8492,101.7305,233.4234,0.4359,0.0377,84.0596,130.5897,234.3989,0.5571,0.6462
2015-12-17T00:31:59.570Z,2.7276,114.2598,234.0682,0.4878,0.0245,4.2181,99.7248,233.5287,0.4269,0.0415,84.3824,129.2789,234.6993,0.5507,0.6548
2015-12-17T00:32:59.900Z,2.822,113.9187,233.8004,0.4872,0.0247,4.2164,100.6388,233.589,0.4303,0.042,84.6416,131.4091,234.6072,0.5601,0.6471
2015-12-17T00:33:59.190Z,3.2331,114.0933,233.7524,0.4888,0.0284,3.7894,97.4521,233.2522,0.4174,0.0406,84.5803,130.6767,234.8893,0.556,0.6517
2015-12-17T00:34:59.621Z,3.5899,116.097,233.5365,0.4971,0.0308,4.2075,98.8896,232.7793,0.4249,0.0415,83.4783,128.5436,234.2691,0.5487,0.6516
2015-12-17T00:35:59.878Z,3.5793,117.7078,233.5398,0.5038,0.0305,3.7264,98.2598,232.8535,0.4219,0.0363,84.1329,131.4848,234.4616,0.5614,0.6435
2015-12-17T00:36:59.267Z,3.5616,114.214,233.1214,0.4899,0.0303,4.616,102.9308,233.43,0.441,0.0451,82.523,127.9919,233.6156,0.5476,0.6471
2015-12-17T00:37:59.726Z,3.7372,113.8035,233.4066,0.4878,0.0337,4.4414,97.4652,232.9543,0.4176,0.0472,83.8389,129.2382,233.6289,0.5535,0.652
2015-12-17T00:38:59.576Z,3.1652,115.3512,233.308,0.4938,0.0284,4.6506,99.1562,233.0887,0.4256,0.0468,83.8381,130.0562,233.5758,0.5564,0.649
2015-12-17T00:39:59.765Z,4.8782,113.4832,233.6763,0.4852,0.044,3.3669,98.4553,233.1886,0.422,0.0385,84.2625,129.804,233.9591,0.5549,0.6519
2015-12-17T00:40:59.075Z,5.0669,115.5147,233.536,0.4943,0.0452,3.4614,99.8622,233.2574,0.4283,0.0342,84.1257,130.4077,233.9352,0.5573,0.6476
2015-12-17T00:41:59.378Z,4.8129,115.62,233.4258,0.4954,0.0416,4.6287,103.1013,233.4445,0.4413,0.046,84.2691,128.7639,234.3855,0.5488,0.6562
2015-12-17T00:42:59.500Z,5.1089,115.2218,233.3818,0.4932,0.0443,3.3851,100.0914,233.7319,0.4278,0.0347,83.5256,129.1216,233.7293,0.5522,0.6489
2015-12-17T00:43:59.786Z,4.1278,114.1041,233.327,0.4891,0.0367,3.7567,97.6781,233.9298,0.4175,0.0399,84.8004,129.7143,233.8758,0.5544,0.658
2015-12-17T00:44:59.178Z,4.6111,115.9379,233.8746,0.4956,0.0397,3.3916,100.1941,234.1202,0.4276,0.035,84.112,130.3224,234.1196,0.5569,0.6478
2015-12-17T00:45:59.578Z,3.7802,117.2129,234.1126,0.5011,0.0315,4.907,95.487,233.5983,0.4086,0.0513,82.8409,128.5837,232.596,0.553,0.6483
2015-12-17T00:46:59.299Z,3.8458,112.9118,232.5954,0.4851,0.0341,3.6551,96.8488,231.9162,0.4173,0.0388,81.3637,129.5788,231.0488,0.561,0.6308
2015-12-17T00:47:59.553Z,4.1285,113.1392,232.0763,0.4877,0.0364,3.7514,97.4614,231.4378,0.4212,0.0395,81.6779,126.1971,230.4659,0.5476,0.6507
2015-12-17T00:48:59.781Z,4.3709,112.9324,231.9978,0.4862,0.0388,4.2339,98.1159,231.1014,0.4248,0.044,81.3058,124.8151,230.6558,0.541,0.655
2015-12-17T00:49:59.108Z,4.2017,114.2692,231.6184,0.4935,0.0375,4.0701,97.9118,230.5463,0.4251,0.0416,81.4761,127.2712,230.6251,0.5522,0.6434
2015-12-17T00:50:59.396Z,4.3332,113.536,231.9204,0.4886,0.0375,3.663,98.3101,230.1607,0.4273,0.0365,81.7826,127.4035,231.3618,0.551,0.6435
2015-12-17T00:51:59.752Z,3.5866,114.0556,231.8197,0.4916,0.032,4.3931,98.5299,230.2762,0.4281,0.044,81.7485,128.1754,231.298,0.5543,0.6407
2015-12-17T00:52:59.081Z,3.7256,114.0873,232.1422,0.4913,0.0331,3.7542,97.0577,230.603,0.4204,0.0374,81.8526,128.7858,231.4419,0.5563,0.6387
2015-12-17T00:53:59.365Z,4.3459,114.3607,232.2632,0.4921,0.0379,3.8253,96.3152,231.3534,0.4162,0.04,81.5981,128.3978,231.1149,0.5551,0.641
2015-12-17T00:54:59.681Z,4.2722,114.0084,232.0038,0.4911,0.0364,4.1558,97.828,231.3383,0.4232,0.0416,81.1222,126.6013,231.0845,0.5478,0.6441
2015-12-17T00:55:59.967Z,4.8905,114.8465,232.6274,0.4935,0.0421,3.8936,99.0859,231.3052,0.4282,0.0393,82.2275,127.2795,231.5073,0.5497,0.6482
2015-12-17T00:56:59.241Z,4.5336,115.1021,232.0266,0.496,0.0386,3.9081,96.8296,230.1317,0.4206,0.0397,82.4913,129.6574,231.7123,0.5601,0.6399
2015-12-17T00:57:59.666Z,2.8148,114.2125,231.8829,0.4924,0.0235,4.0616,99.5514,229.8838,0.4326,0.0425,81.9496,127.8038,231.5957,0.552,0.6431
2015-12-17T00:58:59.869Z,4.5191,116.8463,232.1738,0.5027,0.0389,3.8454,99.0446,230.5192,0.4299,0.0371,81.862,128.3929,231.5837,0.5546,0.641
2015-12-17T00:59:59.217Z,4.8548,114.4355,231.7299,0.4938,0.0413,3.6906,97.2019,230.6039,0.4215,0.0385,82.4466,128.7293,231.8971,0.5547,0.6438
