2015-11-02T00:00:59.344Z,1.6979,71.0436,231.0917,0.3072,0.0224,4.4189,64.1188,231.1134,0.2773,0.0713,1.6177,64.4551,231.5948,0.279,0.0243
2015-11-02T00:01:59.535Z,2.6087,73.4259,231.0754,0.317,0.0357,2.9926,65.3419,231.3888,0.2822,0.0438,1.4141,65.4836,231.9019,0.2823,0.0218
2015-11-02T00:02:59.642Z,2.6146,71.3798,231.387,0.3081,0.0354,3.7378,64.9771,231.5498,0.2807,0.0578,1.4052,66.0648,231.9444,0.2847,0.0205
2015-11-02T00:03:59.863Z,2.1271,72.3369,232.0667,0.3116,0.0298,3.8205,64.9934,231.3862,0.2803,0.0603,1.2812,65.4705,232.3787,0.2816,0.0177
2015-11-02T00:04:59.109Z,1.9037,72.3241,231.9339,0.3122,0.0254,3.479,65.2911,231.4581,0.282,0.0537,1.3886,63.7152,232.1194,0.2747,0.0222
2015-11-02T00:05:59.358Z,2.8869,73.8381,232.5299,0.3175,0.0382,3.6885,65.9341,231.601,0.2853,0.057,1.6379,63.7737,232.1569,0.2746,0.0257
2015-11-02T00:06:59.671Z,2.6109,73.8035,232.1277,0.3174,0.0354,3.8238,63.691,232.0947,0.2745,0.0611,2.2812,65.6903,232.17,0.2829,0.0341
2015-11-02T00:07:59.933Z,2.2396,72.8024,232.0673,0.3135,0.0298,3.7343,64.8848,232.3301,0.2791,0.0592,1.3876,64.1255,232.0254,0.2769,0.0221
2015-11-02T00:08:59.216Z,2.8498,75.3042,232.0017,0.3242,0.037,3.766,64.5942,232.0826,0.2784,0.0573,1.6868,66.8917,232.0582,0.2881,0.0244
2015-11-02T00:09:59.525Z,2.6054,73.7158,232.389,0.3174,0.0362,3.5459,66.0805,232.0385,0.2844,0.0548,2.047,65.621,231.9226,0.2831,0.0332
2015-11-02T00:10:59.801Z,2.6864,73.5892,232.4704,0.3159,0.0358,3.8013,65.1054,231.7982,0.281,0.0582,1.4612,66.1856,232.0774,0.2851,0.0225
2015-11-02T00:11:59.134Z,2.287,73.5109,232.1661,0.317,0.0311,4.2077,66.9672,231.8047,0.2889,0.064,1.7921,64.7482,232.2274,0.279,0.0277
2015-11-02T00:12:59.428Z,1.8646,73.3043,232.9613,0.3141,0.0254,3.5299,65.0342,231.8182,0.2803,0.0553,1.8015,67.266,232.2273,0.2892,0.0268
2015-11-02T00:13:59.716Z,2.9082,74.2651,233.0579,0.3187,0.0393,3.8813,64.8593,231.833,0.2799,0.0598,1.4065,65.2076,232.7642,0.28,0.0201
2015-11-02T00:14:59.228Z,2.5676,73.0552,231.4814,0.3154,0.035,3.94,65.8366,232.7919,0.2828,0.0594,1.4331,67.2026,232.9228,0.2886,0.0222
2015-11-02T00:15:59.534Z,2.308,73.5622,231.067,0.3185,0.0325,3.8462,66.5875,233.0926,0.286,0.0573,1.1274,64.3482,233.1476,0.2763,0.017
2015-11-02T00:16:59.809Z,2.3385,73.6553,230.8998,0.319,0.0317,4.1003,65.7517,233.2647,0.2815,0.064,1.5909,65.3117,232.9859,0.2802,0.0243
2015-11-02T00:17:59.057Z,2.3442,73.6638,230.7665,0.3191,0.0315,3.5956,66.3234,232.9111,0.2843,0.0551,1.1645,65.6128,232.7669,0.2815,0.0196
2015-11-02T00:18:59.241Z,2.8333,73.6297,231.1659,0.3186,0.0383,3.3363,64.2166,230.2071,0.2788,0.0529,1.147,65.019,234.0154,0.278,0.0178
2015-11-02T00:19:59.734Z,2.9219,73.9344,231.8649,0.3188,0.0398,4.0913,64.2297,232.4416,0.2763,0.067,1.6566,65.2932,233.2702,0.2797,0.0264
2015-11-02T00:20:59.900Z,1.9277,74.4379,231.9941,0.321,0.0249,3.951,66.8659,232.9244,0.2871,0.0602,1.028,66.8943,233.2201,0.2867,0.0153
2015-11-02T00:21:59.190Z,2.1996,73.4622,231.8456,0.3169,0.0303,3.5861,66.1456,233.2148,0.2837,0.0542,1.3166,65.9827,233.4068,0.2828,0.0184
2015-11-02T00:22:59.425Z,2,74.1104,231.983,0.3191,0.026,4.3443,66.5293,232.8529,0.2855,0.0647,1.5721,66.8372,233.7202,0.2863,0.0253
2015-11-02T00:23:59.836Z,3.2353,73.1019,232.2095,0.3148,0.0448,3.5219,66.021,232.4889,0.2841,0.0554,1.4467,65.7823,233.6299,0.2814,0.0218
2015-11-02T00:24:59.057Z,2.2818,72.5152,232.2358,0.3119,0.0316,3.9182,65.9316,233.5459,0.2822,0.0599,0.9874,65.6218,233.682,0.2807,0.016
2015-11-02T00:25:59.277Z,2.1224,75.0469,232.3865,0.3229,0.027,3.9827,66.5526,233.4716,0.2862,0.0608,1.7099,66.5824,233.7067,0.2851,0.0263
2015-11-02T00:26:59.567Z,1.9619,73.1943,232.1691,0.3154,0.0273,3.9331,66.6736,233.4256,0.2856,0.0584,1.7847,65.6537,233.0826,0.2816,0.0279
2015-11-02T00:27:59.839Z,2.5117,73.5346,231.8773,0.3176,0.0343,4.1495,66.8076,232.9702,0.286,0.0634,1.4162,65.4598,232.6553,0.2815,0.0225
2015-11-02T00:28:59.026Z,2.472,71.899,231.7644,0.3101,0.0358,3.8253,62.8158,232.8257,0.2692,0.0611,1.329,63.2792,232.9538,0.2717,0.0222
2015-11-02T00:29:59.510Z,2.0582,73.748,231.6946,0.3182,0.0289,3.8035,65.4839,233.0791,0.2812,0.0573,1.5557,65.6636,232.6958,0.2822,0.0245
2015-11-02T00:30:59.815Z,2.6364,74.1734,231.6277,0.3202,0.0354,4.1122,66.3832,232.8657,0.2855,0.0638,1.868,64.1619,232.0763,0.2765,0.0301
2015-11-02T00:31:59.177Z,3.1208,72.9777,231.5994,0.3149,0.043,3.7356,66.5829,232.7438,0.2859,0.0567,1.3399,65.7286,232.3142,0.2827,0.0217
2015-11-02T00:32:59.457Z,3.04,74.1641,231.1222,0.3207,0.0421,3.5164,65.8991,232.9007,0.2829,0.0538,1.5833,64.8622,232.3362,0.2787,0.0242
2015-11-02T00:33:59.648Z,2.6,73.6831,230.574,0.3195,0.0342,3.8705,66.6012,233.3699,0.2854,0.0578,1.658,66.3768,232.4225,0.2856,0.0269
2015-11-02T00:34:59.916Z,2.3912,73.702,230.5713,0.3195,0.0341,3.8216,66.6474,233.237,0.286,0.0584,1.4657,65.9689,232.221,0.2841,0.0214
2015-11-02T00:35:59.255Z,2.5439,72.3562,230.9099,0.3133,0.0352,3.6963,66.2278,233.3141,0.284,0.0557,1.3981,66.3472,231.7939,0.286,0.0207
2015-11-02T00:36:59.546Z,3.0434,74.0451,231.3609,0.3198,0.0408,3.7577,65.9095,233.2485,0.2824,0.058,1.3441,66.1386,232.6254,0.2842,0.021
2015-11-02T00:37:59.917Z,2.4136,73.0514,231.8229,0.3149,0.0329,4.058,64.5882,233.1816,0.2771,0.0623,1.3951,66.1538,233.4215,0.2837,0.023
2015-11-02T00:38:59.191Z,1.9772,72.2702,230.97,0.3126,0.0271,3.5017,64.8031,232.9091,0.2783,0.0548,1.1089,66.0223,233.1531,0.283,0.0167
2015-11-02T00:39:59.518Z,2.3638,74.0019,231.093,0.32,0.0342,3.7266,66.4703,232.6063,0.2858,0.0571,1.3793,66.2011,233.6055,0.2836,0.022
2015-11-02T00:40:59.792Z,2.4475,73.5215,232.2548,0.3171,0.0337,4.4248,64.8019,232.8136,0.2779,0.0677,1.5201,65.3266,233.712,0.2792,0.0223
2015-11-02T00:41:59.042Z,3.2768,73.9756,232.6444,0.3182,0.045,3.8964,65.0256,232.6169,0.2792,0.0608,1.1814,65.9176,233.8526,0.2816,0.0178
2015-11-02T00:42:59.270Z,2.0536,73.7169,232.5745,0.3166,0.029,3.3882,65.874,232.9754,0.2823,0.0532,1.8914,66.1978,234.0104,0.2829,0.0282
2015-11-02T00:43:59.491Z,2.1515,72.8651,232.4209,0.3129,0.0296,4.3407,65.7082,232.7464,0.2823,0.0677,0.9377,65.3502,233.4067,0.2797,0.0162
2015-11-02T00:44:59.739Z,2.3908,73.7384,231.7253,0.3185,0.0327,3.8674,65.639,232.3466,0.2825,0.061,1.6563,65.2632,232.9971,0.28,0.0253
2015-11-02T00:45:59.955Z,2.687,73.1971,231.7465,0.3162,0.037,4.4573,66.5073,232.4366,0.2856,0.0676,1.4087,67.2382,233.4878,0.288,0.0209
2015-11-02T00:46:59.530Z,3.0561,72.6727,231.8542,0.3137,0.0429,3.9537,65.8,232.5911,0.2833,0.0596,1.3786,66.0919,233.5768,0.2827,0.0209
2015-11-02T00:47:59.677Z,2.3624,73.8274,231.9284,0.3186,0.0326,3.9947,65.1495,232.8416,0.28,0.0605,1.3605,66.4728,233.7962,0.2842,0.023
2015-11-02T00:48:59.955Z,2.3951,73.4781,232.3835,0.3163,0.0321,3.9232,65.3244,232.6315,0.2807,0.0616,1.0443,65.0437,233.7518,0.2778,0.0153
2015-11-02T00:49:59.245Z,2.55,72.9256,232.2382,0.3137,0.0344,3.5901,65.7318,232.6938,0.2824,0.056,1.6981,65.451,233.7083,0.2806,0.0256
2015-11-02T00:50:59.495Z,3.1851,72.9763,232.1663,0.3136,0.0445,4.1067,65.8273,232.8342,0.2826,0.0636,1.4142,66.8464,233.3501,0.2862,0.021
2015-11-02T00:51:59.869Z,3.1914,74.5622,232.3989,0.3207,0.0402,4.2734,65.3514,232.5642,0.281,0.0672,1.3335,64.8143,233.6199,0.2778,0.0212
2015-11-02T00:52:59.129Z,2.1474,74.3726,232.0227,0.3202,0.0307,3.301,64.543,231.8612,0.2783,0.0508,1.6213,66.2555,233.6751,0.2835,0.0239
2015-11-02T00:53:59.445Z,1.7899,75.2132,231.9643,0.3242,0.0233,4.3834,65.4689,231.8355,0.2826,0.069,1.3447,66.3593,232.912,0.2845,0.0202
2015-11-02T00:54:59.876Z,2.307,74.4091,232.1513,0.3203,0.0308,3.883,65.0999,231.5882,0.2809,0.0632,1.5422,66.3244,233.0303,0.2846,0.0225
2015-11-02T00:55:59.099Z,2.8763,72.6089,231.9512,0.313,0.0392,3.3257,64.3889,229.5703,0.2808,0.0523,1.2283,66.8267,233.3138,0.2869,0.019
2015-11-02T00:56:59.352Z,2.3084,73.3974,230.1357,0.3189,0.0312,3.9624,66.0838,232.006,0.2849,0.0592,1.4575,64.5423,232.444,0.2771,0.0227
2015-11-02T00:57:59.580Z,2.3607,73.4415,230.5404,0.3182,0.0321,3.9103,65.8797,232.5017,0.2835,0.0597,1.7259,64.217,232.0508,0.2771,0.0274
2015-11-02T00:58:59.883Z,2.3408,72.482,230.5881,0.3142,0.0313,4.0105,65.7668,232.2243,0.2832,0.0614,1.0167,64.4357,232.134,0.2775,0.0171
2015-11-02T00:59:59.331Z,3.3109,72.3043,230.7389,0.3137,0.0449,3.6758,66.1543,232.8942,0.284,0.0551,1.4982,64.4416,233.1181,0.2764,0.0228
