2015-11-09T00:00:59.427Z,4.6825,71.4634,231.968,0.3076,0.0666,3.1865,64.8888,233.3863,0.2779,0.0501,1.4454,63.4878,233.9492,0.2714,0.0246
2015-11-09T00:01:59.788Z,5.228,73.0516,231.5478,0.3155,0.0718,3.0031,65.0446,231.0425,0.2818,0.0473,1.6911,66.2216,233.6487,0.2831,0.0267
2015-11-09T00:02:59.106Z,3.8748,72.7341,231.4923,0.3143,0.0548,2.4181,64.9616,229.0596,0.2831,0.0368,0.8482,66.167,233.6742,0.283,0.0151
2015-11-09T00:03:59.419Z,4.7275,72.7688,231.0548,0.3148,0.0646,3.7874,65.1886,231.409,0.2811,0.0586,1.3913,66.0643,232.8657,0.284,0.0205
2015-11-09T00:04:59.692Z,4.0917,74.183,231.2813,0.3209,0.0565,3.2432,64.6263,231.9143,0.2787,0.0502,0.7591,65.5646,232.8197,0.2811,0.0108
2015-11-09T00:06:59.258Z,4.6635,73.2573,230.648,0.3179,0.065,3.5044,64.8378,231.2636,0.2808,0.0541,1.6587,65.4821,231.977,0.282,0.0251
2015-11-09T00:07:59.618Z,4.5378,72.1775,231.0758,0.3129,0.0647,3.661,65.7578,231.603,0.2844,0.0564,1.4838,65.3845,231.6981,0.283,0.0213
2015-11-09T00:08:59.795Z,4.9736,72.1198,230.9468,0.3121,0.0703,3.0837,64.716,231.868,0.2785,0.0485,0.8612,64.2992,231.5434,0.2775,0.0149
2015-11-09T00:09:59.975Z,5.1519,73.1744,231.4149,0.3155,0.072,2.8656,65.1967,231.85,0.281,0.0467,1.6232,63.7174,231.1176,0.276,0.0275
2015-11-09T00:10:59.292Z,4.496,72.9883,231.3668,0.3156,0.0639,2.9667,64.123,231.7072,0.2763,0.0469,1.6439,65.5021,231.4016,0.2837,0.0244
2015-11-09T00:11:59.603Z,4.0218,73.1842,231.6366,0.3162,0.0551,3.1586,65.3585,232.4033,0.281,0.05,1.4249,65.037,232.6187,0.2798,0.0218
2015-11-09T00:12:59.805Z,4.6092,74.0184,231.6778,0.3195,0.0624,3.0144,65.209,232.4479,0.2807,0.0474,1.1175,66.2256,232.5993,0.2847,0.018
2015-11-09T00:13:59.083Z,5.3714,74.1556,231.3832,0.32,0.0733,2.713,64.6071,232.2547,0.2779,0.0428,1.2577,64.7968,232.534,0.2786,0.0201
2015-11-09T00:14:59.310Z,4.7473,72.8374,232.2966,0.3134,0.0662,3.1395,65.7025,232.5023,0.2826,0.0469,1.2905,65.002,232.6819,0.2785,0.0197
2015-11-09T00:15:59.542Z,5.4163,73.9299,231.604,0.3192,0.0748,3.2099,64.6207,232.3615,0.2777,0.0489,1.0455,64.7391,232.7788,0.2785,0.0151
2015-11-09T00:16:59.895Z,5.0637,73.9436,232.0052,0.3186,0.0705,3.0745,65.9939,232.506,0.284,0.0466,1.1458,66.8282,233.1525,0.2867,0.018
2015-11-09T00:17:59.267Z,5.3534,73.6298,231.8938,0.3174,0.0749,3.3747,65.7254,232.0339,0.2833,0.0514,1.413,64.6872,232.5536,0.278,0.0218
2015-11-09T00:18:59.589Z,4.1721,73.2266,231.6176,0.3154,0.0587,3.7148,63.9819,232.5262,0.2751,0.0614,1.5458,64.8852,232.8047,0.2787,0.0234
2015-11-09T00:19:59.923Z,4.3879,73.5199,231.5483,0.3171,0.0605,2.7368,65.1771,230.0163,0.2839,0.0433,1.1238,62.629,233.2218,0.2687,0.0187
2015-11-09T00:20:59.206Z,5.201,73.6539,231.7004,0.3177,0.0701,2.968,64.8759,229.697,0.2819,0.046,1.2699,66.0618,234.0362,0.2822,0.02
2015-11-09T00:21:59.532Z,4.9,73.4553,231.4469,0.3168,0.0682,3.2842,63.7645,232.1378,0.2746,0.0516,1.5909,66.8703,233.6089,0.2863,0.0227
2015-11-09T00:22:59.946Z,4.2386,73.189,231.2729,0.3164,0.0589,3.0772,65.1442,231.4273,0.2813,0.0482,1.3466,64.288,233.2487,0.2755,0.0203
2015-11-09T00:23:59.209Z,4.4347,73.2485,231.5855,0.3161,0.0616,3.1434,64.1798,231.4533,0.2775,0.0512,1.7579,62.8689,232.5203,0.2708,0.0293
2015-11-09T00:24:59.543Z,4.8416,71.6104,231.2486,0.3096,0.0696,3.1682,64.1858,231.1396,0.2775,0.0505,1.4182,64.4492,232.6493,0.2771,0.0218
2015-11-09T00:25:59.787Z,4.3659,73.6953,231.1941,0.3185,0.0603,3.0488,64.7713,231.1988,0.28,0.0481,1.5665,65.3162,232.8415,0.2804,0.0236
2015-11-09T00:26:59.243Z,5.5064,74.0488,231.5466,0.3199,0.0752,3.2689,65.2804,231.5379,0.2826,0.0513,1.4388,65.23,232.6952,0.281,0.0214
2015-11-09T00:27:59.672Z,4.3653,71.9552,232.2524,0.31,0.0611,3.1054,64.1847,232.0509,0.277,0.0491,1.259,66.6466,232.8124,0.2867,0.0171
2015-11-09T00:28:59.839Z,4.9447,72.2599,231.8667,0.3119,0.0704,3.3995,64.3536,231.6876,0.2775,0.0525,1.4381,64.0315,232.9041,0.2746,0.0227
2015-11-09T00:29:59.139Z,4.8011,74.4514,232.2422,0.3207,0.0666,3.0951,66.2809,231.1791,0.2866,0.0479,1.4169,64.7013,232.8463,0.2781,0.0216
2015-11-09T00:30:59.396Z,4.9859,74.4837,232.3446,0.3207,0.0666,2.7712,65.5177,228.2584,0.2873,0.0435,1.2091,65.4132,233.5918,0.2796,0.0185
2015-11-09T00:31:59.808Z,4.1942,73.0266,232.3598,0.3141,0.059,2.5468,63.9392,228.6649,0.2795,0.0412,1.4564,65.9282,232.8521,0.2829,0.0223
2015-11-09T00:32:59.074Z,4.6808,73.8603,231.9829,0.3185,0.0648,3.5046,66.6202,230.9281,0.2879,0.0519,1.2527,64.6002,231.6671,0.2785,0.0204
2015-11-09T00:33:59.292Z,5.2725,72.1811,231.8117,0.3114,0.074,2.7995,65.4841,231.2838,0.2832,0.0432,1.3452,65.0454,231.7695,0.28,0.0217
2015-11-09T00:34:59.721Z,4.8279,73.6832,231.7382,0.3179,0.0679,3.2474,65.57,231.2282,0.2835,0.0499,1.5726,65.4598,231.8051,0.2823,0.0242
2015-11-09T00:35:59.092Z,4.8009,73.7253,231.5408,0.3182,0.0656,3.4288,64.9969,231.0917,0.2813,0.0533,1.281,64.9781,231.744,0.2809,0.02
2015-11-09T00:36:59.331Z,5.2024,73.6047,231.2945,0.3177,0.071,3.3288,65.398,231.0697,0.2834,0.0527,1.5995,64.8478,231.7214,0.2792,0.0254
2015-11-09T00:37:59.597Z,5.0641,73.247,231.8703,0.3154,0.0709,2.7773,65.1104,231.6282,0.2813,0.0421,1.8763,66.2145,232.4477,0.2846,0.0271
2015-11-09T00:38:59.911Z,4.4115,72.8386,231.4073,0.3146,0.0619,2.9169,64.5495,231.4191,0.2787,0.0476,1.7226,64.3031,232.0814,0.2769,0.0278
2015-11-09T00:39:59.220Z,3.8982,73.3923,231.7288,0.3169,0.0532,3.2886,65.1943,231.4373,0.2812,0.0509,2.0763,65.4432,232.1809,0.2819,0.0314
2015-11-09T00:40:59.451Z,4.6589,73.4504,231.4867,0.3168,0.0638,2.8556,66.7387,231.2298,0.2885,0.0424,1.2653,65.9593,232.1558,0.2838,0.0179
2015-11-09T00:41:59.706Z,4.5783,73.7529,231.5825,0.3178,0.0632,3.4202,66.1985,231.9089,0.2853,0.0517,1.452,64.5376,232.2755,0.2774,0.0229
2015-11-09T00:42:59.923Z,5.2018,72.5982,231.4777,0.3138,0.073,3.4753,66.1345,231.9449,0.2854,0.0527,1.3825,65.3316,232.2792,0.2807,0.021
2015-11-09T00:43:59.239Z,3.8179,72.5648,231.6407,0.3129,0.0548,3.2098,64.2648,232.5424,0.276,0.051,1.4422,64.345,232.8212,0.2768,0.0239
2015-11-09T00:44:59.492Z,4.0374,74.1798,232.0863,0.3193,0.0536,3.0684,66.6566,232.239,0.2876,0.0477,1.6199,64.5666,232.5545,0.2779,0.0245
2015-11-09T00:45:59.768Z,4.923,73.867,231.9478,0.3186,0.0672,2.8458,64.894,229.2783,0.2822,0.045,0.8209,65.4446,233.5882,0.2799,0.0115
2015-11-09T00:46:59.020Z,5.2658,73.3431,231.6293,0.316,0.0738,3.1316,64.4692,230.7716,0.2791,0.0488,0.8739,66.0471,233.0167,0.2834,0.0121
2015-11-09T00:47:59.322Z,4.7479,73.391,231.4162,0.317,0.065,3.2291,65.5142,232.1204,0.2818,0.0504,1.3377,64.2777,232.663,0.2765,0.0213
2015-11-09T00:48:59.867Z,4.675,73.3386,231.5162,0.3166,0.0641,3.5184,64.9466,232.2174,0.2798,0.0532,1.5446,64.1238,232.4722,0.2755,0.0254
2015-11-09T00:49:59.183Z,3.4748,72.6632,231.5943,0.3138,0.0479,3.2866,66.546,231.6817,0.2876,0.0488,1.2834,64.9226,232.7314,0.2792,0.0203
2015-11-09T00:50:59.409Z,4.5929,73.3086,232.2207,0.3153,0.0629,2.951,65.3979,232.4166,0.2811,0.0456,1.5033,66.6993,233.7687,0.2854,0.0229
2015-11-09T00:51:59.713Z,5.1452,74.2229,231.9547,0.3201,0.0707,3.5437,65.117,232.2531,0.2802,0.0555,1.6891,65.4754,233.7015,0.2807,0.0254
2015-11-09T00:52:59.977Z,4.9361,73.3704,231.6148,0.3164,0.0665,3.4483,65.06,231.7374,0.2807,0.0532,1.3754,66.1986,233.3274,0.2842,0.0208
2015-11-09T00:53:59.298Z,4.6311,73.0074,232.1053,0.3148,0.0637,3.4202,65.1421,231.9827,0.2814,0.0538,1.0279,66.5333,232.975,0.2858,0.0152
2015-11-09T00:54:59.528Z,4.44,73.6746,231.5298,0.3184,0.0602,3.5403,64.8656,232.1278,0.2798,0.0545,1.5351,65.0497,233.3741,0.2786,0.026
2015-11-09T00:55:59.792Z,5.3351,72.8307,230.7529,0.3158,0.0736,2.5797,65.8459,232.2598,0.284,0.0398,1.8113,64.282,233.1693,0.2757,0.028
2015-11-09T00:56:59.024Z,4.3891,73.2049,230.3037,0.3186,0.0607,3.6721,65.3312,232.2758,0.2812,0.0558,1.4211,65.8233,233.0414,0.2824,0.0212
2015-11-09T00:57:59.340Z,4.0529,73.8979,230.4565,0.3209,0.0554,3.1511,65.5612,231.5592,0.283,0.0484,1.5137,64.6977,232.2502,0.2784,0.0229
2015-11-09T00:58:59.644Z,4.1971,74.2778,231.018,0.3211,0.0572,3.4464,65.9812,231.4112,0.285,0.0517,1.2416,64.1491,231.8218,0.2765,0.0207
2015-11-09T00:59:59.914Z,4.9603,73.0186,231.5458,0.3155,0.0699,2.924,64.0629,231.37,0.2775,0.0469,1.108,64.5927,231.0712,0.2796,0.0174
