2015-12-05T00:00:59.857Z,5.5648,117.3571,231.7152,0.5064,0.0462,3.1907,102.8348,229.0483,0.4489,0.0309,3.5758,106.0034,235.3261,0.4507,0.0328
2015-12-05T00:01:59.689Z,3.6338,119.8309,231.1097,0.5184,0.0309,3.4742,102.4887,228.6186,0.4479,0.0336,3.5604,107.8957,235.9572,0.4571,0.035
2015-12-05T00:02:59.009Z,4.7108,120.9054,231.214,0.5222,0.0376,4.2858,103.0688,231.0663,0.4464,0.0398,3.5806,107.6114,235.2966,0.4577,0.0319
2015-12-05T00:03:59.187Z,4.1271,118.2176,231.2211,0.5109,0.034,3.6197,105.0735,231.3624,0.4542,0.0323,3.529,108.0307,234.7346,0.4599,0.0319
2015-12-05T00:04:59.552Z,3.1291,120.8395,231.6251,0.5212,0.0268,3.3746,104.9305,227.5647,0.4611,0.0327,3.0607,105.2392,235.5418,0.4467,0.0285
2015-12-05T00:05:59.072Z,3.814,119.6157,231.696,0.5163,0.0311,2.9277,101.9392,227.6022,0.4482,0.0307,3.0849,104.5038,235.1758,0.4447,0.0293
2015-12-05T00:06:59.036Z,5.7042,119.9703,231.5176,0.518,0.0498,4.4397,103.5989,227.8166,0.4553,0.0426,3.7893,105.9733,235.2274,0.4503,0.0352
2015-12-05T00:07:59.186Z,2.9988,119.5092,231.3726,0.5163,0.0251,3.9281,106.1916,229.2146,0.4631,0.0385,2.4767,106.8043,234.9649,0.4542,0.0235
2015-12-05T00:08:59.906Z,5.154,119.9108,231.1936,0.5184,0.0434,4.7045,105.6218,231.1198,0.457,0.0448,4.8008,107.7559,234.7143,0.4595,0.0446
2015-12-05T00:09:59.323Z,5.3134,116.9411,231.4887,0.5048,0.0443,4.0501,105.4372,230.997,0.4564,0.0422,4.2006,104.6838,234.776,0.4453,0.044
2015-12-05T00:10:59.598Z,4.396,119.9795,231.921,0.5179,0.0379,4.8459,103.7089,230.9879,0.4489,0.048,3.9173,108.3204,234.6813,0.4615,0.0365
2015-12-05T00:11:59.849Z,2.8418,119.4189,231.8115,0.5145,0.0244,3.7829,102.719,229.1166,0.4481,0.0375,3.7497,107.4229,235.1824,0.4568,0.0326
2015-12-05T00:12:59.063Z,4.5394,120.9618,232.5012,0.5196,0.0369,4.1723,104.9244,227.9231,0.4604,0.0406,2.9273,106.3557,235.8148,0.4511,0.0271
2015-12-05T00:13:59.182Z,3.6959,120.6687,231.9704,0.52,0.0292,3.306,107.6437,229.6635,0.4689,0.0311,3.2588,106.8327,236.1981,0.4526,0.0299
2015-12-05T00:14:59.426Z,2.9474,119.8295,231.4546,0.5169,0.0236,4.3938,105.4577,231.9934,0.4544,0.0438,3.3836,107.8037,235.5473,0.4576,0.0324
2015-12-05T00:15:59.024Z,3.5097,118.9488,231.5467,0.5132,0.0298,4.0316,102.2008,231.5034,0.4413,0.0419,3.5577,107.3386,234.8483,0.4571,0.035
2015-12-05T00:16:59.557Z,3.3453,118.1826,231.779,0.5096,0.0282,3.9765,105.7256,232.0542,0.4556,0.0367,3.0602,107.171,234.6259,0.4565,0.0296
2015-12-05T00:17:59.835Z,3.8708,121.8066,231.8392,0.5257,0.0317,3.862,105.375,231.9209,0.4545,0.0358,3.1868,108.0926,234.3276,0.4608,0.0293
2015-12-05T00:18:59.726Z,4.4367,119.5308,231.4627,0.5159,0.0371,2.9546,104.4963,229.8259,0.4547,0.029,4.2296,107.554,234.1406,0.459,0.0408
2015-12-05T00:19:59.460Z,4.0341,119.8379,232.2197,0.5156,0.0343,3.3189,102.443,228.8867,0.4477,0.0342,3.2629,103.5725,233.7163,0.4429,0.0311
2015-12-05T00:20:59.025Z,3.4032,119.8744,231.9731,0.5169,0.0284,3.5496,103.3656,230.5016,0.4487,0.0358,4.2274,103.8784,233.5773,0.4448,0.0414
2015-12-05T00:21:59.270Z,3.3191,119.5853,231.6088,0.5159,0.0268,4.2156,103.2445,231.7896,0.4452,0.0411,3.6647,105.446,233.8265,0.4502,0.0356
2015-12-05T00:22:59.493Z,4.09,120.6404,231.7471,0.5208,0.0336,4.3564,105.2932,231.606,0.4545,0.0404,3.0553,105.3315,233.5104,0.4519,0.0282
2015-12-05T00:23:59.892Z,3.8257,121.6801,231.5898,0.5253,0.0315,3.3293,106.6182,231.6749,0.4601,0.0321,4.1257,104.6852,233.3507,0.4487,0.0402
2015-12-05T00:24:59.227Z,3.1691,121.6108,232.0828,0.5239,0.024,3.8616,104.7278,231.5591,0.4524,0.0367,4.0898,105.9436,233.8603,0.4528,0.0381
2015-12-05T00:25:59.557Z,4.892,121.1902,232.3773,0.5217,0.0407,4.354,105.423,232.2226,0.4538,0.042,3.1984,105.7795,233.7411,0.4524,0.0308
2015-12-05T00:26:59.882Z,4.3286,120.1048,232.9069,0.5149,0.0363,3.0019,103.4888,230.0002,0.4501,0.0301,3.3362,106.5871,234.536,0.4544,0.0325
2015-12-05T00:27:59.902Z,4.2331,121.8803,233.3015,0.522,0.0338,3.8296,105.8888,229.3421,0.4621,0.0359,2.7301,107.4252,235.3437,0.4562,0.0262
2015-12-05T00:28:59.166Z,3.5389,121.1107,232.9483,0.5197,0.0288,4.1249,106.4362,232.6622,0.4574,0.0403,2.9566,107.1897,235.0799,0.4555,0.0289
2015-12-05T00:29:59.426Z,5.0705,120.8324,232.9801,0.5183,0.0429,3.9343,106.7593,232.8464,0.4582,0.0389,3.9275,105.5823,235.1782,0.4492,0.0368
2015-12-05T00:30:59.899Z,4.061,120.4258,232.858,0.5174,0.0342,4.0007,107.5563,233.128,0.4614,0.039,3.6778,108.3503,235.4104,0.4608,0.0327
2015-12-05T00:31:59.134Z,3.7877,120.6688,232.9751,0.5174,0.0326,4.3302,107.4416,233.051,0.4607,0.0421,3.1361,108.4337,235.5157,0.4607,0.0306
2015-12-05T00:32:59.622Z,3.8366,119.7183,231.1297,0.5172,0.0321,4.3933,108.5237,230.5619,0.4704,0.0409,2.8491,104.9892,233.5261,0.4493,0.0266
2015-12-05T00:33:59.911Z,4.093,119.1776,230.9437,0.5164,0.0341,4.0046,106.2061,230.6736,0.4595,0.0365,2.4707,105.6568,233.3297,0.4526,0.0249
2015-12-05T00:34:59.337Z,3.9924,121.3722,231.3412,0.5248,0.0318,4.8259,106.5818,230.6309,0.4618,0.0458,2.7413,102.7868,233.168,0.4411,0.026
2015-12-05T00:35:59.511Z,4.1542,120.2556,231.4143,0.5192,0.0352,3.9896,105.1814,229.6876,0.4574,0.0382,3.2611,105.5758,233.2969,0.4527,0.0319
2015-12-05T00:36:59.344Z,4.5495,120.3909,231.6693,0.5191,0.0375,3.7364,106.8807,228.0642,0.4681,0.0344,2.9459,104.9053,233.363,0.4495,0.0284
2015-12-05T00:37:59.613Z,4.0734,119.6918,231.3191,0.5175,0.0345,3.6434,103.0175,229.9844,0.4478,0.0343,3.121,105.6544,232.8691,0.454,0.0314
2015-12-05T00:38:59.926Z,3.623,120.4848,231.3138,0.5207,0.0295,4.0479,103.9899,230.5809,0.4508,0.0399,3.8205,108.1065,232.9123,0.4643,0.0357
2015-12-05T00:39:59.500Z,4.1479,119.3597,231.1311,0.5158,0.0344,4.1168,102.8985,230.2353,0.4469,0.0412,3.7005,108.3976,233.4285,0.4643,0.0349
2015-12-05T00:40:59.867Z,3.8599,121.0148,230.8064,0.524,0.033,3.5312,105.2667,230.4748,0.4571,0.033,3.4602,104.5425,233.6646,0.4471,0.0332
2015-12-05T00:41:59.197Z,4.6503,119.0663,230.9127,0.5156,0.0377,3.9106,103.4599,230.724,0.4492,0.0369,3.0702,106.1416,233.4899,0.4547,0.0297
2015-12-05T00:42:59.448Z,3.9585,119.8424,230.7533,0.5189,0.0333,3.5649,104.7029,230.5546,0.4546,0.0344,3.6385,107.1321,233.1275,0.4587,0.0337
2015-12-05T00:43:59.891Z,4.7963,120.1296,230.636,0.5204,0.0395,2.885,105.9015,230.3978,0.459,0.0276,3.3517,106.1949,232.7735,0.4568,0.0317
2015-12-05T00:44:59.138Z,3.77,120.2143,231.0551,0.5203,0.0308,4.0738,105.8342,230.5619,0.4585,0.042,3.1862,104.0227,232.9731,0.4466,0.0315
2015-12-05T00:45:59.513Z,3.6177,120.3314,230.8378,0.5204,0.029,3.7276,105.3918,230.712,0.4572,0.0367,3.813,107.2857,232.8592,0.4605,0.0354
2015-12-05T00:46:59.380Z,3.724,119.4677,230.9622,0.5169,0.0312,3.7926,106.5322,229.5757,0.4637,0.0356,3.3454,104.094,233.4144,0.4458,0.0332
2015-12-05T00:47:59.701Z,4.0983,120.0177,230.9446,0.5195,0.0362,3.2728,105.1587,227.4432,0.4623,0.0321,3.3518,104.6077,233.7618,0.4474,0.0327
2015-12-05T00:48:59.944Z,3.6088,117.709,230.5466,0.5103,0.0323,4.0408,105.6771,229.7114,0.46,0.0368,3.9662,103.6268,232.6785,0.4451,0.0369
2015-12-05T00:49:59.306Z,3.8646,118.46,230.7271,0.5132,0.032,3.7818,102.4862,230.1051,0.4458,0.0424,3.9364,104.6829,232.6291,0.4492,0.0379
2015-12-05T00:50:59.604Z,3.5655,119.8213,230.5541,0.5196,0.031,3.4144,104.0967,230.4092,0.4525,0.032,3.2092,107.3788,232.5076,0.462,0.0304
2015-12-05T00:51:59.591Z,4.8002,119.1576,230.8549,0.5155,0.0414,4.2911,105.5181,230.3048,0.4578,0.0402,3.863,105.832,232.727,0.4551,0.0354
2015-12-05T00:52:59.856Z,4.1895,119.6575,230.5627,0.5186,0.0353,3.6007,103.2591,230.452,0.4479,0.0346,3.7155,105.6992,232.6295,0.4543,0.0365
2015-12-05T00:53:59.166Z,3.0744,120.6921,230.8526,0.5223,0.0254,3.5658,105.2853,230.605,0.4567,0.0323,2.8589,107.9258,232.526,0.4642,0.0271
2015-12-05T00:54:59.146Z,4.1387,118.7264,231.1741,0.5136,0.0363,4.2943,104.8832,231.0993,0.4545,0.0407,3.3569,103.9575,232.671,0.4468,0.033
2015-12-05T00:55:59.708Z,4.0366,119.6674,231.1847,0.5168,0.0333,4.2099,104.8148,231.1038,0.4535,0.0409,3.5221,103.3629,232.5238,0.4447,0.0345
2015-12-05T00:56:59.431Z,3.9571,119.4326,231.4107,0.5159,0.0341,3.8442,104.3093,230.6662,0.4526,0.0349,3.6824,104.9798,232.8411,0.4507,0.0364
2015-12-05T00:57:59.757Z,3.8531,120.8871,230.3684,0.5246,0.0332,3.6769,105.9956,230.3155,0.4598,0.0373,2.7513,105.6421,233.0121,0.4531,0.0245
2015-12-05T00:58:59.103Z,3.5218,120.4483,230.7008,0.5218,0.0292,4.0787,105.5162,230.2412,0.4583,0.0382,3.8092,104.8012,234.0569,0.4477,0.0358
2015-12-05T00:59:59.765Z,4.317,118.925,230.6045,0.5154,0.0366,3.8764,105.659,229.396,0.46,0.0355,3.8404,105.959,234.2203,0.4522,0.0362
2015-12-05T01:00:59.090Z,2.4879,115.6562,231.0644,0.5004,0.0208,4.4791,104.1926,227.5256,0.4578,0.0418,3.0817,103.9479,234.6327,0.443,0.0306
2015-12-05T01:01:59.462Z,3.5069,119.1035,230.3257,0.5171,0.0286,4.0393,105.0563,229.4799,0.4575,0.0392,3.2426,107.6512,234.4677,0.459,0.03
2015-12-05T01:02:59.817Z,3.6512,118.1839,229.4507,0.5141,0.0312,4.875,108.8172,230.5166,0.4725,0.0452,3.1497,103.5132,233.8651,0.4426,0.0295
2015-12-05T01:03:59.799Z,3.5787,118.1756,229.6079,0.5144,0.0311,4.1458,106.8371,230.7159,0.4628,0.0376,3.33,104.668,233.8163,0.4472,0.0318
2015-12-05T01:04:59.172Z,5.2444,121.6789,230.5753,0.5274,0.0439,4.6493,105.9551,230.2518,0.4601,0.0438,3.594,106.1351,233.9171,0.454,0.0339
2015-12-05T01:05:59.408Z,3.1968,119.4292,230.6857,0.518,0.0266,4.2803,105.7592,230.1915,0.4595,0.0399,4.2109,105.8875,233.731,0.4526,0.0388
2015-12-05T01:06:59.630Z,3.4627,119.916,230.939,0.519,0.0282,3.5048,103.3031,230.1011,0.4488,0.0343,2.8357,104.7438,233.8564,0.4478,0.0269
2015-12-05T01:07:59.214Z,4.2562,119.4903,230.9701,0.5175,0.0368,3.2664,104.832,230.1962,0.4556,0.0318,2.9836,104.7846,232.784,0.45,0.0286
2015-12-05T01:08:59.473Z,4.754,117.9402,230.9338,0.5097,0.0401,3.9713,104.4165,229.6527,0.4541,0.0384,2.968,102.7616,232.9567,0.4412,0.0309
2015-12-05T01:09:59.320Z,4.0909,116.5982,230.2256,0.5061,0.036,3.8388,104.4166,229.5706,0.4554,0.0388,3.315,103.0981,232.0721,0.4443,0.0328
2015-12-05T01:10:59.375Z,3.2182,117.9913,230.3396,0.512,0.0275,2.8998,103.6038,226.9674,0.4565,0.0287,3.1169,106.0571,232.7197,0.4556,0.0315
2015-12-05T01:11:59.699Z,4.9562,118.0341,230.4341,0.5124,0.0421,3.3438,101.9953,227.1789,0.4489,0.0322,2.7919,105.5523,233.3162,0.4529,0.0264
2015-12-05T01:12:59.075Z,4.7858,120.3962,230.1349,0.5233,0.0382,3.778,104.2536,229.669,0.4533,0.0386,3.3503,106.6207,231.9133,0.4597,0.0306
2015-12-05T01:13:59.779Z,5.3165,119.9704,230.1996,0.5208,0.044,3.5508,106.0052,230.4096,0.4604,0.0333,3.4827,105.5234,231.9102,0.4551,0.0348
2015-12-05T01:14:59.296Z,4.5558,119.4396,230.5384,0.5181,0.0386,4.3077,105.961,230.425,0.4599,0.0412,4.0026,103.4339,231.7922,0.4459,0.0373
2015-12-05T01:15:59.724Z,4.8009,118.654,231.027,0.5136,0.0395,3.1239,105.09,230.6914,0.4558,0.03,3.7942,104.7473,232.2363,0.4516,0.0375
2015-12-05T01:16:59.372Z,4.6574,120.7179,230.7057,0.5233,0.0387,3.3666,103.9993,230.4652,0.4516,0.0339,2.543,106.8089,232.6378,0.4597,0.0231
2015-12-05T01:17:59.932Z,4.3983,119.9363,231.0924,0.5188,0.0355,3.4114,101.8329,230.7263,0.4412,0.034,3.8304,108.0355,232.3577,0.4649,0.0357
2015-12-05T01:18:59.293Z,4.6557,121.5881,232.1746,0.523,0.038,4.3515,108.6254,231.3439,0.4696,0.041,2.8702,103.0753,229.1638,0.4498,0.028
2015-12-05T01:19:59.317Z,5.0511,118.09,230.4769,0.5119,0.0427,2.9945,106.788,231.4225,0.461,0.0288,3.5881,104.4812,232.1049,0.4502,0.0337
2015-12-05T01:20:59.581Z,4.6987,118.1877,230.3567,0.5132,0.0393,3.3364,106.2828,231.384,0.4597,0.0313,3.1059,107.523,232.6943,0.4621,0.0283
2015-12-05T01:21:59.021Z,3.686,121.3219,230.4441,0.5262,0.0299,3.8158,108.185,231.3083,0.4681,0.0351,3.654,105.3753,232.4339,0.4541,0.0336
2015-12-05T01:22:59.325Z,4.8552,117.7929,230.572,0.5105,0.041,2.8807,103.1952,231.1563,0.4466,0.0305,3.0957,105.4853,232.7075,0.4531,0.0281
2015-12-05T01:23:59.156Z,4.9596,117.6123,231.0023,0.5083,0.0421,4.1773,105.8844,231.2453,0.4578,0.0386,3.7711,104.6613,232.765,0.4494,0.0361
2015-12-05T01:24:59.490Z,3.6808,119.0279,230.9933,0.5148,0.0308,3.464,106.3209,231.1587,0.4602,0.0314,3.1258,108.0189,232.7389,0.4639,0.0282
2015-12-05T01:25:59.128Z,4.2356,119.1802,231.2858,0.5149,0.0371,4.2359,104.1354,230.8514,0.4513,0.0403,3.2738,107.0143,232.6413,0.4596,0.0298
2015-12-05T01:26:59.827Z,3.8659,121.3662,231.7053,0.5236,0.0321,4.3953,104.9092,230.893,0.4543,0.0429,3.5225,105.7824,233.008,0.4539,0.0329
2015-12-05T01:27:59.017Z,3.6406,120.3583,232.5056,0.517,0.0301,4.0704,106.3904,230.8878,0.4615,0.0373,3.1711,104.7791,233.709,0.4484,0.0292
2015-12-05T01:28:59.608Z,3.6751,120.6117,232.6368,0.5183,0.0298,3.5201,106.1833,228.4666,0.4648,0.0323,3.6261,105.5914,234.3514,0.4504,0.0338
2015-12-05T01:29:59.919Z,3.5507,120.4866,231.5254,0.5202,0.0295,4.0229,104.439,230.2392,0.4536,0.0399,3.4874,105.2804,233.3095,0.4509,0.0305
2015-12-05T01:30:59.185Z,4.2958,117.5473,231.3333,0.5073,0.0365,3.7062,104.5817,231.1994,0.4527,0.0349,3.5174,107.3882,232.9561,0.4611,0.0338
2015-12-05T01:31:59.869Z,4.6672,118.6129,231.2897,0.5122,0.0404,3.3522,105.3629,231.2079,0.456,0.0311,3.7543,106.586,233.1102,0.4573,0.0357
2015-12-05T01:32:59.489Z,5.4424,119.8318,231.2263,0.518,0.0452,3.5012,103.9938,231.1012,0.4499,0.032,3.7826,107.3069,232.9688,0.4607,0.0342
2015-12-05T01:33:59.727Z,3.4629,120.1635,231.1878,0.5192,0.0301,4.1427,104.3753,231.1078,0.4516,0.0399,3.508,104.3464,233.1651,0.4477,0.034
2015-12-05T01:34:59.118Z,4.6433,119.9091,231.0189,0.5184,0.0392,3.8927,105.2831,231.0426,0.4561,0.037,3.5156,105.3909,233.2961,0.452,0.0328
2015-12-05T01:35:59.437Z,5.2612,117.4454,230.211,0.51,0.046,4.6493,108.8805,230.7473,0.4716,0.0427,3.7623,105.8778,232.3674,0.4554,0.0359
2015-12-05T01:36:59.758Z,4.259,119.466,230.1991,0.5185,0.0352,3.1648,102.9505,230.1619,0.4476,0.0312,3.3196,106.1968,232.1414,0.4574,0.0321
2015-12-05T01:37:59.016Z,4.5002,118.7878,230.4626,0.5149,0.0376,3.3853,103.6728,230.2751,0.4499,0.0377,3.3184,105.2633,232.0391,0.4537,0.0321
2015-12-05T01:38:59.286Z,4.6056,117.65,229.8556,0.5115,0.0403,2.86,103.5791,230.1726,0.4495,0.0279,3.9432,104.3965,231.7034,0.4503,0.0366
2015-12-05T01:39:59.979Z,3.6188,119.1916,229.6163,0.5185,0.0303,3.8152,106.0203,229.9239,0.4613,0.0355,3.599,105.2776,231.9033,0.4543,0.0341
2015-12-05T01:40:59.268Z,4.0525,120.1097,229.9349,0.5225,0.0342,4.4154,104.2066,229.7183,0.4534,0.0439,4.3376,105.6462,231.9212,0.4561,0.0412
2015-12-05T01:41:59.598Z,4.681,117.7932,229.374,0.5127,0.0387,3.6417,103.9973,229.8513,0.4525,0.0336,3.4309,106.699,231.838,0.4597,0.0317
2015-12-05T01:42:59.917Z,5.0416,117.754,229.5666,0.5125,0.0429,3.9182,105.357,230.0473,0.4576,0.0404,3.572,102.443,231.867,0.4419,0.037
2015-12-05T01:43:59.724Z,3.9968,118.6967,229.4747,0.5171,0.0347,3.9291,102.9544,229.7698,0.4481,0.0363,3.2352,104.7387,231.7438,0.4516,0.0303
2015-12-05T01:44:59.153Z,3.0419,117.5862,229.7982,0.5111,0.0266,3.8273,103.7988,230.2238,0.4513,0.0367,3.3701,107.9638,232.2996,0.4644,0.0321
2015-12-05T01:45:59.666Z,4.8295,121.1786,230.1243,0.5262,0.0403,4.4063,106.7276,230.1973,0.4639,0.0413,3.8726,104.6573,232.244,0.4503,0.0368
2015-12-05T01:46:59.505Z,4.5254,119.256,230.0728,0.5179,0.0382,3.4557,103.4114,230.4268,0.4489,0.034,3.0613,107.5286,232.792,0.4621,0.0283
2015-12-05T01:47:59.741Z,3.5033,121.0761,230.748,0.5236,0.0307,4.2979,104.9558,230.6398,0.4552,0.0426,3.7455,104.9335,233.1314,0.4504,0.0362
2015-12-05T01:48:59.035Z,4.1216,115.3699,230.897,0.4996,0.0349,3.932,104.2489,230.8196,0.4517,0.0417,3.2572,104.193,233.1636,0.4473,0.0338
2015-12-05T01:49:59.985Z,4.0927,120.1967,231.2573,0.5191,0.0343,4.0688,107.2052,230.7557,0.4641,0.0375,3.6439,105.2355,233.202,0.4512,0.0334
2015-12-05T01:50:59.425Z,5.0413,119.8792,231.063,0.5189,0.0427,3.4749,104.9757,230.5623,0.4552,0.0313,2.1319,102.165,232.8652,0.4382,0.0211
2015-12-05T01:51:59.039Z,3.2613,119.2941,230.986,0.5163,0.0289,4.2551,104.1121,231.07,0.4504,0.0407,2.7394,105.603,233.0158,0.4534,0.0258
2015-12-05T01:52:59.723Z,4.3702,117.6002,231.2566,0.5083,0.038,3.8564,105.1966,230.5007,0.457,0.036,3.3645,105.9583,232.716,0.4551,0.0333
2015-12-05T01:53:59.195Z,4.1348,120.9821,230.9334,0.5241,0.0357,4.1507,106.0577,230.8137,0.4594,0.0407,2.9858,106.8217,232.642,0.4593,0.0286
2015-12-05T01:54:59.408Z,4.4952,120.5982,231.271,0.521,0.0375,3.4582,103.356,231.1533,0.4475,0.0341,3.4735,106.8312,233.0276,0.4586,0.0326
2015-12-05T01:55:59.032Z,4.9916,119.0249,231.134,0.5147,0.0416,3.9009,103.569,231.2298,0.4483,0.0374,3.2511,105.2869,233.3562,0.4511,0.032
2015-12-05T01:56:59.241Z,4.5445,120.4765,230.8931,0.5218,0.0384,3.8884,106.9197,231.2646,0.4623,0.0375,3.4184,107.434,233.4516,0.4609,0.0308
2015-12-05T01:57:59.563Z,3.5988,118.9626,231.0614,0.5143,0.0311,3.9687,106.0754,231.0082,0.4592,0.0384,3.5319,105.4762,233.4497,0.4516,0.0326
2015-12-05T01:59:59.498Z,3.8188,120.5739,231.7417,0.5201,0.0321,4.1872,106.6552,229.0207,0.4655,0.0397,4.073,104.8818,234.7318,0.4467,0.0382
2015-12-05T02:01:59.289Z,4.6218,117.1484,232.0871,0.5049,0.0391,3.9238,106.1628,230.828,0.46,0.0376,3.4166,106.7986,234.7629,0.4545,0.0324
2015-12-05T02:02:59.699Z,4.1813,120.7352,231.695,0.5209,0.0361,3.5929,105.062,230.7329,0.4555,0.0327,3.6867,105.052,233.8159,0.4492,0.0357
2015-12-05T02:03:59.338Z,4.0986,118.7033,231.5164,0.5131,0.0354,3.7372,101.1441,230.891,0.438,0.038,4.0066,103.5997,233.7726,0.4429,0.0359
2015-12-05T02:04:59.326Z,4.4008,118.926,231.5264,0.513,0.0357,4.3422,105.5591,231.2108,0.456,0.0407,3.0291,101.4453,233.5454,0.4343,0.0296
2015-12-05T02:05:59.730Z,5.3093,119.5612,231.4715,0.5165,0.0456,3.8129,104.8432,230.8388,0.4541,0.0359,2.8903,106.7785,233.6368,0.4573,0.0282
2015-12-05T02:06:59.514Z,4.8433,119.323,231.3906,0.5156,0.0404,4.0424,101.6996,230.2261,0.442,0.0398,3.2676,107.0693,233.5854,0.4579,0.0322
2015-12-05T02:07:59.231Z,2.878,119.1292,231.3682,0.5152,0.0212,4.2755,102.5765,230.3364,0.4453,0.0469,3.6605,106.0435,233.6036,0.4541,0.0355
2015-12-05T02:08:59.568Z,3.4984,119.4469,230.8796,0.5174,0.0282,4.5452,106.9077,230.1986,0.4644,0.0424,3.72,106.4353,233.3734,0.4568,0.0343
2015-12-05T02:09:59.464Z,3.8121,118.2614,230.8988,0.5115,0.0329,3.8727,106.8773,230.3367,0.4644,0.0341,3.774,102.7741,233.1046,0.4408,0.0367
2015-12-05T02:10:59.859Z,4.122,117.5029,230.7423,0.509,0.0346,4.2346,103.7621,231.2343,0.4489,0.0393,3.2597,106.0402,233.5395,0.4538,0.0312
2015-12-05T02:11:59.125Z,3.4553,118.2338,231.1188,0.5113,0.0291,4.5259,102.4646,231.4878,0.4429,0.0446,2.9162,105.7667,233.9023,0.452,0.0264
2015-12-05T02:12:59.849Z,5.1697,120.0637,231.191,0.5191,0.0424,3.528,104.8417,232.0092,0.452,0.0337,3.6435,103.9655,233.9891,0.4442,0.0348
2015-12-05T02:13:59.421Z,4.1262,119.9838,231.6014,0.518,0.0349,3.4763,106.2813,232.3174,0.4576,0.0317,3.4548,107.1778,234.3872,0.4573,0.0316
2015-12-05T02:14:59.734Z,4.018,122.4587,231.8789,0.5282,0.0325,4.0947,105.6063,232.5381,0.4538,0.0399,3.3654,104.8612,234.2911,0.4476,0.0311
2015-12-05T02:15:59.667Z,4.0168,121.2322,231.6293,0.5227,0.0335,4.3448,110.2769,232.7102,0.4747,0.0388,3.6421,104.6947,234.1326,0.447,0.0347
2015-12-05T02:16:59.074Z,4.556,119.4003,231.842,0.5146,0.0377,3.7921,105.9208,232.2733,0.456,0.0372,3.237,107.304,234.6741,0.457,0.0303
2015-12-05T02:17:59.506Z,3.6109,120.9434,231.6773,0.5213,0.0289,3.97,105.0066,232.6775,0.4509,0.0377,3.9134,104.1577,234.512,0.4447,0.0377
2015-12-05T02:18:59.872Z,4.6714,118.8411,231.3614,0.5134,0.0396,4.0998,108.089,232.7945,0.4636,0.0398,2.7012,100.9198,234.1697,0.4308,0.0257
2015-12-05T02:19:59.450Z,3.6807,122.0329,231.7093,0.5266,0.031,3.8408,108.0244,232.5087,0.4648,0.0353,3.4106,105.4537,234.4493,0.4499,0.0314
2015-12-05T02:20:59.758Z,3.3147,121.3757,231.9202,0.5222,0.0276,4.2499,104.1249,232.8936,0.447,0.0403,2.9044,104.2273,234.2895,0.4447,0.0279
2015-12-05T02:21:59.334Z,4.3367,119.0929,232.491,0.5121,0.0363,3.8689,106.0145,232.5688,0.4553,0.037,3.1865,105.9353,233.9953,0.4532,0.0297
2015-12-05T02:22:59.684Z,5.6844,119.1613,232.2384,0.513,0.0473,3.207,103.2525,232.5855,0.4435,0.0331,3.3125,106.3897,233.8963,0.4547,0.0308
2015-12-05T02:23:59.232Z,5.0481,122.081,232.099,0.526,0.0419,3.4602,103.2669,232.2058,0.4446,0.0341,3.3288,107.6561,233.8147,0.4599,0.03
2015-12-05T02:24:59.629Z,3.0289,120.1999,231.8127,0.5185,0.0255,4.2754,104.578,232.587,0.4493,0.0399,3.9926,106.5317,234.0397,0.4551,0.0374
2015-12-05T02:25:59.137Z,4.6067,120.3814,231.9106,0.5188,0.0381,4.3447,107.2087,232.8263,0.4611,0.0402,3.4643,105.9399,234.1276,0.4523,0.0332
2015-12-05T02:26:59.387Z,3.39,119.3586,232.6246,0.5126,0.0267,4.0754,104.9388,232.7222,0.4501,0.0399,3.3657,103.7611,234.4229,0.4424,0.0322
2015-12-05T02:27:59.849Z,4.9653,120.6274,232.7504,0.5182,0.0413,3.9699,105.4105,232.9622,0.4527,0.0391,2.9926,108.3476,234.526,0.462,0.028
2015-12-05T02:28:59.338Z,2.8826,121.8752,232.6648,0.5237,0.0243,4.382,104.2789,232.2196,0.4485,0.0407,3.5549,108.1661,233.8937,0.4626,0.0302
2015-12-05T02:29:59.946Z,3.3335,121.2396,232.3508,0.5217,0.0289,3.9537,105.5496,231.9091,0.4552,0.0375,3.8436,107.6263,233.8134,0.461,0.0359
2015-12-05T02:30:59.214Z,3.4366,120.8971,232.2693,0.5203,0.0282,3.2861,107.2053,231.6723,0.4626,0.0298,3.2943,106.72,233.8983,0.4563,0.0284
2015-12-05T02:31:59.593Z,4.7405,121.4019,232.2755,0.5226,0.0386,3.9818,103.8156,231.6226,0.4478,0.0382,3.3722,105.3197,233.6866,0.4503,0.032
2015-12-05T02:33:59.412Z,4.2268,120.7014,232.3991,0.5195,0.0357,3.8336,102.9103,231.0501,0.4452,0.0361,3.0481,106.6464,233.4705,0.4569,0.0289
2015-12-05T02:34:59.895Z,3.2642,117.202,231.956,0.5048,0.028,3.9041,106.5144,230.4337,0.4618,0.0375,3.3377,104.7893,232.7829,0.45,0.0308
2015-12-05T02:35:59.003Z,4.733,122.3062,232.3262,0.5261,0.0396,4.1644,106.9672,229.2887,0.4667,0.0394,3.0746,105.1867,232.072,0.4529,0.0281
2015-12-05T02:36:59.472Z,4.1893,120.8265,232.1146,0.5199,0.0353,3.8886,105.2255,229.0638,0.4598,0.0367,3.1523,105.0285,231.9193,0.453,0.0299
2015-12-05T02:37:59.648Z,4.23,118.6978,231.7337,0.5122,0.0344,3.8126,103.447,228.8832,0.4521,0.0375,3.4497,105.8644,231.8574,0.4566,0.0321
2015-12-05T02:38:59.030Z,3.6937,120.1417,231.9402,0.5176,0.0313,4.7409,104.581,228.8138,0.4574,0.045,2.5934,105.5507,232.2609,0.4543,0.0242
2015-12-05T02:39:59.752Z,3.9083,121.1879,231.815,0.5232,0.0309,4.0097,102.8893,229.097,0.4488,0.0389,3.3921,107.7466,232.6454,0.463,0.0327
2015-12-05T02:40:59.061Z,4.75,121.1933,232.2329,0.5218,0.0392,3.8961,104.813,229.8628,0.456,0.0363,2.9952,104.6719,233.2368,0.4484,0.0276
2015-12-05T02:41:59.815Z,4.291,118.7645,232.1196,0.5115,0.0365,4.0709,104.9337,229.9301,0.4562,0.0379,4.553,105.9425,232.9313,0.4546,0.0418
2015-12-05T02:42:59.863Z,3.4613,117.0471,232.2388,0.5038,0.0302,4.2497,103.3125,229.8856,0.4495,0.043,3.9604,103.0463,232.9934,0.4419,0.0389
2015-12-05T02:43:59.105Z,4.8864,120.5297,232.3056,0.5186,0.0409,3.6863,104.7498,229.7894,0.4559,0.0352,2.8667,106.1342,232.6709,0.4563,0.0282
2015-12-05T02:44:59.868Z,4.3434,120.3934,231.8834,0.5193,0.0346,3.4468,105.9076,229.8163,0.4607,0.0324,4.4979,105.6551,232.5979,0.4542,0.0413
2015-12-05T02:45:59.016Z,2.8255,120.1331,232.2908,0.5169,0.024,4.4265,107.0848,230.313,0.4647,0.0407,2.9966,103.9862,232.6349,0.447,0.0285
2015-12-05T02:46:59.443Z,4.9335,118.2257,231.5954,0.5101,0.0418,3.9096,102.6365,230.1696,0.4463,0.037,3.9012,100.8887,232.4438,0.4345,0.0404
2015-12-05T02:47:59.760Z,4.0783,118.5222,231.7028,0.5118,0.0347,4.0245,105.5743,230.0761,0.4587,0.0396,3.7995,107.8962,232.3195,0.4637,0.0345
2015-12-05T02:48:59.243Z,4.5411,120.0558,231.8841,0.5167,0.0383,3.6782,106.0032,229.5522,0.4618,0.0343,3.1192,103.9817,232.2672,0.4477,0.0321
2015-12-05T02:49:59.793Z,4.1533,117.9336,231.8016,0.5088,0.0353,4.247,106.23,229.4827,0.4635,0.0395,3.7242,104.8511,232.5238,0.4509,0.037
2015-12-05T02:50:59.083Z,3.311,121.7714,232.4936,0.5233,0.026,3.9497,106.0831,229.8151,0.4617,0.0378,3.2613,105.1483,232.6539,0.4517,0.0317
2015-12-05T02:51:59.621Z,4.3569,117.8322,232.898,0.5053,0.0368,2.6363,101.863,230.2959,0.4423,0.0302,3.4593,100.7108,232.3158,0.4334,0.0365
2015-12-05T02:52:59.003Z,4.319,119.8823,232.611,0.515,0.0373,3.9534,107.9517,230.2113,0.4689,0.0368,2.8253,104.9692,233.1719,0.45,0.0277
2015-12-05T02:53:59.034Z,4.0247,120.196,232.6524,0.5166,0.0331,3.4392,104.5574,229.834,0.4551,0.0337,3.918,105.0036,233.5914,0.4495,0.0368
2015-12-05T02:54:59.804Z,3.0166,119.9921,232.4789,0.5163,0.0258,4.2188,104.2547,229.1648,0.4546,0.0421,2.9969,107.6308,233.1856,0.4616,0.0288
2015-12-05T02:55:59.192Z,4.0949,119.8329,232.6358,0.5149,0.034,4.2896,104.9045,229.1716,0.4578,0.0412,4.5474,107.4307,233.0899,0.4608,0.0418
2015-12-05T02:56:59.366Z,4.2944,119.9497,232.5889,0.5157,0.0364,3.5948,103.4373,229.4691,0.4508,0.0362,3.8268,103.247,232.8109,0.443,0.0362
2015-12-05T02:57:59.668Z,3.8605,119.9216,233.0798,0.5138,0.0324,4.3316,106.2379,229.6254,0.4627,0.041,3.1125,105.4324,233.5608,0.4514,0.0316
2015-12-05T02:58:59.137Z,4.477,119.0634,232.9651,0.5106,0.0379,3.3488,105.2153,229.2512,0.4588,0.0323,3.893,107.1001,233.4323,0.459,0.0361
2015-12-05T02:59:59.618Z,3.8591,117.6605,232.4542,0.506,0.0334,4.0535,106.931,228.6931,0.4681,0.0374,4.1629,104.2976,233.2479,0.4469,0.0385
2015-12-05T03:00:59.681Z,3.7876,117.302,233.1102,0.5033,0.0318,3.8146,104.2157,228.6902,0.4562,0.0388,2.6422,102.2123,232.7046,0.4395,0.0266
2015-12-05T03:01:59.125Z,4.375,119.7662,232.9093,0.5134,0.0383,3.9943,101.9446,229.121,0.4442,0.0387,3.1544,105.6182,232.7483,0.4537,0.0317
2015-12-05T03:02:59.841Z,4.5162,120.6807,233.0249,0.5179,0.0383,3.8754,104.5105,228.901,0.4567,0.039,3.1523,105.542,232.6363,0.4535,0.0288
2015-12-05T03:03:59.967Z,4.3871,121.0134,233.083,0.5189,0.0364,4.042,105.7107,228.474,0.4626,0.0377,3.4112,105.2305,232.5405,0.4524,0.033
2015-12-05T03:04:59.346Z,3.8534,121.8398,232.6172,0.5238,0.0318,4.2788,104.7236,228.0684,0.459,0.0396,3.7794,105.2566,232.5741,0.4526,0.0358
2015-12-05T03:05:59.537Z,4.2336,121.7513,232.9171,0.5221,0.0353,3.7234,101.5416,228.9377,0.4432,0.0382,3.1527,107.1958,233.2432,0.4592,0.0312
2015-12-05T03:06:59.808Z,3.1982,116.4208,232.2222,0.5013,0.0287,4.1547,99.2316,229.1751,0.4329,0.0455,2.7091,103.8034,233.368,0.4446,0.0285
2015-12-05T03:07:59.033Z,3.6894,120.7924,232.3436,0.5198,0.0306,3.5698,104.0007,228.8421,0.4547,0.0361,3.9633,105.4292,233.1704,0.4519,0.0377
2015-12-05T03:08:59.867Z,3.3471,119.1221,232.3912,0.5121,0.0283,4.0965,104.902,229.0202,0.458,0.0396,3.3764,104.5543,233.5009,0.4478,0.033
2015-12-05T03:09:59.080Z,5.0009,119.9,232.344,0.5155,0.0431,4.1728,105.4627,229.0446,0.4607,0.038,3.6616,106.4661,233.4439,0.4561,0.0338
2015-12-05T03:10:59.370Z,4.3939,120.029,232.5853,0.5158,0.035,3.6143,102.33,229.1758,0.4465,0.0353,2.9322,104.8849,233.3252,0.4499,0.0274
2015-12-05T03:11:59.729Z,4.466,118.7613,232.1545,0.5115,0.0373,2.9789,103.3519,229.1225,0.4512,0.0275,3.1805,104.3762,233.1081,0.4478,0.0327
2015-12-05T03:12:59.086Z,4.0129,120.9088,232.2502,0.5199,0.0332,3.9472,105.0591,229.2707,0.4584,0.038,3.0141,104.4054,232.9217,0.4481,0.029
2015-12-05T03:13:59.238Z,3.6281,119.069,232.6031,0.5116,0.0297,4.1877,103.4316,229.5893,0.4503,0.0405,3.4362,105.631,233.2412,0.452,0.0326
2015-12-05T03:14:59.635Z,4.514,120.3111,232.6893,0.5168,0.0386,4.7244,106.769,229.5382,0.4654,0.0437,3.6118,106.6871,232.9336,0.458,0.0322
2015-12-05T03:15:59.084Z,3.3727,120.3241,232.6861,0.5168,0.029,3.289,104.1456,229.4989,0.4536,0.0314,3.8712,107.2757,232.8658,0.4607,0.0362
2015-12-05T03:16:59.727Z,3.2672,120.5437,232.9527,0.5175,0.027,4.4414,104.8971,229.6371,0.4564,0.0417,3.5987,105.8173,233.0447,0.4539,0.0329
2015-12-05T03:17:59.672Z,272.2163,509.6401,232.8914,2.195,0.225,286.6941,543.3894,229.1994,2.3794,0.217,560.6341,815.2319,231.8318,3.5327,0.5484
2015-12-05T03:18:59.013Z,947.698,1434.4976,231.5317,6.1951,0.661,962.8297,1447.3948,228.4148,6.3361,0.6649,1508.5269,2083.6494,230.2042,9.0511,0.7233
2015-12-05T03:19:59.369Z,979.9524,1467.5421,231.7727,6.3313,0.6676,984.246,1465.7656,228.3488,6.4188,0.6717,1540.9379,2104.1154,230.4356,9.13,0.7319
2015-12-05T03:20:59.998Z,993.3113,1466.7433,231.3194,6.3401,0.678,991.1919,1467.641,227.6726,6.4459,0.6752,1539.209,2086.7708,229.5806,9.0887,0.738
2015-12-05T03:21:59.258Z,1000.389,1465.7067,231.0726,6.3427,0.6825,1006.2804,1479.1418,227.7056,6.4955,0.6801,1541.9999,2086.7539,229.5584,9.0899,0.7396
2015-12-05T03:22:59.697Z,1012.2398,1480.6848,231.2279,6.4032,0.6836,1012.437,1484.782,227.4828,6.5264,0.6823,1555.4988,2096.191,230.0263,9.1127,0.7412
2015-12-05T03:23:59.917Z,1015.5088,1482.2197,231.0983,6.4132,0.6852,1028.528,1494.8083,227.7482,6.563,0.6879,1563.5009,2106.075,229.9123,9.1597,0.7423
2015-12-05T03:24:59.181Z,1017.8606,1470.0964,231.1034,6.3615,0.6924,1054.0711,1525.9448,228.8075,6.6692,0.6909,1551.4907,2107.2967,229.6589,9.1751,0.7374
2015-12-05T03:25:59.763Z,1005.5535,1474.3822,231.2629,6.3755,0.6821,1047.9737,1518.2188,229.2558,6.6224,0.6905,1561.5353,2127.4686,230.7564,9.2192,0.7334
2015-12-05T03:26:59.084Z,996.4798,1462.1609,229.8763,6.36,0.6811,1060.1041,1504.1032,228.5485,6.5807,0.7045,1586.2835,2150.2149,230.9662,9.3093,0.7381
2015-12-05T03:27:59.123Z,1017.1856,1464.9706,229.9858,6.369,0.6939,1067.0674,1517.4612,228.4424,6.6424,0.7037,1574.0099,2121.1761,229.7063,9.2332,0.7419
2015-12-05T03:28:59.375Z,979.1241,1434.4011,229.8839,6.2394,0.6823,1011.6227,1469.6268,228.0694,6.4432,0.6881,1527.5822,2070.9757,229.3929,9.0281,0.7374
2015-12-05T03:29:59.613Z,954.6767,1433.3478,230.0429,6.2308,0.6661,979.3713,1424.2719,226.4887,6.2876,0.6876,1536.9301,2068.223,230.0177,8.9913,0.7429
2015-12-05T03:30:59.232Z,941.307,1412.7624,228.4904,6.1824,0.6664,989.1019,1403.5098,225.8504,6.2138,0.7046,1555.3893,2081.7049,229.7172,9.0609,0.7469
2015-12-05T03:31:59.026Z,964.0996,1405.5351,228.2513,6.1576,0.6855,1024.8755,1465.6617,228.3454,6.4181,0.6991,1518.3349,2061.7003,229.0113,9.0019,0.7371
2015-12-05T03:32:59.287Z,968.225,1402.7209,228.038,6.1506,0.6904,1031.0491,1474.1442,228.7032,6.4448,0.6997,1514.2817,2058.3617,228.757,8.9976,0.7361
2015-12-05T03:33:59.589Z,968.393,1404.0257,227.967,6.1582,0.6903,1042.7979,1474.0406,228.3289,6.4551,0.7074,1533.648,2079.4809,229.1709,9.0731,0.7373
2015-12-05T03:34:59.122Z,983.3689,1433.183,228.9428,6.2596,0.686,1028.4845,1464.8066,227.6771,6.4331,0.7024,1544.7484,2074.7257,229.2733,9.0479,0.7452
2015-12-05T03:35:59.377Z,984.09,1417.3372,228.5967,6.1999,0.6942,1061.4119,1503.5743,229.1544,6.5616,0.7058,1531.5882,2084.4992,229.4562,9.0837,0.7348
2015-12-05T03:36:59.717Z,991.4938,1423.1474,228.3511,6.232,0.6971,1067.3829,1498.5031,228.4967,6.5574,0.7127,1548.5006,2091.6284,229.2124,9.1247,0.7404
2015-12-05T03:37:59.347Z,1006.7944,1436.5188,229.0484,6.2713,0.7006,1064.0985,1501.8693,227.819,6.5921,0.7091,1548.1889,2081.8969,228.9936,9.0906,0.7434
2015-12-05T03:38:59.310Z,1019.1908,1442.1988,228.7478,6.3044,0.7066,1083.4599,1518.7203,227.9855,6.6606,0.713,1558.1653,2089.942,228.9494,9.1278,0.7461
2015-12-05T03:39:59.668Z,993.373,1402.4829,226.5742,6.1898,0.7074,1113.9903,1525.7199,228.8113,6.6678,0.7304,1558.5066,2112.4822,229.1296,9.2193,0.7381
2015-12-05T03:40:59.918Z,1018.9552,1434.1794,227.1648,6.3126,0.71,1113.7532,1530.4693,228.7297,6.6908,0.7281,1576.2084,2119.283,229.2926,9.2421,0.7437
2015-12-05T03:41:59.245Z,1017.4518,1424.7355,227.866,6.2525,0.7146,1107.0556,1539.2067,228.9647,6.722,0.7193,1545.7563,2089.177,228.5069,9.142,0.7401
2015-12-05T03:42:59.583Z,1018.0748,1422.6052,227.6723,6.2483,0.7154,1106.3051,1539.4176,229.0942,6.7194,0.7188,1544.7513,2084.5211,228.2792,9.1307,0.7408
2015-12-05T03:43:59.522Z,1003.837,1410.0358,227.4369,6.1989,0.7118,1099.3713,1526.2854,229.0688,6.6621,0.7206,1539.6992,2079.5002,228.0642,9.1176,0.7401
2015-12-05T03:44:59.740Z,1023.2246,1424.1201,227.3603,6.2637,0.7188,1116.1628,1544.2476,229.066,6.7411,0.722,1551.4086,2089.4659,228.2532,9.1534,0.7419
2015-12-05T03:45:59.074Z,1013.7606,1438.2485,228.0383,6.3069,0.7049,1090.8797,1522.6033,228.78,6.6549,0.7161,1560.2476,2101.4791,229.639,9.1503,0.7426
2015-12-05T03:46:59.500Z,1048.747,1454.3939,227.5399,6.3917,0.7208,1101.4966,1516.5828,226.7648,6.6878,0.7263,1580.1073,2083.8208,227.5861,9.1556,0.7576
2015-12-05T03:47:59.075Z,1038.2967,1440.2022,227.5335,6.3289,0.7209,1097.3899,1516.9039,227.0838,6.6794,0.7236,1562.8254,2069.5124,227.3884,9.1008,0.7553
2015-12-05T03:48:59.332Z,1096.3043,1462.1353,227.7999,6.4177,0.75,1117.8313,1556.7879,227.3399,6.8471,0.718,1541.3307,2021.3651,224.1618,9.0158,0.7619
2015-12-05T03:49:59.669Z,1047.3158,1442.8941,226.869,6.3596,0.7259,1106.4758,1516.3461,226.885,6.6828,0.7297,1574.0137,2075.0496,226.8772,9.1456,0.7593
2015-12-05T03:50:59.561Z,1057.1991,1444.5703,225.8079,6.3972,0.7311,1142.3463,1535.7593,227.2057,6.7589,0.7438,1606.3254,2112.3428,227.2418,9.2949,0.7601
2015-12-05T03:51:59.903Z,1049.7759,1432.092,226.122,6.3337,0.7337,1138.4029,1546.1931,227.8339,6.7856,0.7363,1572.189,2085.0642,227.02,9.1834,0.7538
2015-12-05T03:52:59.170Z,1071.5731,1452.369,226.2691,6.4182,0.7376,1159.8275,1561.199,227.5429,6.8607,0.7424,1601.1455,2109.2953,226.8831,9.2964,0.7599
2015-12-05T03:53:59.493Z,1066.712,1467.94,227.1663,6.462,0.7269,1116.1222,1518.8168,226.0136,6.7201,0.7347,1603.9582,2091.8934,227.0923,9.2107,0.7666
2015-12-05T03:54:59.009Z,1093.717,1484.6237,227.5993,6.5229,0.7372,1146.5733,1557.4103,226.9197,6.8627,0.7367,1614.601,2105.8658,226.8362,9.2836,0.7671
2015-12-05T03:55:59.210Z,1093.788,1494.0099,229.0311,6.5226,0.7319,1123.7224,1559.6523,227.5488,6.8539,0.7207,1587.7702,2082.8939,227.2114,9.1668,0.7613
2015-12-05T03:56:59.098Z,1123.4739,1525.6351,229.4136,6.6497,0.7364,1136.4338,1570.0506,227.0145,6.9158,0.7239,1614.1482,2099.6494,227.4013,9.2329,0.769
2015-12-05T03:57:59.469Z,1102.1187,1526.1677,229.6397,6.6456,0.7218,1113.4921,1542.577,226.8797,6.7984,0.7218,1621.7522,2109.582,228.2432,9.2412,0.7694
2015-12-05T03:58:59.890Z,1123.3732,1544.8419,229.6829,6.7256,0.7276,1128.7626,1553.0283,226.5634,6.8542,0.726,1648.2009,2131.2493,228.304,9.334,0.7726
2015-12-05T03:59:59.498Z,1107.2484,1529.1997,228.5475,6.6904,0.7244,1122.1304,1537.8291,226.8589,6.7783,0.7298,1642.6746,2126.0201,228.3218,9.3109,0.7729
