2015-12-10T00:00:59.102Z,5.6834,110.8956,232.079,0.4779,0.0523,3.6906,97.9759,229.6301,0.4268,0.0383,83.8011,127.8994,232.4549,0.5504,0.6572
2015-12-10T00:01:59.454Z,4.4612,113.9518,232.0218,0.4908,0.0384,3.0135,99.6523,228.8434,0.4355,0.0303,81.8184,128.8366,231.5735,0.5562,0.6392
2015-12-10T00:02:59.197Z,3.8077,113.3729,231.7382,0.4892,0.0338,3.91,97.7301,230.2443,0.4247,0.0403,83.0698,128.1493,232.8624,0.5507,0.6497
2015-12-10T00:03:59.431Z,2.2934,117.2535,232.0177,0.5052,0.0197,3.2838,102.4126,232.0095,0.4413,0.0329,83.5134,129.7134,233.9992,0.5545,0.6459
2015-12-10T00:04:59.061Z,3.1059,113.1558,232.0064,0.4873,0.0269,4.2027,100.3224,231.682,0.4328,0.0404,83.883,129.7771,234.0229,0.5541,0.6488
2015-12-10T00:05:59.880Z,3.618,114.7525,231.9613,0.4943,0.0317,3.1841,98.624,231.9868,0.4257,0.0332,82.8322,130.0349,233.4957,0.5568,0.6415
2015-12-10T00:06:59.235Z,4.2699,114.5381,231.5977,0.494,0.0389,3.6597,99.3688,232.0023,0.428,0.0352,83.8081,129.1162,233.532,0.5531,0.6519
2015-12-10T00:07:59.676Z,4.5079,115.0768,232.3097,0.4951,0.0389,3.0297,99.0493,232.284,0.4268,0.0322,83.6573,130.4688,233.8495,0.5575,0.6452
2015-12-10T00:08:59.049Z,3.3353,113.8859,232.0227,0.4903,0.0297,4.1568,99.1089,231.7043,0.4276,0.0421,84.4246,131.9501,234.2573,0.5633,0.6424
2015-12-10T00:09:59.538Z,3.8766,114.2451,231.6463,0.4927,0.0342,4.1973,97.9907,230.6671,0.4249,0.0411,84.0573,128.6069,233.8241,0.5495,0.6574
2015-12-10T00:10:59.796Z,4.4689,115.104,231.8748,0.4959,0.0388,4.2281,100.9462,229.8891,0.4391,0.0416,82.9565,129.1584,233.4456,0.5537,0.6437
2015-12-10T00:11:59.452Z,3.871,112.033,232.0279,0.483,0.0359,3.6335,98.3444,229.7513,0.4277,0.0387,81.5741,127.5482,231.7384,0.5503,0.6424
2015-12-10T00:12:59.787Z,4.3901,112.3099,232.204,0.4832,0.0393,3.6237,99.0469,230.127,0.4309,0.0366,82.6479,128.4036,231.6162,0.5545,0.6474
2015-12-10T00:13:59.092Z,4.0997,115.2501,232.627,0.4949,0.0356,3.8579,101.3711,231.4409,0.438,0.0383,82.7276,129.2349,231.657,0.5579,0.6414
2015-12-10T00:14:59.527Z,4.4046,115.9607,232.4102,0.4984,0.0385,3.3055,100.469,231.4755,0.4337,0.033,81.8829,129.9901,231.6107,0.5612,0.6331
2015-12-10T00:15:59.912Z,4.4657,113.25,232.3454,0.4875,0.0387,4.6039,103.5938,231.8021,0.4471,0.0429,82.8521,128.4074,231.5958,0.5543,0.6482
2015-12-10T00:16:59.705Z,3.9488,115.6011,232.704,0.4968,0.0333,4.4714,104.4766,231.8678,0.4511,0.0411,82.0014,129.9092,232.13,0.5599,0.6338
2015-12-10T00:17:59.915Z,4.2054,115.2664,232.7364,0.4954,0.038,3.4714,98.0051,231.1316,0.424,0.0389,82.6907,131.764,232.1308,0.5677,0.6324
2015-12-10T00:18:59.185Z,3.8455,115.8619,232.6622,0.4973,0.0326,3.8693,101.8896,230.7969,0.4412,0.0385,82.0888,131.4961,230.8446,0.5692,0.6281
2015-12-10T00:19:59.076Z,4.5295,118.5959,231.4397,0.5124,0.0384,3.1464,103.1147,230.476,0.4473,0.0314,81.883,127.8385,231.3558,0.5524,0.6433
2015-12-10T00:20:59.870Z,3.6684,113.9512,230.9625,0.4928,0.0338,3.334,100.6504,230.5283,0.4362,0.033,82.6149,128.7865,231.6951,0.5562,0.6426
2015-12-10T00:21:59.546Z,4.7394,115.5064,231.1308,0.4992,0.0411,3.525,101.2967,230.4043,0.4392,0.0356,83.7603,131.2867,232.847,0.5636,0.641
2015-12-10T00:22:59.726Z,5.4375,115.8101,231.5411,0.5,0.0477,4.085,101.5292,230.1822,0.4407,0.0391,82.925,130.3142,232.8078,0.5598,0.6363
2015-12-10T00:23:59.965Z,3.2743,115.6549,232.6892,0.497,0.0279,3.8266,100.9801,231.8395,0.4357,0.0386,84.0586,130.6008,233.2385,0.5603,0.6465
2015-12-10T00:24:59.408Z,4.8881,116.0561,232.6843,0.4986,0.0414,4.5644,102.7369,231.526,0.4444,0.0451,82.8028,129.3277,233.344,0.5542,0.6422
2015-12-10T00:25:59.701Z,4.258,117.3014,232.5302,0.5045,0.036,3.5722,102.7382,232.0831,0.4425,0.0365,82.823,129.2763,233.0247,0.5544,0.6426
2015-12-10T00:26:59.953Z,3.2471,114.0067,232.408,0.4903,0.0284,3.8707,97.6349,231.7675,0.4218,0.0433,83.7489,129.8612,233.2355,0.5565,0.648
2015-12-10T00:27:59.347Z,4.4287,117.3432,233.1726,0.503,0.0383,3.6461,100.812,231.7342,0.4352,0.0393,83.7502,132.4943,233.2219,0.5678,0.638
2015-12-10T00:28:59.637Z,3.896,117.6629,233.278,0.5048,0.0335,3.5802,99.852,232.5845,0.4289,0.0362,82.9285,131.3752,233.5385,0.5623,0.6342
2015-12-10T00:29:59.122Z,3.2521,115.4831,232.7208,0.4959,0.028,4.4707,103.6007,231.7914,0.4468,0.0403,83.3484,131.4334,232.9649,0.5642,0.6368
2015-12-10T00:30:59.421Z,4.8089,117.3248,232.8002,0.5038,0.0413,3.9655,101.6686,231.6546,0.4392,0.0398,83.4451,130.2957,232.7779,0.56,0.6421
2015-12-10T00:31:59.806Z,4.5976,115.6162,232.2795,0.4975,0.04,3.2792,99.3098,231.8076,0.4286,0.0335,82.1398,128.8752,231.6319,0.5566,0.6418
2015-12-10T00:32:59.270Z,3.7488,114.6216,232.5097,0.4926,0.0333,4.4429,100.459,231.7306,0.4337,0.0428,81.9327,129.01,231.8476,0.5563,0.6369
2015-12-10T00:33:59.733Z,3.8489,116.5451,233.0841,0.4998,0.0336,3.8951,103.8848,232.4829,0.4463,0.0392,83.8955,132.3196,234.0805,0.565,0.6367
2015-12-10T00:34:59.924Z,4.6249,114.79,233.2553,0.4919,0.0401,3.422,102.8951,232.9478,0.4415,0.0343,82.0826,129.2184,231.6743,0.5576,0.6381
2015-12-10T00:35:59.349Z,3.55,116.2249,232.6821,0.4997,0.0306,4.7169,103.5772,232.8879,0.445,0.0456,85.1663,132.6151,234.4516,0.5651,0.6433
2015-12-10T00:36:59.612Z,3.4369,116.4895,232.557,0.5005,0.0309,3.8308,102.7308,232.4399,0.4418,0.0378,83.2411,129.3444,233.8691,0.5529,0.6456
2015-12-10T00:37:59.891Z,4.6246,115.3126,233.3457,0.494,0.041,3.0896,100.426,228.9437,0.4388,0.0323,83.319,129.6591,234.5745,0.5532,0.6452
2015-12-10T00:38:59.515Z,3.587,115.4103,232.75,0.4958,0.0303,4.5554,100.913,230.0578,0.4381,0.0463,83.7048,132.5446,234.178,0.566,0.6359
2015-12-10T00:39:59.206Z,4.7831,116.2484,232.1122,0.5012,0.0412,3.4378,101.9788,230.1472,0.4429,0.0354,82.9584,131.5364,233.2501,0.5638,0.6344
2015-12-10T00:40:59.734Z,5.0982,116.9683,231.8402,0.5049,0.0424,3.9604,102.3053,230.5,0.4435,0.0377,83.3709,131.7854,233.3162,0.5649,0.6338
2015-12-10T00:41:59.675Z,4.638,115.0611,231.0751,0.4974,0.041,4.0088,101.3803,230.4141,0.4402,0.0391,81.6642,129.0719,231.9382,0.5568,0.6349
2015-12-10T00:42:59.052Z,4.9524,114.0113,230.6557,0.494,0.0437,3.5031,102.2621,232.1501,0.4406,0.0347,82.6378,130.3271,231.9592,0.5617,0.6362
2015-12-10T00:43:59.320Z,3.1805,116.5479,231.8567,0.5032,0.0275,4.2873,102.6773,232.656,0.4412,0.0433,83.742,131.4027,233.6034,0.5618,0.6408
2015-12-10T00:44:59.589Z,4.1956,115.4259,232.1515,0.4973,0.0382,3.71,100.6404,232.3864,0.4331,0.0355,83.0455,129.9847,233.7449,0.5562,0.6398
2015-12-10T00:45:59.820Z,5.0909,115.8462,231.722,0.4998,0.0437,3.1443,99.3845,232.2302,0.4281,0.0324,83.5716,131.0952,233.4232,0.5618,0.6402
2015-12-10T00:46:59.068Z,3.8929,113.4799,231.6656,0.4899,0.0359,3.6632,101.1519,232.3631,0.4352,0.0393,83.3213,129.7404,233.4634,0.5559,0.6452
2015-12-10T00:47:59.872Z,4.3459,117.3011,232.0887,0.5052,0.0372,3.1655,101.4183,232.6622,0.436,0.0321,84.1325,130.0224,234.2316,0.5549,0.6498
2015-12-10T00:48:59.410Z,4.5711,116.4417,231.844,0.502,0.0388,3.415,99.5411,232.252,0.4283,0.0342,83.9868,133.2008,234.4363,0.5682,0.6347
2015-12-10T00:49:59.657Z,4.8935,118.6067,231.7418,0.5113,0.0403,4.5166,102.9902,231.7124,0.4445,0.0426,83.747,131.6086,234.1041,0.5621,0.6396
2015-12-10T00:50:59.995Z,4.1909,113.6902,231.4665,0.491,0.0361,3.9472,99.1553,231.2754,0.4291,0.0433,82.9947,129.4939,232.8675,0.5559,0.6465
2015-12-10T00:51:59.404Z,4.4731,115.8898,232.283,0.4983,0.0404,3.6339,99.5797,230.6176,0.4318,0.0374,82.7216,129.9738,232.7479,0.559,0.641
2015-12-10T00:52:59.078Z,4.2211,117.5654,232.4984,0.5053,0.0358,4.0538,101.0296,231.4751,0.4362,0.0408,83.3844,131.6417,233.3846,0.5646,0.635
2015-12-10T00:53:59.356Z,4.9813,112.8123,231.8256,0.4864,0.043,3.0893,100.1867,232.6166,0.4305,0.0295,83.1924,131.4745,233.8644,0.5621,0.6355
2015-12-10T00:54:59.590Z,4.5009,116.167,232.3774,0.4999,0.039,4.1951,101.7389,232.6218,0.437,0.0402,84.0259,132.4545,234.1402,0.5663,0.6365
2015-12-10T00:55:59.940Z,5.8342,116.0454,232.3577,0.4993,0.0502,2.7537,101.3131,232.4298,0.4356,0.028,83.9233,132.6181,234.1122,0.5666,0.6348
2015-12-10T00:56:59.413Z,4.1638,117.0624,232.046,0.5042,0.0358,4.0612,100.6616,232.192,0.4334,0.0412,83.9889,132.2347,234.2059,0.5642,0.637
2015-12-10T00:57:59.717Z,3.8138,115.8766,232.5887,0.4979,0.0331,4.1088,103.1342,232.4834,0.4432,0.0404,84.3905,133.1319,234.4249,0.5675,0.6368
2015-12-10T00:58:59.970Z,4.4764,116.3391,232.153,0.5005,0.038,4.0247,102.6037,232.4792,0.442,0.0399,84.5054,132.369,234.0591,0.5659,0.642
2015-12-10T00:59:59.774Z,4.5603,114.2796,231.3004,0.4941,0.0397,3.9162,101.6088,231.7652,0.4379,0.0371,84.2799,130.7684,233.718,0.5594,0.6467
2015-12-10T01:00:59.044Z,4.4758,109.682,231.1329,0.4744,0.0402,4.0244,102.5043,230.9962,0.4434,0.0392,83.2042,128.8888,233.6308,0.5516,0.6492
2015-12-10T01:01:59.715Z,5.6095,116.7083,230.7171,0.5053,0.0487,4.1168,100.9111,230.7346,0.4376,0.0442,84.2091,129.4303,234.4067,0.5516,0.6555
2015-12-10T01:02:59.049Z,5.2978,117.1025,231.2445,0.5057,0.0445,4.1926,101.9735,230.9326,0.4415,0.0411,84.1236,131.6636,233.7487,0.563,0.6418
2015-12-10T01:03:59.605Z,4.6672,115.8041,232.1424,0.4983,0.0408,4.3223,102.5764,232.4189,0.4412,0.0426,83.9227,131.7111,233.8461,0.5636,0.6396
2015-12-10T01:04:59.062Z,4.942,115.4779,232.4764,0.4967,0.0422,3.1128,100.283,232.279,0.432,0.0313,83.8106,131.4122,233.6998,0.5621,0.6407
2015-12-10T01:05:59.488Z,5.2813,116.3382,231.7753,0.5025,0.0478,3.5038,100.0537,231.7391,0.432,0.0361,83.5289,132.2205,233.273,0.5667,0.6364
2015-12-10T01:06:59.287Z,3.3647,119.2101,231.5459,0.5141,0.0283,4.6842,104.1617,231.3304,0.4498,0.0449,83.3812,131.673,233.039,0.5647,0.6344
2015-12-10T01:07:59.572Z,4.3191,118.7745,231.8322,0.5122,0.0356,4.0465,102.0376,231.7719,0.4407,0.0408,83.7222,132.2381,233.5113,0.5663,0.6362
2015-12-10T01:08:59.791Z,4.3454,124.9664,231.3433,0.5397,0.0334,4.2011,113.6123,231.8895,0.4891,0.0369,83.6577,139.2421,233.1954,0.5973,0.602
2015-12-10T01:09:59.563Z,3.9501,124.8395,231.4019,0.5388,0.032,4.321,109.1391,230.949,0.473,0.0402,83.1546,138.2835,232.6849,0.5941,0.6034
2015-12-10T01:10:59.924Z,2.6421,123.9513,231.9629,0.5342,0.021,3.0427,109.4971,230.9312,0.4738,0.0259,83.0327,138.0624,232.8818,0.5932,0.6055
2015-12-10T01:11:59.398Z,3.5432,125.6048,232.0744,0.5411,0.0286,4.6514,111.0909,230.0052,0.4832,0.0417,83.3233,140.1818,233.1932,0.601,0.597
2015-12-10T01:12:59.146Z,4.2523,125.9457,232.4029,0.5416,0.0342,4.3401,110.8144,230.7427,0.4796,0.0388,83.3877,142.202,233.8988,0.6077,0.5897
2015-12-10T01:13:59.460Z,4.6432,125.3937,232.3342,0.5395,0.0369,4.3236,110.8513,231.8362,0.4785,0.0393,84.1559,140.3818,235.2022,0.5969,0.6018
2015-12-10T01:14:59.736Z,4.3641,124.4401,232.494,0.5351,0.0344,4.0753,114.9893,232.1013,0.4951,0.0349,85.3768,141.3886,235.2474,0.601,0.6054
2015-12-10T01:15:59.346Z,4.1188,126.0366,232.457,0.5426,0.0332,4.6901,115.0762,232.1917,0.4958,0.0413,84.5012,140.5754,234.8569,0.5987,0.602
2015-12-10T01:16:59.508Z,4.6038,127.3692,232.691,0.5476,0.036,3.8604,111.9447,230.6848,0.4851,0.0337,84.6498,139.8093,234.8912,0.5947,0.6065
2015-12-10T01:17:59.891Z,4.518,126.6037,233.2214,0.5421,0.0355,3.97,108.6989,229.2954,0.4738,0.0376,84.7213,142.2631,235.31,0.6046,0.5985
2015-12-10T01:18:59.284Z,4.2804,126.6821,233.049,0.5429,0.0333,4.1959,111.5297,232.0564,0.48,0.0376,84.4802,140.4048,234.4434,0.5979,0.6024
2015-12-10T01:19:59.694Z,4.5827,127.4287,233.0291,0.5462,0.0368,3.8567,112.9322,231.7659,0.4866,0.0369,82.9165,138.65,234.0232,0.5929,0.6003
2015-12-10T01:20:59.020Z,3.8483,128.0598,232.6154,0.5503,0.0307,3.5561,110.9613,231.2698,0.4793,0.0362,83.0452,139.359,233.8369,0.5959,0.598
2015-12-10T01:21:59.779Z,4.0018,124.1413,231.4351,0.5358,0.032,3.6493,112.5663,230.4239,0.488,0.0316,84.271,140.7963,233.5585,0.603,0.6
2015-12-10T01:22:59.148Z,4.7669,126.1499,231.3458,0.5451,0.0372,4.145,111.1017,230.1987,0.4826,0.038,83.6446,140.9926,233.6382,0.6034,0.5956
2015-12-10T01:23:59.453Z,4.6982,125.2318,232.4297,0.5376,0.0366,3.8429,112.9666,232.2609,0.4866,0.036,84.4336,139.8235,233.9819,0.5971,0.6049
2015-12-10T01:24:59.778Z,3.9707,126.2076,232.8521,0.5416,0.0304,4.6186,113.2103,232.3908,0.4868,0.0399,83.558,138.6111,233.8079,0.593,0.6057
2015-12-10T01:25:59.770Z,4.4036,123.2276,232.9862,0.5284,0.0366,5.4686,111.0555,232.7193,0.4773,0.0529,84.2493,140.4715,234.1469,0.5999,0.6043
2015-12-10T01:26:59.056Z,4.8992,126.6948,233.2823,0.5428,0.0382,3.9908,113.0668,232.6328,0.4853,0.035,84.1721,138.9109,234.0003,0.5932,0.6072
2015-12-10T01:27:59.676Z,3.9149,126.3499,233.1504,0.5416,0.0319,4.2032,114.0068,232.6675,0.4902,0.0359,83.4858,139.4236,233.8503,0.5957,0.601
2015-12-10T01:28:59.694Z,4.744,127.6318,233.0778,0.5471,0.0364,4.0025,112.4318,233.3618,0.4814,0.036,83.244,140.7345,233.9334,0.6019,0.5938
2015-12-10T01:29:59.165Z,4.5622,126.507,233.0876,0.5421,0.036,4.6908,110.932,233.183,0.4757,0.0413,84.4753,141.3058,234.2167,0.603,0.6002
2015-12-10T01:30:59.728Z,3.8242,126.7578,232.7791,0.5442,0.0303,3.5341,114.4629,233.1386,0.4914,0.034,84.0252,138.3336,233.7533,0.5917,0.6096
2015-12-10T01:31:59.012Z,4.4983,124.9492,232.4482,0.5373,0.0354,4.1538,112.2873,233.1534,0.4816,0.0381,82.2212,139.3536,232.8188,0.5982,0.5938
2015-12-10T01:32:59.316Z,5.4669,124.5923,232.0682,0.5364,0.0437,4.1488,112.53,233.1267,0.4824,0.0367,83.0553,139.3733,232.5948,0.5987,0.5981
2015-12-10T01:33:59.793Z,4.4843,124.4926,232.5443,0.5357,0.0351,3.7663,113.8852,233.26,0.4892,0.0319,84.8069,141.1991,234.1399,0.6035,0.6016
2015-12-10T01:34:59.997Z,4.5615,124.3571,232.6436,0.5341,0.0375,4.3975,111.6866,233.1,0.4791,0.0398,84.163,138.1342,234.24,0.5891,0.6135
2015-12-10T01:35:59.356Z,4.2782,125.8698,233.2184,0.539,0.0332,4.0026,112.7192,233.6358,0.4824,0.0358,83.8252,140.2877,234.8094,0.5977,0.5993
2015-12-10T01:36:59.096Z,4.7901,125.9605,233.0542,0.5402,0.0386,3.6776,110.8879,233.0999,0.4758,0.0324,84.3053,141.2541,234.7898,0.6009,0.5989
2015-12-10T01:37:59.396Z,4.67,124.0825,232.6852,0.533,0.0379,4.6243,111.6911,233.1347,0.4792,0.0395,84.2643,139.2543,234.1612,0.5946,0.6081
2015-12-10T01:38:59.606Z,3.6802,126.2463,232.9565,0.5415,0.0282,5.3856,113.6391,233.7051,0.4859,0.0475,84.3841,141.0225,234.6463,0.601,0.6004
2015-12-10T01:39:59.947Z,3.6827,125.9654,232.6196,0.5411,0.027,4.8674,112.8312,233.224,0.4838,0.0444,83.8356,138.6248,234.3696,0.5912,0.6096
2015-12-10T01:40:59.208Z,4.9768,127.2748,232.3584,0.5473,0.0394,4.0409,114.1424,232.5602,0.491,0.0346,83.8326,139.5912,233.4528,0.598,0.6029
2015-12-10T01:41:59.564Z,5.2223,128.1302,232.5632,0.5508,0.0386,3.1026,111.7125,232.2645,0.4809,0.0282,83.9666,140.7174,233.4145,0.6029,0.598
2015-12-10T01:42:59.802Z,3.1826,126.6784,232.1712,0.5455,0.0247,4.337,113.0986,232.2808,0.4865,0.0376,83.4619,140.5243,232.8935,0.6036,0.5957
2015-12-10T01:43:59.059Z,4.5448,125.0933,233.197,0.5363,0.0377,3.8058,114.3247,233.1548,0.4902,0.0331,83.9528,139.67,234.8956,0.5948,0.6018
2015-12-10T01:44:59.485Z,5.5496,124.7414,233.0392,0.5349,0.044,4.2154,108.9367,233.3362,0.4665,0.0447,84.4933,139.0848,234.8697,0.592,0.6123
2015-12-10T01:45:59.527Z,5.6158,124.7477,232.7414,0.5353,0.0458,4.2587,112.8394,233.134,0.4841,0.0407,84.8707,137.4898,234.5933,0.5863,0.6207
2015-12-10T01:46:59.715Z,4.7826,126.0331,233.0184,0.5401,0.0378,4.3586,113.7191,233.3535,0.4871,0.039,85.0051,139.0151,235.2642,0.591,0.6136
2015-12-10T01:47:59.987Z,4.0465,126.0933,233.2488,0.5398,0.0303,4.0937,110.337,232.9938,0.4735,0.0382,85.2104,141.6321,235.2442,0.6017,0.6051
2015-12-10T01:48:59.371Z,4.8228,125.7647,232.9265,0.5392,0.0393,4.0169,111.2207,233.2557,0.477,0.0366,84.3383,139.4374,234.5025,0.5948,0.6066
2015-12-10T01:49:59.990Z,3.4632,123.1093,233.1607,0.528,0.0267,4.113,110.9499,233.0686,0.4758,0.0374,84.8208,140.8476,234.4893,0.6007,0.6036
2015-12-10T01:50:59.889Z,3.9902,123.5997,232.8335,0.531,0.0338,4.45,111.4018,232.5577,0.4789,0.0413,83.9929,137.9214,233.9276,0.5893,0.6152
2015-12-10T01:51:59.149Z,3.9578,125.3348,233.1656,0.5372,0.0311,4.88,111.0427,232.1946,0.4782,0.0453,83.1908,139.1862,233.5657,0.5961,0.6003
2015-12-10T01:52:59.829Z,4.2476,125.8034,233.3388,0.5391,0.0346,3.5518,109.8101,230.7235,0.4755,0.0319,82.9527,138.1598,232.6716,0.5935,0.6031
2015-12-10T01:53:59.285Z,4.7242,121.6566,233.5051,0.5208,0.0392,3.2854,106.5733,231.8599,0.46,0.0297,84.997,137.9431,234.9838,0.5868,0.6203
2015-12-10T01:54:59.638Z,3.6649,125.6579,233.0176,0.539,0.0301,3.8737,109.5808,231.8134,0.4723,0.0358,84.8348,138.9253,234.8901,0.5914,0.6129
2015-12-10T01:55:59.890Z,5.2149,123.4818,232.215,0.5311,0.0411,3.8475,111.3335,232.5211,0.4787,0.036,84.5427,140.2309,234.4224,0.5985,0.6055
2015-12-10T01:56:59.083Z,4.509,122.7194,232.063,0.5283,0.0378,4.4671,114.2362,233.0304,0.4901,0.0401,83.5635,139.9202,233.9653,0.5983,0.5987
2015-12-10T01:57:59.445Z,4.5836,124.7015,233.0557,0.5351,0.0379,4.5497,112.7987,232.7929,0.4845,0.0404,85.6712,141.6596,234.5655,0.6043,0.6068
2015-12-10T01:58:59.083Z,3.6755,124.6673,232.9305,0.5345,0.0308,4.4107,111.8658,232.6675,0.4808,0.0397,84.4497,140.1732,234.5774,0.5975,0.6048
2015-12-10T01:59:59.412Z,4.4882,124.5596,233.1949,0.5334,0.0362,4.2318,110.8948,232.8613,0.4759,0.0403,84.6942,138.7555,235.0713,0.5901,0.6148
