2015-11-23T00:00:59.278Z,1.3988,84.5624,229.5927,0.3679,0.0176,3.733,77.9087,231.5805,0.3366,0.0473,81.3203,111.1969,231.763,0.4802,0.7336
2015-11-23T00:01:59.656Z,2.7542,88.2187,229.1587,0.3845,0.03,4.207,79.4078,231.9262,0.342,0.0527,81.3534,112.3376,231.4486,0.4858,0.7263
2015-11-23T00:02:59.945Z,2.1107,87.7397,229.2052,0.3827,0.0258,4.2976,79.4523,231.3653,0.3434,0.0542,81.207,111.4966,231.2852,0.4819,0.7297
2015-11-23T00:03:59.227Z,1.6938,85.6003,228.8096,0.3741,0.0199,3.2211,75.6042,231.1636,0.3266,0.0467,80.8751,111.8543,231.1604,0.4838,0.726
2015-11-23T00:04:59.454Z,2.0634,86.784,228.7305,0.3788,0.0231,3.9723,76.8874,231.2723,0.3325,0.0505,81.5158,112.1747,231.6441,0.4847,0.728
2015-11-23T00:05:59.766Z,2.3881,85.7837,228.0478,0.3764,0.0276,3.2858,77.6414,231.1108,0.3359,0.0393,81.711,113.002,231.7633,0.4876,0.7251
2015-11-23T00:06:59.988Z,2.6778,87.2122,227.7511,0.3827,0.0309,4.3754,78.4931,231.0788,0.3397,0.0558,81.5186,112.6022,231.5818,0.4862,0.7252
2015-11-23T00:07:59.413Z,2.0107,87.74,228.2278,0.3844,0.0238,3.9051,77.1612,231.1198,0.3337,0.0502,81.703,113.4437,231.342,0.4901,0.7217
2015-11-23T00:08:59.747Z,2.6912,87.6202,227.9688,0.3837,0.0298,3.6263,75.8211,230.8207,0.3285,0.0492,80.9533,111.8084,230.7868,0.4848,0.7272
2015-11-23T00:09:59.137Z,2.3681,88.0669,228.7016,0.3844,0.0271,4.3033,77.1312,230.5772,0.3347,0.057,80.8268,112.6487,231.015,0.4877,0.7206
2015-11-23T00:10:59.393Z,2.5909,89.8834,229.114,0.3918,0.0298,3.2346,77.9278,230.0399,0.3385,0.0404,81.7937,111.8002,230.919,0.4841,0.7314
2015-11-23T00:11:59.748Z,2.1313,86.1393,228.8648,0.3764,0.0273,3.9034,75.0138,230.0575,0.3259,0.0508,81.35,112.597,230.894,0.4873,0.7249
2015-11-23T00:12:59.177Z,2.6897,88.4699,228.9626,0.3863,0.0306,3.3141,77.4386,230.4777,0.3359,0.0428,80.6304,110.6268,230.4093,0.48,0.7307
2015-11-23T00:13:59.470Z,2.8461,86.6638,228.0874,0.3795,0.0326,3.4903,77.5479,231.1311,0.3357,0.0475,81.1302,110.6742,230.5452,0.4803,0.7353
2015-11-23T00:14:59.649Z,1.9982,87.7205,227.9874,0.3842,0.0226,3.4242,78.3082,231.5811,0.3384,0.0454,81.3823,110.6351,230.8898,0.4797,0.7369
2015-11-23T00:15:59.912Z,3.5212,86.5666,228.4296,0.3788,0.0418,3.5833,80.3275,230.5975,0.3481,0.0471,81.2286,111.6223,231.2823,0.4825,0.7307
2015-11-23T00:16:59.283Z,3.9611,86.623,228.8274,0.3783,0.0461,3.3446,78.598,230.7754,0.3408,0.0426,81.1219,112.5561,231.7797,0.4857,0.722
2015-11-23T00:17:59.539Z,4.8233,86.8818,228.8958,0.3795,0.0581,2.7493,76.6922,230.9274,0.3314,0.0356,82.1005,112.4878,231.66,0.4854,0.7326
2015-11-23T00:18:59.845Z,4.152,86.7305,228.6907,0.3792,0.0492,3.6384,77.7226,230.9904,0.3361,0.048,82.1205,112.0508,231.4754,0.4841,0.7352
2015-11-23T00:19:59.255Z,4.5083,87.6702,228.7414,0.3829,0.0519,4.0104,79.2506,231.1333,0.3432,0.0512,81.2766,111.0951,231.5281,0.4793,0.7322
2015-11-23T00:20:59.501Z,4.0401,88.16,229.2578,0.3846,0.0467,3.4942,77.1135,230.6219,0.3344,0.0453,81.5288,112.3653,231.3776,0.4853,0.7273
2015-11-23T00:21:59.862Z,4.155,88.2976,228.4665,0.3865,0.0464,3.0029,78.2599,229.8616,0.3401,0.0374,81.7473,111.4292,231.5443,0.4813,0.7348
2015-11-23T00:22:59.103Z,4.4534,88.6071,228.5684,0.3875,0.0513,3.6762,77.5317,229.7717,0.3375,0.0488,81.7522,113.8336,231.962,0.4903,0.7197
2015-11-23T00:23:59.389Z,4.2474,87.8932,228.846,0.3845,0.048,2.8935,75.4662,226.8289,0.333,0.0395,82.1409,112.2582,232.575,0.4824,0.7351
2015-11-23T00:24:59.739Z,4.1344,88.5409,228.5285,0.3871,0.0469,3.3536,76.7585,229.4897,0.3344,0.0427,81.3448,112.1321,231.8629,0.4838,0.7266
2015-11-23T00:25:59.068Z,4.2388,87.1531,228.3872,0.3816,0.0482,2.4648,77.1411,230.3462,0.3352,0.0328,81.758,113.1108,231.2052,0.489,0.725
2015-11-23T00:26:59.409Z,4.3487,87.4034,228.5758,0.3825,0.0495,3.1421,75.6573,230.2091,0.3286,0.0425,81.4011,111.6024,231.3109,0.4826,0.7311
2015-11-23T00:27:59.660Z,4.8421,87.0135,228.2546,0.3813,0.0557,3.2027,77.9391,230.3682,0.3383,0.0439,81.5796,112.2748,231.6132,0.485,0.728
2015-11-23T00:28:59.959Z,4.7846,88.0852,228.5266,0.3857,0.0546,3.024,77.0696,230.6787,0.3344,0.0397,82.1821,113.2551,231.9496,0.4882,0.7275
2015-11-23T00:29:59.313Z,4.717,87.2024,228.0881,0.382,0.0539,3.5463,77.7974,230.6892,0.337,0.0452,81.4847,112.685,232.0384,0.4859,0.7242
2015-11-23T00:30:59.662Z,4.3214,87.9203,228.592,0.3849,0.0501,2.9016,78.2055,230.8797,0.339,0.0366,82.6341,113.4436,232.1815,0.4888,0.7293
2015-11-23T00:31:59.133Z,4.4503,87.8202,228.7376,0.3833,0.0518,3.2591,77.8362,231.7556,0.3356,0.0421,81.9355,112.933,232.7781,0.4851,0.7258
2015-11-23T00:32:59.478Z,4.8144,87.7947,228.0269,0.3846,0.0567,3.0352,79.5632,231.6262,0.344,0.039,82.0514,112.4019,232.2614,0.4842,0.7315
2015-11-23T00:33:59.816Z,3.9226,87.5726,228.4663,0.3834,0.0467,3.1368,75.89,230.0927,0.33,0.0438,82.4227,113.0463,232.8296,0.4856,0.7322
2015-11-23T00:34:59.046Z,4.6749,87.9463,228.7317,0.384,0.0537,2.8936,74.727,228.961,0.3273,0.0393,83.0418,111.1588,233.2572,0.4764,0.7486
2015-11-23T00:35:59.270Z,2.6914,88.2836,229.1722,0.3849,0.03,3.164,78.986,229.594,0.3443,0.0409,82.4986,113.2793,233.1112,0.4856,0.7298
2015-11-23T00:36:59.500Z,3.211,87.8222,228.8845,0.3834,0.0378,3.3228,79.1933,231.989,0.3411,0.0418,82.8964,113.5998,232.6126,0.4887,0.7313
2015-11-23T00:37:59.728Z,4.369,86.6221,228.1774,0.3793,0.0507,3.0746,76.9535,231.882,0.3322,0.0416,82.1707,113.373,232.6959,0.4878,0.7268
2015-11-23T00:38:59.028Z,4.7038,88.0146,228.1301,0.3857,0.0558,2.6159,78.2498,232.0462,0.3373,0.0334,81.879,113.3528,232.2716,0.4877,0.7244
2015-11-23T00:39:59.509Z,4.6993,88.5875,227.554,0.3892,0.0533,2.6888,79.6131,231.5384,0.3434,0.0331,81.6888,111.7131,231.4704,0.4827,0.7323
2015-11-23T00:40:59.769Z,4.7264,87.6307,227.4818,0.3852,0.0545,2.8843,78.1707,231.1287,0.3381,0.0384,81.7842,113.1968,231.1671,0.4897,0.7237
2015-11-23T00:41:59.252Z,3.6459,86.7422,227.723,0.3808,0.0414,3.3787,75.959,230.6919,0.3295,0.0445,81.0695,111.6919,231.2133,0.4831,0.7281
2015-11-23T00:42:59.660Z,4.3279,87.212,227.4234,0.3832,0.0504,3.3259,77.8892,231.0946,0.3367,0.0436,80.9465,111.8652,231.1259,0.4837,0.7256
2015-11-23T00:43:59.868Z,5.0313,87.879,227.8923,0.3854,0.0588,3.3725,76.5667,231.1951,0.3313,0.046,81.5019,112.5863,231.416,0.4867,0.7265
2015-11-23T00:44:59.158Z,4.4909,87.0683,227.588,0.3822,0.0532,3.3722,78.545,231.2408,0.3397,0.0436,81.5414,113.5281,231.3569,0.4903,0.72
2015-11-23T00:45:59.558Z,4.7797,87.1978,227.5687,0.3826,0.0555,3.1273,78.7075,231.4742,0.3399,0.0395,81.4855,112.8113,231.2087,0.4876,0.7235
2015-11-23T00:46:59.878Z,3.7342,86.2685,227.2007,0.3797,0.0443,3.6861,78.796,231.0671,0.3412,0.046,81.256,112.5992,231.4291,0.4863,0.7227
2015-11-23T00:47:59.202Z,3.7003,85.6297,226.8903,0.3776,0.0433,2.6716,75.2112,231.9128,0.324,0.0358,81.9487,113.637,231.8966,0.4904,0.7238
2015-11-23T00:48:59.456Z,4.0644,86.5129,227.3751,0.38,0.048,3.5544,76.9232,232.0384,0.3315,0.0466,82.2325,113.6912,232.1635,0.4895,0.7253
2015-11-23T00:49:59.761Z,4.7526,88.0603,227.32,0.3869,0.0548,3.0969,77.8138,232.0651,0.3349,0.0396,82.551,112.831,232.2522,0.4855,0.7327
2015-11-23T00:50:59.120Z,4.7009,87.315,227.6619,0.3828,0.0546,3.0587,78.4599,232.2213,0.3379,0.0398,81.6276,112.6133,232.1227,0.4853,0.7261
2015-11-23T00:51:59.613Z,4.4637,86.3936,228.8967,0.3773,0.0522,3.2402,79.709,232.3387,0.3428,0.0436,82.5022,114.0439,232.8015,0.4897,0.7257
2015-11-23T00:52:59.852Z,4.3981,88.4731,229.8056,0.3846,0.0508,3.2652,77.5796,232.2579,0.3344,0.0431,82.4662,113.101,232.9182,0.4855,0.7315
2015-11-23T00:53:59.106Z,4.9937,87.7414,231.1038,0.3797,0.0572,3.8103,78.885,231.7512,0.3404,0.0502,82.4207,113.1493,232.9832,0.4854,0.7304
2015-11-23T00:54:59.486Z,4.7221,88.1683,231.8675,0.3799,0.0546,3.5152,77.7025,232.0603,0.3353,0.0452,82.6955,114.0233,233.3716,0.4884,0.727
2015-11-23T00:55:59.825Z,4.0112,88.4642,232.3512,0.3807,0.0468,3.482,78.4576,232.6176,0.3371,0.0469,83.0233,113.7557,233.8423,0.486,0.731
2015-11-23T00:56:59.141Z,4.1759,90.4716,232.2123,0.3898,0.0459,2.6842,78.222,231.969,0.3371,0.0349,83.5584,114.3257,233.629,0.4893,0.7326
2015-11-23T00:57:59.383Z,5.0956,89.149,231.9949,0.384,0.0574,3.2736,74.5296,231.8101,0.3212,0.0464,82.2079,113.2943,233.3179,0.4851,0.7276
2015-11-23T00:58:59.597Z,4.5442,88.9669,231.8214,0.3834,0.0523,3.0749,77.0102,231.6758,0.3325,0.0385,82.8151,115.4501,233.3066,0.4955,0.7198
2015-11-23T00:59:59.834Z,4.1409,88.1807,231.7314,0.3809,0.0468,3.1057,77.4682,231.9992,0.334,0.0402,83.1249,113.9545,233.3899,0.4888,0.7303
