2015-11-15T00:00:59.022Z,4.2472,103.5918,230.8581,0.4491,0.0434,3.9632,97.1367,230.9608,0.4211,0.0409,3.0437,94.1581,234.1478,0.402,0.0347
2015-11-15T00:01:59.379Z,5.3031,108.6188,231.5608,0.4688,0.0487,2.8988,98.0202,231.7836,0.4226,0.0308,3.3341,95.6982,234.4948,0.408,0.0356
2015-11-15T00:02:59.821Z,4.8039,105.562,231.8948,0.4543,0.0467,3.8711,95.5914,232.0366,0.4124,0.0415,2.7735,96.2846,234.7962,0.4102,0.0285
2015-11-15T00:03:59.299Z,4.3979,107.971,231.4338,0.4659,0.0404,4.7263,95.9551,232.0188,0.4136,0.0489,3.6567,96.5601,234.8799,0.411,0.0387
2015-11-15T00:04:59.614Z,4.1174,107.1212,231.5502,0.4624,0.0396,3.7511,97.5571,232.3366,0.4193,0.0386,2.6819,96.7442,235.3986,0.4107,0.0269
2015-11-15T00:05:59.841Z,2.1024,107.7386,231.4426,0.4649,0.0189,3.6557,96.9504,232.7292,0.4168,0.0379,3.0727,97.5843,235.0813,0.4151,0.0318
2015-11-15T00:06:59.668Z,4.3689,106.4351,231.4912,0.4595,0.041,3.6267,92.6014,232.5226,0.3985,0.0401,2.9169,94.7922,235.0748,0.4035,0.0321
2015-11-15T00:07:59.344Z,5.2584,107.9527,230.9108,0.4673,0.049,3.7272,93.7374,232.022,0.4042,0.0397,3.6887,94.7166,234.4218,0.4043,0.039
2015-11-15T00:08:59.950Z,5.9803,107.1904,231.2353,0.4636,0.0559,3.7307,93.9565,232.111,0.4048,0.0403,2.7743,95.1987,234.3412,0.4059,0.0278
2015-11-15T00:09:59.238Z,5.1223,106.6948,231.4973,0.461,0.0486,3.2801,94.9563,232.3448,0.4088,0.0348,2.9854,95.9487,234.6132,0.4088,0.032
2015-11-15T00:10:59.606Z,4.9927,106.1986,230.9721,0.4597,0.0469,3.0714,93.9678,232.0275,0.4048,0.0322,3.9398,96.9423,234.6169,0.4127,0.0399
2015-11-15T00:11:59.245Z,4.7289,102.8389,231.1588,0.4448,0.0439,3.4402,95.0391,231.9341,0.4098,0.0376,3.2436,94.7514,234.467,0.4044,0.0359
2015-11-15T00:12:59.658Z,4.1942,109.6059,230.7425,0.4746,0.0387,3.7388,98.2197,232.1403,0.4234,0.038,3.7296,94.9404,233.9907,0.4054,0.0385
2015-11-15T00:13:59.924Z,4.8108,107.4329,231.9609,0.4633,0.0451,3.6756,95.2554,233.0434,0.4091,0.0392,2.3975,99.0388,234.5738,0.4225,0.0244
2015-11-15T00:14:59.675Z,2.2854,106.4558,232.1097,0.4588,0.0209,3.9698,97.5011,233.2632,0.4178,0.0409,3.5035,94.9371,234.7266,0.4043,0.0368
2015-11-15T00:15:59.046Z,4.8116,106.1013,231.494,0.4583,0.0452,3.38,97.7111,232.6581,0.4199,0.0347,3.8337,95.4683,234.5511,0.4067,0.0387
2015-11-15T00:16:59.582Z,4.8832,106.9726,231.2743,0.4624,0.046,3.5642,97.7977,232.2311,0.4207,0.0375,3.2483,95.6555,234.4457,0.4079,0.0358
2015-11-15T00:17:59.891Z,4.7345,106.6562,230.368,0.4627,0.045,2.9321,95.6511,231.7043,0.4128,0.0316,3.2693,96.3835,233.4282,0.4129,0.0364
2015-11-15T00:18:59.358Z,4.8464,108.5771,231.6073,0.4682,0.0439,3.7967,97.5773,231.9206,0.4209,0.0381,2.4884,95.6366,233.9474,0.4088,0.027
2015-11-15T00:19:59.270Z,4.0331,108.2799,231.7372,0.4671,0.0363,4.1468,96.8063,232.1024,0.4173,0.043,3.5986,96.416,234.2253,0.4112,0.0367
2015-11-15T00:20:59.553Z,4.3155,105.4229,231.6533,0.455,0.0418,4.0279,96.9482,232.2059,0.4179,0.0407,3.5112,95.2485,234.184,0.4064,0.0375
2015-11-15T00:21:59.237Z,5.104,107.0541,231.4904,0.4622,0.0471,3.8902,93.0954,232.0542,0.4009,0.0419,3.2477,95.5406,234.4254,0.4072,0.0343
2015-11-15T00:22:59.803Z,2.044,104.1667,230.8312,0.4514,0.0188,3.5482,96.1048,232.1603,0.414,0.0373,3.0832,96.5987,234.5052,0.4113,0.0312
2015-11-15T00:23:59.278Z,4.0593,106.6803,231.071,0.4613,0.039,3.7581,99.2208,232.3451,0.4266,0.0374,3.6994,96.473,234.5374,0.4113,0.0389
2015-11-15T00:24:59.730Z,3.6965,106.9337,231.5347,0.462,0.035,3.8432,93.4658,232.472,0.4024,0.0408,3.4143,99.3859,234.9535,0.4232,0.0341
2015-11-15T00:25:59.750Z,5.6043,106.1021,231.9929,0.4573,0.0527,3.1349,95.7755,232.5168,0.4118,0.0347,3.3122,96.7576,234.8575,0.4118,0.0352
2015-11-15T00:26:59.156Z,5.5326,107.4282,232.5826,0.4616,0.0522,3.5162,98.3974,233.3872,0.4213,0.0367,3.8857,97.0516,235.3242,0.4126,0.0396
2015-11-15T00:27:59.568Z,3.8764,106.179,231.9534,0.4578,0.037,4.5509,95.4432,233.2554,0.4093,0.0482,2.8945,97.524,235.3021,0.4146,0.0313
2015-11-15T00:28:59.977Z,4.0978,107.1059,232.1645,0.4611,0.0375,3.6355,97.1502,233.0072,0.4173,0.0358,3.7567,96.9884,235.2655,0.4124,0.0389
2015-11-15T00:29:59.554Z,4.1244,108.0592,232.2358,0.4651,0.0383,3.9799,98.0158,232.8708,0.4207,0.0392,3.0699,94.9061,235.0728,0.4042,0.0327
2015-11-15T00:30:59.815Z,3.3805,108.1669,231.6359,0.4664,0.03,4.6334,97.8303,232.2751,0.4205,0.0468,3.5307,96.7384,234.637,0.4122,0.0354
2015-11-15T00:31:59.393Z,4.8652,107.2375,231.734,0.4625,0.0436,3.4242,96.8557,232.1791,0.4169,0.0359,3.2937,95.5697,234.6764,0.407,0.0344
2015-11-15T00:32:59.037Z,4.8854,108.3344,231.9412,0.4672,0.0444,3.7014,94.0036,232.4623,0.4049,0.0393,3.7616,97.8853,234.7036,0.4168,0.0371
2015-11-15T00:33:59.362Z,5.9242,107.9963,232.0611,0.4653,0.0557,3.7401,95.5997,233.2503,0.4096,0.0404,3.6568,97.3315,234.7349,0.4142,0.0368
2015-11-15T00:34:59.904Z,4.7072,107.5108,231.922,0.4636,0.0445,3.6741,97.8866,233.3927,0.4197,0.038,2.7845,95.3739,234.6216,0.4065,0.0292
2015-11-15T00:35:59.612Z,5.8957,105.5943,232.0647,0.4549,0.0593,3.0404,95.423,233.7402,0.4077,0.0312,3.212,93.556,234.6636,0.3982,0.0351
2015-11-15T00:36:59.479Z,2.6126,106.7067,232.0268,0.4593,0.0242,4.3619,96.3026,233.8034,0.412,0.0449,3.4813,97.7788,234.7028,0.4161,0.036
2015-11-15T00:37:59.718Z,2.3533,107.5592,232.171,0.4624,0.0212,4.0952,95.9459,233.7956,0.4105,0.0437,3.5564,98.8118,235.3789,0.4196,0.0369
2015-11-15T00:38:59.029Z,5.7368,106.9262,230.6977,0.4633,0.0536,3.2357,99.0758,232.2842,0.4261,0.0338,3.3849,96.8158,233.2952,0.4148,0.0363
2015-11-15T00:39:59.988Z,4.8663,107.4366,230.9614,0.4649,0.0452,3.0339,96.7516,232.4043,0.4161,0.0294,3.3203,95.5073,233.6197,0.4088,0.0337
2015-11-15T00:40:59.559Z,4.745,108.2377,230.9048,0.4684,0.0438,3.1098,99.4472,231.99,0.4284,0.0312,3.3294,96.1761,233.8283,0.4116,0.0364
2015-11-15T00:41:59.539Z,3.5935,105.4505,230.8155,0.4565,0.0346,3.9298,94.9238,231.2434,0.4101,0.0426,3.8305,97.0102,232.4946,0.4171,0.0396
2015-11-15T00:42:59.788Z,5.7167,107.7533,230.8223,0.4667,0.0545,3.8967,98.247,231.2679,0.4251,0.0416,3.1186,96.6458,232.4048,0.4156,0.032
2015-11-15T00:43:59.379Z,5.3787,108.7259,230.9169,0.4707,0.0516,3.3144,97.5585,231.2397,0.4223,0.0346,3.7427,96.0141,232.0436,0.4141,0.0371
2015-11-15T00:44:59.795Z,4.9313,105.9999,230.6326,0.4598,0.047,3.3816,95.382,231.0602,0.4126,0.0349,2.9649,99.0087,232.0179,0.4265,0.0298
2015-11-15T00:45:59.574Z,4.1242,108.5379,230.5556,0.4702,0.038,3.473,95.0681,230.7493,0.4125,0.037,3.507,96.293,232.1756,0.4148,0.0366
2015-11-15T00:46:59.898Z,4.4388,108.5956,230.4708,0.4709,0.0401,3.3673,97.3392,229.9036,0.423,0.0337,3.1566,95.7086,232.5044,0.4118,0.0316
2015-11-15T00:47:59.158Z,2.9598,109.1354,230.3267,0.474,0.0278,3.5838,93.779,229.7568,0.4084,0.0381,3.3253,96.6014,232.5677,0.4158,0.0334
2015-11-15T00:48:59.245Z,2.573,107.147,230.4719,0.4647,0.0243,3.9884,96.5755,230.0941,0.4198,0.0418,3.8012,96.6259,232.7078,0.4149,0.0371
2015-11-15T00:49:59.548Z,2.7999,108.2619,230.8636,0.469,0.026,3.7426,93.5179,230.678,0.4053,0.0412,2.8834,96.732,232.4357,0.4162,0.029
2015-11-15T00:50:59.832Z,5.1789,107.1401,230.346,0.4646,0.0495,2.9453,95.028,231.0773,0.4109,0.0329,3.3363,95.4945,232.3197,0.4105,0.0357
2015-11-15T00:51:59.236Z,5.2936,107.7553,231.0339,0.4659,0.0502,4.4853,97.8712,231.701,0.4223,0.0459,3.0473,97.8242,232.2909,0.421,0.0312
2015-11-15T00:52:59.787Z,4.7877,107.5585,231.1679,0.465,0.045,2.9242,97.9299,232.0654,0.4214,0.0297,3.0612,96.4737,232.415,0.4149,0.0309
2015-11-15T00:53:59.237Z,4.0411,107.5534,231.2803,0.4653,0.0367,4.0626,97.9666,231.9587,0.423,0.0428,3.0303,96.312,232.8723,0.4141,0.0323
2015-11-15T00:54:59.991Z,4.9741,106.7739,230.9345,0.462,0.0464,3.3968,97.6996,231.5139,0.422,0.0337,2.7121,96.1878,232.6841,0.4132,0.0278
2015-11-15T00:55:59.436Z,3.837,104.5179,230.4587,0.4532,0.0378,4.4056,95.0079,231.5061,0.4104,0.0474,2.7437,95.0203,232.5619,0.409,0.0309
2015-11-15T00:56:59.988Z,5.6462,104.6992,230.4692,0.4543,0.0555,3.0505,96.276,231.7932,0.4151,0.0333,3.1964,91.1749,233.1354,0.3914,0.0349
2015-11-15T00:57:59.591Z,4.9223,104.7447,230.1732,0.4547,0.0474,3.6727,94.51,231.2825,0.4091,0.0387,3.4215,95.6041,233.0493,0.4105,0.0356
2015-11-15T00:58:59.835Z,3.6817,106.7582,230.906,0.4617,0.0351,3.763,96.002,231.1711,0.4157,0.0397,3.3398,96.124,232.6489,0.4132,0.0355
2015-11-15T00:59:59.051Z,3.0446,105.8915,231.2385,0.4574,0.0287,3.3171,96.3729,231.7185,0.416,0.0366,3.4666,95.0037,232.2928,0.4091,0.0363
2015-11-15T01:00:59.872Z,6.0558,102.5399,231.5473,0.4426,0.0599,3.2401,95.9792,232.2053,0.4135,0.0326,3.5296,93.0191,232.4872,0.4002,0.037
2015-11-15T01:01:59.109Z,3.9666,106.7602,231.9559,0.46,0.0366,3.0576,95.5489,232.113,0.4117,0.0318,3.1242,95.2226,233.3857,0.4078,0.034
2015-11-15T01:02:59.101Z,4.2781,105.9604,231.5103,0.4575,0.0409,3.1598,91.0322,231.9149,0.3926,0.0353,2.9118,98.21,233.5448,0.4203,0.0292
2015-11-15T01:03:59.380Z,2.9467,105.9921,231.5912,0.4576,0.0282,4.5485,94.7718,232.4204,0.4075,0.048,3.6513,95.2684,233.3369,0.408,0.0387
2015-11-15T01:04:59.908Z,5.6001,106.3962,231.7401,0.459,0.0526,3.3434,95.9814,232.5845,0.4126,0.0336,3.6167,97.2942,233.1989,0.4171,0.0375
2015-11-15T01:05:59.761Z,5.5494,105.6636,231.2932,0.4574,0.0528,3.137,96.6466,232.5659,0.4152,0.0346,3.5741,95.7864,233.0616,0.4113,0.0362
2015-11-15T01:06:59.083Z,4.843,106.6941,231.669,0.4607,0.0464,3.1219,94.1522,231.9214,0.4059,0.0323,3.494,94.4031,232.6591,0.4058,0.0401
2015-11-15T01:07:59.708Z,4.5789,105.6603,231.4558,0.4559,0.0448,2.8227,94.8895,231.8929,0.4091,0.0298,3.5448,95.9768,232.2101,0.4138,0.0376
2015-11-15T01:08:59.968Z,5.0053,107.5548,231.7731,0.4636,0.0475,3.2888,95.38,231.9487,0.4109,0.0346,3.5059,94.8978,232.5703,0.4075,0.0345
2015-11-15T01:09:59.423Z,5.2329,106.6243,231.823,0.4598,0.0496,3.1356,95.5352,232.0913,0.4122,0.0317,3.4807,95.5526,232.3422,0.411,0.0357
2015-11-15T01:10:59.264Z,5.5065,105.4936,231.456,0.4549,0.0523,3.408,99.312,232.3023,0.4269,0.0334,3.4488,92.4637,232.4369,0.3979,0.038
2015-11-15T01:11:59.984Z,4.0938,107.5938,232.3404,0.4628,0.0382,3.8203,95.5776,232.3057,0.4118,0.0401,3.4264,97.1229,232.6557,0.4175,0.0355
2015-11-15T01:12:59.293Z,4.2869,106.7924,232.7749,0.4586,0.0409,3.854,98.9149,232.8714,0.4256,0.0391,3.5458,94.8633,233.4727,0.4061,0.0369
2015-11-15T01:13:59.292Z,3.4402,108.5369,232.607,0.4666,0.0301,3.9375,98.9938,233.2325,0.4244,0.04,3.5516,96.8836,233.903,0.4142,0.0367
2015-11-15T01:14:59.744Z,4.9631,107.7466,232.79,0.463,0.0476,4.1244,96.339,232.7626,0.4136,0.0445,3.4134,95.6075,233.5619,0.4095,0.0353
2015-11-15T01:15:59.579Z,5.7138,108.234,232.3612,0.4658,0.054,3.8314,94.7382,232.7557,0.4073,0.0408,3.1393,95.3562,233.4511,0.4085,0.0367
2015-11-15T01:16:59.192Z,4.2854,108.29,232.3536,0.4663,0.0391,4.3374,99.6238,231.7537,0.4303,0.0441,3.236,94.5422,233.1243,0.4051,0.0337
2015-11-15T01:17:59.493Z,4.7462,107.3415,232.7216,0.4611,0.0439,3.2354,94.9347,232.2002,0.4086,0.035,2.871,94.7877,232.5992,0.4078,0.0309
2015-11-15T01:18:59.269Z,5.3974,110.5006,232.5243,0.475,0.0498,4.119,95.0402,232.0029,0.4097,0.0427,4.2082,95.3239,232.118,0.4108,0.0427
2015-11-15T01:19:59.744Z,5.4102,107.447,233.5082,0.4601,0.0516,2.5417,95.3222,231.2145,0.4124,0.0264,3.7107,94.9988,233.5216,0.4068,0.038
2015-11-15T01:20:59.578Z,5.044,110.5986,233.6176,0.4732,0.0463,2.6081,96.4522,230.1151,0.4196,0.0274,3.7604,97.4462,234.182,0.4161,0.0411
2015-11-15T01:21:59.952Z,4.5526,111.6405,233.4157,0.4783,0.0409,3.2112,100.7357,232.0803,0.4339,0.033,4.0037,98.1802,233.8407,0.4196,0.041
2015-11-15T01:22:59.886Z,3.4326,109.6287,233.2518,0.4703,0.032,4.6242,100.4133,233.3389,0.4301,0.0454,3.5168,97.8266,233.2622,0.4199,0.0357
2015-11-15T01:23:59.538Z,4.7656,109.0946,232.559,0.4694,0.0432,3.9001,96.7278,233.0993,0.4146,0.0401,3.5794,99.1036,233.5177,0.4244,0.0366
2015-11-15T01:24:59.701Z,5.5733,110.8331,232.1058,0.477,0.0513,3.5227,98.0562,232.793,0.4215,0.0346,2.9311,99.4113,234.2243,0.4244,0.0307
2015-11-15T01:25:59.102Z,5.2872,107.9073,232.3358,0.4642,0.0487,3.9663,96.3819,233.2531,0.4134,0.0427,2.8943,96.985,234.4492,0.4136,0.0299
2015-11-15T01:26:59.473Z,3.7085,109.168,232.6609,0.469,0.0338,3.4709,103.8825,233.9449,0.4446,0.0336,2.7107,96.6026,234.3538,0.4123,0.0296
2015-11-15T01:27:59.837Z,4.47,109.5745,232.926,0.4697,0.041,3.6301,97.9203,232.9477,0.4208,0.0375,3.4751,100.4332,234.5822,0.4281,0.0344
2015-11-15T01:28:59.111Z,3.284,110.1343,232.8572,0.4729,0.0312,4.2597,99.1024,232.6491,0.4259,0.0436,2.814,98.0446,234.5984,0.4177,0.0298
2015-11-15T01:29:59.927Z,4.7035,109.6082,233.3725,0.4695,0.0448,3.8668,99.3285,231.7693,0.4285,0.0396,3.5216,96.8021,233.9852,0.4141,0.0368
2015-11-15T01:30:59.643Z,4.3355,109.6286,233.6295,0.4689,0.0397,3.3736,96.8316,228.9357,0.423,0.0387,3.063,97.1589,234.1981,0.4149,0.0312
2015-11-15T01:31:59.243Z,2.7476,108.7228,233.1209,0.4658,0.0249,4.4014,98.5252,231.1172,0.4258,0.0433,3.109,97.2024,233.3756,0.4169,0.0337
2015-11-15T01:32:59.558Z,3.1377,110.3741,233.2527,0.4733,0.0274,4.0729,99.106,232.4298,0.4267,0.0416,3.5,96.4499,232.5411,0.4148,0.0355
2015-11-15T01:33:59.864Z,4.2904,109.4153,232.5684,0.4712,0.0396,2.974,98.9223,232.3579,0.4255,0.0311,3.3951,94.5041,232.2162,0.4068,0.0363
2015-11-15T01:34:59.718Z,3.4603,108.2911,232.8729,0.4647,0.0311,3.8177,96.9808,232.7203,0.4165,0.0414,3.9076,98.4589,232.9423,0.4225,0.0404
2015-11-15T01:35:59.358Z,4.5239,110.4026,232.5898,0.4747,0.0407,3.3861,95.1281,232.1483,0.41,0.0342,3.7987,95.178,232.9712,0.4088,0.039
2015-11-15T01:36:59.617Z,4.2301,108.9352,231.4879,0.4709,0.04,3.2636,95.3678,231.5712,0.4118,0.0361,3.9968,97.3759,232.595,0.4184,0.0416
2015-11-15T01:37:59.921Z,4.4152,109.4919,231.2721,0.4734,0.0405,3.9744,95.1787,231.3979,0.4112,0.0408,3.6438,96.0398,233.3001,0.4115,0.038
2015-11-15T01:38:59.125Z,5.0429,109.1831,230.9598,0.4729,0.0449,3.2627,97.6001,231.569,0.4212,0.0336,3.0562,98.1748,233.5894,0.4204,0.031
2015-11-15T01:39:59.413Z,2.4426,106.33,231.5119,0.4588,0.0233,4.2685,94.0031,231.7257,0.4055,0.0467,2.7007,95.6513,233.5414,0.4096,0.0292
2015-11-15T01:40:59.718Z,2.8207,108.1942,231.7036,0.4672,0.027,4.9397,97.864,231.5328,0.423,0.052,3.5437,96.5471,233.4215,0.4134,0.0365
2015-11-15T01:41:59.624Z,4.9646,108.6448,231.7913,0.4687,0.0456,2.7827,96.7963,231.5291,0.4179,0.0306,3.368,97.9924,233.8644,0.4187,0.0336
2015-11-15T01:42:59.969Z,3.9959,108.9979,232.0433,0.47,0.0367,4.064,98.6108,231.4796,0.4262,0.0404,3.2055,97.1738,233.7204,0.4163,0.033
2015-11-15T01:43:59.791Z,3.582,108.4057,231.8989,0.4678,0.0331,4.1751,96.597,232.3454,0.4158,0.043,3.2287,99.0476,234.007,0.4232,0.0336
2015-11-15T01:44:59.981Z,4.6152,105.7076,231.9623,0.4555,0.0458,3.5828,94.698,232.4454,0.4072,0.0411,2.7957,95.3307,233.7307,0.408,0.0314
2015-11-15T01:45:59.679Z,4.3323,108.4123,231.7957,0.4673,0.0398,3.8077,96.1634,231.5678,0.4149,0.0388,3.19,98.2841,233.5283,0.4206,0.0329
2015-11-15T01:46:59.452Z,2.7231,108.0685,231.9218,0.4659,0.0264,3.3464,94.2369,229.1096,0.4115,0.0349,4.0037,98.7311,234.37,0.4214,0.0407
2015-11-15T01:47:59.696Z,2.5326,109.942,231.5251,0.4751,0.0251,4.1707,97.5073,231.7167,0.4208,0.0437,3.2515,97.6558,233.6023,0.418,0.0331
2015-11-15T01:48:59.331Z,5.0223,109.126,231.4267,0.4712,0.0462,4.343,98.766,232.0674,0.4253,0.0438,3.0662,97.6552,233.3773,0.4185,0.031
2015-11-15T01:49:59.384Z,4.5575,107.0209,231.7889,0.462,0.0426,3.0524,99.4305,232.2908,0.4281,0.032,3.9804,98.1701,233.4219,0.4208,0.0426
2015-11-15T01:50:59.590Z,4.4446,107.923,231.4627,0.4664,0.0431,3.1662,96.902,232.7033,0.4167,0.0325,3.0227,96.34,233.133,0.4135,0.0305
2015-11-15T01:51:59.952Z,5.8162,107.6903,231.7477,0.4643,0.0533,3.6279,97.8274,232.9949,0.4191,0.0398,2.7556,96.6204,233.2436,0.4142,0.029
2015-11-15T01:52:59.308Z,4.284,108.7899,231.5344,0.4697,0.0384,3.8008,98.1857,232.2347,0.423,0.0387,2.565,96.5559,232.5453,0.4153,0.0273
2015-11-15T01:53:59.844Z,4.1591,105.8564,231.997,0.4561,0.0386,3.2484,95.5532,231.926,0.4117,0.036,2.7764,92.0196,232.514,0.3957,0.0307
2015-11-15T01:54:59.375Z,3.2701,106.494,231.7633,0.459,0.0307,3.6889,94.2736,231.8556,0.4062,0.0407,3.8206,98.0303,232.4186,0.4222,0.0383
2015-11-15T01:55:59.774Z,4.404,107.2152,231.4625,0.4632,0.0404,3.5465,94.9789,231.5551,0.4104,0.0382,3.6238,97.3953,232.1477,0.4193,0.0366
2015-11-15T01:56:59.546Z,3.2651,107.7899,231.2504,0.4664,0.032,4.2638,97.491,231.9241,0.42,0.0449,2.9033,94.5699,232.1426,0.4077,0.0314
2015-11-15T01:57:59.607Z,4.5969,106.5124,231.4545,0.4597,0.0435,3.6586,98.9686,231.7231,0.4266,0.0355,3.6722,96.5559,232.8821,0.4146,0.0373
2015-11-15T01:58:59.387Z,3.6634,106.198,231.3066,0.459,0.0353,3.7259,99.1881,232.0138,0.4273,0.0384,3.2909,92.6833,232.6963,0.398,0.0363
2015-11-15T01:59:59.753Z,3.1686,107.0847,231.8986,0.461,0.0302,4.3795,94.1979,232.8525,0.4047,0.0502,3.4304,94.6315,233.2919,0.4056,0.0402
2015-11-15T02:00:59.966Z,5.0425,105.7992,232.4282,0.455,0.048,3.3777,97.6965,233.4849,0.4187,0.0328,3.4086,96.656,232.8652,0.4149,0.0355
2015-11-15T02:01:59.384Z,4.48,107.836,231.7704,0.4647,0.0423,3.4759,98.4182,233.6477,0.4211,0.0348,3.6908,98.2108,233.4502,0.4206,0.0366
2015-11-15T02:02:59.895Z,2.6192,109.4632,231.8211,0.4721,0.024,3.2947,99.2771,233.724,0.4246,0.0332,3.1862,97.1821,233.368,0.4165,0.034
2015-11-15T02:03:59.169Z,3.3647,108.6208,232.1311,0.4672,0.0314,4.0402,98.9221,233.6518,0.4241,0.041,3.272,98.351,233.6208,0.4217,0.0323
2015-11-15T02:04:59.529Z,4.2764,107.1445,232.592,0.4603,0.0393,3.7538,94.8741,233.3005,0.4066,0.0401,2.5754,97.602,233.7324,0.4176,0.0279
2015-11-15T02:05:59.807Z,5.1524,106.7497,231.893,0.4599,0.0484,3.7825,94.6265,232.3345,0.4072,0.0378,3.5616,97.9522,233.2965,0.42,0.0364
2015-11-15T02:06:59.393Z,4.5201,109.0888,231.5342,0.4712,0.0417,4.0488,96.5431,231.9806,0.4164,0.0417,2.613,98.9322,233.0313,0.4244,0.0252
2015-11-15T02:07:59.805Z,1.8675,106.7776,231.1811,0.4613,0.0177,4.4347,98.2425,231.9068,0.4234,0.0458,3.5143,97.4653,232.7789,0.4185,0.0374
2015-11-15T02:08:59.163Z,4.379,107.8279,230.9062,0.4669,0.0411,4.3446,97.2932,231.8521,0.4194,0.0441,3.4473,96.6367,232.96,0.4149,0.0339
2015-11-15T02:09:59.596Z,2.5051,106.1017,230.5482,0.4596,0.0221,4.4926,95.263,231.872,0.4108,0.048,3.3049,98.1454,232.5787,0.422,0.035
2015-11-15T02:10:59.448Z,3.2856,107.9614,230.4558,0.4678,0.031,3.8167,95.8186,231.565,0.4143,0.0401,3.4964,97.2302,232.5958,0.4182,0.0359
2015-11-15T02:11:59.859Z,3.5897,108.4104,230.3946,0.4704,0.0335,3.4299,97.244,231.6101,0.4198,0.0349,3.5614,96.0165,232.9995,0.4122,0.037
2015-11-15T02:12:59.197Z,5.2369,108.001,230.3817,0.4683,0.0482,3.7179,98.5283,231.6891,0.4251,0.0357,3.0173,95.4652,232.4658,0.4109,0.0332
2015-11-15T02:13:59.910Z,4.7254,104.8613,229.7928,0.4567,0.0457,3.3118,94.0328,230.2189,0.4084,0.0354,3.5291,97.1387,232.2549,0.4186,0.039
2015-11-15T02:14:59.942Z,5.5669,109.2502,230.7405,0.4729,0.0515,2.773,95.4107,227.7496,0.419,0.0301,2.9291,97.4423,233.678,0.4173,0.0303
2015-11-15T02:15:59.353Z,4.9751,109.5867,230.501,0.4751,0.0462,3.6166,97.0749,228.8968,0.4244,0.0336,3.7894,97.021,232.5146,0.4169,0.0373
2015-11-15T02:16:59.661Z,4.6819,109.9667,230.1756,0.477,0.0434,3.0527,97.2446,229.4751,0.424,0.0329,2.9448,95.5071,231.1759,0.4131,0.0322
2015-11-15T02:17:59.036Z,5.5059,107.3552,231.3897,0.4643,0.0511,3.4009,98.8978,231.3846,0.4279,0.0347,3.7757,97.4277,231.8986,0.4202,0.0391
2015-11-15T02:18:59.517Z,4.7609,106.9347,230.681,0.4637,0.0454,4.2091,98.505,231.3158,0.4261,0.0421,3.4312,94.0178,231.5414,0.4061,0.0388
2015-11-15T02:19:59.005Z,5.0367,109.0768,231.0449,0.4718,0.0463,3.1822,98.7583,231.3277,0.427,0.0313,3.5939,94.9983,231.9661,0.4101,0.0382
2015-11-15T02:20:59.451Z,5.2692,107.5741,231.0648,0.4659,0.0493,3.428,96.4865,231.4557,0.4168,0.0374,3.6945,96.8586,232.2446,0.4168,0.0381
2015-11-15T02:21:59.893Z,2.7386,107.0541,231.3563,0.4621,0.0259,4.1461,96.4163,232.1715,0.4155,0.0442,3.6125,98.4533,233.307,0.4218,0.0366
2015-11-15T02:22:59.399Z,5.1221,110.632,232.2284,0.4756,0.0454,2.738,94.02,232.2699,0.4053,0.0299,3.4981,97.6018,233.5322,0.418,0.0342
2015-11-15T02:23:59.703Z,3.7725,108.1196,232.5554,0.4645,0.0348,4.4259,99.8747,232.9276,0.4291,0.0445,3.0648,101.132,234.2221,0.4313,0.0318
2015-11-15T02:24:59.872Z,2.9776,108.5924,232.8372,0.4659,0.0296,3.5866,96.5253,233.0317,0.414,0.0398,3.8801,97.6486,234.5678,0.4164,0.0407
2015-11-15T02:25:59.213Z,4.8531,110.0612,232.771,0.4727,0.0446,3.8466,99.6243,232.8455,0.4279,0.0389,3.4609,97.8075,233.4636,0.419,0.0364
2015-11-15T02:26:59.280Z,4.2981,107.9831,233.404,0.4619,0.0401,3.7624,100.2297,232.8943,0.4298,0.0371,3.7725,97.5447,231.8059,0.4205,0.0387
2015-11-15T02:27:59.409Z,3.475,108.0373,232.8327,0.464,0.0315,3.9586,98.0587,232.7533,0.4215,0.0373,3.4828,96.6322,234.2577,0.4122,0.0366
2015-11-15T02:28:59.789Z,2.6719,106.639,232.4098,0.4586,0.0273,4.434,98.7232,232.5951,0.4245,0.0473,3.4807,98.0763,233.9357,0.4192,0.0352
2015-11-15T02:29:59.996Z,3.9112,109.9941,232.6438,0.4719,0.0367,3.71,95.3374,232.5422,0.4103,0.0392,2.6476,98.0409,234.1048,0.4189,0.0265
2015-11-15T02:30:59.798Z,4.2718,108.5763,232.4578,0.4668,0.0392,3.3007,97.5898,232.7177,0.419,0.0321,3.5269,98.9529,234.0973,0.4225,0.0363
2015-11-15T02:31:59.350Z,3.3523,107.9599,232.2024,0.4646,0.0308,4.2296,98.9274,232.7808,0.4248,0.0424,3.247,97.3389,233.5109,0.4168,0.0328
2015-11-15T02:33:59.741Z,3.989,108.9485,231.8589,0.4693,0.0362,3.7546,97.3953,232.5064,0.4188,0.0383,3.2902,97.0027,232.9675,0.4161,0.0343
2015-11-15T02:34:59.547Z,4.4681,109.4013,231.512,0.472,0.0418,3.931,98.1053,232.8187,0.4216,0.0393,3.611,97.3764,231.7845,0.4205,0.0371
2015-11-15T02:35:59.323Z,5.0901,107.4485,231.3579,0.4646,0.0464,2.7025,101.8556,233.0232,0.4367,0.0269,3.8579,96.3693,230.7811,0.4169,0.0395
2015-11-15T02:36:59.557Z,5.5071,108.9884,231.0555,0.4713,0.0513,3.576,98.6281,233.2247,0.423,0.0346,3.4241,97.5478,231.0095,0.422,0.0352
2015-11-15T02:37:59.031Z,5.3441,108.8647,230.5688,0.4717,0.0498,3.3818,97.8718,232.7821,0.42,0.0342,2.8459,96.2302,230.5403,0.4178,0.0301
2015-11-15T02:38:59.873Z,2.4082,106.1309,230.3848,0.4604,0.0214,3.5502,97.1701,232.4941,0.4178,0.0373,2.9349,95.0461,230.4396,0.4125,0.0334
2015-11-15T02:39:59.675Z,467.7368,718.2817,229.3754,3.139,0.3529,515.2674,787.9491,231.6921,3.4122,0.3516,824.9377,1158.9629,228.6054,5.0922,0.6831
2015-11-15T02:40:59.046Z,1123.6075,1497.8442,228.6664,6.55,0.7494,1214.7574,1658.6014,230.3893,7.1992,0.7326,1625.491,2185.3961,226.9608,9.6282,0.7442
2015-11-15T02:41:59.561Z,1153.2485,1519.8943,228.3464,6.6557,0.7589,1244.5409,1679.2451,230.1645,7.2959,0.741,1651.49,2197.6926,226.3518,9.7086,0.7509
2015-11-15T02:42:59.193Z,1172.3866,1534.679,228.1508,6.7264,0.7645,1254.034,1683.2472,229.6304,7.3298,0.7447,1667.3428,2198.4894,226.0326,9.7264,0.7585
2015-11-15T02:43:59.364Z,1205.2759,1562.7432,228.2588,6.8462,0.7718,1266.3648,1696.9092,229.1376,7.4054,0.7468,1683.1188,2199.5803,225.7782,9.7417,0.7657
2015-11-15T02:44:59.204Z,1222.544,1582.3254,227.8522,6.9444,0.7718,1280.8212,1704.4653,229.0129,7.4422,0.7516,1703.5765,2211.2087,225.7473,9.7942,0.77
2015-11-15T02:45:59.500Z,1229.0362,1587.4222,227.598,6.974,0.774,1306.0589,1723.3216,229.2559,7.5162,0.7578,1726.5273,2239.3587,226.1716,9.9002,0.7708
2015-11-15T02:46:59.496Z,1234.0009,1587.6063,227.1927,6.9876,0.7779,1334.9954,1750.4878,229.9589,7.6117,0.7624,1738.759,2262.519,226.6061,9.9838,0.7696
2015-11-15T02:47:59.954Z,1253.3843,1607.3332,227.7796,7.0562,0.7797,1350.6167,1774.1732,230.3799,7.7007,0.7611,1745.8652,2273.2614,227.2038,10.005,0.7686
2015-11-15T02:48:59.765Z,1283.5147,1638.4302,227.9672,7.1864,0.783,1373.6228,1790.2653,230.0988,7.779,0.7672,1783.3364,2299.3824,227.1234,10.1228,0.7751
2015-11-15T02:49:59.970Z,1271.6497,1661.5997,228.2558,7.2792,0.7662,1349.6821,1728.8193,227.3042,7.6053,0.7806,1859.8002,2357.0499,228.1554,10.3306,0.7899
2015-11-15T02:50:59.244Z,1230.0498,1616.1193,228.9514,7.0583,0.7614,1296.2478,1704.8561,228.3878,7.4643,0.7597,1766.103,2271.9637,227.5742,9.9827,0.7769
2015-11-15T02:51:59.520Z,1216.6893,1584.4422,229.1014,6.9156,0.768,1310.3264,1744.3426,230.8164,7.557,0.7508,1712.3954,2242.8314,227.5769,9.8551,0.762
2015-11-15T02:52:59.146Z,1212.5287,1597.6421,229.4979,6.9608,0.7598,1279.1344,1707.4585,229.7765,7.4301,0.7491,1725.3598,2242.1781,228.0064,9.8333,0.7693
2015-11-15T02:53:59.403Z,1229.1961,1613.409,229.5364,7.0291,0.7614,1287.9809,1710.7482,229.4967,7.4539,0.7528,1743.6112,2251.2521,227.9617,9.8751,0.7742
2015-11-15T02:54:59.688Z,1220.0904,1602.0956,229.0017,6.9954,0.7613,1293.7218,1709.0451,229.4392,7.4477,0.7572,1748.4877,2259.2424,228.0591,9.9062,0.7731
2015-11-15T02:55:59.401Z,1245.7097,1639.2638,229.719,7.1355,0.76,1306.3284,1725.4707,229.7644,7.5093,0.7572,1779.4151,2287.9648,229.0332,9.989,0.7786
2015-11-15T02:56:59.518Z,1260.6933,1650.3602,229.9891,7.1754,0.7636,1313.1729,1743.7553,230.2407,7.573,0.7528,1767.7887,2276.9954,228.802,9.9511,0.7769
2015-11-15T02:57:59.785Z,1274.7021,1657.9156,229.6417,7.2191,0.7688,1331.7706,1753.0916,229.9772,7.6228,0.7599,1787.4034,2289.9245,228.6209,10.0158,0.7802
2015-11-15T02:58:59.965Z,1285.618,1667.7824,230.1114,7.2469,0.771,1332.6949,1757.1087,229.6876,7.65,0.7583,1790.613,2285.1028,228.0436,10.0198,0.7826
2015-11-15T02:59:59.308Z,119.1822,246.1566,231.5543,1.0675,0.1094,122.1908,243.703,230.9842,1.0613,0.1085,278.6838,383.6799,230.342,1.6772,0.4876
2015-11-15T03:00:59.632Z,3.7885,103.6903,232.3437,0.4459,0.036,3.1561,92.2858,230.9807,0.3997,0.0335,4.1184,94.0485,231.6165,0.4062,0.0439
2015-11-15T03:01:59.953Z,5.0104,105.4616,231.7257,0.4552,0.0478,2.7729,94.1787,230.8196,0.4082,0.0274,3.4289,98.2177,231.3738,0.4244,0.0346
2015-11-15T03:02:59.700Z,5.7124,106.7251,231.7662,0.4599,0.0546,3.4614,94.0818,230.4573,0.4079,0.0388,3.3502,93.5746,231.4135,0.4048,0.0368
2015-11-15T03:03:59.965Z,4.3013,106.9644,231.0884,0.4626,0.0413,3.7137,97.6337,230.2847,0.4237,0.0377,2.8944,94.3935,230.8811,0.4088,0.0319
2015-11-15T03:04:59.932Z,5.4102,106.204,231.3487,0.4588,0.0518,3.6221,96.6235,228.6353,0.4226,0.0373,3.284,96.2907,230.9752,0.4164,0.0329
2015-11-15T03:05:59.232Z,4.4555,107.5685,231.6945,0.4642,0.0418,3.4508,98.3436,228.0122,0.4315,0.0359,3.3579,93.4379,232.2669,0.4023,0.036
2015-11-15T03:06:59.687Z,3.5773,106.2957,230.7618,0.4596,0.0351,3.796,99.2918,230.5379,0.4302,0.0388,4.0273,95.7159,231.124,0.4143,0.0412
2015-11-15T03:08:59.649Z,4.6702,108.166,230.4565,0.469,0.0435,3.4349,95.6194,230.401,0.4148,0.0358,3.4637,94.1586,230.6651,0.4082,0.0374
2015-11-15T03:10:59.623Z,4.2338,108.8675,230.1535,0.4732,0.0382,3.4943,95.822,231.045,0.415,0.0361,3.5233,94.3856,229.8616,0.4108,0.0383
2015-11-15T03:11:59.064Z,2.742,106.9021,229.7026,0.4653,0.0274,4.2045,96.6664,231.4858,0.4179,0.0425,4.07,95.046,230.144,0.4132,0.0435
2015-11-15T03:12:59.328Z,5.8101,108.7019,230.87,0.4702,0.0538,3.4297,96.4511,232.0144,0.4155,0.0345,2.963,97.7309,231.1363,0.4227,0.0297
2015-11-15T03:13:59.531Z,5.5057,107.8379,231.2489,0.4665,0.0518,3.2493,94.1954,232.1888,0.406,0.0362,3.4231,94.8514,231.4403,0.4103,0.0382
2015-11-15T03:14:59.602Z,4.8257,107.0318,231.5037,0.4623,0.0445,3.2952,93.9,232.8202,0.4031,0.0342,3.8635,96.7943,232.1063,0.4173,0.0396
2015-11-15T03:15:59.963Z,5.5276,107.6917,232.238,0.4632,0.0528,2.8805,97.9598,232.9908,0.4203,0.0303,2.7868,97.8638,232.9699,0.4198,0.0274
2015-11-15T03:16:59.353Z,4.5513,108.4804,231.8083,0.4679,0.0428,3.8352,95.2386,232.5187,0.4097,0.0404,3.1471,98.141,232.6711,0.4223,0.0333
2015-11-15T03:17:59.805Z,4.5511,108.0398,230.822,0.4677,0.0435,3.2404,94.8687,231.99,0.4091,0.0393,3.2475,94.538,231.8824,0.408,0.0374
2015-11-15T03:18:59.209Z,5.1003,109.4131,230.6199,0.4746,0.0476,3.3327,97.8778,232.3111,0.4211,0.0328,2.9364,95.1604,231.4189,0.4111,0.0304
2015-11-15T03:19:59.447Z,5.7347,106.4032,229.7248,0.4625,0.0549,3.1111,94.7019,231.5411,0.4098,0.0327,3.7947,98.4646,231.5522,0.4254,0.0386
2015-11-15T03:20:59.710Z,5.951,106.7472,228.9607,0.4663,0.0563,3.399,95.0868,230.673,0.4126,0.0362,3.1878,95.0785,230.5599,0.4123,0.0343
2015-11-15T03:21:59.153Z,4.2123,107.2266,229.2373,0.4678,0.0392,3.9911,99.3143,231.4582,0.4292,0.0387,3.3388,93.2051,230.9072,0.4037,0.0348
2015-11-15T03:22:59.389Z,3.37,107.0414,229.6356,0.4664,0.0319,4.0519,97.3455,230.4847,0.4223,0.041,2.819,96.6125,230.9399,0.4177,0.0291
2015-11-15T03:23:59.182Z,4.4289,106.801,230.2243,0.4637,0.0422,3.5902,94.9086,230.4151,0.4123,0.042,3.098,94.0964,230.7324,0.4076,0.0341
2015-11-15T03:24:59.462Z,4.4052,107.8315,229.9398,0.4691,0.0395,3.5418,96.7033,232.1078,0.4167,0.0379,3.1356,95.9426,231.5425,0.4146,0.0343
2015-11-15T03:25:59.687Z,4.6131,107.3166,230.8395,0.4638,0.0423,3.8125,96.8977,232.4401,0.4173,0.0381,3.3663,98.1616,232.0049,0.4227,0.0369
2015-11-15T03:26:59.754Z,4.889,108.6674,231.3453,0.4696,0.0457,3.9907,98.8713,232.8804,0.4247,0.0399,2.9365,93.8456,232.3344,0.4041,0.0309
2015-11-15T03:27:59.433Z,4.1464,107.455,230.7649,0.4653,0.038,3.7319,94.752,232.332,0.4082,0.0391,2.8711,99.2148,232.0228,0.4279,0.0272
2015-11-15T03:28:59.395Z,3.7741,108.3746,230.9418,0.469,0.0346,3.871,96.0529,232.1713,0.4137,0.0396,2.6586,93.9188,231.6062,0.4053,0.027
2015-11-15T03:29:59.718Z,2.9727,108.0598,230.5229,0.4684,0.0277,4.5726,96.6396,231.6105,0.417,0.0466,3.6027,97.3227,231.159,0.4208,0.037
2015-11-15T03:30:59.235Z,2.2782,107.7769,230.3624,0.4677,0.0213,4.3134,96.4542,231.0927,0.417,0.0443,3.2698,94.9541,231.7313,0.41,0.0341
2015-11-15T03:31:59.164Z,4.5441,108.7023,230.1377,0.4721,0.0423,4.2498,96.7457,230.9577,0.4189,0.0433,3.2216,95.7693,231.743,0.4131,0.0333
2015-11-15T03:32:59.690Z,4.896,105.634,229.5937,0.4599,0.0475,3.7392,96.0746,230.4787,0.4168,0.0387,3.8421,96.4478,231.3107,0.4168,0.0382
2015-11-15T03:33:59.140Z,4.4377,107.0222,230.1708,0.4646,0.0426,3.0129,97.0118,230.6241,0.4207,0.0304,3.3796,96.4714,231.4092,0.4167,0.0356
2015-11-15T03:34:59.727Z,5.4513,108.5788,230.9452,0.47,0.0511,3.3574,96.282,231.9318,0.4146,0.036,2.3223,98.3817,231.3221,0.426,0.0242
2015-11-15T03:35:59.197Z,2.9391,107.0709,231.2517,0.463,0.0267,3.678,99.1506,232.0961,0.4272,0.0371,3.4187,94.9526,231.1242,0.4104,0.0361
2015-11-15T03:36:59.555Z,2.8545,109.7045,231.805,0.4729,0.0251,4.2367,97.058,232.5264,0.4168,0.0437,4.1947,98.7384,232.359,0.425,0.0422
2015-11-15T03:37:59.279Z,3.3503,106.1908,231.1396,0.4589,0.0318,3.8359,95.8207,232.6888,0.4121,0.0406,2.3722,92.4731,231.8741,0.3987,0.0281
2015-11-15T03:38:59.127Z,5.707,109.1636,231.483,0.4708,0.0527,3.3009,98.2152,232.3303,0.4229,0.0332,3.5475,97.3032,231.9598,0.4199,0.0342
2015-11-15T03:39:59.557Z,4.5078,109.4782,231.0333,0.474,0.0401,3.3421,96.9107,232.028,0.4182,0.0345,3.236,96.1402,231.5182,0.4153,0.0337
2015-11-15T03:40:59.862Z,2.6361,107.4001,230.274,0.4664,0.0259,5.2007,95.4774,231.2968,0.4129,0.0537,3.2317,93.9613,232.0955,0.4051,0.0337
2015-11-15T03:41:59.717Z,3.135,106.2784,230.3079,0.4611,0.0287,3.5606,96.0607,231.1052,0.4153,0.0369,3.6023,97.2941,232.0469,0.4191,0.036
2015-11-15T03:42:59.174Z,4.2479,106.7422,230.2054,0.4636,0.0393,3.0209,96.4144,231.4387,0.4169,0.032,3.4424,96.6481,232.0606,0.4162,0.0347
2015-11-15T03:43:59.422Z,3.945,108.5092,230.2105,0.4712,0.0359,3.4732,97.1417,231.1059,0.4207,0.0348,2.9546,97.5476,231.7155,0.421,0.0291
2015-11-15T03:44:59.066Z,5.199,109.2457,230.7878,0.4731,0.0484,3.1999,96.0004,232.0174,0.4139,0.0334,3.2144,95.6859,231.1144,0.4142,0.0347
2015-11-15T03:45:59.235Z,2.9346,107.27,230.5246,0.4656,0.0274,4.6904,97.8981,231.8948,0.4215,0.0475,3.3234,96.9259,231.5205,0.4186,0.034
2015-11-15T03:46:59.036Z,4.0418,108.6453,230.8066,0.4705,0.0364,4.1044,97.0229,230.8332,0.42,0.0446,3.3874,93.9392,231.8648,0.4052,0.0353
2015-11-15T03:47:59.317Z,5.5305,107.9018,230.7499,0.4674,0.0514,4.2063,94.0789,231.0614,0.4069,0.0446,2.7667,97.2995,232.2605,0.4188,0.0289
2015-11-15T03:48:59.672Z,5.8418,107.2863,231.0619,0.4646,0.0565,3.6109,96.3623,229.0275,0.4205,0.0355,3.1226,97.8563,233.0201,0.4203,0.0324
2015-11-15T03:49:59.034Z,4.5643,107.8782,230.5657,0.4679,0.0437,3.3039,95.9902,228.11,0.4202,0.0343,2.5537,95.5019,232.4253,0.4103,0.0266
2015-11-15T03:50:59.336Z,4.5516,107.2982,230.6168,0.4648,0.0424,3.5236,97.1551,229.7665,0.4222,0.0353,3.3484,95.7784,231.1921,0.4148,0.0336
2015-11-15T03:51:59.910Z,4.6077,107.6887,231.5807,0.4645,0.042,3.0714,95.9659,229.0626,0.4189,0.031,3.3332,94.7842,230.9678,0.4101,0.0356
2015-11-15T03:52:59.191Z,4.5306,108.8413,231.5343,0.47,0.041,3.1372,95.0828,229.0219,0.4153,0.0333,3.6477,95.7522,231.0741,0.4143,0.038
2015-11-15T03:53:59.866Z,5.3155,107.6505,230.9308,0.466,0.0497,3.3591,98.323,228.9771,0.4295,0.0348,3.5482,96.6972,230.7373,0.4195,0.0364
2015-11-15T03:54:59.530Z,3.2684,107.1076,231.1319,0.4632,0.0304,4.2575,97.1412,231.1281,0.4207,0.0443,3.3127,94.4027,231.827,0.4077,0.0346
2015-11-15T03:55:59.847Z,4.888,106.4837,231.0805,0.4611,0.0471,3.3224,93.9014,231.2596,0.4055,0.0363,3.0191,94.7879,232.1482,0.4078,0.0331
2015-11-15T03:56:59.448Z,4.7961,106.9817,230.9111,0.4627,0.0456,3.2017,97.2224,230.7213,0.4213,0.034,3.028,95.8566,232.2039,0.4124,0.0317
2015-11-15T03:57:59.154Z,3.6916,106.9288,231.0687,0.4622,0.0342,4.0187,96.6216,230.8927,0.4184,0.0423,3.2347,97.746,232.2413,0.4212,0.0343
2015-11-15T03:58:59.552Z,2.7848,107.6179,231.0687,0.4656,0.0264,3.4982,97.1108,230.7619,0.4208,0.0352,3.4589,97.4282,232.1452,0.4195,0.0356
2015-11-15T03:59:59.692Z,3.4666,108.4634,230.9359,0.4697,0.032,4.0299,96.5929,230.6001,0.4189,0.0421,3.3715,96.3508,232.0342,0.4147,0.0345
