2015-11-30T00:00:59.669Z,4.4743,86.49,231.3721,0.3734,0.0536,3.8847,79.2405,232.7726,0.3404,0.0487,41.1642,96.0184,234.8993,0.4088,0.362
2015-11-30T00:01:59.998Z,3.68,89.2282,231.6786,0.3848,0.0415,2.0551,77.2286,232.1409,0.3323,0.0262,83.6027,115.6639,235.335,0.4912,0.7255
2015-11-30T00:02:59.256Z,2.5897,89.0807,232.1163,0.3839,0.0285,3.1691,76.596,229.973,0.3327,0.0411,85.3821,116.9246,236.0838,0.4952,0.7326
2015-11-30T00:03:59.552Z,3.401,89.4104,231.5632,0.3861,0.0383,3.1575,79.0389,232.1571,0.3404,0.0413,83.7922,114.9946,235.1754,0.4892,0.7302
2015-11-30T00:04:59.838Z,5.4345,89.7829,232.0246,0.387,0.0607,2.5009,79.0084,233.0722,0.3387,0.0312,84.4793,115.0537,234.7315,0.4903,0.7346
2015-11-30T00:05:59.098Z,4.069,88.2066,232.3746,0.3797,0.048,2.9142,77.5461,233.4788,0.3317,0.0374,84.0084,116.0147,234.6193,0.4946,0.7261
2015-11-30T00:06:59.317Z,4.2997,90.8385,232.0932,0.3909,0.0477,3.0621,79.4165,233.3329,0.3407,0.0377,83.801,114.8563,234.2125,0.4901,0.7313
2015-11-30T00:07:59.627Z,5.2281,90.1856,232.1548,0.3881,0.0595,2.8052,79.0298,233.4058,0.3382,0.0356,83.4497,114.9932,234.3727,0.4909,0.7277
2015-11-30T00:08:59.984Z,5.5448,89.5695,231.6962,0.3866,0.062,2.9573,79.7147,233.2292,0.3418,0.0377,83.845,115.1675,234.158,0.4917,0.7298
2015-11-30T00:09:59.155Z,4.4924,89.3104,231.7533,0.3853,0.0512,3.5115,79.2883,232.8324,0.3404,0.0472,83.3212,113.3925,234.0421,0.4843,0.7381
2015-11-30T00:10:59.535Z,2.3924,89.2365,231.3284,0.385,0.0272,3.6536,78.9983,232.3558,0.3402,0.047,83.2905,114.2509,234.3543,0.4873,0.732
2015-11-30T00:11:59.737Z,2.1637,89.0551,231.0497,0.3853,0.0238,4.2123,80.5474,232.1758,0.3471,0.0512,83.0676,114.8744,233.5713,0.492,0.7253
2015-11-30T00:12:59.994Z,2.3444,90.6935,231.5682,0.3911,0.0253,3.6618,80.251,232.1468,0.3457,0.0463,81.8273,113.1049,231.6955,0.4885,0.7242
2015-11-30T00:13:59.358Z,2.6054,89.3862,230.7072,0.3874,0.0294,3.4696,79.5419,231.0748,0.3443,0.0441,83.42,115.575,234.006,0.4933,0.7227
2015-11-30T00:14:59.653Z,2.0992,89.2497,230.895,0.3855,0.0239,4.3226,79.4638,231.4059,0.3433,0.0525,82.5916,114.5666,234.0691,0.49,0.7222
2015-11-30T00:15:59.897Z,4.4454,87.8856,230.9425,0.3798,0.0507,3.1709,78.14,232.2058,0.3362,0.0412,83.8155,114.8114,234.022,0.4909,0.7321
2015-11-30T00:16:59.091Z,4.8914,88.8624,230.6368,0.3852,0.0542,3.4571,79.0987,232.406,0.3401,0.0439,83.3659,113.9052,234.2544,0.4864,0.7332
2015-11-30T00:17:59.372Z,5.283,90.5148,230.8735,0.3921,0.0595,4.0078,80.1342,232.5604,0.3452,0.0502,82.9044,114.9627,233.9963,0.4918,0.7224
2015-11-30T00:18:59.642Z,4.7997,88.996,230.5758,0.3856,0.0531,3.727,80.2711,232.6068,0.3447,0.0447,83.0569,115.1125,233.8352,0.4921,0.7227
2015-11-30T00:19:59.920Z,3.2351,89.4948,230.502,0.388,0.0378,3.4458,79.0851,232.3448,0.3404,0.0441,83.4117,114.1478,234.0203,0.4878,0.733
2015-11-30T00:20:59.242Z,2.7,89.0222,230.5779,0.3856,0.03,3.4527,80.2358,232.2418,0.3453,0.0448,83.8793,114.6531,234.2904,0.4897,0.7331
2015-11-30T00:21:59.453Z,3.3319,89.1691,230.3491,0.3873,0.0381,2.9491,78.9162,231.9216,0.3401,0.0397,83.3153,115.319,234.1859,0.4927,0.7237
2015-11-30T00:22:59.654Z,5.5792,90.3801,230.9282,0.3911,0.0632,2.1869,79.8273,228.922,0.3487,0.0266,83.1356,115.2882,234.4647,0.4918,0.7234
2015-11-30T00:23:59.021Z,4.9202,90.9023,230.789,0.3938,0.0557,3.2618,79.2114,230.6963,0.343,0.0406,82.291,112.824,233.2276,0.4833,0.7307
2015-11-30T00:24:59.260Z,4.6242,89.5614,230.424,0.3888,0.0527,2.7933,77.437,231.0123,0.3355,0.036,82.8019,116.3521,232.687,0.5,0.7138
2015-11-30T00:25:59.446Z,5.103,91.2504,230.109,0.396,0.0578,2.5185,80.4522,231.5042,0.3473,0.0329,82.544,114.0398,232.5662,0.4904,0.7253
2015-11-30T00:26:59.725Z,5.2411,89.815,230.3289,0.3897,0.0599,3.139,80.178,231.9045,0.3454,0.0383,82.7489,115.3536,232.7991,0.4958,0.7192
2015-11-30T00:27:59.907Z,4.0343,90.1337,231.6888,0.389,0.0457,3.3908,79.708,231.4573,0.3442,0.0443,82.0079,114.8999,233.1543,0.4926,0.7148
2015-11-30T00:28:59.179Z,4.942,91.1152,232.2259,0.3926,0.0544,2.765,79.5626,230.6319,0.3453,0.036,83.0659,114.1636,233.1806,0.4892,0.7286
2015-11-30T00:29:59.349Z,5.1226,91.0521,232.66,0.391,0.0557,2.4093,78.9162,230.5904,0.3424,0.0303,83.0599,115.4995,233.9546,0.4934,0.7208
2015-11-30T00:30:59.712Z,5.1264,89.9489,232.5827,0.3867,0.0582,3.5309,79.4801,231.1669,0.344,0.0454,83.2288,115.0311,234.3118,0.4902,0.7251
2015-11-30T00:31:59.924Z,4.3982,90.6089,232.5596,0.3895,0.0478,3.4151,80.8762,232.0915,0.3485,0.0413,83.3655,115.0673,234.2478,0.4913,0.7254
2015-11-30T00:32:59.141Z,4.1518,90.2509,232.4261,0.3881,0.0461,3.3782,78.8078,231.8516,0.3398,0.045,83.4881,115.9266,233.6289,0.4962,0.7216
2015-11-30T00:33:59.439Z,5.4883,91.2636,232.2182,0.3926,0.0612,3.5176,78.7607,231.7097,0.3401,0.0455,83.5818,116.0265,233.4642,0.4967,0.722
2015-11-30T00:34:59.727Z,4.2333,91.239,232.7207,0.3921,0.0468,3.4305,79.9193,231.8451,0.3451,0.0434,82.6584,114.2489,233.7821,0.489,0.7242
2015-11-30T00:35:59.975Z,5.1413,90.5244,232.7679,0.389,0.0566,2.7257,79.547,232.0095,0.3429,0.0349,82.7863,114.7403,233.6311,0.4913,0.722
2015-11-30T00:36:59.263Z,3.542,92.3876,233.0223,0.3967,0.039,3.8598,78.7438,231.3603,0.3403,0.0503,83.0661,115.4767,233.3428,0.4953,0.7212
2015-11-30T00:37:59.618Z,3.0554,89.604,232.9485,0.3843,0.0338,3.6755,80.3741,231.0832,0.3471,0.0473,82.5779,114.8789,233.0367,0.4926,0.7197
2015-11-30T00:38:59.939Z,2.3451,91.3997,232.7029,0.3928,0.0267,4.063,78.938,230.96,0.3418,0.0525,82.6601,113.6209,232.5963,0.4885,0.7297
2015-11-30T00:39:59.241Z,4.3078,90.421,232.7463,0.3878,0.0484,3.3892,77.9578,228.2219,0.3414,0.0434,82.0106,112.8443,232.6377,0.485,0.7288
2015-11-30T00:40:59.452Z,1.9844,88.2402,233.0144,0.3782,0.021,3.8433,74.9203,227.5013,0.3292,0.0529,82.0914,113.4925,232.3333,0.4887,0.7263
2015-11-30T00:41:59.938Z,2.3769,90.0801,232.6448,0.3873,0.0264,4.1752,82.5602,229.9769,0.3587,0.0513,81.0811,112.1645,231.6581,0.4844,0.7241
2015-11-30T00:42:59.195Z,2.7407,92.114,232.7351,0.3954,0.0299,3.5471,80.0008,230.1536,0.3476,0.0429,81.1731,113.8643,231.329,0.4923,0.7149
2015-11-30T00:43:59.391Z,2.2529,92.5052,232.4204,0.3982,0.024,3.5668,79.7944,229.8608,0.3471,0.0447,81.5646,113.0533,231.5299,0.4888,0.7234
2015-11-30T00:44:59.660Z,2.1987,90.3417,232.3001,0.389,0.026,3.9985,77.7748,229.452,0.3388,0.0514,81.2111,113.3403,232.1354,0.4885,0.7189
2015-11-30T00:45:59.902Z,2.0489,92.3396,232.3274,0.3971,0.0224,3.8356,79.5432,229.7057,0.3465,0.0462,82.7741,114.9767,232.7863,0.4942,0.7219
2015-11-30T00:46:59.134Z,2.4583,90.3719,231.9948,0.3897,0.027,3.4642,79.5259,229.5034,0.3467,0.0443,82.9294,114.2936,232.8479,0.4906,0.7257
2015-11-30T00:47:59.366Z,3.1695,92.1686,232.4647,0.3967,0.0336,3.9913,80.9765,229.9343,0.3521,0.0475,82.3751,113.9618,233.5038,0.4889,0.7236
2015-11-30T00:48:59.686Z,3.2471,91.0858,232.4491,0.3918,0.0372,3.6034,79.5883,229.8389,0.3472,0.0465,83.2052,115.0596,233.4264,0.493,0.7252
2015-11-30T00:50:59.309Z,4.2902,91.27,232.795,0.3921,0.0467,2.9854,79.3908,230.4862,0.3441,0.0388,83.3702,114.9959,233.5204,0.4922,0.7267
2015-11-30T00:51:59.644Z,4.696,91.2446,232.9804,0.392,0.0538,2.7555,81.9959,230.3915,0.3557,0.0346,83.0265,114.2547,233.8235,0.4879,0.7275
2015-11-30T00:52:59.922Z,5.2291,92.17,232.9232,0.395,0.0576,3.3254,81.0064,231.5713,0.35,0.0405,83.716,115.6595,234.2535,0.4939,0.7252
2015-11-30T00:53:59.199Z,2.3133,91.0518,232.8424,0.3911,0.0253,4.0969,79.403,231.6706,0.3432,0.0516,83.3397,115.5922,233.6871,0.4943,0.7227
2015-11-30T00:54:59.519Z,2.4909,92.0501,232.669,0.3955,0.0267,3.9381,79.2795,231.7548,0.3424,0.0505,83.0198,115.2229,233.4864,0.4935,0.723
2015-11-30T00:55:59.711Z,3.0841,91.2876,233.3746,0.3907,0.033,2.5505,79.1007,229.0079,0.3453,0.0336,83.3889,116.5146,234.5874,0.4968,0.7173
2015-11-30T00:56:59.999Z,4.2227,91.0871,233.0863,0.3909,0.0453,3.4465,81.6032,230.6479,0.3537,0.0408,83.7766,116.3539,233.9422,0.497,0.7209
2015-11-30T00:57:59.311Z,5.251,91.6169,233.0649,0.3928,0.0585,3.2315,82.3407,232.3815,0.3548,0.0387,83.2589,115.6274,233.8516,0.4942,0.7221
2015-11-30T00:58:59.650Z,4.7191,91.7042,233.5864,0.3932,0.0534,2.8773,79.2463,232.6441,0.3398,0.0342,82.187,114.4346,233.9682,0.4891,0.7201
2015-11-30T00:59:59.899Z,5.7063,91.6551,233.3196,0.393,0.0638,2.4345,80.3309,232.7305,0.3447,0.0305,83.2576,115.2204,234.0055,0.4921,0.7244
2015-11-30T01:00:59.157Z,2.9932,90.0556,233.5627,0.385,0.0339,2.5382,77.9164,232.4004,0.3353,0.034,82.4246,113.4243,233.4898,0.4854,0.7296
2015-11-30T01:01:59.572Z,4.1267,91.6726,233.2144,0.3927,0.0447,3.023,82.2379,232.141,0.3538,0.0364,82.1811,113.8558,233.4402,0.4882,0.722
2015-11-30T01:02:59.859Z,3.0334,91.7392,233.2216,0.3933,0.0337,2.821,81.9298,232.5439,0.3524,0.0347,82.4465,115.6349,233.7827,0.4949,0.7145
2015-11-30T01:03:59.117Z,4.2647,91.9049,233.4199,0.393,0.049,3.4874,80.6636,232.7836,0.346,0.0449,83.1288,116.7882,233.8784,0.4994,0.7144
2015-11-30T01:04:59.383Z,5.3409,91.3198,233.2224,0.3915,0.0586,3.1855,80.3462,232.7963,0.3457,0.0426,83.1109,115.2447,233.8029,0.4927,0.7236
2015-11-30T01:05:59.659Z,5.369,93.5797,232.7703,0.4016,0.0574,2.8784,78.5911,232.1337,0.3381,0.0351,82.5489,114.3001,233.3213,0.4895,0.7235
2015-11-30T01:06:59.903Z,4.9101,93.5397,232.6345,0.4022,0.0519,3.1692,81.0071,231.9624,0.3496,0.0375,82.1693,115.416,233.1355,0.4953,0.7136
2015-11-30T01:07:59.132Z,5.207,93.1401,232.66,0.3999,0.0561,3.0558,81.9509,232.3753,0.353,0.0391,82.9367,115.5109,233.24,0.495,0.719
2015-11-30T01:08:59.608Z,4.1809,93.7322,233.1016,0.4021,0.0444,3.7614,81.8543,232.0751,0.3524,0.0476,82.7156,117.1343,233.3444,0.5024,0.7081
2015-11-30T01:09:59.860Z,2.5478,92.5901,232.7751,0.3975,0.028,3.5613,81.5345,232.1314,0.3508,0.0447,83.2913,115.853,233.4097,0.4965,0.7208
2015-11-30T01:10:59.995Z,2.5398,93.663,232.8468,0.4025,0.0267,3.3119,81.6501,232.2795,0.3513,0.0409,83.2941,116.2958,233.8764,0.4973,0.7169
2015-11-30T01:11:59.215Z,1.8681,91.8171,233.0893,0.3938,0.0224,4.4924,80.1161,232.2691,0.345,0.0558,83.0016,114.6274,233.6801,0.4907,0.726
2015-11-30T01:12:59.453Z,2.9419,93.5982,233.3532,0.4004,0.0319,3.9502,81.8618,232.2308,0.3527,0.0476,83.2227,115.3369,233.1079,0.4947,0.7231
2015-11-30T01:13:59.726Z,2.8482,92.6559,233.3065,0.3965,0.0318,3.5636,81.831,232.2647,0.3524,0.0447,82.1499,116.0253,232.5454,0.4989,0.7108
2015-11-30T01:14:59.203Z,2.8273,91.7496,233.1792,0.3937,0.0328,3.9269,83.2488,232.2456,0.3586,0.0478,82.0138,115.1563,231.91,0.4968,0.7134
2015-11-30T01:15:59.478Z,3.5957,94.6234,233.5661,0.4047,0.0367,3.6273,82.2021,232.2409,0.3532,0.0436,81.7842,115.0554,231.3698,0.4974,0.7135
2015-11-30T01:16:59.758Z,5.0293,93.534,233.2048,0.4011,0.0546,3.0766,81.5948,232.5602,0.351,0.0388,82.6375,116.8568,232.4209,0.5025,0.7099
2015-11-30T01:17:59.975Z,4.3498,92.7287,232.9502,0.3984,0.0473,2.8451,83.4353,232.4488,0.3591,0.0341,82.0014,113.8932,232.7778,0.489,0.7202
2015-11-30T01:18:59.347Z,4.1114,92.3204,233.3228,0.3958,0.045,2.8571,78.1712,232.0333,0.337,0.0384,82.7499,115.8486,232.9348,0.4969,0.7177
2015-11-30T01:19:59.585Z,4.6379,93.8414,233.5244,0.4013,0.0507,2.9274,81.6474,232.4559,0.3515,0.0353,82.6838,116.2056,233.7504,0.4971,0.7134
2015-11-30T01:20:59.947Z,5.3205,94.4238,232.9566,0.4049,0.0571,2.462,80.8979,232.2574,0.348,0.0308,82.6624,116.905,233.5829,0.5001,0.709
2015-11-30T01:21:59.474Z,4.6757,91.6511,233.1703,0.3928,0.0513,2.8062,80.2847,232.7269,0.3449,0.0368,83.2946,114.9206,234.1974,0.4911,0.7273
2015-11-30T01:22:59.829Z,4.5245,91.9675,233.0928,0.3946,0.0501,3.7684,79.9642,232.9258,0.3436,0.047,83.6714,115.6927,234.2213,0.4941,0.7255
2015-11-30T01:23:59.022Z,5.3012,94.7437,233.084,0.4067,0.0562,2.8157,82.0547,233.186,0.3519,0.0329,84.0982,119.0298,234.4098,0.5076,0.7072
2015-11-30T01:24:59.151Z,4.953,94.2919,233.1259,0.4046,0.0527,3.6527,81.0578,233.1964,0.3476,0.0453,83.0899,116.6816,234.4111,0.4977,0.7141
2015-11-30T01:25:59.454Z,4.691,94.2511,232.6411,0.4053,0.0502,2.972,82.4273,232.9167,0.3546,0.0355,83.4568,117.1145,234.3033,0.4999,0.7141
2015-11-30T01:26:59.934Z,4.4941,94.931,233.1429,0.407,0.0478,3.3975,83.258,233.0296,0.3576,0.0414,83.7227,118.2907,234.5573,0.5041,0.7097
2015-11-30T01:27:59.168Z,4.4791,92.2312,233.0614,0.3956,0.0496,3.2349,82.1192,232.8983,0.3524,0.0387,83.8961,119.3488,234.7973,0.5084,0.7049
2015-11-30T01:28:59.434Z,5.3439,93.1208,233.1757,0.3986,0.0587,3.2561,84.4162,233.2542,0.3622,0.0415,83.6861,116.7335,234.7113,0.4974,0.7187
2015-11-30T01:29:59.727Z,4.9703,95.2921,233.9426,0.4075,0.053,2.8147,83.2323,232.7485,0.3568,0.0353,83.9135,117.2138,235.3982,0.4982,0.7178
2015-11-30T01:30:59.938Z,3.3369,94.6616,233.322,0.4053,0.0356,4.717,84.3956,232.8616,0.3621,0.0549,85.1847,119.3864,235.3735,0.5076,0.7147
2015-11-30T01:31:59.342Z,4.7546,95.2484,232.9737,0.4084,0.0497,4.0089,83.7253,231.8336,0.3612,0.047,83.4981,117.667,234.158,0.5021,0.7107
2015-11-30T01:32:59.764Z,3.0787,94.5313,232.9279,0.4058,0.0305,3.2034,82.0823,231.6393,0.3545,0.0389,83.69,118.8837,234.1925,0.5072,0.7055
2015-11-30T01:33:59.029Z,2.099,94.7267,232.8568,0.4064,0.0217,4.9393,81.605,232.0986,0.3517,0.0622,83.621,116.5784,234.0148,0.4979,0.7199
2015-11-30T01:34:59.327Z,2.3809,96.0999,233.2364,0.4121,0.0246,3.9123,82.2376,232.7859,0.3533,0.0476,83.1152,117.0269,234.108,0.4999,0.7122
2015-11-30T01:35:59.603Z,4.0122,96.5184,233.1586,0.4141,0.0404,4.1719,82.8879,233.1325,0.356,0.051,82.8147,117.7012,233.9932,0.5032,0.7067
2015-11-30T01:36:59.909Z,4.1327,94.1002,233.28,0.4034,0.0435,3.2789,83.9526,233.3647,0.3601,0.0387,83.9253,118.2773,234.1477,0.505,0.7117
2015-11-30T01:37:59.068Z,5.3303,94.5925,233.2635,0.4048,0.0551,3.3912,84.3793,233.4272,0.3615,0.0392,83.5487,116.918,234.1651,0.4994,0.7165
2015-11-30T01:38:59.307Z,2.9257,94.6623,232.7797,0.4064,0.0311,3.8211,83.5858,233.5052,0.3583,0.0451,83.5417,118.0888,234.098,0.5045,0.7087
2015-11-30T01:39:59.624Z,2.7716,96.9758,233.0173,0.4162,0.0287,3.9036,82.2385,232.8685,0.3531,0.0477,83.4342,118.8568,233.9925,0.5076,0.7043
2015-11-30T01:40:59.924Z,2.1764,96.4288,232.3787,0.4149,0.0224,4.3609,84.1849,233.4751,0.3608,0.0525,83.5502,117.7729,233.7267,0.504,0.7111
2015-11-30T01:41:59.250Z,2.8751,95.087,232.3714,0.4096,0.031,3.6827,83.4916,233.1654,0.358,0.0448,83.092,117.8988,233.4307,0.5049,0.7078
2015-11-30T01:42:59.507Z,4.4185,95.2367,232.5862,0.409,0.0472,3.4437,84.3175,233.3368,0.3611,0.0414,82.4414,117.065,232.7498,0.503,0.7061
2015-11-30T01:43:59.906Z,2.8775,95.4313,232.272,0.4108,0.0311,4.7954,85.598,233.3427,0.3669,0.0578,82.1578,115.3299,232.8471,0.4952,0.7131
2015-11-30T01:44:59.186Z,2.3497,96.5122,232.8618,0.4141,0.0246,4.3893,85.1212,233.6752,0.3639,0.0531,82.1038,116.8494,232.5641,0.5029,0.7049
2015-11-30T01:45:59.409Z,1.973,96.9669,232.9151,0.4173,0.0204,3.4277,83.7867,233.599,0.3591,0.0423,82.869,116.5866,232.6237,0.5011,0.7108
2015-11-30T01:46:59.655Z,2.7531,95.2826,233.4286,0.4084,0.0295,3.3809,84.1476,233.4957,0.36,0.0433,82.5296,116.8624,233.051,0.5013,0.7064
2015-11-30T01:47:59.924Z,2.9095,95.5242,233.6182,0.4087,0.0325,3.8386,84.9633,233.9849,0.3624,0.0463,83.3791,117.7365,233.3365,0.5051,0.7107
2015-11-30T01:48:59.200Z,4.1639,97.3869,233.0517,0.418,0.0421,3.545,84.665,234.0396,0.3619,0.0429,82.8932,118.3852,233.4514,0.507,0.7018
2015-11-30T01:49:59.471Z,2.491,96.704,232.951,0.4155,0.026,4.5087,82.5653,233.5508,0.3537,0.0547,83.5577,117.9636,233.7818,0.5046,0.7109
2015-11-30T01:50:59.891Z,3.1562,95.7497,232.7666,0.4112,0.0335,3.353,84.9626,233.0201,0.3645,0.0397,82.931,117.4958,233.3593,0.503,0.7068
2015-11-30T01:51:59.193Z,5.1949,97.3109,233.0503,0.4171,0.0527,3.4992,85.4885,233.7835,0.3654,0.0398,83.3766,117.9453,233.5112,0.5047,0.7075
2015-11-30T01:52:59.370Z,5.3123,97.2188,233.4504,0.4163,0.0548,3.0887,85.0482,233.6601,0.364,0.0378,82.414,117.543,233.3522,0.504,0.7032
2015-11-30T01:53:59.726Z,5.3154,94.1922,233.0147,0.4036,0.0569,3.8729,83.1144,233.2166,0.357,0.0482,83.666,117.3647,233.9551,0.5018,0.7153
2015-11-30T01:54:59.972Z,5.4367,97.1269,233.4831,0.4154,0.0557,3.1556,84.3143,231.6284,0.3638,0.0378,83.6035,119.0347,234.3566,0.5077,0.704
2015-11-30T01:55:59.133Z,4.6818,96.0021,234.239,0.4099,0.0493,3.3008,84.5452,231.4814,0.3649,0.0394,83.864,118.4188,234.8508,0.5042,0.7098
2015-11-30T01:56:59.329Z,5.4426,97.0115,234.0804,0.4144,0.0543,3.0398,85.7081,233.9687,0.3666,0.0367,83.3356,118.3459,233.8178,0.506,0.7053
2015-11-30T01:57:59.658Z,5.0562,96.2893,234.279,0.4107,0.0524,2.9051,83.3753,233.8179,0.3566,0.0342,83.9198,117.5854,233.9701,0.5029,0.7151
2015-11-30T01:58:59.226Z,4.4,96.4838,233.6939,0.4131,0.0468,3.3198,85.3027,233.5676,0.3651,0.0376,83.2432,118.2447,234.2373,0.5047,0.7056
2015-11-30T01:59:59.525Z,2.4885,96.2699,233.414,0.4126,0.0254,3.8565,85.3166,233.5143,0.3653,0.0457,83.0525,118.503,234.2675,0.5055,0.7012
