2015-11-13T00:00:59.698Z,2.1222,71.9721,231.7553,0.3102,0.0311,3.3955,66.2218,233.7875,0.2838,0.0527,1.5058,66.6012,234.3979,0.284,0.0228
2015-11-13T00:01:59.908Z,1.8523,75.1142,231.8508,0.3237,0.0235,3.6457,67.8005,233.4174,0.29,0.0552,1.3748,68.5985,234.3534,0.2927,0.02
2015-11-13T00:02:59.155Z,2.3284,74.652,231.4738,0.3224,0.0323,4.2914,66.8876,233.3351,0.2864,0.0651,2.0747,68.0529,234.5896,0.2898,0.0293
2015-11-13T00:03:59.548Z,2.8159,74.1271,231.1557,0.3207,0.0371,3.3177,66.7897,233.2371,0.2864,0.0501,1.9246,68.3326,234.4814,0.2911,0.029
2015-11-13T00:04:59.872Z,2.7652,74.263,230.3772,0.3222,0.0367,3.8859,67.8457,232.8465,0.2912,0.0573,1.4768,67.5603,233.4246,0.2892,0.0216
2015-11-13T00:05:59.216Z,1.748,74.1716,231.1564,0.3203,0.024,3.7489,65.7,233.419,0.2819,0.0598,1.7488,67.6793,232.7221,0.2903,0.0253
2015-11-13T00:06:59.492Z,1.8147,74.7974,231.5882,0.3229,0.0235,3.8789,68.9808,233.6518,0.2953,0.0566,1.6252,67.6566,233.2646,0.2901,0.0238
2015-11-13T00:07:59.834Z,1.9085,74.402,231.0592,0.3222,0.0247,3.6131,68.7364,233.6545,0.2946,0.053,1.5676,68.0931,233.382,0.292,0.0238
2015-11-13T00:08:59.053Z,1.9266,74.2357,231.793,0.32,0.026,3.9026,68.0973,233.8694,0.2907,0.0574,1.5436,68.3177,233.7644,0.2922,0.021
2015-11-13T00:09:59.185Z,2.0908,75.6105,231.7568,0.3265,0.0279,3.7593,66.4079,234.1169,0.2836,0.0568,1.2421,66.7913,233.9073,0.2856,0.0197
2015-11-13T00:10:59.278Z,1.9147,73.8947,231.841,0.3184,0.0254,3.1198,65.7823,234.1426,0.281,0.0481,1.6125,66.0754,234.1951,0.2824,0.0266
2015-11-13T00:11:59.502Z,1.7343,74.6374,232.1014,0.3213,0.0231,4.1268,67.3731,234.42,0.2873,0.0598,1.4943,68.4211,234.4732,0.2914,0.0203
2015-11-13T00:12:59.771Z,2.677,75.3284,231.8042,0.3249,0.0367,3.9181,68.316,234.5162,0.2907,0.0574,1.7423,68.2945,234.6255,0.2916,0.0244
2015-11-13T00:13:59.156Z,2.774,74.9986,232.9639,0.3217,0.0389,4.0603,68.143,234.5346,0.2907,0.059,1.3997,68.8926,234.9928,0.2929,0.0191
2015-11-13T00:14:59.619Z,1.8037,75.5577,233.0329,0.3239,0.0238,3.5421,68.8676,234.9541,0.2932,0.0526,1.7561,67.1564,235.1341,0.2857,0.0259
2015-11-13T00:15:59.876Z,1.9632,74.807,232.6521,0.3215,0.0267,3.7296,66.1245,234.0799,0.2826,0.0588,2.1523,68.1503,234.5958,0.2904,0.0309
2015-11-13T00:16:59.141Z,2.3338,75.5069,232.9956,0.3244,0.0294,3.2454,68.2828,233.7649,0.2928,0.0478,1.3069,67.1574,235.0649,0.2859,0.0198
2015-11-13T00:17:59.459Z,2.829,75.4936,232.4859,0.3245,0.0396,3.7823,68.3645,233.3454,0.2934,0.0555,1.6449,68.0138,234.8502,0.2892,0.0251
2015-11-13T00:18:59.799Z,2.9762,75.2053,232.9499,0.3225,0.0393,3.697,66.9434,233.4875,0.2869,0.0543,1.7732,68.0688,235.3809,0.2893,0.0258
2015-11-13T00:19:59.112Z,1.8183,73.4422,233.0159,0.3148,0.0248,3.3519,66.7399,233.3716,0.2859,0.0527,1.6688,67.3934,235.4557,0.2864,0.0258
2015-11-13T00:20:59.342Z,1.7068,75.2825,232.148,0.3238,0.0232,3.189,66.1754,229.2942,0.2889,0.049,1.3922,68.6496,234.7788,0.2922,0.0205
2015-11-13T00:21:59.609Z,1.9465,74.5374,231.2176,0.322,0.0271,3.2316,67.7559,230.9062,0.2935,0.0477,1.4772,67.1748,233.1979,0.2878,0.0221
2015-11-13T00:22:59.969Z,2.7313,73.5592,231.0337,0.3185,0.0373,3.4574,66.238,231.6093,0.2863,0.0522,1.4197,67.0237,233.313,0.2873,0.0207
2015-11-13T00:23:59.195Z,3.3162,74.1454,231.5514,0.3204,0.0454,3.9858,68.0666,231.9581,0.2936,0.0599,1.4438,67.7867,233.1478,0.2907,0.0201
2015-11-13T00:24:59.618Z,1.9784,74.0209,231.2599,0.3204,0.0254,3.5065,67.2212,231.6235,0.2901,0.0513,1.0631,67.1374,232.927,0.288,0.0158
2015-11-13T00:25:59.901Z,2.0721,74.7322,231.3484,0.3232,0.0284,3.7395,68.3824,231.8849,0.2953,0.0552,1.3721,67.4868,232.6733,0.2897,0.0202
2015-11-13T00:26:59.284Z,1.5642,74.7053,231.5946,0.3227,0.0203,3.5153,67.6364,232.1409,0.2912,0.0514,1.2551,67.0486,232.5902,0.2884,0.0189
2015-11-13T00:27:59.503Z,3.032,76.1355,231.1249,0.3295,0.0392,3.598,64.9425,231.7891,0.2799,0.0558,1.8033,68.3158,232.3411,0.2943,0.0274
2015-11-13T00:28:59.845Z,2.7289,74.667,231.3813,0.3222,0.0377,3.7052,68.3716,231.6686,0.2951,0.0548,1.6717,66.1341,232.2273,0.2853,0.0261
2015-11-13T00:29:59.084Z,2.5697,74.4492,231.8187,0.3216,0.0342,3.6208,67.1267,232.4358,0.2885,0.0557,1.2785,65.0087,232.7089,0.2792,0.021
2015-11-13T00:30:59.312Z,2.1184,73.7584,231.3236,0.319,0.0295,3.2815,66.3398,232.1318,0.2862,0.051,2.2615,67.6865,232.3975,0.2915,0.0339
2015-11-13T00:31:59.612Z,1.6791,74.7679,230.8164,0.3244,0.0216,3.89,67.7467,232.0065,0.292,0.0578,1.6295,65.9391,231.8982,0.2838,0.0243
2015-11-13T00:32:59.074Z,2.3602,74.5272,230.6444,0.3223,0.0318,3.3913,66.3638,232.1564,0.2857,0.0507,1.5219,66.5947,231.9637,0.2873,0.0228
2015-11-13T00:33:59.343Z,1.6179,74.2801,231.0898,0.3214,0.023,3.8037,66.8721,232.3203,0.2877,0.0595,1.5567,66.0181,231.4705,0.2855,0.0248
2015-11-13T00:34:59.552Z,1.5765,74.3899,230.6732,0.322,0.0211,2.8095,67.6117,231.2755,0.2924,0.0416,1.721,66.9338,231.4476,0.2893,0.0261
2015-11-13T00:35:59.852Z,2.4544,74.6233,231.3007,0.3223,0.0332,3.6349,67.2388,232.0104,0.2907,0.0545,1.8676,67.3893,231.8002,0.2909,0.0265
2015-11-13T00:36:59.350Z,2.4611,75.4531,231.4752,0.3257,0.032,3.4613,67.4477,231.6688,0.2911,0.0506,1.7683,67.1586,232.4443,0.2889,0.0254
2015-11-13T00:37:59.540Z,1.9737,74.6705,230.7816,0.3238,0.0264,3.9642,68.3855,231.2112,0.2958,0.0608,1.4305,67.7633,232.467,0.2924,0.0196
2015-11-13T00:38:59.849Z,2.0939,73.9275,231.0242,0.3197,0.0282,3.9241,65.9182,232.3848,0.2837,0.0597,1.8885,66.6207,232.2733,0.2867,0.0293
2015-11-13T00:39:59.144Z,2.0969,73.8476,231.2181,0.3198,0.0291,3.4928,68.3636,232.6116,0.2943,0.0521,1.6393,66.3028,232.3246,0.2855,0.0261
2015-11-13T00:40:59.476Z,2.117,73.2375,230.4655,0.3178,0.0297,3.2446,67.2921,231.8222,0.2901,0.0485,1.7696,68.1742,231.7134,0.2946,0.0249
2015-11-13T00:41:59.708Z,1.8558,74.496,230.5926,0.3226,0.0262,3.991,66.492,232.0043,0.2871,0.0603,1.5465,66.6301,231.8571,0.2875,0.0235
2015-11-13T00:42:59.975Z,1.8255,74.7322,230.4059,0.3245,0.0245,3.7837,68.5161,232.0087,0.2953,0.0557,1.667,66.8602,231.6863,0.2878,0.0246
2015-11-13T00:43:59.199Z,2.1911,74.6716,230.863,0.323,0.0292,3.3403,66.5029,229.4673,0.2891,0.0526,1.13,68.5121,232.1647,0.2953,0.017
2015-11-13T00:44:59.513Z,2.3666,74.4046,231.1291,0.3222,0.0321,3.4734,66.1503,229.8247,0.2873,0.0532,1.4812,67.0708,232.424,0.2884,0.0226
2015-11-13T00:45:59.724Z,1.8502,74.6415,231.0974,0.3222,0.0248,3.8687,67.6832,232.2293,0.2918,0.0585,1.608,67.6832,232.1276,0.292,0.0235
2015-11-13T00:46:59.069Z,2.2401,74.7716,231.3144,0.3231,0.0299,3.8449,66.929,232.268,0.2879,0.0561,1.2459,66.2866,232.0151,0.2862,0.0177
2015-11-13T00:47:59.365Z,2.3938,75.4682,231.1646,0.3262,0.0316,3.6096,67.3789,232.4319,0.29,0.0542,1.1932,68.4898,232.3768,0.2946,0.0185
2015-11-13T00:48:59.634Z,2.1841,73.8933,231.1529,0.3197,0.0293,3.952,66.8555,232.0963,0.2879,0.0578,1.4902,68.0553,231.9184,0.2936,0.0223
2015-11-13T00:49:59.957Z,1.4459,74.4365,231.1611,0.3214,0.0191,3.6775,68.8454,232.1067,0.2967,0.0538,1.4926,67.5373,232.0647,0.2912,0.0222
2015-11-13T00:50:59.174Z,1.9823,75.2968,230.9956,0.326,0.0261,3.7184,67.6921,232.1519,0.2912,0.0553,1.6737,67.549,232.7227,0.2901,0.0244
2015-11-13T00:51:59.452Z,2.133,75.3291,231.236,0.3259,0.0277,3.5555,67.8009,232.0291,0.2922,0.0532,1.5993,67.5014,232.4675,0.2908,0.0236
2015-11-13T00:52:59.769Z,2.249,74.2764,231.2668,0.3209,0.0299,3.3327,67.3938,231.8874,0.2903,0.0496,0.9987,66.1495,232.4652,0.2851,0.0154
2015-11-13T00:53:59.920Z,2.3265,73.8274,231.7655,0.3184,0.0326,3.4141,66.3085,232.2003,0.2859,0.0539,1.8321,67.4887,232.5617,0.2907,0.0274
2015-11-13T00:54:59.185Z,1.9989,73.5438,231.1528,0.3181,0.0278,3.3785,65.8617,231.7148,0.2838,0.0572,1.8606,66.3747,231.9129,0.2862,0.0288
2015-11-13T00:55:59.601Z,2.7202,74.5773,231.0299,0.3225,0.0362,3.6322,67.229,231.1609,0.2912,0.0542,1.2397,66.747,231.7713,0.2879,0.0187
2015-11-13T00:56:59.918Z,2.3658,74.3871,231.6175,0.3209,0.0344,3.5199,67.2579,231.2515,0.2913,0.0519,1.1995,67.6116,232.2958,0.2912,0.0182
2015-11-13T00:57:59.200Z,2.1161,75.1776,231.1806,0.3247,0.0297,3.4502,66.3003,231.7049,0.2864,0.0533,1.2278,67.4933,232.6527,0.2903,0.0164
2015-11-13T00:58:59.442Z,1.9467,74.789,231.3393,0.3232,0.0265,3.4878,66.9864,231.2479,0.29,0.0549,1.198,67.3573,232.7766,0.2895,0.0188
2015-11-13T00:59:59.701Z,1.911,73.6378,231.1315,0.3183,0.026,3.4639,66.961,231.9285,0.2883,0.0521,1.8735,65.8398,233.0807,0.2825,0.0291
2015-11-13T01:00:59.049Z,2.1776,73.0034,231.1157,0.3162,0.0316,3.0404,65.2171,231.3851,0.2824,0.0467,1.9701,65.9937,231.9653,0.2844,0.03
2015-11-13T01:01:59.370Z,2.0893,74.383,230.7269,0.322,0.0289,3.1646,66.9543,231.3712,0.2899,0.0491,1.3719,67.6843,232.4379,0.2913,0.019
2015-11-13T01:02:59.600Z,2.581,74.3097,229.687,0.3234,0.0352,3.0373,67.5585,230.1698,0.2934,0.0446,1.6453,67.2686,231.3966,0.2909,0.024
2015-11-13T01:03:59.903Z,1.92,75.193,229.7948,0.327,0.0255,3.7276,67.2352,230.3251,0.292,0.0549,1.5816,66.1503,231.0966,0.2862,0.0236
2015-11-13T01:04:59.106Z,1.7734,74.2535,229.4776,0.3236,0.023,3.6964,67.4119,230.5806,0.2924,0.0542,1.587,66.9051,230.97,0.2898,0.0243
2015-11-13T01:05:59.448Z,1.9016,74.6818,229.5126,0.3248,0.0258,3.29,67.7613,230.4514,0.2939,0.0486,1.5207,66.7967,231.3064,0.2891,0.0224
2015-11-13T01:06:59.834Z,2.4501,74.093,229.5765,0.3227,0.0343,3.434,67.3207,230.3495,0.292,0.0504,1.2418,66.7799,230.8324,0.2887,0.0181
2015-11-13T01:07:59.139Z,2.9366,73.3182,229.2666,0.3196,0.0399,3.9944,67.159,229.5758,0.2927,0.0616,1.224,66.6877,229.875,0.2904,0.0173
2015-11-13T01:08:59.662Z,2.5172,73.7148,229.7855,0.3209,0.0339,3.0923,67.2564,229.9388,0.2925,0.0477,1.1689,66.988,231.3646,0.2892,0.0172
2015-11-13T01:09:59.889Z,1.8884,75.0137,229.9949,0.326,0.0254,3.6648,67.0149,230.6778,0.2904,0.0545,1.1682,66.3503,231.6804,0.2866,0.0175
2015-11-13T01:10:59.037Z,1.5633,73.8474,230.2943,0.3206,0.0201,3.8255,67.0103,229.958,0.2911,0.0565,1.5281,68.3678,231.3998,0.2952,0.0219
2015-11-13T01:11:59.311Z,2.8366,74.3245,231.0741,0.3214,0.0384,3.1466,67.1689,227.5847,0.2948,0.0488,1.2122,67.2335,232.3671,0.2891,0.0178
2015-11-13T01:12:59.724Z,2.971,75.9158,230.6725,0.3291,0.0405,2.6725,67.0776,227.5912,0.2948,0.0397,1.1947,67.2398,231.9125,0.2899,0.0185
2015-11-13T01:13:59.985Z,2.4187,73.9692,230.6,0.3205,0.0343,3.3443,64.3708,229.2946,0.2811,0.0537,0.917,66.9389,231.4907,0.289,0.0132
2015-11-13T01:14:59.333Z,1.6593,73.9174,230.4616,0.3208,0.0231,3.6153,67.3016,231.4737,0.2909,0.0524,1.7504,64.7743,231.2296,0.2804,0.0261
2015-11-13T01:15:59.646Z,2.1073,74.0988,230.7366,0.3208,0.0275,3.6768,67.6559,231.171,0.2926,0.0552,1.4265,66.9591,231.0346,0.2899,0.0215
2015-11-13T01:16:59.980Z,2.1637,75.5766,230.5553,0.3279,0.0297,3.2949,65.4798,230.8964,0.2838,0.0512,1.2309,66.9896,230.8009,0.2902,0.0169
2015-11-13T01:17:59.436Z,2.8383,73.4018,230.6219,0.3186,0.039,3.438,66.2137,231.1847,0.2863,0.0518,1.0764,66.6253,230.4784,0.2887,0.0197
2015-11-13T01:18:59.771Z,2.8532,74.6563,230.3204,0.3245,0.0378,3.3961,68.0341,230.3629,0.2957,0.0518,1.1841,67.571,230.3822,0.2933,0.0182
2015-11-13T01:19:59.036Z,2.0279,74.2971,230.6212,0.3219,0.0281,3.0754,66.6631,231.0181,0.2878,0.0469,1.4718,66.5909,230.5983,0.2883,0.0207
2015-11-13T01:20:59.479Z,1.7496,74.2967,230.4025,0.3226,0.0253,3.7781,66.8345,230.8322,0.2901,0.0566,1.6231,66.147,230.9423,0.2862,0.0233
2015-11-13T01:21:59.837Z,2.3833,73.8698,230.2668,0.3203,0.0323,3.6462,67.185,231.4447,0.2903,0.0555,0.8933,67.1341,231.6621,0.2895,0.0135
2015-11-13T01:22:59.138Z,2.8111,74.3802,230.4973,0.323,0.0377,3.5362,66.8202,231.6309,0.2891,0.0517,1.5154,66.9514,231.7923,0.2888,0.0226
2015-11-13T01:23:59.799Z,2.5411,73.7898,230.9733,0.3196,0.0355,4.0351,67.015,231.5493,0.2896,0.0623,1.9103,66.5565,231.4839,0.2874,0.0304
2015-11-13T01:24:59.019Z,1.7104,75.2019,230.5115,0.3258,0.0228,3.6872,67.4558,231.6096,0.2911,0.0553,1.2894,66.7762,231.8067,0.2881,0.0194
2015-11-13T01:25:59.193Z,1.8299,75.4679,230.5372,0.3275,0.0246,3.5254,65.6467,231.2917,0.2834,0.0533,1.3686,67.0568,231.2796,0.29,0.0202
2015-11-13T01:26:59.516Z,2.2693,74.5492,230.1038,0.3237,0.0298,4.0573,67.0889,230.4619,0.2913,0.0603,1.256,67.3284,230.1746,0.2927,0.0191
2015-11-13T01:27:59.754Z,2.1907,73.7964,230.0407,0.3204,0.0308,3.4437,65.8759,228.1291,0.2891,0.0542,1.7018,66.3795,231.0792,0.2871,0.0251
2015-11-13T01:28:59.067Z,2.6476,73.8402,229.9249,0.3209,0.0367,3.1037,67.2748,227.334,0.2957,0.048,1.0061,66.5867,231.7421,0.2873,0.0157
2015-11-13T01:29:59.319Z,1.7502,74.789,229.2998,0.3258,0.0225,3.7434,66.4795,229.977,0.2885,0.0544,1.2612,66.8926,231.2388,0.2895,0.0193
2015-11-13T01:30:59.590Z,2.7347,72.979,229.6758,0.3176,0.0371,3.1251,66.8623,229.9588,0.2909,0.0466,1.4359,66.9159,231.4966,0.2895,0.0225
2015-11-13T01:31:59.920Z,2.9813,73.4603,230.3251,0.3187,0.0413,3.63,67.6416,230.228,0.2937,0.0535,1.5705,67.5409,231.7645,0.2918,0.0238
2015-11-13T01:32:59.253Z,2.26,75.1153,230.7006,0.3251,0.0299,3.834,65.2671,231.1669,0.2823,0.0634,1.6827,67.3153,231.9466,0.2901,0.0249
2015-11-13T01:33:59.685Z,1.9082,72.871,230.6987,0.3155,0.0257,3.4361,67.2692,231.4354,0.2909,0.0527,1.051,66.9255,231.8184,0.2888,0.0177
2015-11-13T01:34:59.885Z,1.9949,74.9218,230.5273,0.3248,0.0271,3.5187,66.2463,231.5559,0.2863,0.054,1.9305,66.9582,231.9746,0.2881,0.0277
2015-11-13T01:35:59.218Z,2.0259,73.2571,231.1157,0.3168,0.0283,3.6198,68.201,231.8002,0.2941,0.0534,1.7947,66.7688,232.0589,0.2873,0.0274
2015-11-13T01:36:59.518Z,2.3437,74.2496,231.852,0.3203,0.0329,3.6443,66.5689,232.1604,0.2873,0.0545,1.9743,67.5607,231.9903,0.2909,0.0286
2015-11-13T01:37:59.743Z,3.0135,74.5989,231.5145,0.3219,0.041,3.4613,66.8856,232.0169,0.2884,0.0524,0.8203,67.347,231.9562,0.2903,0.0135
2015-11-13T01:38:59.947Z,2.0559,73.237,231.3019,0.3165,0.029,3.6326,65.4719,231.6232,0.2825,0.0582,1.6345,66.421,231.2584,0.2868,0.0257
2015-11-13T01:39:59.144Z,1.7388,74.8659,231.0537,0.3239,0.0226,3.7462,66.9702,231.425,0.2893,0.0549,1.6029,67.2122,231.0534,0.2906,0.0223
2015-11-13T01:40:59.358Z,2.409,74.0885,230.9718,0.321,0.0323,3.3589,68.5935,231.3584,0.2962,0.0485,1.4848,66.5819,230.9621,0.2884,0.0232
2015-11-13T01:41:59.727Z,3.0648,75.385,231.1497,0.3257,0.0414,3.6513,67.0811,231.5009,0.2899,0.0555,1.7026,66.6689,231.9155,0.2872,0.0257
2015-11-13T01:42:59.136Z,2.8346,75.3866,231.0541,0.3264,0.0384,3.6249,65.5132,231.3976,0.2838,0.0586,1.5308,66.7753,231.9832,0.2884,0.0221
2015-11-13T01:43:59.335Z,2.373,75.0341,230.86,0.3244,0.0326,3.5478,65.9801,231.2236,0.2849,0.054,1.4804,66.7584,231.8618,0.2878,0.023
2015-11-13T01:44:59.652Z,2.0003,73.6226,231.1227,0.3183,0.0263,3.3012,67.2049,231.3321,0.2908,0.0499,1.6221,67.4646,230.9677,0.2923,0.0217
2015-11-13T01:45:59.908Z,1.8223,74.8173,231.4084,0.3233,0.0231,3.7129,67.7709,231.3838,0.2927,0.0562,1.4292,66.631,230.8587,0.2882,0.0226
2015-11-13T01:46:59.139Z,2.4767,74.4012,231.0677,0.322,0.0329,3.7504,68.3756,231.5626,0.2959,0.0544,2.181,66.4229,231.4223,0.2869,0.0322
2015-11-13T01:47:59.425Z,2.4005,74.1041,231.9225,0.3192,0.0322,3.5227,65.5103,230.1049,0.2852,0.0558,1.0679,66.071,229.6608,0.2874,0.0179
2015-11-13T01:48:59.683Z,1.7797,75.1805,231.4456,0.3246,0.0233,3.2126,65.3438,228.0668,0.2865,0.0502,1.4121,66.2657,232.3293,0.2857,0.0221
2015-11-13T01:49:59.963Z,2.6066,74.0739,231.1833,0.3202,0.0355,3.7068,67.5062,230.8611,0.2921,0.0559,1.2218,67.2311,230.9122,0.2915,0.0185
2015-11-13T01:50:59.324Z,3.2452,75.2494,231.6439,0.3248,0.0434,3.5554,67.2792,231.0932,0.2912,0.0532,1.5988,67.4933,231.3929,0.2916,0.0247
2015-11-13T01:51:59.679Z,2.4986,75.8714,231.6808,0.3269,0.0325,3.53,67.646,231.1463,0.2926,0.0529,1.3618,66.836,230.9421,0.2892,0.0198
2015-11-13T01:52:59.871Z,2.3153,72.6582,231.6743,0.3133,0.0322,3.3624,66.0346,231.4815,0.2856,0.0507,1.3776,64.9884,230.9802,0.2809,0.0202
2015-11-13T01:53:59.140Z,2.2071,74.3719,232.1778,0.3199,0.0293,3.0636,65.9138,231.6831,0.2846,0.0457,1.2363,66.9799,230.7037,0.2904,0.0181
2015-11-13T01:54:59.434Z,1.9079,75.9915,232.0465,0.3274,0.0257,3.6145,68.7449,231.8833,0.2963,0.0541,1.3696,66.7526,230.6964,0.2895,0.0216
2015-11-13T01:55:59.719Z,1.5844,73.3603,231.5233,0.3166,0.0222,3.0964,67.0836,231.6824,0.2901,0.0467,1.8795,66.6948,231.1009,0.2882,0.028
2015-11-13T01:56:59.945Z,2.2888,75.5099,231.7124,0.3257,0.0315,3.6056,67.8086,232.0378,0.2921,0.053,1.4302,66.4595,231.5981,0.2869,0.0213
2015-11-13T01:57:59.135Z,2.5062,73.3237,231.8371,0.3163,0.0343,3.3992,65.4918,232.0799,0.2823,0.0532,1.2626,67.7517,231.7548,0.2922,0.0207
2015-11-13T01:58:59.416Z,3.1098,74.1035,231.8008,0.32,0.0421,3.6996,65.3899,231.981,0.2821,0.0573,1.3307,65.8675,232.0007,0.2838,0.0201
2015-11-13T01:59:59.641Z,3.0527,75.3223,231.5615,0.3252,0.0403,3.7115,66.8989,232.1454,0.2885,0.0556,1.6576,66.8713,231.9855,0.2884,0.0251
2015-11-13T02:00:59.970Z,2.0737,72.6598,231.1454,0.3146,0.0303,3.654,66.2257,232.4326,0.2849,0.055,1.82,65.804,231.4314,0.2843,0.0289
2015-11-13T02:01:59.263Z,2.0209,75.2033,230.977,0.3254,0.0264,3.3177,67.638,232.1848,0.2911,0.0498,1.3953,67.2192,231.2947,0.2909,0.0216
2015-11-13T02:02:59.691Z,2.1143,74.3441,230.5968,0.3222,0.0282,3.3912,65.3663,231.9911,0.2816,0.0552,1.3288,66.0067,230.9482,0.2856,0.0198
2015-11-13T02:03:59.166Z,2.9786,73.6333,231.3071,0.3183,0.0402,3.8878,67.2158,232.0386,0.2891,0.0567,1.1499,66.2768,231.032,0.2872,0.0179
2015-11-13T02:04:59.617Z,3.1507,75.3349,231.2042,0.3255,0.0427,3.7968,67.8847,231.7265,0.2937,0.056,1.6684,66.9027,231.5697,0.2888,0.0254
2015-11-13T02:05:59.807Z,1.9307,74.6111,231.0911,0.3229,0.026,3.7673,68.8423,231.9648,0.2966,0.056,1.4725,66.8073,231.0031,0.289,0.0226
2015-11-13T02:06:59.275Z,2.0728,75.1019,231.4597,0.3244,0.0287,3.5818,67.7126,232.2931,0.2912,0.0521,1.9019,65.3632,230.9447,0.283,0.028
2015-11-13T02:07:59.545Z,1.6699,74.806,230.9585,0.3238,0.0225,3.6834,67.2335,232.5405,0.2892,0.0547,1.3889,67.1759,232.0434,0.2899,0.021
2015-11-13T02:08:59.759Z,2.331,74.2529,230.888,0.3215,0.0321,2.9368,67.4913,232.5148,0.2904,0.0424,1.8054,67.7254,232.4701,0.2913,0.0248
2015-11-13T02:10:59.268Z,2.3323,74.1766,230.2492,0.3223,0.0317,3.4338,66.6762,231.6803,0.2875,0.0509,1.3288,67.0228,232.8598,0.2876,0.0198
2015-11-13T02:11:59.649Z,2.3276,74.5579,231.0945,0.3224,0.0304,3.5585,66.5815,232.1343,0.2871,0.0534,1.3847,67.5966,233.014,0.2903,0.0195
2015-11-13T02:12:59.956Z,2.7457,74.2558,231.2916,0.3204,0.0376,3.7679,67.937,233.038,0.291,0.0558,1.6023,66.6645,232.7446,0.2862,0.0262
2015-11-13T02:13:59.162Z,2.3404,74.4906,230.8921,0.3225,0.0297,3.7418,65.6462,232.259,0.283,0.0576,1.4053,66.709,231.9378,0.2866,0.0222
2015-11-13T02:14:59.415Z,2.0413,74.5929,230.3983,0.324,0.0273,3.6734,67.012,232.0741,0.2889,0.0549,1.089,66.8549,231.3418,0.2891,0.0167
2015-11-13T02:15:59.617Z,2.1945,74.4605,230.5551,0.3229,0.0311,3.8315,66.9058,231.7916,0.2885,0.0559,1.9877,66.7481,231.1463,0.2887,0.0295
2015-11-13T02:16:59.930Z,2.1507,74.15,230.4678,0.3214,0.0299,3.2007,66.2534,231.6644,0.2856,0.048,1.5112,68.1722,231.2188,0.2948,0.0223
2015-11-13T02:17:59.261Z,2.6097,73.3028,230.4514,0.318,0.0361,3.6176,65.3952,232.1161,0.2821,0.0577,1.816,65.9493,231.514,0.2848,0.028
2015-11-13T02:18:59.499Z,2.9904,75.4974,231.5237,0.3264,0.0404,3.9825,67.8058,231.5341,0.2923,0.0598,1.104,67.0258,232.5352,0.2882,0.0165
2015-11-13T02:19:59.745Z,2.4021,73.9953,231.6692,0.3189,0.0332,3.3677,66.8875,229.9709,0.291,0.0528,1.0764,68.5535,233.4577,0.2937,0.0168
2015-11-13T02:20:59.998Z,2.1999,74.9823,231.8182,0.323,0.0293,3.8012,67.0915,233.3344,0.2876,0.0577,1.4444,68.306,233.4456,0.2927,0.0215
2015-11-13T02:21:59.273Z,2.3073,74.4471,231.9676,0.3212,0.032,3.934,66.1937,233.2328,0.2832,0.062,1.4793,67.6826,233.38,0.2901,0.023
2015-11-13T02:22:59.657Z,3.2982,74.4397,231.6467,0.3211,0.0468,3.8179,67.1835,232.2626,0.2891,0.0578,1.0722,67.1548,232.3835,0.289,0.0154
2015-11-13T02:23:59.915Z,2.3613,74.9461,231.867,0.3229,0.0315,3.9087,67.404,232.3005,0.2899,0.0587,1.3033,67.2189,232.3603,0.2893,0.0195
2015-11-13T02:24:59.308Z,2.2312,75.4379,231.8224,0.3255,0.0293,3.4984,67.2693,232.3912,0.2898,0.0539,1.4733,67.0712,232.4184,0.2885,0.0231
2015-11-13T02:25:59.579Z,2.337,73.8824,231.106,0.3199,0.0322,3.5984,66.7435,231.8302,0.288,0.0543,1.6503,68.1727,231.7863,0.294,0.0253
2015-11-13T02:26:59.835Z,2.2878,74.4788,231.2338,0.3215,0.0307,3.6481,67.38,231.9568,0.2903,0.0547,1.437,68.6053,232.1288,0.2956,0.0216
2015-11-13T02:27:59.152Z,1.4492,74.5509,231.3984,0.3222,0.0201,3.3799,67.2539,232.1421,0.2902,0.0511,1.6898,66.0316,232.18,0.2843,0.0256
2015-11-13T02:28:59.479Z,2.2883,75.2393,231.5093,0.3248,0.0301,3.4775,67.0786,231.5302,0.2897,0.0526,1.263,67.289,232.3508,0.2891,0.0187
2015-11-13T02:29:59.931Z,2.662,74.9747,230.9349,0.3245,0.0357,3.7684,67.0108,230.2582,0.2903,0.0566,1.2686,67.5114,232.3595,0.2903,0.0176
2015-11-13T02:30:59.261Z,3.3122,73.9249,231.3784,0.3197,0.0458,3.4679,67.7521,230.1316,0.294,0.0521,0.9622,66.7111,232.5188,0.2871,0.0151
2015-11-13T02:31:59.530Z,2.5105,73.6465,231.3193,0.3183,0.0346,3.3517,64.6171,229.8274,0.2812,0.0542,1.3625,66.5322,231.8388,0.287,0.0195
2015-11-13T02:32:59.978Z,1.6748,74.8796,231.5607,0.3233,0.0232,3.6589,67.8527,229.6154,0.2958,0.0565,1.5687,66.8893,231.3689,0.2889,0.0224
2015-11-13T02:33:59.271Z,1.904,74.2143,231.1181,0.321,0.0252,3.4697,66.7022,229.6251,0.2906,0.0542,1.1853,68.0428,230.8904,0.2952,0.0181
2015-11-13T02:34:59.431Z,2.5741,74.9691,231.3502,0.3241,0.0355,3.0434,66.7303,229.0536,0.2913,0.0489,1.5791,66.1853,230.5671,0.2866,0.0238
2015-11-13T02:35:59.932Z,2.2202,74.2382,231.8793,0.3201,0.0305,3.469,65.6854,228.9605,0.2864,0.053,1.639,67.2983,230.5138,0.2918,0.0243
2015-11-13T02:36:59.210Z,1.9057,74.3599,230.9188,0.3222,0.0263,3.5183,65.8818,228.3118,0.2882,0.0552,1.5979,66.5979,230.5347,0.2888,0.0233
2015-11-13T02:37:59.476Z,2.4544,75.7195,230.9193,0.3285,0.0325,3.2222,65.2909,227.0622,0.2875,0.0493,1.1542,66.2245,230.9171,0.2866,0.0182
2015-11-13T02:38:59.739Z,2.347,74.9025,231.5988,0.3234,0.0312,3.5387,65.7475,225.7655,0.2915,0.0571,0.8049,67.7654,231.3789,0.2931,0.0114
2015-11-13T02:39:59.018Z,2.45,74.251,231.1258,0.3216,0.033,3.082,65.9371,227.9093,0.2894,0.046,1.2933,66.2846,231.0946,0.2868,0.0191
2015-11-13T02:40:59.368Z,2.163,75.4928,231.0366,0.3274,0.0295,3.7152,66.1496,228.3515,0.2897,0.0586,2.0692,68.14,230.7223,0.2952,0.0312
2015-11-13T02:41:59.583Z,1.8658,74.259,231.1633,0.3213,0.0231,3.7235,66.0768,228.6367,0.2892,0.0568,0.9923,67.2746,230.6649,0.2915,0.0142
2015-11-13T02:42:59.963Z,2.0577,73.6614,231.0093,0.3187,0.0276,3.4196,65.5552,228.251,0.2877,0.0507,1.1046,67.4756,230.6713,0.2925,0.0163
2015-11-13T02:43:59.293Z,2.5462,75.6991,231.6256,0.3263,0.0343,3.6329,67.7909,228.0501,0.298,0.0552,1.2914,65.7597,231.5817,0.284,0.019
2015-11-13T02:44:59.529Z,1.9104,75.0735,231.4876,0.324,0.0242,4.0054,65.8729,228.416,0.2883,0.0616,1.1475,67.4716,231.9249,0.2912,0.0167
2015-11-13T02:45:59.736Z,1.9086,73.9473,231.7242,0.3199,0.0266,3.7165,66.5687,228.6716,0.2915,0.057,1.5969,65.628,232.192,0.2825,0.0249
2015-11-13T02:46:59.060Z,1.9444,74.3766,231.1961,0.3211,0.0262,3.6252,65.2646,228.5393,0.2858,0.0587,1.5891,67.3974,231.9488,0.2907,0.0253
2015-11-13T02:47:59.399Z,2.4826,74.7813,230.9688,0.324,0.0338,3.7389,66.1633,229.0793,0.2896,0.0575,1.3893,65.9549,231.3855,0.2856,0.0211
2015-11-13T02:48:59.742Z,3.2871,74.9433,231.544,0.3233,0.0438,3.7545,65.3684,229.8836,0.2842,0.0574,1.1712,67.3634,231.5178,0.2911,0.0159
2015-11-13T02:49:59.032Z,2.5391,73.9602,231.0468,0.3196,0.034,3.5506,67.2293,230.4,0.2912,0.0531,1.4014,66.1039,230.8147,0.286,0.0198
2015-11-13T02:50:59.330Z,1.9584,74.9109,230.8168,0.3245,0.0264,3.3748,66.6466,230.2129,0.2898,0.0511,1.1574,67.2422,230.9532,0.2915,0.0173
2015-11-13T02:51:59.646Z,1.8178,74.659,230.8888,0.3234,0.0248,3.8184,66.0329,228.3288,0.2899,0.0595,1.4863,66.7819,231.3493,0.2893,0.0229
2015-11-13T02:52:59.912Z,2.2361,75.1439,231.049,0.3252,0.0315,2.8359,66.0598,225.735,0.2926,0.0446,0.982,66.5945,231.846,0.287,0.0139
2015-11-13T02:53:59.265Z,1.9041,75.5243,231.5314,0.326,0.0256,4.2077,65.4089,227.4913,0.2869,0.0647,1.396,67.8303,231.9669,0.2924,0.0206
2015-11-13T02:54:59.444Z,1.6065,75.7651,231.5737,0.3267,0.0201,3.8858,65.6041,227.6654,0.2879,0.0605,1.2559,66.366,232.1948,0.2862,0.0195
2015-11-13T02:55:59.641Z,2.0553,73.9947,232.0442,0.3188,0.029,4.0203,66.5118,228.0297,0.2924,0.0612,1.2243,66.9212,232.3998,0.2882,0.0189
2015-11-13T02:56:59.878Z,2.0682,74.367,232.777,0.3195,0.0274,3.721,66.8815,229.9323,0.2908,0.058,0.9887,67.2541,233.3196,0.288,0.0149
2015-11-13T02:57:59.042Z,2.5294,74.1512,230.8879,0.3213,0.0351,3.6703,66.2046,233.3449,0.2842,0.0554,1.6269,68.0699,232.6984,0.2929,0.0254
2015-11-13T02:58:59.268Z,1.9964,74.9026,230.6952,0.3246,0.0257,3.5543,67.5956,232.5533,0.2903,0.0529,1.0676,66.3766,231.6788,0.286,0.0173
2015-11-13T02:59:59.512Z,1.8582,74.5597,230.2318,0.3235,0.0251,3.9342,67.0757,232.1709,0.2888,0.0593,1.7985,67.2371,231.7925,0.2896,0.026
2015-11-13T03:00:59.855Z,2.69,71.248,231.1435,0.3079,0.0366,3.3912,65.0836,231.5564,0.281,0.0543,1.209,63.5574,232.0107,0.2737,0.0218
2015-11-13T03:01:59.136Z,2.242,73.0439,230.2096,0.3174,0.0307,3.5166,67.6162,230.9803,0.2921,0.0533,1.5578,67.2057,231.2459,0.2903,0.0227
2015-11-13T03:02:59.385Z,2.0222,75.1016,229.7903,0.3267,0.0275,3.5995,66.7043,230.6843,0.2897,0.0545,1.6075,67.8918,231.348,0.2938,0.0237
2015-11-13T03:03:59.590Z,1.7933,72.8342,229.6797,0.3173,0.0246,3.5569,66.7009,230.5284,0.2896,0.0536,1.3864,67.0114,231.139,0.2902,0.0214
2015-11-13T03:04:59.095Z,2.2598,75.0458,229.3614,0.3269,0.03,3.6627,68.6886,230.349,0.2981,0.0522,1.1843,66.5322,231.0016,0.2884,0.0173
2015-11-13T03:05:59.293Z,2.4554,72.1867,229.0375,0.3159,0.0349,4.0096,67.1322,230.2499,0.2921,0.06,1.331,67.7796,230.9542,0.2935,0.019
2015-11-13T03:06:59.649Z,2.9683,74.0368,230.3726,0.321,0.0414,3.763,65.7058,231.2859,0.284,0.0592,15.4152,75.5007,231.6176,0.3258,0.1089
2015-11-13T03:07:59.991Z,606.665,923.3956,229.7256,4.0237,0.4664,647.5669,998.0692,231.039,4.3267,0.4619,1054.5097,1503.7354,229.5293,6.5638,0.7279
2015-11-13T03:08:59.303Z,1012.9924,1427.1421,229.1749,6.2274,0.7102,1059.3711,1526.9907,229.867,6.6426,0.6942,1512.0078,2079.3869,228.494,9.1004,0.7276
2015-11-13T03:09:59.670Z,997.8896,1408.3028,228.6982,6.1579,0.7084,1068.071,1528.2006,229.8858,6.6477,0.6996,1505.9144,2080.0124,228.7184,9.0939,0.7248
2015-11-13T03:10:59.940Z,997.2739,1412.3812,228.1646,6.19,0.7056,1072.9109,1519.8447,229.2658,6.6293,0.7062,1524.3177,2093.3934,229.3372,9.1278,0.7279
2015-11-13T03:11:59.207Z,1025.0573,1433.0262,228.5313,6.2707,0.7151,1083.6974,1536.1193,229.2233,6.7014,0.7049,1531.5278,2086.6306,228.6924,9.1239,0.7332
2015-11-13T03:12:59.481Z,1043.3734,1450.6357,228.3676,6.3518,0.7199,1090.579,1538.532,229.0339,6.7169,0.709,1549.5916,2092.6456,228.5231,9.1571,0.7404
2015-11-13T03:13:59.791Z,1054.2964,1462.1427,229.0689,6.383,0.7203,1102.5982,1557.5757,229.3824,6.7904,0.7074,1552.4359,2099.4312,228.7226,9.1782,0.7394
2015-11-13T03:14:59.129Z,1039.4971,1460.0464,228.6808,6.3849,0.712,1106.9522,1547.094,229.5354,6.7404,0.7155,1576.5774,2131.9717,229.6243,9.2843,0.7396
2015-11-13T03:15:59.458Z,1043.7349,1470.4009,229.8581,6.397,0.7099,1106.0498,1564.5311,230.539,6.7857,0.7069,1566.6551,2129.5499,229.8868,9.2636,0.7352
2015-11-13T03:16:59.739Z,1049.3034,1507.6261,230.7293,6.5339,0.6953,1092.1836,1525.1958,228.1974,6.6831,0.7158,1627.4782,2167.4827,230.7602,9.3927,0.7499
2015-11-13T03:17:59.991Z,1058.9639,1499.368,230.4983,6.505,0.7069,1107.8397,1556.4867,229.385,6.7849,0.7117,1602.2043,2150.7949,230.5148,9.33,0.7442
2015-11-13T03:18:59.191Z,992.484,1437.8055,230.9489,6.2256,0.6908,1040.382,1525.7594,230.9948,6.6047,0.6822,1499.4944,2070.918,230.5449,8.9824,0.7237
2015-11-13T03:19:59.535Z,993.0653,1430.7269,230.247,6.2138,0.6939,1049.3443,1517.6602,230.4859,6.5842,0.6911,1512.458,2074.0409,230.0451,9.0161,0.7298
2015-11-13T03:20:59.847Z,1009.5593,1428.3619,229.8884,6.2129,0.7069,1063.7473,1533.7771,230.4793,6.655,0.6934,1503.9894,2057.4241,229.1,8.9804,0.7307
2015-11-13T03:22:59.353Z,1023.446,1432.5515,229.2486,6.2488,0.7147,1075.2758,1533.8683,230.0603,6.6671,0.7007,1515.1604,2056.1231,228.6112,8.994,0.7377
2015-11-13T03:23:59.709Z,1037.8293,1440.3494,228.8383,6.2943,0.7201,1083.6889,1532.7989,229.4393,6.6802,0.707,1527.4021,2052.4989,227.8616,9.008,0.7443
2015-11-13T03:24:59.041Z,1050.4597,1452.6161,229.1436,6.339,0.7233,1091.886,1544.3745,229.6665,6.7248,0.7069,1535.0178,2057.526,227.7445,9.0344,0.7467
2015-11-13T03:25:59.230Z,1042.0766,1464.4237,229.4133,6.383,0.7116,1081.3317,1526.0234,229.5153,6.6487,0.7087,1556.4422,2083.3309,229.006,9.0973,0.7476
2015-11-13T03:26:59.565Z,1040.3048,1451.6142,229.0499,6.3372,0.7169,1100.7161,1541.721,229.6858,6.7116,0.7134,1552.2943,2086.3636,228.9251,9.1137,0.7442
2015-11-13T03:27:59.781Z,1050.2638,1458.1381,228.9304,6.3691,0.7199,1110.3614,1551.622,229.625,6.7571,0.7162,1557.3761,2089.4282,229.1228,9.1191,0.7458
2015-11-13T03:28:59.006Z,1060.2482,1466.4949,228.8954,6.4065,0.7228,1113.101,1552.9362,229.1739,6.776,0.7171,1563.4253,2089.2285,229.0211,9.1216,0.7493
2015-11-13T03:29:59.320Z,1066.7243,1482.2872,228.7349,6.4802,0.72,1106.4763,1529.6089,227.8383,6.7133,0.7233,1594.4398,2103.3439,229.219,9.1762,0.758
2015-11-13T03:30:59.583Z,1073.6798,1473.5504,228.413,6.4517,0.7287,1124.6399,1548.6994,228.171,6.7871,0.7268,1584.8384,2093.4724,228.1683,9.1754,0.7571
2015-11-13T03:31:59.822Z,1073.8578,1468.4877,228.3429,6.431,0.7312,1125.5359,1556.5786,228.8806,6.8004,0.7234,1570.8197,2083.0498,227.9838,9.1363,0.7539
2015-11-13T03:32:59.008Z,1091.8032,1487.8692,228.7558,6.5034,0.734,1146.3642,1584.141,229.5432,6.901,0.7237,1585.3738,2104.4645,228.5881,9.2066,0.7526
2015-11-13T03:33:59.276Z,1086.5621,1488.1061,229.4156,6.486,0.7296,1153.1426,1593.4343,230.1483,6.9232,0.7238,1588.5397,2118.6812,228.8923,9.2563,0.7504
2015-11-13T03:34:59.491Z,1093.1187,1495.7307,229.705,6.5109,0.7308,1168.7389,1610.6603,230.5247,6.9863,0.7257,1599.3193,2136.9937,229.4353,9.3134,0.7493
2015-11-13T03:35:59.763Z,1112.6632,1517.5803,230.4488,6.5851,0.7331,1164.6718,1613.525,230.0111,7.0154,0.7212,1602.0264,2128.7981,229.2102,9.2877,0.752
2015-11-13T03:36:59.158Z,1122.511,1525.3289,230.745,6.6111,0.736,1170.8019,1623.1434,230.0849,7.0549,0.721,1604.3245,2127.4007,229.0107,9.2892,0.7533
2015-11-13T03:37:59.389Z,1126.6043,1524.3052,230.7076,6.6066,0.739,1189.9243,1645.2662,230.5691,7.135,0.7233,1606.1451,2140.5059,229.186,9.3393,0.7506
2015-11-13T03:38:59.639Z,1119.4688,1519.4566,230.9412,6.5794,0.7374,1172.1171,1630.7899,230.4176,7.0768,0.7192,1593.4228,2121.8964,228.9362,9.2682,0.7506
2015-11-13T03:39:59.916Z,1121.8302,1517.2289,230.4119,6.5844,0.74,1160.8711,1613.4589,229.5952,7.0273,0.7199,1590.8631,2104.8141,228.4317,9.2134,0.7564
2015-11-13T03:40:59.319Z,1122.7825,1512.7929,229.7104,6.5849,0.742,1153.9535,1596.8299,228.8522,6.977,0.7228,1590.1175,2090.4311,227.519,9.1882,0.7603
2015-11-13T03:41:59.677Z,1135.8338,1512.1568,229.4068,6.5914,0.7509,1175.9553,1617.7588,229.3474,7.0527,0.727,1592.4449,2091.0579,226.6884,9.224,0.7606
2015-11-13T03:42:59.962Z,1142.3312,1517.2389,228.9959,6.6253,0.7526,1163.5501,1606.8463,229.1238,7.013,0.7232,1589.1423,2077.1662,226.351,9.1764,0.7646
2015-11-13T03:43:59.145Z,1162.6747,1536.4207,229.2242,6.7019,0.7577,1174.0049,1620.2541,229.0519,7.074,0.7245,1599.0133,2081.2465,226.3343,9.1953,0.7683
2015-11-13T03:44:59.668Z,1136.6411,1522.0399,229.6323,6.6282,0.7471,1181.2061,1629.9218,230.2539,7.0788,0.7249,1600.6761,2112.4108,228.1102,9.2594,0.7582
2015-11-13T03:45:59.058Z,1143.0644,1552.1234,229.9655,6.7497,0.737,1179.9289,1617.5225,229.6729,7.042,0.7293,1643.5537,2155.0474,229.5829,9.387,0.7615
2015-11-13T03:46:59.248Z,1131.6594,1527.5972,229.2883,6.6624,0.7408,1183.5838,1615.7669,229.4817,7.0404,0.7323,1627.1191,2139.163,228.8881,9.3458,0.7601
2015-11-13T03:47:59.635Z,1147.6464,1534.7386,229.3653,6.691,0.7484,1218.4979,1658.8067,230.7124,7.1897,0.7349,1631.4703,2157.8861,229.1988,9.4147,0.7567
2015-11-13T03:48:59.942Z,1144.6034,1528.0582,229.426,6.6602,0.7492,1205.7238,1646.7149,230.1222,7.1551,0.7323,1617.484,2136.2204,228.6286,9.3431,0.7578
2015-11-13T03:49:59.206Z,1159.7798,1524.9181,228.1897,6.6824,0.7608,1234.7031,1651.8346,228.9533,7.2152,0.7475,1641.6919,2144.7443,227.4185,9.4308,0.7658
2015-11-13T03:50:59.570Z,1143.377,1511.5674,227.6354,6.6401,0.7568,1216.7786,1624.5258,228.4234,7.1123,0.749,1639.3657,2136.3699,227.1772,9.404,0.7676
2015-11-13T03:51:59.863Z,1194.8937,1569.5764,228.2641,6.8762,0.761,1204.6818,1611.2532,226.7096,7.1067,0.7472,1672.7063,2131.4066,226.3848,9.4149,0.7851
2015-11-13T03:52:59.089Z,1183.6005,1566.162,228.3815,6.8575,0.756,1181.3908,1598.2742,227.2611,7.0326,0.7394,1657.1281,2117.2798,226.6877,9.3398,0.7816
2015-11-13T03:53:59.362Z,1203.9282,1584.7137,228.7908,6.9261,0.7598,1210.2868,1625.3658,227.5738,7.1423,0.7446,1680.9267,2144.8986,226.8976,9.453,0.7829
2015-11-13T03:54:59.704Z,1168.6946,1546.4104,228.5077,6.7671,0.7556,1220.885,1638.3969,228.853,7.1589,0.745,1657.8559,2152.4207,227.768,9.4493,0.7704
2015-11-13T03:55:59.912Z,1184.5543,1568.0888,228.9133,6.8508,0.7553,1248.1269,1671.8828,230.2346,7.2614,0.747,1679.6856,2190.0567,228.987,9.5638,0.7672
2015-11-13T03:56:59.199Z,1171.5315,1556.5131,229.1097,6.7933,0.7521,1232.3674,1662.5797,230.501,7.2121,0.7412,1659.6647,2172.8034,228.9018,9.4921,0.7626
2015-11-13T03:57:59.455Z,1183.724,1566.1804,229.1588,6.8341,0.756,1265.7863,1692.5418,230.9833,7.3272,0.7484,1683.7284,2206.9513,229.1216,9.6319,0.7617
2015-11-13T03:58:59.659Z,1169.9948,1563.4571,229.5507,6.8112,0.7484,1240.2142,1672.6877,231.0306,7.2397,0.7416,1670.6167,2194.8768,229.3708,9.5687,0.7607
2015-11-13T03:59:59.032Z,1187.7723,1602.3942,229.5603,6.9798,0.7411,1230.324,1632.982,228.4558,7.147,0.7543,1739.1147,2235.6735,229.9073,9.7242,0.7775
2015-11-13T04:00:59.672Z,1183.8967,1611.9875,229.6185,7.0204,0.734,1186.7105,1576.8814,226.1829,6.971,0.7524,1744.5916,2213.1425,229.5809,9.6395,0.7884
2015-11-13T04:01:59.918Z,1214.466,1585.5374,228.1064,6.9511,0.7662,1264.9627,1674.3489,228.9433,7.3137,0.7558,1703.7374,2189.8514,227.7042,9.6172,0.7787
2015-11-13T04:02:59.231Z,1204.6856,1574.5158,228.0619,6.9036,0.7652,1250.274,1664.6831,229.1722,7.2638,0.7501,1685.7769,2172.6643,227.3788,9.5549,0.7765
2015-11-13T04:03:59.512Z,1215.8666,1593.4811,228.0703,6.9862,0.7627,1263.1808,1671.5629,229.2893,7.2899,0.7562,1716.0909,2204.2393,227.752,9.6782,0.7797
2015-11-13T04:04:59.123Z,1189.4612,1573.6927,228.3476,6.8917,0.7551,1263.9958,1675.0982,229.979,7.2833,0.7543,1706.7631,2216.117,228.8083,9.6852,0.771
2015-11-13T04:05:59.620Z,1202.24,1592.7598,229.012,6.9547,0.7551,1275.4722,1689.9549,229.9469,7.349,0.7548,1724.9916,2236.9518,229.5077,9.7467,0.7708
2015-11-13T04:06:59.821Z,1181.9929,1583.1555,229.2829,6.9046,0.7461,1224.1607,1642.5885,228.9628,7.1742,0.7455,1697.2544,2196.3524,229.2492,9.5802,0.7712
2015-11-13T04:07:59.053Z,1205.1698,1595.0149,228.6552,6.9752,0.7557,1247.7322,1656.3434,228.5092,7.2485,0.7535,1715.7024,2204.4621,228.6665,9.6401,0.7779
2015-11-13T04:08:59.322Z,1213.425,1597.8159,228.5084,6.992,0.7597,1250.1738,1658.4288,228.2397,7.2659,0.7538,1713.0808,2197.8384,228.2256,9.6297,0.7797
2015-11-13T04:09:59.520Z,1211.8614,1582.5254,227.7108,6.9499,0.7654,1279.1589,1677.2494,228.436,7.3423,0.7631,1721.1464,2210.5402,227.7534,9.7059,0.7776
2015-11-13T04:10:59.983Z,1208.6702,1578.4077,227.109,6.9504,0.7659,1280.4649,1669.0666,228.086,7.3179,0.7676,1732.5341,2218.0701,227.5234,9.7484,0.7802
2015-11-13T04:11:59.445Z,1212.1891,1588.5684,227.9891,6.9676,0.7631,1244.8932,1638.6705,226.7294,7.2268,0.76,1717.6999,2184.234,227.1084,9.6168,0.7869
2015-11-13T04:12:59.685Z,1218.5641,1590.1978,227.2742,6.9967,0.7669,1241.6464,1630.7358,226.3308,7.2051,0.761,1718.1452,2173.005,226.3428,9.6,0.79
2015-11-13T04:13:59.930Z,1224.3606,1593.2186,227.1512,7.0137,0.7691,1240.8607,1627.1569,225.9259,7.2014,0.762,1719.9016,2169.5428,226.0734,9.597,0.791
2015-11-13T04:14:59.292Z,1206.4743,1572.0567,227.3655,6.9135,0.7678,1271.546,1665.4329,227.8837,7.3076,0.7631,1710.279,2192.6371,227.2266,9.6496,0.7811
2015-11-13T04:15:59.486Z,1198.8318,1572.9012,227.6706,6.9087,0.7616,1275.1677,1671.1772,228.7288,7.3064,0.7623,1719.2828,2217.3228,228.3417,9.7102,0.7768
2015-11-13T04:16:59.124Z,1203.3206,1574.1602,227.702,6.9131,0.7646,1275.7272,1675.1831,228.9067,7.318,0.7611,1713.018,2206.542,227.7764,9.6871,0.7772
2015-11-13T04:17:59.567Z,1206.8253,1567.333,227.4647,6.8899,0.7701,1285.7582,1683.4213,228.7507,7.3592,0.764,1707.3389,2198.2301,227.0898,9.68,0.7777
2015-11-13T04:18:59.932Z,1214.9119,1603.3103,228.2431,7.0244,0.7584,1252.4346,1633.4642,225.8686,7.2317,0.767,1751.7829,2217.3588,228.1218,9.7196,0.7897
2015-11-13T04:19:59.315Z,1219.1724,1596.8512,228.1367,6.9988,0.7642,1254.9731,1638.5942,225.6506,7.2608,0.7658,1738.0435,2198.4527,227.2512,9.673,0.7907
2015-11-13T04:20:59.614Z,1255.8768,1616.1168,228.7603,7.0648,0.7779,1251.6601,1652.956,225.6667,7.3252,0.7572,1714.2691,2150.7104,224.9113,9.5621,0.7983
2015-11-13T04:21:59.987Z,1205.4557,1591.1432,227.3261,6.9986,0.7571,1258.7377,1618.4941,224.5008,7.2088,0.777,1770.9388,2231.4113,228.0082,9.7864,0.7924
2015-11-13T04:22:59.217Z,1197.607,1594.5835,226.3992,7.0423,0.7509,1252.003,1594.7332,223.9464,7.1206,0.7857,1798.2688,2256.1565,228.6026,9.8692,0.7987
2015-11-13T04:23:59.543Z,1196.7993,1591.3604,226.2754,7.0329,0.7512,1259.0732,1600.701,224.1946,7.1401,0.7866,1800.0466,2262.5528,228.6798,9.8937,0.7963
2015-11-13T04:24:59.724Z,1193.4931,1575.369,226.9303,6.9423,0.7571,1290.4419,1649.3701,226.25,7.289,0.7826,1773.43,2262.0939,228.7662,9.8881,0.7822
2015-11-13T04:25:59.063Z,1213.3793,1578.3773,228.0419,6.9217,0.7689,1312.0467,1709.6312,228.9169,7.4687,0.7679,1728.6328,2235.0678,228.3292,9.7887,0.7719
2015-11-13T04:26:59.424Z,1215.0523,1588.4697,228.3889,6.9549,0.7649,1306.8861,1704.9021,228.8712,7.4496,0.7667,1739.0057,2243.992,228.6514,9.8139,0.7743
2015-11-13T04:27:59.811Z,1218.4378,1595.7244,228.2289,6.9916,0.764,1299.3386,1689.8074,228.0297,7.4096,0.77,1751.6307,2247.3477,228.6302,9.8298,0.7802
2015-11-13T04:28:59.360Z,1216.7,1622.0219,228.7512,7.0908,0.7504,1267.0106,1637.4335,225.6038,7.258,0.7726,1795.7131,2270.061,229.3379,9.898,0.7901
2015-11-13T04:29:59.523Z,1209.5319,1607.0866,227.7327,7.0573,0.7517,1281.2281,1641.1139,225.8451,7.266,0.78,1800.3574,2278.9298,229.1743,9.9435,0.79
2015-11-13T04:30:59.798Z,1212.0272,1588.4721,227.0287,6.9966,0.7632,1308.4884,1679.0001,227.6023,7.3763,0.78,1774.826,2266.5916,228.4716,9.9204,0.7826
2015-11-13T04:31:59.065Z,1222.401,1586.579,226.8265,6.9941,0.7703,1318.1548,1695.3077,228.0091,7.4352,0.7784,1760.5545,2252.6636,227.8541,9.8863,0.7801
2015-11-13T04:32:59.543Z,1220.0773,1589.9774,225.4788,7.0514,0.7676,1309.9905,1668.1587,227.131,7.3444,0.7851,1785.9573,2266.2177,228.1098,9.9348,0.7876
2015-11-13T04:33:59.935Z,1218.6582,1578.2077,224.7783,7.0206,0.7718,1325.4837,1680.7598,227.4969,7.3871,0.7893,1779.9322,2268.606,228.2286,9.9399,0.7841
2015-11-13T04:34:59.125Z,1215.8339,1586.6717,225.7697,7.0272,0.766,1318.2575,1672.4059,226.8408,7.3725,0.7891,1793.2724,2281.503,228.7601,9.9732,0.7852
2015-11-13T04:35:59.540Z,1245.9956,1623.77,226.9725,7.1533,0.7685,1287.7292,1644.0628,224.8729,7.3101,0.7833,1801.707,2251.6307,227.0203,9.9174,0.8008
2015-11-13T04:36:59.882Z,1278.2868,1626.7488,227.0675,7.1644,0.7856,1303.8716,1684.0732,225.7104,7.46,0.7744,1756.756,2196.269,224.6341,9.7765,0.799
2015-11-13T04:37:59.130Z,1265.3593,1624.8486,227.8963,7.1297,0.779,1309.842,1697.2369,226.8077,7.483,0.7722,1762.3427,2223.2418,226.2214,9.8265,0.7919
2015-11-13T04:38:59.438Z,1246.4343,1658.9107,228.6354,7.2556,0.7509,1263.6853,1614.8803,223.5176,7.225,0.7822,1844.7258,2287.775,228.5343,10.0102,0.8078
2015-11-13T04:39:59.670Z,1244.6791,1657.2616,228.4845,7.2533,0.7508,1268.5492,1614.0543,223.649,7.2172,0.7867,1856.2464,2300.7845,228.7313,10.0584,0.8091
2015-11-13T04:40:59.873Z,1243.1694,1659.1133,228.2175,7.2698,0.7497,1263.7801,1599.801,223.129,7.17,0.79,1869.3936,2306.6587,228.4223,10.0978,0.8101
2015-11-13T04:41:59.100Z,1236.7644,1654.319,227.9284,7.2578,0.7475,1266.7282,1597.2879,223.0443,7.161,0.7929,1877.9501,2318.6368,228.5986,10.1425,0.8097
2015-11-13T04:42:59.418Z,1242.3235,1624.0288,226.9949,7.1542,0.7644,1309.7816,1661.4687,225.9389,7.3538,0.789,1826.2572,2289.5443,227.6085,10.0584,0.7991
2015-11-13T04:43:59.638Z,1250.5174,1633.6428,226.4772,7.2134,0.7653,1295.2617,1635.0044,224.6675,7.2773,0.7925,1842.2055,2285.1074,226.6438,10.0825,0.8066
2015-11-13T04:44:59.143Z,1259.2709,1629.4106,227.5273,7.1616,0.7731,1307.2998,1678.1144,226.4956,7.4081,0.7791,1793.8869,2252.1508,226.4689,9.9442,0.7972
2015-11-13T04:45:59.352Z,1269.6058,1626.751,227.1851,7.1604,0.7803,1333.3074,1706.7909,226.9069,7.5211,0.7817,1790.0451,2253.2376,226.2184,9.9601,0.7948
2015-11-13T04:46:59.808Z,1257.2062,1625.9389,226.9016,7.166,0.7728,1322.8557,1687.8417,226.5606,7.4496,0.7836,1802.2641,2267.5452,227.0858,9.985,0.7944
2015-11-13T04:47:59.994Z,1247.7329,1632.1251,227.0748,7.1871,0.7644,1317.1181,1663.6124,225.2116,7.3863,0.7909,1841.9892,2305.866,228.2948,10.0993,0.7972
2015-11-13T04:48:59.143Z,1243.3187,1630.7377,227.5306,7.1669,0.7623,1315.8923,1662.4222,225.3255,7.3782,0.7914,1841.1805,2307.2021,228.2786,10.1063,0.7989
2015-11-13T04:49:59.626Z,1248.1797,1631.978,227.5709,7.1711,0.7648,1322.0387,1670.7037,225.4865,7.4092,0.7909,1839.7299,2308.2372,228.4438,10.1043,0.7976
2015-11-13T04:50:59.931Z,1256.6953,1621.3775,226.856,7.1473,0.7753,1339.4984,1696.5489,226.1906,7.5004,0.7892,1816.1179,2285.3709,227.3793,10.0502,0.7953
2015-11-13T04:51:59.421Z,1260.005,1617.4253,226.7992,7.1323,0.7799,1346.731,1712.6561,227.2534,7.5365,0.7866,1800.8401,2276.1659,226.997,10.0273,0.791
2015-11-13T04:52:59.606Z,1254.8028,1617.3835,225.5762,7.1707,0.7766,1342.5679,1687.6319,226.144,7.4624,0.7951,1830.4525,2296.8155,227.1848,10.1092,0.7987
2015-11-13T04:53:59.955Z,1254.4865,1643.4466,226.9258,7.2421,0.7636,1310.6657,1660.4288,226.0279,7.3452,0.7901,1846.4401,2307.8425,228.2003,10.1128,0.8015
2015-11-13T04:54:59.560Z,1264.902,1672.2141,228.9934,7.3024,0.7567,1307.4511,1669.6116,225.8852,7.3916,0.7823,1858.5609,2322.9645,229.1723,10.1361,0.8008
2015-11-13T04:55:59.833Z,1262.7118,1655.0652,229.1492,7.2222,0.762,1315.2371,1686.2227,225.8116,7.4671,0.7798,1830.936,2298.5987,228.7552,10.0481,0.7987
2015-11-13T04:56:59.254Z,1288.1574,1648.4538,229.0244,7.1975,0.7806,1360.0546,1761.9282,228.4534,7.7121,0.7717,1784.1955,2272.6454,227.9058,9.9718,0.7848
2015-11-13T04:57:59.466Z,1279.2672,1636.6076,228.7784,7.1537,0.7809,1356.8034,1764.4647,229.1884,7.6984,0.7694,1764.3651,2258.8623,227.816,9.9151,0.7813
2015-11-13T04:58:59.770Z,1333.3574,1682.022,229.5682,7.3267,0.7933,1344.4044,1767.5758,228.5585,7.7334,0.7611,1760.4419,2216.0019,225.1488,9.8422,0.7951
2015-11-13T04:59:59.024Z,1324.717,1673.9744,229.0637,7.3078,0.7917,1325.9675,1741.7999,228.0733,7.6369,0.7613,1757.9147,2205.2767,224.7288,9.8122,0.7985
