2015-11-04T00:00:59.365Z,2.3424,71.061,232.4145,0.3059,0.0321,3.2901,63.5893,232.7767,0.2731,0.0551,1.6385,63.376,233.4513,0.2708,0.0251
2015-11-04T00:01:59.675Z,2.2074,74.014,232.6625,0.3183,0.028,3.6178,65.5751,233.4367,0.2807,0.0548,1.3609,64.6286,233.3625,0.2765,0.0208
2015-11-04T00:03:59.309Z,2.4991,74.8056,233.5094,0.3199,0.0338,3.4714,65.129,231.1528,0.2817,0.0538,1.2031,66.6672,234.6983,0.2848,0.0186
2015-11-04T00:04:59.691Z,2.8551,73.121,233.3419,0.3132,0.0397,3.5192,65.3347,232.4818,0.2803,0.0542,1.3653,65.2796,233.7471,0.2791,0.0198
2015-11-04T00:05:59.124Z,2.78,73.2992,233.1232,0.3148,0.039,3.64,64.6718,233.1748,0.2778,0.0554,1.6622,66.8719,232.8951,0.2871,0.0246
2015-11-04T00:06:59.429Z,1.4476,71.8199,232.549,0.3085,0.0187,3.8776,63.7384,232.9054,0.2741,0.0638,1.6924,64.1535,233.0633,0.2755,0.0291
2015-11-04T00:07:59.685Z,2.221,73.4179,233.2602,0.314,0.0312,3.7184,65.4669,232.0284,0.2822,0.0576,1.6151,65.1318,233.4981,0.2792,0.0252
2015-11-04T00:08:59.040Z,2.9048,74.5827,233.4631,0.3192,0.0403,3.1738,64.025,230.2279,0.2782,0.0501,0.8358,65.8082,234.2506,0.2806,0.0137
2015-11-04T00:09:59.295Z,3.051,74.1981,233.6127,0.3174,0.0423,3.73,65.0552,230.982,0.2819,0.0584,1.3369,65.7044,233.6144,0.2814,0.021
2015-11-04T00:10:59.586Z,3.0807,74.2411,234.1899,0.3162,0.0415,3.4436,65.1812,233.2884,0.2795,0.0527,1.9757,65.0458,230.3188,0.2823,0.0309
2015-11-04T00:11:59.802Z,2.3213,74.0024,233.9236,0.3162,0.0319,3.819,66.1871,233.6118,0.2838,0.0578,1.2391,64.5366,230.7258,0.2799,0.019
2015-11-04T00:12:59.021Z,1.9936,75.1664,233.8065,0.3217,0.0258,3.4273,65.8091,233.6612,0.2809,0.0525,1.6869,64.2647,230.8348,0.2787,0.0266
2015-11-04T00:13:59.309Z,2.3887,73.5189,234.2829,0.3141,0.0322,3.0429,66.3429,232.1945,0.2859,0.0463,1.7736,62.9737,230.5928,0.2734,0.0286
2015-11-04T00:14:59.580Z,2.6113,73.9955,234.5063,0.3157,0.0364,3.2452,64.9276,230.2463,0.2823,0.0499,1.2716,64.6885,231.1085,0.2802,0.02
2015-11-04T00:15:59.888Z,2.2234,73.7944,234.4126,0.3143,0.0296,3.64,64.7533,232.2624,0.279,0.0568,1.363,63.1619,230.3884,0.2741,0.023
2015-11-04T00:16:59.176Z,1.8279,73.8192,233.2809,0.3164,0.0261,3.608,65.9402,232.5166,0.2834,0.0573,1.3239,64.2058,229.5142,0.2797,0.0216
2015-11-04T00:17:59.592Z,2.3029,73.6147,233.3211,0.3154,0.0312,3.4555,65.3922,232.5862,0.281,0.055,1.2911,64.7978,230.0002,0.2817,0.0201
2015-11-04T00:18:59.853Z,3.1121,72.6515,233.1779,0.3118,0.043,3.2882,65.5133,232.6738,0.2816,0.05,1.4166,64.0167,230.4824,0.2781,0.0204
2015-11-04T00:19:59.068Z,3.3528,75.832,233.5346,0.3248,0.0457,3.6272,65.3399,231.0483,0.2826,0.0572,0.8128,64.4377,231.331,0.2787,0.0131
2015-11-04T00:20:59.292Z,2.1293,73.8021,233.7862,0.3154,0.0299,2.8556,63.4864,229.9797,0.2759,0.0467,1.5473,64.4143,231.9986,0.2771,0.0242
2015-11-04T00:21:59.590Z,2.3623,73.8389,233.8922,0.3157,0.0329,3.9776,63.8788,233.0953,0.274,0.0628,1.7607,65.2553,230.8575,0.2828,0.0283
2015-11-04T00:22:59.990Z,2.0386,73.516,234.11,0.3141,0.0274,4.036,65.9478,232.9958,0.2833,0.0607,1.3276,65.0251,231.0727,0.2815,0.0207
2015-11-04T00:23:59.243Z,2.7228,73.7639,234.3383,0.3156,0.0372,3.5837,64.7048,232.7906,0.2778,0.0563,1.5579,65.1808,231.8103,0.281,0.0236
2015-11-04T00:24:59.546Z,3.3629,73.9526,233.6388,0.3168,0.046,3.7976,66.352,232.8813,0.2843,0.0585,1.482,65.6933,233.2975,0.2819,0.0225
2015-11-04T00:25:59.734Z,2.0439,73.6638,233.09,0.316,0.0286,3.4891,64.0123,230.2645,0.2774,0.0562,1.4654,66.1128,235.2858,0.2811,0.0211
2015-11-04T00:26:59.025Z,2.1127,75.0355,232.8255,0.3227,0.0288,3.3372,64.8784,228.5397,0.2838,0.0511,0.771,65.771,235.3222,0.2797,0.0134
2015-11-04T00:27:59.545Z,1.9648,72.8415,232.8685,0.313,0.0283,3.5303,64.8638,230.9486,0.2815,0.0551,1.3901,64.9215,234.2072,0.2776,0.0205
2015-11-04T00:28:59.880Z,2.7239,73.3937,232.5692,0.3161,0.038,3.8747,65.1466,230.4211,0.2832,0.0587,1.4573,65.3399,233.8717,0.2795,0.0234
2015-11-04T00:29:59.211Z,1.7707,74.1438,232.5681,0.3188,0.0222,3.5879,66.2256,230.3332,0.2879,0.0546,1.5839,64.3428,234.0127,0.2746,0.024
2015-11-04T00:30:59.516Z,2.5348,72.9547,232.7133,0.3134,0.0344,3.4252,64.1021,230.3375,0.2782,0.0552,1.2901,65.1867,233.767,0.2789,0.0208
2015-11-04T00:31:59.757Z,2.6485,73.7557,232.9298,0.3168,0.0366,3.5441,65.1014,230.1313,0.283,0.0549,1.5767,66.2878,233.9473,0.2841,0.0232
2015-11-04T00:32:59.181Z,2.793,74.4597,233.1397,0.3192,0.0384,3.5952,64.3693,228.0267,0.2818,0.0568,0.9773,65.2416,234.6604,0.2776,0.0158
2015-11-04T00:33:59.653Z,2.6934,74.2029,232.9175,0.3187,0.0355,3.8142,64.275,228.8927,0.2808,0.0596,1.1798,65.8487,234.1801,0.2812,0.0189
2015-11-04T00:34:59.871Z,2.0221,73.2941,232.7807,0.3149,0.0276,3.4587,64.6924,231.1458,0.2796,0.0533,1.9405,64.6891,233.6965,0.277,0.0285
2015-11-04T00:35:59.107Z,2.0013,72.3896,233.5024,0.3096,0.0291,3.7519,63.805,231.5301,0.2758,0.0598,2.2333,65.2826,234.516,0.278,0.034
2015-11-04T00:36:59.306Z,2.2809,74.1074,233.1936,0.3185,0.0312,3.9678,63.7855,231.8115,0.2749,0.0643,1.7646,65.9949,234.3911,0.2815,0.0257
2015-11-04T00:37:59.660Z,2.5397,73.9628,233.3305,0.3166,0.0345,3.5821,65.254,232.1963,0.2809,0.0552,1.8217,65.88,234.2982,0.2814,0.0282
2015-11-04T00:38:59.786Z,2.3348,74.8087,233.092,0.3208,0.032,3.7084,65.3365,232.5255,0.281,0.0581,1.4116,65.5466,234.329,0.2795,0.0221
2015-11-04T00:39:59.048Z,2.0746,73.4774,233.2112,0.3147,0.0263,3.7788,64.1608,231.0776,0.2774,0.0611,1.1306,66.023,234.6153,0.2816,0.0196
2015-11-04T00:40:59.429Z,2.4264,73.7202,233.7793,0.3149,0.0319,3.2125,63.8531,229.6675,0.2779,0.0509,1.3012,66.8626,234.5402,0.2851,0.0197
2015-11-04T00:41:59.810Z,2.696,74.0418,232.7136,0.3178,0.035,3.7192,65.1827,230.9897,0.282,0.058,0.8879,66.8536,234.5677,0.285,0.0141
2015-11-04T00:42:59.112Z,1.9279,72.99,231.8359,0.3151,0.0267,3.7483,64.4603,232.4107,0.277,0.059,1.2284,65.4341,233.8243,0.2799,0.0196
2015-11-04T00:43:59.307Z,2.3115,71.4286,232.2205,0.307,0.032,3.592,63.7491,232.3905,0.2751,0.0565,1.8316,63.0018,234.1501,0.2689,0.0288
2015-11-04T00:44:59.562Z,2.6134,72.1581,233.1063,0.3097,0.0364,3.2774,63.9114,230.909,0.2764,0.0531,1.5611,65.6925,234.9419,0.2797,0.0227
2015-11-04T00:45:59.837Z,2.5247,71.356,233.342,0.306,0.0362,3.78,62.4122,229.9258,0.2717,0.0622,0.3102,64.9877,235.2471,0.2764,0.0051
2015-11-04T00:46:59.140Z,2.1733,72.2378,233.0046,0.3101,0.0296,3.25,62.0592,230.9752,0.2683,0.0533,0.8618,62.6643,234.7941,0.2669,0.013
2015-11-04T00:47:59.524Z,2.5898,72.4663,233.2576,0.3107,0.0356,3.9169,63.1691,233.087,0.2712,0.0641,1.2508,64.2024,234.2401,0.274,0.0193
2015-11-04T00:48:59.918Z,1.9586,72.1798,233.3329,0.3091,0.0266,4.1723,63.4236,233.2266,0.272,0.0666,0.5442,64.6711,234.1408,0.2762,0.0071
2015-11-04T00:49:59.141Z,2.7911,70.6259,232.9753,0.303,0.041,3.8049,60.5141,233.2964,0.2592,0.0653,1.0718,63.5006,234.5408,0.2707,0.0192
2015-11-04T00:50:59.384Z,2.0636,71.0056,233.2091,0.3042,0.0298,3.9809,62.9836,233.277,0.2699,0.0651,1.0778,65.4532,234.6745,0.2795,0.0167
2015-11-04T00:51:59.779Z,2.3682,72.6545,233.3529,0.3105,0.0315,3.4113,63.2087,230.4009,0.274,0.0547,1.4886,63.3945,235.0128,0.2698,0.0208
2015-11-04T00:52:59.125Z,1.8167,72.3111,233.7159,0.3093,0.0263,2.9776,63.3164,229.9533,0.275,0.0477,0.8977,62.9937,235.1509,0.2678,0.0146
2015-11-04T00:53:59.393Z,1.8731,72.1104,233.4703,0.3087,0.0279,3.8959,64.9581,232.8147,0.2789,0.0602,1.3557,63.3924,234.4376,0.2707,0.0211
2015-11-04T00:54:59.731Z,3.2098,72.0024,233.157,0.3088,0.0436,3.7337,63.1068,232.5845,0.2715,0.0615,1.1851,63.3023,233.9036,0.2702,0.0197
2015-11-04T00:55:59.183Z,2.914,71.3939,233.1148,0.3066,0.0404,4.1362,63.1939,232.31,0.2717,0.0673,1.0288,65.8717,233.8607,0.2816,0.0144
2015-11-04T00:56:59.489Z,1.827,71.5573,233.0066,0.3072,0.0265,4.0416,62.7413,232.2925,0.27,0.0665,1.1003,63.9712,233.3261,0.2738,0.0163
2015-11-04T00:57:59.753Z,1.7067,72.1969,233.4331,0.3089,0.0243,3.4446,62.1896,232.9387,0.2665,0.0566,1.2803,63.2424,234.3402,0.2697,0.0198
2015-11-04T00:58:59.089Z,2.3678,73.2926,233.8481,0.3132,0.032,3.4914,62.8072,230.9181,0.2722,0.0549,1.0533,64.5503,235.4741,0.2747,0.017
2015-11-04T00:59:59.294Z,3.1573,73.9678,233.6827,0.3166,0.0424,2.9667,64.0698,229.8164,0.2789,0.0486,0.8952,64.7329,235.8156,0.2746,0.0134
