2015-12-23T00:00:59.417Z,3.3756,119.1085,233.0114,0.5102,0.028,4.4863,104.2505,230.4914,0.4521,0.0429,3.2073,104.9356,232.7327,0.4512,0.0276
2015-12-23T00:01:59.643Z,4.4808,120.1454,233.4299,0.5145,0.037,4.0274,103.1296,231.3576,0.4458,0.0403,3.7564,103.6422,233.3463,0.4438,0.0377
2015-12-23T00:02:59.929Z,4.3808,120.6463,233.6188,0.5162,0.0365,3.2332,101.9245,231.4516,0.4402,0.0316,3.2189,107.2303,233.9388,0.458,0.0302
2015-12-23T00:03:59.297Z,3.8016,121.5567,233.89,0.5194,0.0309,4.7392,105.0022,231.4562,0.4533,0.0453,4.004,106.1282,234.2613,0.4533,0.0373
2015-12-23T00:04:59.527Z,3.3808,120.9796,234.2324,0.5164,0.0265,4.5877,105.3105,232.1233,0.454,0.0433,3.3174,105.3873,234.4797,0.4491,0.0313
2015-12-23T00:05:59.767Z,4.4966,120.9788,234.4099,0.5157,0.0375,3.9438,103.5845,232.4672,0.4457,0.0374,3.5689,103.4057,234.6847,0.4405,0.0337
2015-12-23T00:06:59.998Z,5.1841,120.3525,234.4645,0.5131,0.043,3.5811,104.8266,232.7398,0.4501,0.0349,4.2875,106.1845,234.934,0.452,0.0407
2015-12-23T00:07:59.280Z,3.8653,118.5599,234.1093,0.5063,0.0323,3.5002,103.3136,232.656,0.4446,0.0318,3.1787,104.6536,234.8782,0.4453,0.031
2015-12-23T00:08:59.505Z,3.7796,120.7667,233.9547,0.5158,0.0301,4.1311,103.7736,232.3493,0.4465,0.0419,4.0154,106.2518,234.8664,0.4527,0.0391
2015-12-23T00:09:59.779Z,4.3649,121.9285,233.7751,0.5213,0.0366,3.0789,103.1579,231.6497,0.4452,0.0297,3.634,108.7416,235.2254,0.4614,0.0341
2015-12-23T00:10:59.148Z,4.3558,119.1881,233.8727,0.5091,0.0359,3.283,104.2783,231.22,0.4509,0.0311,4.2819,106.4054,235.9669,0.4513,0.0401
2015-12-23T00:11:59.388Z,3.9503,117.6646,233.9402,0.503,0.0353,4.0407,102.3766,231.8703,0.4409,0.0421,4.3568,104.6485,235.6009,0.4443,0.0427
2015-12-23T00:12:59.547Z,3.8854,120.9941,233.3981,0.5184,0.0323,4.1799,101.6638,232.037,0.4379,0.0414,3.5644,106.2465,235.3216,0.4518,0.0353
2015-12-23T00:13:59.788Z,4.1099,121.4568,233.0735,0.521,0.0329,4.6623,104.4384,231.3691,0.4512,0.0455,3.7104,102.6253,235.1912,0.4362,0.0347
2015-12-23T00:14:59.996Z,3.3955,120.664,233.2196,0.517,0.0293,4.0351,104.2693,230.7609,0.452,0.0393,2.6866,104.6068,235.4439,0.4446,0.0263
2015-12-23T00:15:59.294Z,4.1533,121.9149,233.4419,0.5219,0.0343,3.7533,101.3283,230.3465,0.4403,0.0382,2.9492,104.6496,234.9293,0.4458,0.0284
2015-12-23T00:16:59.609Z,4.8722,120.9897,233.331,0.5184,0.0409,3.3308,102.8878,230.1076,0.4472,0.0345,3.1965,102.4753,234.0396,0.4375,0.0315
2015-12-23T00:17:59.925Z,4.2175,122.8844,232.9598,0.5278,0.0343,4.0162,103.4334,229.9276,0.4498,0.0388,3.6905,103.4698,234.4789,0.4411,0.0355
2015-12-23T00:18:59.172Z,4.4751,121.06,232.627,0.52,0.0372,4.2913,103.1879,229.7769,0.4497,0.0428,3.3469,104.4793,234.6318,0.4454,0.0327
2015-12-23T00:19:59.785Z,3.6492,118.6145,232.9684,0.5084,0.0314,4.9064,105.6148,230.4704,0.4579,0.0469,3.7462,102.7937,234.7745,0.4377,0.0356
2015-12-23T00:20:59.089Z,3.6962,120.8853,233.3036,0.5182,0.0303,4.2408,103.5519,230.6093,0.4487,0.0407,3.0276,104.5228,234.6111,0.4456,0.0303
2015-12-23T00:21:59.462Z,3.8973,119.7375,232.9376,0.5137,0.0311,3.7275,103.0042,230.8187,0.446,0.0362,3.3803,105.3502,234.7678,0.4482,0.0336
2015-12-23T00:22:59.680Z,5.2985,120.0359,233.441,0.5141,0.0435,3.4087,100.9849,230.7231,0.4377,0.0349,3.7204,105.1985,234.5014,0.4479,0.0382
2015-12-23T00:23:59.302Z,4.2577,119.0162,233.4984,0.5103,0.0359,3.6434,102.7884,230.6974,0.446,0.0367,3.4117,101.4318,234.396,0.4324,0.033
2015-12-23T00:24:59.583Z,3.5689,122.6979,233.562,0.5246,0.0301,3.7307,105.2425,230.824,0.4556,0.0358,3.9571,103.6154,234.6784,0.4412,0.0379
2015-12-23T00:25:59.799Z,4.1233,120.0187,233.359,0.5141,0.0354,4.4289,102.3507,230.5652,0.444,0.0444,3.6675,104.4222,234.8062,0.4445,0.0359
2015-12-23T00:26:59.019Z,5.2737,121.4388,233.8136,0.5186,0.0439,3.9581,101.445,231.3013,0.438,0.0434,4.145,103.522,235.3556,0.44,0.0414
2015-12-23T00:27:59.261Z,4.8798,120.3189,233.7516,0.5138,0.0396,3.7871,101.3723,231.4525,0.4379,0.0376,4.0324,106.7116,235.5588,0.4531,0.0378
2015-12-23T00:28:59.629Z,5.2196,121.5973,233.9659,0.5196,0.0432,3.6714,105.3904,231.8862,0.4548,0.0369,3.3603,106.5211,235.6405,0.4519,0.0316
2015-12-23T00:29:59.909Z,4.1547,121.3226,233.9997,0.5179,0.0349,3.7958,102.583,231.3264,0.4436,0.0362,3.0193,103.7427,235.452,0.4403,0.0295
2015-12-23T00:30:59.213Z,4.2546,119.3476,234.0357,0.5096,0.0364,3.8638,102.5032,231.6252,0.4421,0.0387,3.7513,104.7931,235.3563,0.445,0.0359
2015-12-23T00:31:59.512Z,3.6595,121.2604,234.6663,0.516,0.0308,3.3498,102.9304,229.7753,0.4479,0.0311,3.5534,105.353,235.9312,0.4463,0.0316
2015-12-23T00:32:59.747Z,4.5131,120.9807,234.4678,0.5156,0.0369,3.1775,103.6055,229.4146,0.4513,0.0302,3.5416,103.496,235.8231,0.4385,0.0332
2015-12-23T00:33:59.928Z,5.3353,119.5205,233.8071,0.5113,0.0431,3.8818,104.0689,231.5681,0.4498,0.0357,3.9163,103.4873,234.8884,0.4402,0.0381
2015-12-23T00:34:59.141Z,4.7798,121.4114,233.5972,0.5193,0.0384,3.9687,105.8501,231.3109,0.4578,0.0388,3.8712,105.3417,234.9193,0.4487,0.0354
2015-12-23T00:35:59.482Z,4.0176,120.6865,233.4801,0.5165,0.0334,3.6554,103.3741,231.1879,0.4471,0.0365,3.9036,105.6682,234.7995,0.4504,0.0378
2015-12-23T00:36:59.765Z,4.3268,121.3775,233.5895,0.5187,0.036,4.6886,103.2166,231.3435,0.4463,0.0449,4.0436,105.9266,234.9733,0.4504,0.0374
2015-12-23T00:37:59.039Z,4.2767,122.9467,233.4537,0.5262,0.0347,3.8146,104.8063,231.3186,0.4538,0.0358,3.7257,103.6226,235.344,0.4407,0.0364
2015-12-23T00:38:59.479Z,3.9323,121.0719,233.2171,0.5188,0.0332,4.4576,102.8749,230.9751,0.4458,0.0416,3.0144,104.0463,235.3967,0.4422,0.029
2015-12-23T00:39:59.827Z,3.1551,120.1128,233.1853,0.5154,0.0259,4.0502,106.0822,231.8176,0.4578,0.0367,3.8013,104.2611,235.1289,0.4435,0.0352
2015-12-23T00:40:59.067Z,3.8403,120.1971,233.588,0.5145,0.0306,3.8306,101.9355,232.9375,0.4374,0.0402,4.3129,104.176,235.171,0.4435,0.0425
2015-12-23T00:41:59.273Z,3.5728,121.5743,233.554,0.5202,0.0278,4.0341,101.6424,232.9015,0.4367,0.0388,2.8812,101.6786,235.1663,0.4322,0.0296
2015-12-23T00:42:59.566Z,3.794,121.7148,233.4796,0.5204,0.0304,4.3941,103.7999,232.3797,0.4468,0.0422,3.3707,106.2704,234.7759,0.4524,0.0324
2015-12-23T00:43:59.770Z,3.7689,121.2503,233.4608,0.5195,0.031,4.3178,103.8792,231.9527,0.4476,0.0427,3.0491,103.2868,234.9945,0.4393,0.0305
2015-12-23T00:44:59.090Z,4.119,119.4852,233.4663,0.5113,0.0352,4.6416,104.4481,232.2933,0.45,0.0438,3.3272,103.4277,235.1657,0.4399,0.0321
2015-12-23T00:45:59.226Z,4.7475,118.6422,233.2871,0.5086,0.0409,3.4843,102.2774,231.8381,0.4413,0.0373,3.2248,102.1356,234.6424,0.4351,0.0321
2015-12-23T00:46:59.539Z,4.3967,119.2234,233.7522,0.51,0.0354,3.5652,102.4645,231.094,0.4436,0.036,3.4949,106.0522,235.137,0.4507,0.0321
2015-12-23T00:47:59.692Z,4.2041,117.3967,233.4836,0.503,0.0349,3.996,102.0764,231.3314,0.4411,0.0408,3.2795,105.0884,234.7073,0.4471,0.031
2015-12-23T00:48:59.981Z,3.4633,118.9168,233.3742,0.509,0.0295,3.8537,103.6693,231.3657,0.4485,0.0371,3.8555,105.0323,233.7974,0.449,0.0357
2015-12-23T00:49:59.245Z,3.7356,120.7775,233.2008,0.5175,0.0304,4.3313,104.6183,231.3163,0.4518,0.0407,3.4553,105.6953,234.0576,0.451,0.0328
2015-12-23T00:50:59.611Z,4.7099,119.3362,233.1909,0.5117,0.0391,4.4921,105.3054,231.4928,0.4552,0.0417,3.5429,103.3737,233.9055,0.4421,0.0349
2015-12-23T00:51:59.953Z,3.1624,121.1021,233.5959,0.5181,0.0257,4.0627,102.2308,231.551,0.4413,0.0407,3.7196,103.5714,234.2515,0.4423,0.0373
2015-12-23T00:52:59.119Z,4.794,120.2581,233.3362,0.5148,0.0398,3.1884,102.9407,231.6859,0.4442,0.0313,3.2698,103.6298,234.3278,0.4423,0.0324
2015-12-23T00:53:59.424Z,5.7991,121.112,233.5988,0.5184,0.0485,3.6649,105.3524,232.2844,0.4538,0.0358,3.4162,102.5522,235.0969,0.4364,0.0318
2015-12-23T00:54:59.678Z,4.3744,119.2556,233.7411,0.51,0.038,3.6636,103.3649,232.3803,0.4446,0.0331,3.4071,105.7333,235.0323,0.4501,0.0334
2015-12-23T00:55:59.141Z,3.8819,119.4896,233.0761,0.5128,0.0326,4.3011,102.4147,233.0476,0.4396,0.0437,4.224,102.1198,234.4887,0.4357,0.0436
2015-12-23T00:56:59.415Z,4.123,119.4573,233.1526,0.5117,0.0353,3.6935,102.9735,233.1517,0.4414,0.0363,4.25,105.1283,234.2238,0.4495,0.0403
2015-12-23T00:57:59.656Z,4.069,121.4012,233.6265,0.5188,0.0345,4.4135,104.1247,233.6069,0.4456,0.0426,3.721,101.6084,234.4471,0.4334,0.0366
2015-12-23T00:58:59.908Z,4.4046,119.6737,233.0801,0.5135,0.0365,3.74,106.2933,233.3413,0.4555,0.0363,3.2777,102.699,234.5197,0.4376,0.0316
2015-12-23T00:59:59.202Z,4.7826,120.6749,232.7593,0.5177,0.0397,3.0928,104.0751,233.0784,0.4461,0.0299,3.3699,104.9873,234.2121,0.4479,0.0337
2015-12-23T01:00:59.651Z,3.7902,118.1291,233.1864,0.5067,0.0307,2.633,103.6278,233.1998,0.4445,0.0247,3.0668,104.3146,234.5615,0.4455,0.0301
2015-12-23T01:01:59.947Z,4.4946,121.7738,233.0388,0.5223,0.0354,3.6824,104.8682,233.5117,0.4495,0.0342,3.1177,103.7109,234.7215,0.4417,0.0316
2015-12-23T01:02:59.163Z,4.2079,122.5348,233.6826,0.5246,0.0346,3.4198,104.5213,233.0928,0.4483,0.0321,3.8572,104.2533,233.718,0.4461,0.0371
2015-12-23T01:03:59.353Z,4.0991,121.7389,233.9509,0.5201,0.0346,4.4076,104.338,233.064,0.4473,0.0415,3.3125,103.5285,233.5511,0.4432,0.032
2015-12-23T01:04:59.597Z,4.269,119.2613,233.7068,0.5102,0.0343,3.7084,104.2984,232.9384,0.4479,0.0337,3.2366,104.7296,234.3495,0.4468,0.0311
2015-12-23T01:05:59.768Z,5.2808,121.5899,233.677,0.5201,0.0436,4.131,106.6341,232.8527,0.4581,0.0402,3.533,103.4179,234.168,0.4418,0.0325
2015-12-23T01:06:59.026Z,5.3666,121.1111,233.3779,0.519,0.0443,3.9256,104.8317,232.5835,0.4506,0.0375,3.4991,102.7557,234.0479,0.4388,0.0344
2015-12-23T01:07:59.237Z,3.4764,121.1425,233.5645,0.5182,0.0289,4.3991,104.0424,232.6604,0.4468,0.0449,3.3834,104.5698,234.4865,0.4467,0.0318
2015-12-23T01:08:59.549Z,4.4556,121.0766,234.0368,0.517,0.0377,4.3592,105.3532,232.8922,0.4521,0.0411,3.1545,105.2309,234.6599,0.4487,0.0297
2015-12-23T01:09:59.012Z,4.8498,122.509,234.0826,0.5234,0.0391,4.1911,106.6607,232.3601,0.4588,0.037,3.4293,105.6893,234.4088,0.4509,0.0297
2015-12-23T01:10:59.308Z,4.4643,119.3888,233.0741,0.5123,0.0375,3.7334,103.7541,232.1519,0.4465,0.0395,3.9827,103.3051,233.5298,0.442,0.039
2015-12-23T01:11:59.595Z,4.0192,118.7587,231.0819,0.5135,0.0333,2.9196,102.8993,230.1095,0.4473,0.029,4.1197,102.3276,231.3345,0.442,0.0403
2015-12-23T01:12:59.860Z,3.3254,118.917,231.626,0.5129,0.0275,4.3539,105.7638,230.4196,0.4587,0.0397,3.4513,105.0647,232.1843,0.4524,0.0347
2015-12-23T01:13:59.142Z,2.6652,121.411,231.3351,0.5249,0.0212,4.6475,104.5337,230.8355,0.4527,0.0458,3.4917,104.9181,232.4376,0.4516,0.0339
2015-12-23T01:14:59.452Z,4.6564,120.6739,231.0824,0.5216,0.0392,3.5321,101.0822,230.3696,0.4393,0.0334,3.7111,100.2036,232.4627,0.4308,0.0383
2015-12-23T01:15:59.722Z,4.6575,119.4077,231.378,0.5157,0.0411,3.9721,102.6936,230.5314,0.4457,0.0384,3.1692,101.1455,232.4552,0.4349,0.0333
2015-12-23T01:16:59.112Z,4.4567,119.0339,231.3149,0.5148,0.0379,3.7841,103.1986,230.6308,0.4469,0.0386,3.7117,104.4296,232.6461,0.4487,0.0342
2015-12-23T01:17:59.500Z,4.0397,118.0342,229.876,0.513,0.034,4.1307,105.403,230.9857,0.4563,0.0404,3.9925,105.3748,232.3966,0.4537,0.0373
2015-12-23T01:18:59.916Z,4.3449,120.9109,230.0957,0.5248,0.036,2.6843,105.3292,230.4297,0.457,0.0257,3.1814,103.7115,232.5001,0.4462,0.0312
2015-12-23T01:19:59.224Z,3.7017,119.2583,230.0442,0.5177,0.0319,3.86,104.0586,230.6017,0.4508,0.0382,3.504,102.6229,232.4213,0.4418,0.0346
2015-12-23T01:20:59.387Z,2.9987,118.2545,230.1475,0.5137,0.0257,3.9711,97.5274,230.8331,0.4227,0.0443,3.1696,102.9673,233.3851,0.441,0.0355
2015-12-23T01:21:59.961Z,4.0949,117.4629,230.1098,0.5101,0.0353,3.9748,102.5319,230.2713,0.4452,0.0413,3.5295,105.1189,233.443,0.4504,0.0334
2015-12-23T01:22:59.245Z,5.2039,118.993,230.1893,0.517,0.044,3.766,102.965,230.1671,0.4472,0.0348,3.7193,104.169,233.2741,0.4467,0.0348
2015-12-23T01:23:59.501Z,4.6316,119.8871,230.2088,0.5208,0.0385,3.074,103.5648,230.6351,0.4489,0.0289,3.8308,103.6964,233.5964,0.4437,0.0377
2015-12-23T01:24:59.701Z,3.8221,120.0345,230.1812,0.5217,0.0324,4.111,104.2197,230.7764,0.4516,0.0398,3.9518,105.1111,233.6118,0.45,0.0378
2015-12-23T01:25:59.027Z,4.1127,116.8284,230.1883,0.5076,0.0363,3.2828,100.4169,230.5138,0.4355,0.0388,3.8594,102.3302,233.4583,0.4384,0.0381
2015-12-23T01:26:59.372Z,4.0068,119.9642,230.0648,0.5213,0.0332,3.3348,103.1207,230.2714,0.4484,0.0327,3.9082,103.8896,233.817,0.4438,0.0374
2015-12-23T01:27:59.556Z,4.1096,119.2156,230.0522,0.5182,0.0354,3.9653,104.8522,230.5391,0.4548,0.0385,3.4787,103.9501,234.1658,0.4441,0.0336
2015-12-23T01:28:59.886Z,4.3692,118.9378,229.8293,0.5173,0.0357,3.6912,104.1587,231.0769,0.4505,0.0347,3.7444,104.7151,233.6353,0.4486,0.0353
2015-12-23T01:29:59.112Z,3.9239,119.4061,230.8511,0.5168,0.0333,3.612,103.5506,230.9279,0.4484,0.0342,4.052,102.5389,233.5106,0.439,0.0386
2015-12-23T01:30:59.392Z,4.8024,118.3934,231.4112,0.5113,0.0403,3.5677,98.7282,230.4102,0.4284,0.0403,3.3218,102.3502,233.1424,0.4393,0.0332
2015-12-23T01:31:59.589Z,4.3643,119.779,231.4093,0.5169,0.0352,3.6552,104.2463,230.1386,0.4529,0.0351,2.9108,103.8622,232.876,0.4463,0.0287
2015-12-23T01:32:59.864Z,3.7729,120.1536,231.7577,0.5182,0.0317,4.1757,102.986,230.0889,0.4477,0.0417,3.0989,103.9325,233.0226,0.4464,0.0304
2015-12-23T01:33:59.111Z,4.3204,118.9107,231.8717,0.5125,0.0365,3.3193,104.2818,230.053,0.4527,0.034,3.4499,105.7128,233.3593,0.4529,0.0309
2015-12-23T01:34:59.549Z,3.4672,118.8315,231.7816,0.5121,0.0296,4.7602,104.1702,229.9308,0.4535,0.0483,3.8729,106.8904,233.1671,0.4585,0.0361
2015-12-23T01:35:59.814Z,3.7531,119.1257,231.7081,0.5136,0.0309,3.5745,103.1311,229.7433,0.4486,0.0352,3.669,100.8729,232.4657,0.4336,0.0359
2015-12-23T01:36:59.034Z,4.038,119.5559,231.4317,0.5161,0.0346,3.7714,102.6741,229.8163,0.447,0.038,3.7529,102.3066,232.0141,0.4412,0.0381
2015-12-23T01:37:59.335Z,3.5854,120.1808,231.3303,0.5195,0.0307,3.6224,102.1829,230.0856,0.4443,0.0356,3.9462,104.8209,232.01,0.4515,0.0371
2015-12-23T01:38:59.620Z,2.7088,119.2435,231.306,0.5149,0.0233,4.0442,103.8227,229.3352,0.4526,0.0403,3.6127,102.6751,232.216,0.4414,0.0347
2015-12-23T01:39:59.835Z,3.3107,119.7438,230.9736,0.5176,0.0276,4.6966,102.0885,230.0767,0.4435,0.0461,2.9668,101.3882,231.7262,0.4371,0.0314
2015-12-23T01:40:59.103Z,3.7948,119.0229,230.2799,0.5169,0.0311,3.6469,103.8731,230.4966,0.4508,0.0366,4.432,103.6727,231.539,0.4482,0.0416
2015-12-23T01:41:59.549Z,4.1851,120.0077,230.9185,0.5193,0.036,4.3709,103.3202,228.3452,0.4523,0.0416,3.2274,106.9828,232.7096,0.46,0.0304
2015-12-23T01:42:59.775Z,5.4393,118.7041,231.8143,0.5121,0.0454,3.1832,101.8797,227.458,0.4479,0.0309,3.3938,102.5082,233.114,0.4397,0.0326
2015-12-23T01:43:59.156Z,3.4209,120.4044,231.5848,0.5201,0.0272,4.1796,102.8166,228.6416,0.4498,0.0403,2.7519,102.761,232.7722,0.4417,0.0248
2015-12-23T01:44:59.219Z,4.2981,119.4631,231.3367,0.5165,0.0359,4.0512,97.6916,230.5389,0.4236,0.0467,3.0925,98.6535,232.5352,0.4243,0.0332
2015-12-23T01:45:59.393Z,4.3299,118.9256,230.9447,0.5145,0.0364,4.2379,105.0578,230.3676,0.4557,0.042,3.1691,103.7705,231.9555,0.4471,0.0289
2015-12-23T01:46:59.672Z,5.433,119.5679,231.2373,0.5162,0.0457,3.361,104.069,230.7646,0.4512,0.0316,3.6743,104.7823,232.8648,0.4501,0.0353
2015-12-23T01:47:59.979Z,4.0661,119.3604,230.9271,0.5168,0.0343,3.359,103.6203,230.9298,0.4485,0.0327,4.0692,106.3836,232.7603,0.4564,0.0373
2015-12-23T01:48:59.289Z,3.5824,119.1068,230.5732,0.5164,0.0294,3.9379,104.7213,231.0036,0.4532,0.0377,3.04,106.0407,232.7693,0.4551,0.0291
2015-12-23T01:49:59.584Z,3.4768,117.4784,230.5549,0.5092,0.0288,4.8503,102.9988,230.9074,0.4456,0.0509,3.1286,101.6787,233.1907,0.436,0.03
2015-12-23T01:50:59.834Z,2.5656,119.2947,230.4627,0.5174,0.0205,3.3593,101.5636,230.773,0.4399,0.0335,3.6456,104.1856,233.3403,0.4466,0.0357
2015-12-23T01:51:59.109Z,5.1889,119.9892,230.663,0.5198,0.0446,3.7439,103.2467,230.6533,0.4481,0.0381,3.8348,105.1857,232.9264,0.4521,0.0358
2015-12-23T01:52:59.473Z,4.194,120.8,230.3604,0.5235,0.0343,3.6878,102.5641,230.5709,0.4452,0.037,3.7185,106.7978,232.7679,0.4589,0.0336
2015-12-23T01:53:59.729Z,3.8077,118.9084,230.3657,0.5161,0.0314,4.1187,104.3813,230.6773,0.4527,0.0395,3.41,102.3207,231.9122,0.4418,0.0325
2015-12-23T01:54:59.952Z,3.9095,118.4281,230.7934,0.5127,0.0331,4.0057,100.8003,230.4546,0.4374,0.0433,3.9503,102.6755,232.166,0.442,0.0404
2015-12-23T01:55:59.376Z,4.734,120.2996,231.7303,0.5187,0.0401,2.4629,103.0983,227.6757,0.4526,0.0243,3.5026,102.3423,233.0837,0.4391,0.0333
2015-12-23T01:56:59.542Z,4.2047,119.1071,231.5996,0.5142,0.0338,3.2668,101.1337,229.9982,0.4397,0.0313,3.5026,105.0385,232.5408,0.4519,0.0327
2015-12-23T01:57:59.828Z,4.92,118.2647,231.023,0.5115,0.0409,4.2731,104.9158,230.3016,0.4555,0.0391,2.7188,102.4591,232.3288,0.441,0.0274
2015-12-23T01:58:59.075Z,4.9522,120.0967,231.102,0.5192,0.0404,3.8729,102.929,229.2583,0.4491,0.036,3.865,103.9542,232.8443,0.4467,0.0369
2015-12-23T01:59:59.447Z,4.422,118.3323,231.4235,0.511,0.0384,3.4942,102.9619,229.6664,0.448,0.0341,4.0041,103.9685,233.3493,0.4457,0.0404
