2015-12-09T00:00:59.022Z,4.5913,119.208,234.0574,0.5099,0.0388,2.795,105.2707,228.9653,0.4603,0.0274,85.2081,136.7379,235.9722,0.5797,0.6274
2015-12-09T00:01:59.323Z,3.9914,124.1264,232.9757,0.5327,0.033,4.4534,110.3377,232.2479,0.4746,0.0419,84.4352,137.9986,234.7515,0.5879,0.6133
2015-12-09T00:02:59.589Z,4.0297,121.7833,232.7936,0.5237,0.0336,4.6496,107.2178,232.8875,0.4605,0.0428,85.1299,138.9097,235.2303,0.5902,0.6152
2015-12-09T00:03:59.011Z,4.4734,124.2825,232.3771,0.5349,0.0371,4.0591,108.5219,232.3555,0.4674,0.037,84.5192,137.6913,235.1285,0.586,0.6149
2015-12-09T00:04:59.186Z,3.8037,120.8399,231.5836,0.5215,0.0315,4.9378,108.6634,232.3496,0.4675,0.0451,84.3704,138.2475,234.9926,0.5884,0.612
2015-12-09T00:05:59.372Z,4.0618,121.1755,232.0734,0.5217,0.0354,4.3739,108.2785,233.7805,0.4629,0.0417,84.5273,137.2697,235.035,0.5845,0.6196
2015-12-09T00:06:59.664Z,4.1193,121.602,230.4135,0.5275,0.0338,3.9656,107.9857,231.876,0.4662,0.0387,83.6122,135.5721,233.9373,0.5793,0.6205
2015-12-09T00:07:59.970Z,4.3456,120.8307,229.8757,0.5253,0.0375,3.8732,106.4489,230.7063,0.4618,0.0374,82.72,135.3777,233.286,0.5808,0.6127
2015-12-09T00:08:59.327Z,4.6174,120.5306,229.5687,0.525,0.0391,3.4689,108.5608,230.5787,0.4709,0.033,83.5071,135.8453,233.0668,0.5827,0.6158
2015-12-09T00:09:59.577Z,3.6216,121.1575,229.3916,0.5278,0.03,4.1769,110.2463,231.462,0.4765,0.0374,83.2325,137.6429,232.8736,0.5907,0.6073
2015-12-09T00:10:59.852Z,4.0454,119.3553,229.8538,0.5191,0.0326,3.1878,108.1345,231.3284,0.4676,0.0293,82.6159,136.0424,232.5046,0.5847,0.6102
2015-12-09T00:11:59.229Z,5.6461,119.8749,229.8942,0.5211,0.0466,3.1476,109.6628,231.2947,0.4739,0.0309,82.645,134.3776,232.2241,0.5788,0.6171
2015-12-09T00:12:59.497Z,3.4844,121.3315,230.6031,0.5255,0.0307,3.952,108.5546,230.4956,0.4703,0.0377,81.9618,136.682,231.6612,0.5892,0.6015
2015-12-09T00:13:59.767Z,4.4091,120.8264,230.3386,0.5251,0.0366,4.2981,109.6932,230.3054,0.4763,0.0387,82.6662,135.3878,231.8622,0.5842,0.6114
2015-12-09T00:14:59.003Z,5.0527,121.3193,230.3658,0.5264,0.043,3.551,106.5729,230.2366,0.4632,0.0321,82.4419,137.537,231.8707,0.5934,0.6016
2015-12-09T00:15:59.219Z,4.3087,122.2732,230.2266,0.5304,0.0346,3.5159,107.0355,229.6834,0.4662,0.033,82.6481,136.1304,232.0676,0.586,0.6087
2015-12-09T00:16:59.615Z,3.4972,121.403,229.6289,0.5282,0.0273,3.9985,107.6974,229.3067,0.4699,0.0367,82.3625,134.0309,232.1208,0.5777,0.6172
2015-12-09T00:17:59.925Z,3.8808,121.196,229.851,0.5276,0.0319,4.5625,109.4858,229.3445,0.4777,0.0414,82.7103,134.9532,232.0556,0.5818,0.6151
2015-12-09T00:18:59.215Z,4.569,119.3416,229.5098,0.5202,0.0379,3.5333,106.6448,229.806,0.4642,0.0317,82.3527,134.9873,231.8771,0.5823,0.612
2015-12-09T00:19:59.518Z,2.7448,121.7287,230.2879,0.5281,0.0219,4.8433,108.9674,230.3193,0.4732,0.0421,82.2608,135.0053,231.7998,0.5819,0.6113
2015-12-09T00:20:59.824Z,4.3542,122.3688,229.9992,0.5322,0.0345,3.5462,106.9473,230.4816,0.464,0.0376,81.9457,134.8169,231.1829,0.5832,0.6131
2015-12-09T00:21:59.048Z,4.0874,120.4476,229.7401,0.5241,0.0334,4.1098,104.9413,230.5183,0.4551,0.041,81.4929,134.9013,231.1326,0.5838,0.6083
2015-12-09T00:22:59.428Z,3.2981,118.8457,229.4588,0.5173,0.0274,4.44,108.0581,230.0913,0.4698,0.0418,82.0456,134.9589,231.3616,0.5833,0.6095
2015-12-09T00:23:59.737Z,3.7948,122.6274,229.6864,0.5333,0.0305,3.7688,110.18,229.7222,0.4799,0.0339,82.4839,134.7587,232.3653,0.5799,0.6145
2015-12-09T00:24:59.069Z,3.819,120.9208,230.1925,0.5246,0.0316,4.7148,107.4434,230.0011,0.4676,0.0444,83.4084,136.9931,232.9718,0.5882,0.6117
2015-12-09T00:25:59.305Z,4.4747,122.0223,229.8785,0.5304,0.0361,3.8934,108.5662,229.9423,0.4714,0.0354,83.9638,135.766,233.1691,0.582,0.6204
2015-12-09T00:26:59.556Z,3.4711,118.1837,230.0305,0.5133,0.0301,3.0974,106.8942,230.1984,0.4644,0.0289,83.4265,136.301,232.7127,0.586,0.6155
2015-12-09T00:27:59.906Z,3.8,120.9456,229.7747,0.5262,0.0307,3.9975,106.8943,230.3704,0.464,0.037,83.1699,136.7142,232.6993,0.5875,0.6116
2015-12-09T00:28:59.146Z,4.5388,121.5993,229.7594,0.5293,0.0373,3.5623,107.3218,230.1808,0.4662,0.0327,82.8147,135.9746,232.7109,0.5837,0.6101
2015-12-09T00:29:59.514Z,4.3965,122.2353,230.2846,0.5307,0.0352,4.7353,107.4148,230.2919,0.466,0.0445,81.5442,135.5571,232.5218,0.5826,0.6029
2015-12-09T00:30:59.967Z,3.8946,121.2673,229.7989,0.5276,0.0322,4.8932,107.7461,230.1916,0.468,0.0464,82.8559,136.1107,232.411,0.5855,0.6095
2015-12-09T00:31:59.424Z,4.5814,120.7397,230.172,0.5244,0.0388,4.2058,108.9752,230.1018,0.4729,0.0386,82.4773,136.2988,232.0663,0.5871,0.6082
2015-12-09T00:32:59.774Z,4.4224,121.2403,230.3329,0.5259,0.0368,3.9671,109.1899,230.1141,0.4744,0.037,82.4452,136.4165,232.3489,0.5865,0.6063
2015-12-09T00:33:59.914Z,3.4316,122.4823,230.3382,0.5315,0.0277,4.064,107.8355,229.9323,0.4686,0.0367,82.7758,135.206,232.1859,0.5822,0.6141
2015-12-09T00:34:59.302Z,4.1097,120.7897,230.683,0.5231,0.0346,3.6226,105.8706,229.9286,0.4603,0.035,82.6727,133.6042,231.9477,0.5761,0.6241
2015-12-09T00:35:59.559Z,2.6925,112.8657,230.1435,0.4899,0.0244,4.0968,97.9764,230.1502,0.4257,0.0407,82.0764,128.4724,231.7823,0.5538,0.6441
2015-12-09T00:36:59.877Z,5.6218,113.3379,229.1895,0.4947,0.0485,4.1054,100.1422,229.64,0.4359,0.0405,81.7722,127.3679,231.1272,0.551,0.643
2015-12-09T00:37:59.151Z,4.0733,112.62,228.7799,0.4921,0.0349,4.039,100.5969,229.059,0.4391,0.0406,81.1768,127.5909,230.8451,0.5529,0.6393
2015-12-09T00:38:59.638Z,4.5937,111.2712,228.98,0.4855,0.0408,3.1846,97.5687,229.2464,0.4252,0.0337,81.322,126.934,230.944,0.5495,0.6421
2015-12-09T00:39:59.155Z,3.4574,112.3649,228.6064,0.4913,0.031,3.6622,98.4269,228.8712,0.43,0.0378,81.2279,128.9518,231.4969,0.5569,0.633
2015-12-09T00:40:59.363Z,4.6272,113.8992,228.636,0.4984,0.0395,4.232,98.2712,228.7308,0.4299,0.0418,82.4216,127.3366,232.0399,0.5488,0.65
2015-12-09T00:41:59.688Z,4.4202,113.9653,228.7584,0.498,0.0392,4.0713,97.0542,228.05,0.4252,0.0423,83.2186,131.3331,232.749,0.5643,0.6357
2015-12-09T00:42:59.975Z,5.4981,111.5774,228.0887,0.489,0.0488,3.0531,99.0354,228.9566,0.4321,0.032,82.4086,128.212,232.1466,0.5521,0.6444
2015-12-09T00:43:59.432Z,4.0353,112.0128,229.3178,0.4881,0.0369,3.8837,98.352,229.6524,0.4278,0.0389,81.9216,129.4351,232.1157,0.5579,0.6359
2015-12-09T00:44:59.894Z,4.3774,112.536,229.0575,0.4908,0.0391,4.0182,99.91,230.6917,0.4333,0.0408,81.3579,126.4083,231.2924,0.5464,0.6453
2015-12-09T00:45:59.192Z,2.5979,111.9971,229.148,0.4883,0.0247,4.1383,97.2267,230.6928,0.4214,0.0446,81.9786,126.4403,231.6572,0.5454,0.6529
2015-12-09T00:46:59.515Z,4.1811,112.2115,228.6658,0.4905,0.0384,3.3571,99.2997,230.3101,0.4311,0.0343,81.259,126.7563,231.4337,0.5471,0.6427
2015-12-09T00:47:59.840Z,4.9287,114.0235,229.1162,0.4974,0.0438,3.3052,97.6495,230.3464,0.4237,0.0339,82.014,129.119,231.6488,0.5576,0.6374
2015-12-09T00:48:59.124Z,4.4022,114.0769,229.3308,0.4971,0.0389,3.108,99.7778,230.4917,0.4328,0.0321,81.9113,128.7621,232.0276,0.5551,0.638
2015-12-09T00:49:59.517Z,4.8234,113.5398,228.7411,0.4959,0.0426,3.176,99.3604,230.3374,0.4309,0.0314,82.2327,128.6887,231.9518,0.5552,0.6418
2015-12-09T00:50:59.767Z,2.9858,110.7991,228.8512,0.484,0.0268,4.7485,98.821,230.088,0.429,0.0478,82.8135,128.4754,232.0407,0.5538,0.6484
2015-12-09T00:51:59.983Z,3.5604,113.0464,228.9473,0.4933,0.0319,4.5053,101.0014,229.7309,0.4397,0.0433,83.0111,129.4833,232.9682,0.5557,0.6442
2015-12-09T00:52:59.224Z,5.2708,111.1683,228.5131,0.4864,0.0481,3.4561,99.7032,229.8563,0.4343,0.0339,82.9089,128.1557,232.9126,0.55,0.6479
2015-12-09T00:53:59.532Z,4.2453,111.7848,228.4793,0.489,0.0379,3.7446,98.1318,229.8864,0.4266,0.0375,82.7769,130.5799,232.6985,0.5612,0.6366
2015-12-09T00:54:59.823Z,5.1965,112.7297,228.9775,0.4921,0.0474,3.8279,98.7282,230.2088,0.4288,0.038,82.4365,129.5841,232.5304,0.557,0.639
2015-12-09T00:55:59.988Z,4.8515,112.1342,229.2593,0.4886,0.0442,3.6079,98.242,229.9086,0.4268,0.0385,82.606,127.9456,232.419,0.5507,0.6489
2015-12-09T00:56:59.253Z,3.1761,113.3016,229.3176,0.4939,0.0279,4.1623,96.8928,228.5713,0.4241,0.0426,83.2363,131.0362,233.1248,0.5617,0.6379
2015-12-09T00:57:59.698Z,2.8084,113.1159,229.0144,0.4937,0.0246,4.6179,102.1798,229.1786,0.4462,0.0455,82.8187,129.2854,233.0096,0.5547,0.6432
2015-12-09T00:58:59.006Z,3.5887,113.5468,229.0366,0.4958,0.0327,4.7398,100.1776,230.1954,0.4352,0.0471,82.917,128.8917,232.5309,0.554,0.645
2015-12-09T00:59:59.270Z,4.2793,113.3,229.6525,0.4933,0.0367,3.1002,99.4869,230.5932,0.4315,0.0318,83.6613,128.8979,232.3192,0.5548,0.6514
2015-12-09T01:00:59.562Z,3.8699,108.5825,229.8092,0.4722,0.0342,3.6192,96.9273,230.3779,0.4201,0.0383,81.6452,126.0749,231.6785,0.5436,0.6499
2015-12-09T01:01:59.058Z,2.9497,112.9826,229.68,0.4916,0.0264,4.3484,97.7826,230.6098,0.4246,0.0448,82.404,129.537,231.8228,0.559,0.6384
2015-12-09T01:02:59.273Z,3.8496,113.3378,229.3582,0.4938,0.0345,3.1965,100.6291,229.3826,0.4391,0.0331,81.6791,129.1059,231.6899,0.5564,0.6343
2015-12-09T01:03:59.538Z,3.7234,113.7435,229.1481,0.4964,0.0324,3.5108,98.4132,228.9401,0.4301,0.0342,82.6579,129.4551,231.593,0.559,0.6405
2015-12-09T01:04:59.786Z,3.4608,113.6608,229.191,0.4957,0.0311,4.0029,100.1666,229.1179,0.4373,0.0393,82.2637,128.2218,231.5944,0.5533,0.6437
2015-12-09T01:05:59.028Z,3.1202,110.6078,228.616,0.4837,0.0288,4.6691,99.3517,228.6923,0.4339,0.0454,81.2742,125.6304,231.1357,0.5431,0.6498
2015-12-09T01:06:59.334Z,3.9212,113.4247,229.4074,0.4946,0.0351,4.2809,98.677,229.1947,0.43,0.0441,82.4026,128.3525,231.3787,0.5547,0.6435
2015-12-09T01:07:59.729Z,4.0167,110.5676,228.7797,0.4827,0.0373,4.3924,98.5149,229.2392,0.4296,0.0468,81.0353,127.1234,230.8773,0.5509,0.6398
2015-12-09T01:08:59.034Z,4.0231,112.6493,228.0448,0.4935,0.0361,3.8808,99.7248,228.9791,0.4355,0.0371,81.7711,128.3235,230.5056,0.5565,0.6383
2015-12-09T01:09:59.428Z,3.129,111.9589,228.7165,0.4897,0.027,3.6529,97.4036,229.1778,0.4251,0.0385,80.7699,126.2011,229.4923,0.5496,0.6422
2015-12-09T01:10:59.883Z,4.2198,113.9179,229.5911,0.4958,0.0375,3.4395,99.8884,228.8517,0.4362,0.0348,80.1357,126.4685,228.4483,0.5539,0.6355
2015-12-09T01:11:59.103Z,5.1137,114.204,230.0089,0.4962,0.0453,3.757,97.6235,228.9497,0.4261,0.0387,80.2158,126.4664,229.1315,0.5517,0.6363
2015-12-09T01:12:59.571Z,4.3417,113.2232,230.312,0.4913,0.0388,3.2011,97.9837,229.1158,0.4267,0.0345,81.9057,128.4884,230.0883,0.5584,0.6401
2015-12-09T01:13:59.781Z,4.7165,113.5168,230.648,0.4921,0.0413,3.2824,97.3295,229.1154,0.4249,0.0331,81.1168,128.166,230.2724,0.5567,0.6357
2015-12-09T01:14:59.243Z,5.0854,111.4698,230.2844,0.4843,0.0453,3.6199,97.2756,230.1027,0.4231,0.0374,81.4772,127.1914,229.9963,0.5527,0.6463
2015-12-09T01:15:59.517Z,4.9814,113.5648,229.7718,0.4941,0.0432,4.8008,101.507,230.4681,0.441,0.0459,80.6855,128.1782,229.3746,0.5589,0.6329
2015-12-09T01:16:59.964Z,4.8853,114.8804,230.5871,0.4979,0.043,4.2542,99.9945,230.7473,0.4332,0.0412,81.0715,127.4587,230.0497,0.5541,0.6384
2015-12-09T01:17:59.254Z,3.156,114.118,230.0796,0.4957,0.0271,4.49,99.3834,230.7976,0.4308,0.0444,81.4571,126.3434,229.6516,0.5503,0.6469
2015-12-09T01:18:59.534Z,4.7914,112.553,230.183,0.4887,0.0418,3.992,97.7426,230.9176,0.4233,0.0435,80.0631,128.2414,229.9205,0.5579,0.6299
2015-12-09T01:19:59.048Z,3.8104,110.8263,230.0658,0.4816,0.0332,4.3883,98.355,230.7437,0.4263,0.0449,81.0117,125.8409,229.8103,0.5477,0.6478
2015-12-09T01:20:59.450Z,3.5566,114.4266,230.4617,0.4968,0.0307,4.1796,96.9004,230.1357,0.4204,0.0441,81.1689,128.558,230.0383,0.5584,0.6342
2015-12-09T01:21:59.756Z,4.3433,112.9891,230.5621,0.4901,0.0392,2.9324,100.3857,230.3231,0.4353,0.0297,80.7359,128.3492,230.0608,0.558,0.6318
2015-12-09T01:22:59.039Z,3.3503,112.3307,230.1184,0.4874,0.0293,4.0213,99.3057,230.7406,0.4301,0.0408,81.3952,126.5671,230.3587,0.5493,0.6444
2015-12-09T01:23:59.399Z,4.4492,112.1127,229.5241,0.488,0.0402,3.0369,98.8954,230.8227,0.4291,0.0325,80.9764,129.2147,230.3147,0.5612,0.6301
2015-12-09T01:24:59.670Z,4.3499,113.2621,228.3273,0.4957,0.0386,4.429,100.7359,230.562,0.4368,0.0443,83.2852,129.84,232.3559,0.5587,0.643
2015-12-09T01:25:59.948Z,3.089,111.8559,228.5924,0.4891,0.028,4.3937,100.5502,230.0312,0.4375,0.0455,81.2451,126.2187,230.8315,0.5465,0.646
2015-12-09T01:26:59.180Z,3.376,113.3129,229.3007,0.4939,0.0296,4.7498,97.5617,229.966,0.4242,0.0506,81.6796,128.5591,231.0169,0.5563,0.6369
2015-12-09T01:27:59.426Z,4.9631,114.5069,229.6542,0.4986,0.0429,3.4623,98.6323,230.0199,0.4288,0.0337,81.7234,126.9369,231.1257,0.5495,0.6467
2015-12-09T01:28:59.689Z,5.5047,112.9452,229.6698,0.4919,0.049,4.0592,98.9373,230.0878,0.4301,0.0409,80.7407,128.1893,230.6959,0.5557,0.6314
2015-12-09T01:29:59.950Z,2.8171,112.419,229.5067,0.4895,0.0252,4.1579,97.3925,230.1465,0.4227,0.0446,81.6645,126.7807,230.5882,0.5495,0.6468
2015-12-09T01:30:59.243Z,3.676,113.3833,229.0564,0.4949,0.0328,4.0817,102.4219,230.0437,0.4449,0.0399,81.5731,127.631,230.2525,0.5547,0.6411
2015-12-09T01:31:59.445Z,2.7973,111.8791,229.0766,0.488,0.0258,4.6754,100.0534,229.3922,0.4364,0.048,82.24,129.6929,230.863,0.5611,0.6368
2015-12-09T01:32:59.655Z,3.2071,111.9096,229.0387,0.4893,0.0277,3.7812,98.028,228.9726,0.4288,0.0393,80.7823,128.0931,230.861,0.5551,0.6335
2015-12-09T01:33:59.838Z,5.0199,112.3415,229.172,0.4907,0.0437,3.156,98.0228,228.9325,0.4288,0.0313,81.6558,127.077,230.9186,0.5503,0.6442
2015-12-09T01:34:59.102Z,3.8728,113.7727,229.5826,0.4956,0.0334,3.9454,99.9776,229.6963,0.435,0.0383,81.5554,129.2543,230.2539,0.561,0.634
2015-12-09T01:35:59.418Z,3.6885,113.8216,229.4708,0.4957,0.0318,4.2096,103.2221,230.8121,0.4471,0.0399,80.4584,125.237,229.586,0.5457,0.6453
2015-12-09T01:36:59.731Z,2.9758,115.3852,229.9078,0.5016,0.0266,4.5662,100.7676,230.7659,0.4366,0.0426,81.6129,127.1348,230.4405,0.5519,0.6443
2015-12-09T01:37:59.941Z,3.4705,112.7014,229.7975,0.4899,0.0308,4.6713,100.2408,231.0438,0.4337,0.0465,81.3205,127.1361,230.0596,0.5529,0.6435
2015-12-09T01:38:59.263Z,5.3261,114.4555,229.7796,0.498,0.0469,3.8864,99.8145,230.9996,0.4321,0.0382,81.1737,126.8324,229.8162,0.552,0.6421
2015-12-09T01:39:59.593Z,4.4107,114.0503,230.3339,0.4948,0.038,3.57,97.7851,231.3376,0.4225,0.0367,81.1508,125.6267,230.0692,0.5457,0.65
2015-12-09T01:40:59.849Z,3.0569,114.3101,230.2381,0.4962,0.0259,4.2332,98.2238,229.2891,0.4282,0.042,81.7304,129.0932,231.8793,0.5567,0.636
2015-12-09T01:41:59.124Z,2.7754,112.0823,230.0921,0.4871,0.0239,4.0022,99.2791,229.6063,0.4324,0.0394,82.8788,129.722,232.3631,0.5586,0.6403
2015-12-09T01:42:59.315Z,3.3626,114.368,230.1354,0.4968,0.0286,5.044,101.041,231.1568,0.4369,0.05,82.2623,127.9713,231.6882,0.5525,0.6452
2015-12-09T01:43:59.565Z,3.2411,114.6391,230.1258,0.4981,0.0278,4.2729,99.8336,229.7974,0.434,0.0437,82.9491,127.9258,232.0543,0.5516,0.65
2015-12-09T01:44:59.967Z,3.5658,111.9477,230.3382,0.486,0.0317,4.7259,97.5871,227.6559,0.4282,0.0501,82.4223,127.9083,232.6084,0.5501,0.6483
2015-12-09T01:45:59.296Z,5.0898,114.285,230.1676,0.4957,0.0442,3.4057,98.7356,227.6272,0.4337,0.0343,82.2389,129.2148,231.9176,0.5571,0.6407
2015-12-09T01:46:59.596Z,4.9752,115.0821,230.0232,0.5004,0.0435,3.46,100.7745,230.0555,0.4379,0.0345,80.6748,128.7065,231.3003,0.5564,0.6304
2015-12-09T01:47:59.937Z,4.9207,113.9727,230.4347,0.4943,0.042,3.1221,99.2909,230.6944,0.4304,0.0319,80.9448,128.4723,230.678,0.5571,0.6336
2015-12-09T01:48:59.172Z,5.1691,111.7311,230.5609,0.4846,0.0459,3.8176,97.3477,230.108,0.4223,0.04,82.0682,128.1242,231.4366,0.5534,0.6442
2015-12-09T01:49:59.542Z,4.4074,114.696,230.418,0.4974,0.0379,3.9782,99.57,229.6474,0.4334,0.0402,104.8241,150.065,231.4625,0.648,0.6766
2015-12-09T01:50:59.782Z,571.2502,888.9527,229.0608,3.8947,0.4111,590.3279,888.4492,229.0954,3.8883,0.4203,1017.7061,1372.9908,229.6718,6.0008,0.7782
2015-12-09T01:51:59.986Z,1051.2807,1466.073,228.116,6.4266,0.7168,1108.1914,1530.3786,228.2487,6.7051,0.7244,1618.0884,2176.3076,229.0944,9.4997,0.7431
2015-12-09T01:52:59.236Z,1094.2658,1502.2465,228.1516,6.5844,0.7274,1160.0084,1583.123,229.0767,6.9102,0.7328,1653.2805,2211.0759,229.3182,9.6417,0.7469
2015-12-09T01:53:59.526Z,1165.5349,1560.1443,227.99,6.843,0.7471,1249.9836,1662.0361,228.9611,7.2591,0.7523,1731.0046,2285.568,229.4229,9.9618,0.7587
2015-12-09T01:54:59.609Z,1169.282,1559.0974,227.9191,6.8401,0.75,1260.1989,1669.3947,228.8583,7.2934,0.7548,1734.5643,2284.8765,229.2543,9.966,0.7602
2015-12-09T01:55:59.668Z,1215.1898,1583.3446,228.7461,6.9218,0.7676,1246.906,1688.5351,228.9213,7.3752,0.7384,1688.6557,2208.0167,226.2317,9.7602,0.7651
2015-12-09T01:56:59.906Z,1177.6938,1564.7907,227.7743,6.8697,0.7521,1278.2618,1680.0906,228.4778,7.3525,0.7609,1743.1361,2290.7051,228.9498,10.0049,0.7604
2015-12-09T01:57:59.171Z,1169.0416,1555.0903,226.9414,6.8517,0.7518,1288.0492,1675.3442,228.2269,7.3402,0.7691,1759.7561,2306.4741,228.9691,10.0734,0.7624
2015-12-09T01:58:59.478Z,1179.1337,1558.1067,226.8075,6.8696,0.7569,1303.393,1688.5374,228.1892,7.3991,0.7715,1763.1288,2305.317,228.6494,10.082,0.7643
2015-12-09T01:59:59.722Z,1191.5561,1568.1513,226.6885,6.9181,0.7601,1318.9987,1706.0428,228.2528,7.4742,0.7726,1774.1857,2315.1733,228.7358,10.1212,0.7673
2015-12-09T02:00:59.978Z,1198.2649,1580.2901,227.561,6.944,0.7585,1327.6552,1721.7901,228.9159,7.5216,0.7711,1779.0033,2328.07,229.39,10.1484,0.7643
2015-12-09T02:01:59.210Z,1181.7477,1574.866,227.6992,6.9164,0.7507,1307.4263,1707.3025,229.1639,7.4499,0.7659,1767.2703,2322.87,230.1095,10.0941,0.7608
2015-12-09T02:02:59.527Z,1167.3093,1572.8962,227.4637,6.9149,0.7418,1272.682,1662.9728,227.9925,7.2935,0.7654,1768.1851,2310.7656,230.159,10.039,0.7656
2015-12-09T02:03:59.069Z,1114.4762,1529.3755,227.7325,6.7158,0.729,1220.4166,1619.028,228.4544,7.0866,0.7539,1712.6153,2263.3694,230.2026,9.8316,0.7567
2015-12-09T02:04:59.347Z,1103.9103,1509.6929,227.6613,6.6314,0.7313,1213.199,1614.5813,228.6086,7.062,0.7514,1687.1242,2235.0332,229.5716,9.7353,0.7553
2015-12-09T02:05:59.655Z,1150.1239,1529.7504,227.4003,6.7266,0.7518,1263.0776,1667.003,228.7171,7.2884,0.7577,1700.3193,2240.5377,228.586,9.8009,0.7587
2015-12-09T02:06:59.989Z,1174.993,1553.5484,227.8063,6.8196,0.7562,1275.1954,1683.8957,228.8362,7.3586,0.7571,1714.8412,2250.5147,228.5433,9.8468,0.7608
2015-12-09T02:07:59.383Z,1162.0451,1547.332,228.1664,6.7813,0.7514,1247.5703,1660.8716,228.846,7.2573,0.7508,1700.3052,2232.1587,228.5598,9.7658,0.7611
2015-12-09T02:08:59.707Z,1155.5803,1548.2597,228.4927,6.7757,0.7462,1243.6517,1650.0663,228.266,7.2281,0.7539,1708.8574,2235.3129,228.775,9.7702,0.7646
2015-12-09T02:09:59.033Z,1154.2619,1553.9517,228.1998,6.8092,0.7428,1234.7974,1625.0113,227.0771,7.1564,0.76,1732.0918,2248.4658,229.1137,9.8135,0.7702
2015-12-09T02:10:59.267Z,1163.8546,1573.6293,228.346,6.8911,0.7396,1228.5466,1612.1521,226.3536,7.122,0.7619,1750.9249,2254.8449,229.1711,9.8392,0.7768
2015-12-09T02:11:59.497Z,1171.8617,1567.3471,228.2002,6.8678,0.7476,1252.3782,1645.6281,227.6997,7.2271,0.7611,1742.5033,2258.6382,228.9528,9.8651,0.7722
2015-12-09T02:12:59.889Z,1195.2316,1588.7621,228.3639,6.9571,0.752,1257.7746,1657.9507,228.1513,7.2664,0.7587,1746.9473,2254.4189,228.5638,9.8623,0.7754
2015-12-09T02:13:59.247Z,1209.9413,1598.8549,227.9798,7.013,0.7569,1268.1645,1661.8967,227.781,7.2959,0.7628,1759.1698,2258.1232,228.0602,9.901,0.7793
2015-12-09T02:14:59.619Z,1206.3526,1595.1963,227.7727,7.0028,0.7563,1252.3804,1644.2394,227.2251,7.2358,0.7613,1756.6512,2247.6157,227.863,9.8633,0.7807
2015-12-09T02:15:59.871Z,345.4726,532.5743,228.2221,2.3423,0.2438,362.9669,540.098,228.9171,2.3711,0.2485,608.2549,795.1967,229.9036,3.4781,0.6143
2015-12-09T02:16:59.018Z,3.6519,112.7014,228.7053,0.493,0.0314,3.5212,97.1224,229.5046,0.4236,0.0367,3.1411,98.4877,231.2428,0.4263,0.033
2015-12-09T02:17:59.244Z,3.1841,113.1252,229.2845,0.493,0.0278,4.3187,101.2946,229.1912,0.4416,0.0423,3.9069,97.9529,231.1845,0.4235,0.0396
2015-12-09T02:18:59.589Z,4.4685,113.3637,229.97,0.4922,0.0395,3.4567,96.8901,229.3684,0.4223,0.0363,3.3018,100.4814,230.9003,0.4355,0.0351
2015-12-09T02:19:59.824Z,3.0765,115.4975,230.2591,0.5021,0.0264,3.5497,99.5491,229.1229,0.4346,0.0355,3.084,99.6036,231.1228,0.4307,0.0324
2015-12-09T02:20:59.159Z,3.1182,113.724,231.0034,0.4921,0.0291,3.8268,100.1728,229.7468,0.4357,0.0392,2.6597,98.3737,231.8051,0.4242,0.0277
2015-12-09T02:21:59.475Z,4.8229,113.2559,231.1548,0.49,0.0432,3.5266,100.9098,230.4047,0.4385,0.0365,3.2274,97.8145,231.61,0.422,0.033
2015-12-09T02:22:59.884Z,5.2559,115.8704,231.5202,0.5003,0.0462,3.6692,98.2402,230.3493,0.426,0.0369,3.2291,96.5008,231.8444,0.4163,0.0357
2015-12-09T02:23:59.158Z,3.7132,113.4629,230.9233,0.4912,0.0323,4.1368,98.1236,230.8549,0.4247,0.0431,2.497,99.8232,231.4324,0.4309,0.0289
2015-12-09T02:24:59.346Z,3.1259,114.2996,230.7515,0.4956,0.0276,4.259,98.0152,229.3436,0.427,0.0451,3.4045,98.4679,231.3716,0.4258,0.0349
2015-12-09T02:25:59.672Z,4.1525,112.0183,230.0308,0.4868,0.0385,3.7797,99.8735,228.8599,0.4366,0.038,65.3138,137.8198,232.5059,0.5927,0.3805
2015-12-09T02:26:59.126Z,3.4178,114.1512,230.2651,0.4951,0.0313,4.4948,98.9669,228.7293,0.433,0.0458,3.5437,100.1289,233.1759,0.4298,0.035
2015-12-09T02:27:59.511Z,4.2832,112.9477,229.7173,0.4913,0.0375,3.3645,101.3301,228.7902,0.4432,0.0336,3.4434,100.1691,232.7045,0.4309,0.0347
2015-12-09T02:28:59.727Z,4.634,112.8929,229.2622,0.4918,0.0421,4.1136,98.1222,229.6647,0.4269,0.0412,2.5108,98.5531,232.4971,0.424,0.0278
2015-12-09T02:29:59.936Z,3.9288,109.67,229.0129,0.4787,0.0365,3.6671,98.9264,229.8718,0.4308,0.0371,2.7176,99.0345,232.3527,0.4266,0.028
2015-12-09T02:30:59.230Z,2.8752,112.2601,229.2864,0.4894,0.0256,4.01,98.5313,230.1771,0.4278,0.0406,3.769,101.2656,232.696,0.4348,0.0375
2015-12-09T02:31:59.588Z,4.9618,114.4151,229.5184,0.4977,0.0448,3.3048,100.2671,229.7983,0.4365,0.0348,2.792,98.5108,232.6848,0.4228,0.0284
2015-12-09T02:32:59.876Z,5.937,113.1086,229.6479,0.4921,0.0524,3.518,99.0886,229.0432,0.4324,0.0357,3.2515,100.5647,232.4311,0.4326,0.0311
2015-12-09T02:33:59.119Z,4.1651,113.3058,229.364,0.4938,0.0357,3.448,97.8024,228.7211,0.4274,0.0351,2.4883,100.1503,232.0399,0.4316,0.0252
2015-12-09T02:34:59.314Z,5.4179,112.1885,229.4215,0.4887,0.0493,3.5998,98.8947,229.0874,0.4315,0.0374,2.8398,100.6186,232.0458,0.4336,0.0279
2015-12-09T02:35:59.562Z,4.0751,114.439,228.2486,0.5012,0.0359,3.5812,97.2341,228.9633,0.4245,0.037,2.7026,99.5616,232.2212,0.4286,0.0266
2015-12-09T02:36:59.030Z,3.6762,114.8406,228.694,0.5028,0.0334,3.8486,96.8851,228.8367,0.4233,0.0403,2.6861,100.13,232.1752,0.431,0.0257
2015-12-09T02:37:59.232Z,5.7049,111.2588,228.2192,0.4876,0.0511,3.183,97.5484,228.8902,0.4262,0.0324,3.6518,98.622,231.8285,0.426,0.0375
2015-12-09T02:38:59.480Z,4.9191,112.1203,228.2852,0.4912,0.0448,3.9914,99.6496,228.8792,0.4352,0.0429,2.9095,102.3297,231.7766,0.4416,0.0286
2015-12-09T02:39:59.696Z,4.7257,113.317,228.2447,0.4966,0.0414,3.7088,99.5696,229.1535,0.4344,0.0373,3.0311,98.3886,231.6656,0.4244,0.0319
2015-12-09T02:40:59.854Z,5.1579,113.1793,228.4314,0.4952,0.0471,3.2273,99.7803,229.4418,0.4345,0.0342,2.7112,99.69,232.6197,0.4288,0.0266
2015-12-09T02:41:59.203Z,5.2297,112.3771,228.6072,0.4913,0.047,3.6827,101.3799,229.3043,0.4423,0.0366,3.2496,101.015,232.864,0.434,0.0314
2015-12-09T02:42:59.875Z,2.8887,111.9403,228.8873,0.4879,0.0268,3.8385,98.2578,228.2133,0.4308,0.043,3.0808,99.4046,232.9651,0.4263,0.0317
2015-12-09T02:43:59.156Z,2.4206,114.0613,228.895,0.4984,0.0201,3.7938,99.4309,226.7666,0.4389,0.0373,2.7853,99.2866,232.99,0.426,0.0268
2015-12-09T02:44:59.395Z,3.3336,114.69,229.211,0.5002,0.0277,3.6833,98.1787,224.7485,0.4364,0.0385,2.9569,99.9901,233.7204,0.4279,0.0295
2015-12-09T02:45:59.775Z,3.8412,113.3579,229.1414,0.4943,0.0351,3.6095,98.5522,227.3748,0.4336,0.0345,3.5628,99.8639,232.923,0.4291,0.0361
2015-12-09T02:46:59.123Z,3.7415,114.9821,228.9557,0.5015,0.0328,3.2366,99.2125,227.7866,0.4357,0.033,3.231,99.2252,232.4697,0.4272,0.0335
2015-12-09T02:47:59.373Z,3.5236,112.956,228.3903,0.4945,0.0309,4.4516,96.5102,228.0617,0.4232,0.0482,41.6291,121.4597,231.3077,0.5254,0.2554
2015-12-09T02:48:59.699Z,3.1667,113.8279,228.3731,0.4977,0.0278,4.6177,96.7001,228.3749,0.4238,0.0504,25.4269,112.9657,231.4197,0.4882,0.1595
2015-12-09T02:49:59.920Z,5.1526,112.9796,228.0779,0.4952,0.0469,3.4527,97.4959,228.646,0.4264,0.0359,3.44,100.9755,231.4444,0.4362,0.0336
2015-12-09T02:50:59.173Z,4.371,112.7177,228.1967,0.4937,0.0391,2.9933,101.1298,228.5866,0.4422,0.03,3.317,97.6251,231.136,0.4223,0.0343
2015-12-09T02:51:59.445Z,4.4286,114.5693,228.3815,0.5013,0.0386,3.9718,99.0891,229.0874,0.4323,0.0396,3.2554,100.6441,231.2919,0.4347,0.0314
2015-12-09T02:52:59.661Z,3.931,111.8485,228.1949,0.4898,0.0357,3.5047,97.0265,228.6776,0.4238,0.0383,3.0382,98.4836,231.2836,0.4255,0.0318
2015-12-09T02:53:59.916Z,19.5929,161.1776,228.3842,0.7082,0.0357,11.098,111.8465,228.1958,0.4905,0.0495,119.6718,209.4343,231.5635,0.9068,0.3553
2015-12-09T02:54:59.254Z,910.1226,1364.4626,226.8466,6.0145,0.6672,970.2728,1385.5606,226.8135,6.1086,0.7003,1519.0056,2069.0805,228.9882,9.0353,0.7342
2015-12-09T02:55:59.770Z,1011.5753,1445.444,226.5208,6.3812,0.6999,1074.5604,1470.0709,226.5504,6.4882,0.7313,1620.2845,2153.2737,229.2033,9.3941,0.7522
2015-12-09T02:56:59.941Z,996.398,1426.7759,226.0701,6.3116,0.6981,1079.9627,1471.8594,226.996,6.4836,0.7338,1612.4079,2152.8913,229.1831,9.3931,0.7494
2015-12-09T02:57:59.304Z,1000.6718,1439.8348,226.1522,6.3665,0.695,1067.8835,1454.1333,225.8901,6.437,0.7345,1623.2091,2146.5965,229.1383,9.3677,0.7566
2015-12-09T02:58:59.608Z,1011.2926,1451.9268,226.6417,6.4058,0.6963,1083.9546,1471.7929,226.0864,6.5092,0.7368,1635.8098,2165.326,229.7117,9.4253,0.7552
2015-12-09T02:59:59.162Z,1003.3355,1486.0902,227.1878,6.5402,0.6752,1047.929,1404.7382,222.9896,6.2996,0.7465,1697.7582,2197.9864,230.6779,9.5281,0.7721
2015-12-09T03:00:59.601Z,1022.3995,1485.7596,227.3519,6.5354,0.6884,1072.6545,1448.419,224.5867,6.4487,0.7403,1670.7177,2180.738,230.1554,9.4747,0.7666
2015-12-09T03:01:59.893Z,1028.4697,1482.9433,226.9673,6.5333,0.6937,1086.5256,1467.1876,225.4213,6.508,0.7401,1667.5971,2184.4701,230.1552,9.4908,0.763
2015-12-09T03:02:59.224Z,1026.1403,1491.3561,227.1514,6.5658,0.6882,1087.0492,1458.7534,225.0547,6.4815,0.7448,1688.4381,2203.365,230.6092,9.5539,0.767
2015-12-09T03:03:59.485Z,1014.4929,1487.3591,226.9433,6.5534,0.6818,1073.2521,1439.5897,224.4864,6.4124,0.7453,1688.3679,2200.4529,230.6478,9.5394,0.7674
2015-12-09T03:04:59.724Z,1001.2548,1492.5054,227.2462,6.5677,0.6708,1048.8978,1417.2413,224.4083,6.3151,0.7403,1690.1429,2200.736,231.609,9.5013,0.7681
2015-12-09T03:05:59.906Z,995.6667,1475.8428,226.8463,6.5056,0.6747,1053.8703,1422.6409,224.9309,6.3249,0.7409,1675.087,2190.2838,231.4133,9.4642,0.765
2015-12-09T03:06:59.260Z,1010.9974,1489.661,226.9309,6.5639,0.6788,1068.2369,1436.1078,225.0282,6.3816,0.744,1691.5043,2202.9854,231.288,9.5243,0.7681
2015-12-09T03:07:59.659Z,988.2072,1477.7286,227.7619,6.4877,0.6682,1006.0833,1396.3938,224.5016,6.2194,0.7202,1633.8071,2133.2617,230.8742,9.2389,0.7664
2015-12-09T03:08:59.908Z,952.9026,1433.9462,227.7634,6.2954,0.6647,1000.1533,1403.3212,225.8378,6.2131,0.7127,1581.4347,2104.333,230.7124,9.1204,0.7526
2015-12-09T03:09:59.336Z,949.6013,1426.3851,227.9387,6.258,0.6656,998.5282,1403.6674,225.9642,6.2115,0.7115,1574.3617,2098.4553,230.6271,9.0988,0.7506
2015-12-09T03:10:59.667Z,978.07,1447.3951,227.7094,6.3559,0.6754,1032.753,1428.1781,226.0771,6.3166,0.7233,1604.9596,2124.6708,230.4853,9.2174,0.7551
2015-12-09T03:11:59.980Z,976.3187,1444.3279,227.8946,6.3369,0.6761,1032.2343,1433.3677,226.2219,6.3356,0.7201,1600.349,2123.9861,230.866,9.1993,0.7536
2015-12-09T03:12:59.204Z,956.273,1426.5232,227.6506,6.2659,0.6697,1005.9631,1414.0214,226.1625,6.2518,0.7117,1567.8317,2092.6926,230.8258,9.0655,0.7497
2015-12-09T03:13:59.560Z,980.3504,1433.6854,227.2418,6.3082,0.6832,1035.62,1436.1883,226.2914,6.3466,0.7212,1585.8969,2104.7577,230.3811,9.1354,0.7546
2015-12-09T03:14:59.048Z,1029.6129,1465.6278,226.6125,6.467,0.7021,1084.2782,1471.052,225.5537,6.5217,0.7376,1630.0783,2135.5625,229.9803,9.2849,0.7626
2015-12-09T03:15:59.312Z,1037.055,1467.7253,226.1008,6.4912,0.7068,1094.6041,1473.6418,225.1098,6.5458,0.743,1640.8414,2141.1501,229.708,9.3204,0.7668
2015-12-09T03:16:59.579Z,1001.3343,1449.2747,226.2841,6.4047,0.6914,1042.7732,1424.3746,224.496,6.345,0.7316,1613.3791,2107.4517,229.7336,9.1732,0.7649
2015-12-09T03:17:59.737Z,973.2408,1402.1372,224.4442,6.247,0.6947,1075.8887,1434.6137,225.1338,6.3722,0.7497,1612.9743,2129.9668,229.7346,9.2704,0.7574
2015-12-09T03:18:59.150Z,1007.6013,1419.866,223.8398,6.3426,0.7096,1126.6328,1476.2022,225.2987,6.5521,0.7631,1647.2536,2163.6912,229.3929,9.4318,0.7609
2015-12-09T03:19:59.518Z,1021.6299,1426.1547,223.9743,6.3669,0.7162,1145.7358,1499.5507,225.4097,6.6523,0.7641,1648.589,2166.3293,229.4223,9.4422,0.7603
2015-12-09T03:20:59.942Z,1005.0312,1418.72,224.4507,6.3209,0.7087,1119.594,1481.9874,225.7129,6.5653,0.7551,1628.1357,2147.0783,229.572,9.3512,0.7588
2015-12-09T03:21:59.145Z,997.6521,1412.6828,224.7107,6.286,0.7067,1098.4485,1462.6717,225.4218,6.4882,0.7513,1614.2101,2123.5315,228.6492,9.2871,0.7602
2015-12-09T03:22:59.458Z,1028.5209,1445.3023,224.708,6.4312,0.7116,1122.604,1481.2263,225.3134,6.5738,0.758,1652.8904,2159.2794,229.0497,9.427,0.7661
2015-12-09T03:23:59.765Z,1049.1967,1472.6977,225.2361,6.5378,0.7129,1125.2563,1489.1634,225.1547,6.6134,0.7558,1668.6103,2171.8137,229.6081,9.4587,0.7691
2015-12-09T03:24:59.904Z,826.1769,1181.6704,224.8479,5.2591,0.569,878.436,1183.5142,224.9237,5.2694,0.6038,1323.9767,1718.7184,230.0421,7.4941,0.7619
2015-12-09T03:25:59.158Z,86.2564,285.4983,225.9256,1.2639,0.1039,100.9238,268.653,226.4774,1.1919,0.1267,242.2476,425.7316,232.0663,1.8407,0.6867
2015-12-09T03:26:59.425Z,354.6495,769.4224,226.7486,3.4008,0.3246,408.8359,759.5276,226.1699,3.3658,0.3802,533.4921,940.9746,232.2312,4.0599,0.6143
2015-12-09T03:27:59.676Z,3.8819,112.3737,227.8463,0.4927,0.0346,4.4265,99.5034,227.2245,0.4374,0.0437,275.5722,335.1018,232.5349,1.4436,0.778
2015-12-09T03:28:59.926Z,843.5234,1284.669,226.8477,5.6663,0.5604,883.3782,1195.4396,224.0646,5.3512,0.625,1503.7533,1926.0738,230.9003,8.3461,0.7928
2015-12-09T03:29:59.139Z,1107.9667,1533.5769,226.1577,6.7803,0.7234,1204.8699,1562.0449,225.2649,6.9324,0.7717,1754.1885,2267.1826,230.02,9.8557,0.7739
2015-12-09T03:30:59.479Z,1067.4888,1453.6616,225.6334,6.4424,0.7343,1197.7614,1596.8287,228.5566,6.9862,0.7503,1622.6249,2171.1934,228.9469,9.4824,0.7468
2015-12-09T03:31:59.696Z,991.0817,1398.5294,225.7323,6.1954,0.7091,1114.734,1515.3609,228.0352,6.645,0.7359,1565.6593,2113.8293,229.3944,9.2152,0.7406
2015-12-09T03:32:59.874Z,949.0152,1380.6286,226.8128,6.0866,0.6874,1038.1657,1456.9358,227.6826,6.3982,0.7124,1518.0014,2062.7566,229.6804,8.9804,0.7367
2015-12-09T03:33:59.221Z,932.0479,1377.1385,227.42,6.0552,0.6772,987.8807,1421.0727,227.2792,6.2519,0.6953,1487.1791,2019.9408,229.5512,8.799,0.7369
2015-12-09T03:34:59.482Z,966.5659,1397.2677,227.623,6.1384,0.6917,1013.4298,1443.5718,227.1083,6.3562,0.702,1505.9996,2025.023,228.7124,8.8539,0.7434
2015-12-09T03:35:59.116Z,1004.4857,1435.0233,227.7401,6.3008,0.6999,1028.6313,1445.1546,225.8057,6.3992,0.7124,1550.5208,2044.3143,228.1365,8.961,0.7587
2015-12-09T03:36:59.367Z,1029.8182,1457.5124,227.3607,6.4102,0.7076,1076.8256,1488.0551,226.9648,6.5557,0.7239,1590.6842,2100.1307,229.1447,9.164,0.7573
2015-12-09T03:37:59.555Z,1050.83,1468.6526,226.3463,6.4878,0.7153,1128.6881,1523.4182,227.5926,6.6927,0.7409,1629.3997,2147.3817,229.1839,9.3693,0.7594
2015-12-09T03:38:59.896Z,1063.2291,1461.9799,226.0107,6.4686,0.7266,1157.0281,1549.1738,227.8017,6.7997,0.7464,1630.0763,2149.52,228.1687,9.4202,0.7589
2015-12-09T03:39:59.104Z,1022.8935,1413.1153,225.4689,6.2666,0.7243,1150.7815,1542.2135,227.9808,6.7641,0.7459,1592.7382,2127.4989,228.1031,9.3267,0.7491
2015-12-09T03:40:59.303Z,1026.1107,1411.8217,225.5093,6.261,0.7274,1144.5463,1533.4967,227.5011,6.7399,0.7464,1586.6762,2111.5784,227.3483,9.2871,0.751
2015-12-09T03:41:59.718Z,1067.7869,1441.4242,225.7637,6.384,0.7401,1169.0709,1565.6793,227.5094,6.8813,0.7458,1601.1389,2114.676,226.648,9.3303,0.7581
2015-12-09T03:42:59.991Z,1075.6938,1453.6109,225.4891,6.446,0.74,1178.8838,1569.2682,227.4228,6.9001,0.751,1623.9878,2137.8437,227.0401,9.4159,0.7601
2015-12-09T03:43:59.244Z,1060.5987,1458.2696,225.7204,6.4607,0.7276,1144.239,1529.3053,226.8255,6.7421,0.7485,1627.0721,2130.6583,227.12,9.3804,0.7639
2015-12-09T03:44:59.509Z,1032.7718,1430.2277,225.5464,6.3409,0.7221,1124.361,1514.8489,227.1854,6.6671,0.7423,1594.9981,2107.2721,227.4077,9.2667,0.7571
2015-12-09T03:45:59.748Z,1062.7909,1485.7121,226.5729,6.5569,0.7156,1116.3794,1490.794,224.6786,6.6352,0.749,1660.1157,2144.8032,228.1152,9.4016,0.7739
2015-12-09T03:46:59.053Z,1057.351,1502.9501,226.8636,6.6245,0.7035,1105.232,1462.6436,223.4842,6.5443,0.7553,1697.8716,2177.8648,229.1549,9.5035,0.7797
2015-12-09T03:47:59.320Z,1013.2266,1441.3629,226.7529,6.3564,0.7033,1093.7623,1482.8948,226.332,6.5511,0.7376,1608.0933,2123.4069,229.144,9.266,0.7573
2015-12-09T03:48:59.582Z,993.281,1409.8702,226.367,6.2281,0.7046,1084.8556,1484.8354,227.4611,6.527,0.7308,1568.4818,2093.1636,228.6246,9.1551,0.7496
2015-12-09T03:49:59.859Z,1018.9397,1422.7939,226.3892,6.2843,0.716,1112.994,1515.4093,227.7818,6.6526,0.7342,1577.1841,2100.8017,228.2359,9.2042,0.7504
2015-12-09T03:50:59.146Z,1078.6492,1472.2972,226.6547,6.4949,0.7324,1147.3907,1549.5744,227.1924,6.8201,0.7408,1614.4833,2117.9376,227.6662,9.3033,0.7628
2015-12-09T03:51:59.678Z,1109.7804,1500.6871,227.1537,6.6058,0.7396,1158.0027,1566.0609,227.0466,6.8967,0.74,1628.7979,2119.1816,227.1646,9.3287,0.769
2015-12-09T03:52:59.898Z,1070.1158,1474.8927,227.2119,6.491,0.7252,1105.2326,1517.2974,226.6396,6.694,0.728,1596.034,2085.433,227.5094,9.1661,0.7658
2015-12-09T03:53:59.306Z,1061.1928,1461.6326,227.3703,6.4282,0.7265,1081.3007,1501.3133,226.4626,6.6293,0.72,1567.1922,2049.7901,226.7443,9.0398,0.7648
2015-12-09T03:54:59.563Z,1076.5323,1462.9439,226.5088,6.4583,0.7357,1122.5451,1529.7733,226.8818,6.7418,0.7337,1591.6887,2080.1907,226.763,9.173,0.7654
2015-12-09T03:55:59.816Z,1079.9896,1460.0661,226.1239,6.4562,0.7399,1127.3523,1533.1422,226.8827,6.7569,0.7357,1586.5352,2069.1467,226.1559,9.1477,0.7673
2015-12-09T03:56:59.260Z,1078.5467,1469.3929,226.6047,6.484,0.7338,1127.1254,1534.9225,226.9883,6.7613,0.734,1597.3452,2088.9752,227.1627,9.1951,0.7646
2015-12-09T03:57:59.531Z,1082.6021,1478.8686,227.2617,6.5067,0.732,1122.6829,1536.6602,227.2524,6.7612,0.7303,1598.9658,2090.6376,227.5019,9.1892,0.7657
2015-12-09T03:58:59.806Z,1080.155,1466.5778,226.6709,6.4696,0.7366,1132.8472,1533.7831,226.5119,6.7716,0.7384,1603.7763,2091.0562,226.8991,9.2154,0.7678
2015-12-09T03:59:59.064Z,1057.6843,1449.3632,226.9457,6.3864,0.7297,1124.0586,1529.7678,226.8041,6.7447,0.7344,1586.3943,2088.2869,227.6794,9.1714,0.7599
