2015-12-07T00:00:59.807Z,5.2676,103.6303,233.4022,0.4436,0.05,2.8964,90.9312,229.4116,0.3966,0.0312,3.3301,91.7663,235.9388,0.3884,0.0379
2015-12-07T00:01:59.046Z,4.1552,106.8242,232.501,0.4594,0.0386,3.9358,92.7439,232.5302,0.3992,0.044,3.2064,92.4104,235.4541,0.3921,0.0349
2015-12-07T00:02:59.271Z,4.1924,106.734,232.4941,0.4586,0.0402,3.144,94.1765,232.9262,0.4046,0.0331,3.6471,94.5819,235.616,0.4012,0.0389
2015-12-07T00:03:59.619Z,5.1337,106.339,232.0156,0.458,0.0478,4.1566,92.3682,233.1262,0.3959,0.0458,2.7204,95.823,235.5099,0.4069,0.0291
2015-12-07T00:04:59.850Z,4.0174,105.5696,231.589,0.4556,0.0385,4.2908,95.458,233.042,0.4096,0.0446,3.2512,92.6254,234.9414,0.3943,0.0341
2015-12-07T00:05:59.119Z,4.4914,105.6311,231.6384,0.4563,0.0441,3.3446,94.9759,233.7209,0.4063,0.0356,2.8613,91.851,234.7611,0.391,0.0333
2015-12-07T00:06:59.354Z,6.2003,106.1241,231.5059,0.4582,0.059,3.5135,94.4336,233.3577,0.4045,0.0392,3.4082,92.7082,234.9812,0.3945,0.0375
2015-12-07T00:07:59.645Z,5.4057,104.4225,231.6415,0.451,0.0522,3.2554,94.8476,233.3109,0.4064,0.0345,2.8693,94.7763,234.9417,0.4033,0.0302
2015-12-07T00:08:59.952Z,5.0501,108.1474,232.1085,0.4655,0.0476,3.2046,91.9691,232.8207,0.3953,0.0342,2.9881,95.5616,235.2798,0.4058,0.0318
2015-12-07T00:09:59.157Z,5.0281,106.9646,232.0803,0.4607,0.0462,3.703,90.9954,232.6641,0.3911,0.0406,2.8119,94.4688,235.1154,0.4016,0.029
2015-12-07T00:10:59.342Z,5.088,106.579,231.9481,0.459,0.0492,3.2868,94.3945,232.7895,0.4052,0.0343,2.7623,92.2276,234.899,0.3929,0.0308
2015-12-07T00:11:59.626Z,3.0551,102.3168,232.162,0.4407,0.0292,3.9246,92.9686,233.1574,0.3989,0.0412,3.8422,92.8852,235.141,0.3946,0.0424
2015-12-07T00:12:59.980Z,3.377,105.8756,232.6209,0.4548,0.0314,3.9505,93.4437,233.2922,0.4005,0.0434,3.2253,94.563,235.229,0.4024,0.0348
2015-12-07T00:13:59.152Z,2.5737,107.7964,232.4887,0.4632,0.0238,4.0654,91.594,233.0106,0.3931,0.0461,3.2219,95.3702,235.4723,0.4047,0.0349
2015-12-07T00:14:59.434Z,2.419,106.9789,232.4953,0.4597,0.023,4.2915,94.7556,232.928,0.407,0.0476,3.377,94.7136,235.7088,0.4015,0.0357
2015-12-07T00:15:59.624Z,2.4637,105.3932,233.1182,0.4515,0.0232,4.2541,95.5287,231.894,0.4119,0.0471,2.5727,92.2738,234.8134,0.393,0.0255
2015-12-07T00:16:59.066Z,4.9078,106.3975,232.7733,0.4562,0.0456,3.6868,93.4952,232.1985,0.4024,0.0379,2.9858,95.6257,234.2896,0.408,0.0304
2015-12-07T00:17:59.341Z,2.7235,108.1305,233.2536,0.4633,0.0256,3.5035,91.2145,232.0258,0.3933,0.0393,3.2845,94.732,234.9251,0.4027,0.0345
2015-12-07T00:18:59.719Z,2.2115,106.8132,233.0267,0.4581,0.0213,4.5115,93.2909,232.27,0.4022,0.0487,3.1275,94.1114,234.9802,0.3997,0.031
2015-12-07T00:19:59.936Z,2.0536,106.7329,232.7246,0.4586,0.0193,4.6799,93.414,232.2537,0.4023,0.0511,2.8051,93.9999,235.007,0.4001,0.0308
2015-12-07T00:20:59.249Z,4.013,106.9911,233.1569,0.4588,0.0396,3.488,89.9348,232.024,0.3875,0.0418,3.2521,92.1798,234.6712,0.3927,0.0387
2015-12-07T00:21:59.771Z,5.2139,107.3828,233.031,0.4604,0.0492,4.1289,91.4546,232.1947,0.3942,0.0462,3.1395,92.8612,233.9521,0.3968,0.0342
2015-12-07T00:22:59.882Z,3.4047,106.4905,233.1493,0.4567,0.032,3.5129,92.7873,231.3634,0.4005,0.0376,2.2999,93.8485,234.2088,0.4005,0.0235
2015-12-07T00:23:59.168Z,4.285,107.1782,233.6612,0.4586,0.0403,3.1328,92.0228,229.6339,0.4009,0.0342,2.6787,93.7274,234.7824,0.3992,0.0291
2015-12-07T00:24:59.445Z,5.1204,108.4223,233.2671,0.4647,0.0475,3.3746,92.9099,231.8731,0.4012,0.0345,3.3809,94.1332,234.0454,0.402,0.0359
2015-12-07T00:25:59.822Z,3.9824,105.179,233.365,0.4501,0.0358,3.5708,93.5071,232.6242,0.4014,0.0387,3.3971,93.1713,233.9954,0.3982,0.0373
2015-12-07T00:26:59.100Z,3.551,107.3026,233.5464,0.4594,0.0317,4.0281,93.4684,233.2451,0.4006,0.0433,2.5237,92.2558,234.3507,0.3941,0.0278
2015-12-07T00:27:59.379Z,4.4426,107.0365,233.5516,0.458,0.041,4.0438,94.4353,233.0187,0.4055,0.044,3.1111,94.0776,234.4234,0.4015,0.0344
2015-12-07T00:28:59.552Z,3.3326,107.8179,233.7729,0.4608,0.029,3.9369,93.6582,232.9573,0.4016,0.0415,2.5618,93.1007,234.0097,0.3977,0.0295
2015-12-07T00:29:59.886Z,5.2133,107.4877,233.5308,0.4598,0.0497,3.6116,94.3897,233.0878,0.4053,0.0379,3.3161,92.7446,234.1058,0.3963,0.0366
2015-12-07T00:30:59.142Z,4.6678,108.542,233.3344,0.4646,0.0439,4.252,91.8543,232.8371,0.3946,0.0479,2.5011,93.1516,234.2379,0.3975,0.0288
2015-12-07T00:31:59.309Z,5.6821,106.9952,233.5087,0.4577,0.0545,2.5035,91.9366,232.9205,0.3947,0.0277,2.8952,93.5513,233.8214,0.4004,0.031
2015-12-07T00:32:59.442Z,2.2048,110.1053,233.9036,0.47,0.0198,4.1631,89.4685,232.619,0.3846,0.0457,2.4874,92.2193,233.2485,0.3954,0.0282
2015-12-07T00:33:59.890Z,3.2012,106.9111,233.9358,0.4566,0.0298,4.5575,95.8889,232.9442,0.4116,0.0484,3.1179,91.1504,232.739,0.3913,0.0349
2015-12-07T00:34:59.165Z,4.6454,108.3371,233.3722,0.464,0.0426,3.5936,94.0637,232.9531,0.4039,0.0369,2.7246,93.1994,234.1132,0.3979,0.0297
2015-12-07T00:35:59.349Z,3.0079,108.2066,233.604,0.4633,0.0284,4.4687,93.0548,233.2518,0.3993,0.0504,3.5705,94.4277,234.7492,0.4021,0.0375
2015-12-07T00:36:59.639Z,4.4615,108.7104,233.2862,0.4655,0.0412,3.731,93.9066,232.8881,0.4032,0.0396,2.7301,92.6496,235.2369,0.3935,0.0295
2015-12-07T00:37:59.975Z,4.3989,106.022,232.6865,0.4557,0.0415,4.308,92.8373,233.2234,0.3982,0.0462,3.291,95.494,236.101,0.4041,0.0343
2015-12-07T00:38:59.162Z,4.6642,108.0907,233.3676,0.4629,0.0436,3.3654,93.6266,233.3137,0.4013,0.0369,3.3559,96.3847,236.283,0.4079,0.0342
2015-12-07T00:39:59.453Z,2.6438,106.9435,232.8368,0.4595,0.0257,4.5216,91.0263,233.0426,0.3903,0.0495,3.5214,93.9259,236.1798,0.3975,0.0382
2015-12-07T00:40:59.708Z,5.1168,107.6737,232.9252,0.4619,0.0466,3.6158,91.7058,232.4479,0.3945,0.0392,2.7199,94.7558,234.9597,0.4033,0.029
2015-12-07T00:41:59.858Z,5.3152,106.8737,233.0037,0.4579,0.0502,3.6635,91.4765,232.462,0.3936,0.0386,2.4798,93.7903,234.7644,0.3993,0.0253
2015-12-07T00:42:59.233Z,3.1818,105.2326,232.7227,0.4517,0.0304,3.9401,93.5117,232.7309,0.4016,0.042,3.7561,94.4861,234.9773,0.4019,0.0391
2015-12-07T00:43:59.528Z,5.8843,107.3074,231.969,0.4621,0.0555,3.2648,94.5935,232.686,0.4068,0.0358,3.2123,94.5417,235.0374,0.4021,0.033
2015-12-07T00:44:59.971Z,4.4468,107.4838,231.9986,0.4635,0.0409,3.6363,94.251,232.5949,0.4052,0.0376,2.7789,94.6088,234.9856,0.4023,0.0296
2015-12-07T00:45:59.310Z,4.9672,107.5487,233.1206,0.461,0.0468,4.0046,92.8242,232.3159,0.4,0.0438,2.5242,94.1952,235.1886,0.4007,0.0277
2015-12-07T00:46:59.619Z,3.6318,104.931,232.7282,0.4504,0.0347,3.926,92.4147,232.3708,0.3974,0.0446,3.5121,92.7954,234.9888,0.3947,0.0423
2015-12-07T00:47:59.992Z,4.6419,104.9805,232.3413,0.4515,0.0462,3.7322,88.7367,232.0452,0.382,0.0434,3.3612,92.1721,234.2853,0.3933,0.0381
2015-12-07T00:48:59.231Z,2.9698,107.462,232.8343,0.4613,0.0281,3.9801,92.9906,232.3757,0.4001,0.0432,2.9677,92.2331,234.5624,0.3932,0.0318
2015-12-07T00:49:59.534Z,3.8097,105.6608,232.1423,0.4548,0.0346,3.8864,92.3569,232.2845,0.3976,0.0437,3.0523,91.9764,234.5637,0.3921,0.0327
2015-12-07T00:50:59.941Z,3.1943,105.4342,232.2196,0.4536,0.03,4.2348,93.2795,232.2862,0.4014,0.0466,2.8982,89.7023,235.0349,0.3813,0.0353
2015-12-07T00:51:59.226Z,4.6422,106.3224,232.4674,0.4567,0.0429,2.8816,91.7124,232.0943,0.3953,0.0322,3.0049,96.1002,235.4102,0.4085,0.0325
2015-12-07T00:52:59.643Z,5.4485,107.1443,232.332,0.4607,0.0497,4.1267,93.1787,232.0337,0.4015,0.0429,2.7604,95.5257,235.4796,0.4052,0.0273
2015-12-07T00:53:59.872Z,6.0566,107.3685,233.1357,0.4601,0.0567,3.8538,92.7754,232.4998,0.3993,0.0409,2.4003,92.7681,235.1093,0.3946,0.0246
2015-12-07T00:54:59.096Z,5.1261,107.2784,232.9784,0.4602,0.0499,3.8666,93.6632,232.4834,0.4028,0.0411,3.4233,91.0848,234.7507,0.3882,0.0388
2015-12-07T00:55:59.350Z,2.2701,106.6066,233.1232,0.4571,0.0213,4.3993,92.9581,232.951,0.3993,0.0487,3.2479,96.743,235.2137,0.4111,0.0329
2015-12-07T00:56:59.734Z,2.8767,105.3549,233.4228,0.4518,0.0276,4.075,92.3093,232.8923,0.3966,0.0438,3.8941,93.934,235.3912,0.3988,0.0405
2015-12-07T00:57:59.094Z,4.5022,108.2309,233.1937,0.4639,0.0411,3.8244,94.45,232.8594,0.4052,0.0407,2.557,94.9114,235.6128,0.4027,0.0282
2015-12-07T00:58:59.541Z,3.6836,108.02,233.4692,0.4623,0.0333,3.6826,94.73,233.1495,0.4068,0.0376,2.7808,91.1831,235.5022,0.3871,0.0303
2015-12-07T00:59:59.758Z,3.0002,107.0905,233.5125,0.4584,0.0279,3.5898,93.7649,233.0607,0.402,0.038,2.9625,95.3162,235.6703,0.4047,0.0302
