2015-11-06T00:00:59.139Z,4.7615,73.3607,232.2892,0.3157,0.0663,3.2238,64.571,233.0376,0.2774,0.0533,0.5073,64.9596,233.6092,0.2779,0.0085
2015-11-06T00:01:59.299Z,4.7754,74.6632,231.635,0.3223,0.0654,3.3941,66.0474,232.6643,0.2839,0.0522,1.087,66.3146,233.6635,0.2841,0.0153
2015-11-06T00:02:59.613Z,4.476,74.9314,231.3223,0.3238,0.06,3.9724,64.8969,232.3666,0.279,0.0625,0.8179,64.7774,232.9048,0.2784,0.0126
2015-11-06T00:03:59.948Z,3.5913,74.8712,230.7751,0.3245,0.0496,3.4376,66.7489,231.9358,0.2881,0.0513,0.6781,66.0135,232.8258,0.284,0.0087
2015-11-06T00:04:59.223Z,5.0141,74.369,230.7696,0.3222,0.0703,4.138,65.4498,231.85,0.282,0.0627,1.3784,64.7206,232.6596,0.2776,0.0223
2015-11-06T00:05:59.631Z,4.0859,75.0122,230.7162,0.3249,0.0553,3.5924,66.5386,232.0175,0.287,0.0554,0.7413,65.2471,232.6696,0.28,0.0103
2015-11-06T00:06:59.877Z,4.2226,75.5229,231.0625,0.3268,0.0553,2.7524,65.3636,232.3713,0.2815,0.0414,0.7498,66.6426,233.3672,0.2854,0.0138
2015-11-06T00:07:59.278Z,3.7819,73.5372,232.0716,0.3172,0.0535,2.7054,64.8685,233.4163,0.2776,0.0444,0.4797,66.0537,234.8201,0.2812,0.0083
2015-11-06T00:08:59.537Z,4.7918,75.4642,231.908,0.3246,0.0642,2.9757,66.0663,233.3415,0.2828,0.0436,1.1564,68.3607,234.6941,0.2915,0.017
2015-11-06T00:09:59.815Z,4.6581,75.1216,232.2163,0.3236,0.0625,3.8737,66.4679,233.3199,0.2849,0.0586,1.4342,65.9285,234.5331,0.2812,0.0207
2015-11-06T00:10:59.008Z,5.2847,73.2316,232.0178,0.3156,0.0736,3.0563,66.4269,232.2437,0.2858,0.0458,1.4254,65.1272,234.9919,0.2774,0.0231
2015-11-06T00:11:59.294Z,3.8312,74.4607,232.3451,0.3208,0.0514,3.2557,65.1488,232.7751,0.2804,0.0514,1.3592,65.9643,235.3073,0.2803,0.0205
2015-11-06T00:12:59.801Z,3.8721,75.3191,234.215,0.3213,0.0511,2.382,65.4929,230.7102,0.2841,0.0363,0.6223,65.6561,233.7882,0.2808,0.009
2015-11-06T00:13:59.111Z,4.481,75.2324,233.8061,0.3213,0.06,2.6993,66.8761,232.7955,0.2875,0.0398,1.3461,65.5509,233.002,0.2815,0.0206
2015-11-06T00:14:59.462Z,4.4971,76.1123,233.8188,0.3254,0.06,3.3242,66.3041,234.3473,0.283,0.0511,1.3109,65.619,232.5826,0.2821,0.0202
2015-11-06T00:15:59.693Z,5.2582,75.973,234.51,0.3236,0.0699,2.7563,66.8267,234.7752,0.284,0.0401,0.7738,65.0567,232.223,0.2802,0.0116
2015-11-06T00:16:59.986Z,4.5527,75.864,234.71,0.323,0.0608,3.3618,66.5343,234.8357,0.2843,0.0501,1.7932,65.1457,231.9636,0.2804,0.0281
2015-11-06T00:17:59.212Z,4.4824,75.1558,234.8404,0.3201,0.0603,3.1563,67.2518,234.5644,0.2868,0.0478,0.9689,64.9781,231.4847,0.2807,0.0156
2015-11-06T00:18:59.562Z,4.9842,74.674,234.3959,0.3186,0.0675,3.6398,66.9671,234.0275,0.2864,0.054,1.4039,65.0172,233.0846,0.279,0.0223
2015-11-06T00:19:59.913Z,4.1973,75.8396,235.6191,0.3218,0.0568,2.7847,65.8143,233.9199,0.2814,0.0451,1.1263,65.9254,231.2234,0.2854,0.0168
2015-11-06T00:20:59.229Z,3.9852,75.8407,235.2851,0.322,0.0522,3.4116,67.6803,234.3264,0.2884,0.0513,1.4274,64.5814,232.7998,0.2774,0.0214
2015-11-06T00:21:59.577Z,3.7942,74.6484,234.2407,0.3187,0.0516,3.1989,67.2148,234.1792,0.2868,0.0468,1.1888,66.0156,234.4557,0.2823,0.0176
2015-11-06T00:22:59.886Z,4.6455,74.9351,234.2586,0.3197,0.0632,2.8512,64.9217,233.6463,0.2784,0.0486,1.218,67.1963,234.7013,0.2867,0.0185
2015-11-06T00:23:59.120Z,5.1563,74.9337,233.7602,0.3206,0.0693,2.8492,66.0008,233.2461,0.2827,0.043,1.3855,65.4793,234.6109,0.2791,0.0219
2015-11-06T00:24:59.409Z,4.6315,74.0255,233.5387,0.3171,0.0621,2.9307,67.0824,233.4636,0.2874,0.043,1.4617,65.5557,234.8791,0.279,0.0209
2015-11-06T00:25:59.885Z,4.0469,74.3363,233.4103,0.3188,0.0548,3.3667,65.0082,233.5198,0.2784,0.0519,1.2201,66.9095,234.068,0.2857,0.0207
2015-11-06T00:26:59.998Z,4.3003,74.0069,232.8291,0.3174,0.0592,2.8397,64.721,231.4487,0.2795,0.0441,1.2118,65.4873,233.7832,0.2797,0.0193
2015-11-06T00:27:59.232Z,5.2543,74.4772,233.3963,0.319,0.0707,2.9148,64.8692,229.6586,0.2821,0.0444,0.8783,67.1346,234.5483,0.286,0.0137
2015-11-06T00:28:59.437Z,4.5831,75.3738,232.8801,0.3236,0.0623,3.8255,66.0963,232.9937,0.2836,0.0595,0.9189,67.4023,233.7108,0.2881,0.0144
2015-11-06T00:29:59.669Z,4.6311,75.4719,233.5802,0.3232,0.0615,2.849,66.3099,233.3031,0.2843,0.0436,1.2664,65.5613,233.6601,0.2808,0.0198
2015-11-06T00:30:59.187Z,3.5642,75.8202,234.1554,0.3236,0.0475,3.2819,66.4474,233.5375,0.2841,0.0509,1.0305,65.886,234.1563,0.2812,0.014
2015-11-06T00:31:59.522Z,5.1777,74.6605,233.9268,0.3186,0.0702,2.8809,64.8587,234.3423,0.2768,0.0473,1.8433,66.3616,233.6458,0.2846,0.03
2015-11-06T00:32:59.876Z,5.1615,75.4688,234.4544,0.3214,0.0701,3.483,65.9714,234.8541,0.2812,0.0542,1.2144,66.3802,233.9096,0.2836,0.0178
2015-11-06T00:33:59.220Z,4.2322,74.7329,234.3964,0.3192,0.0576,3.2237,66.2671,235.2394,0.2818,0.0508,1.0292,66.6651,233.7868,0.2849,0.0151
2015-11-06T00:34:59.678Z,3.9873,75.8133,233.8925,0.3247,0.0534,3.2384,66.0804,234.7538,0.2809,0.0497,1.0507,67.6367,233.7176,0.2896,0.0159
2015-11-06T00:35:59.829Z,4.4171,73.8695,233.7046,0.3167,0.0601,3.1186,66.2807,234.8311,0.2824,0.0481,1.671,66.0403,233.4787,0.2831,0.0235
2015-11-06T00:36:59.183Z,4.8106,74.6131,232.8724,0.3208,0.067,3.414,67.0209,234.4766,0.2861,0.0512,1.3533,63.7602,233.5711,0.2737,0.022
2015-11-06T00:37:59.560Z,5.4882,74.1131,232.914,0.3179,0.0737,3.316,65.3125,234.2968,0.2789,0.0543,1.417,64.8514,233.3891,0.2776,0.0218
2015-11-06T00:38:59.918Z,4.7071,73.3395,232.83,0.3147,0.067,3.3889,66.5288,234.0415,0.284,0.0525,1.2253,66.6021,233.5886,0.2857,0.0184
2015-11-06T00:39:59.278Z,3.9984,74.4302,232.8677,0.3192,0.0546,4.0093,66.8296,234.0392,0.2852,0.059,1.1788,66.8559,233.793,0.286,0.0178
2015-11-06T00:40:59.573Z,3.8748,73.2301,233.1816,0.314,0.053,2.994,65.0819,234.1714,0.2777,0.0452,0.6574,66.1075,233.8141,0.2826,0.009
2015-11-06T00:41:59.932Z,5.1132,74.354,232.6844,0.3193,0.0691,2.9598,66.4829,234.0699,0.2846,0.0471,1.3835,65.1792,233.1236,0.2796,0.0221
2015-11-06T00:42:59.235Z,4.3692,76.2268,232.8881,0.327,0.0586,3.4948,66.5183,234.348,0.2836,0.0521,0.9054,66.225,233.6597,0.2833,0.0129
2015-11-06T00:43:59.422Z,4.2163,73.9749,233.0003,0.3178,0.0585,3.4032,66.3859,234.5709,0.2827,0.0512,1.3002,67.049,234.2153,0.286,0.0195
2015-11-06T00:44:59.712Z,3.9418,73.6725,233.2255,0.3162,0.0535,3.7134,67.1011,234.5802,0.2855,0.0554,1.395,67.7299,234.3525,0.2891,0.0201
2015-11-06T00:45:59.074Z,3.7817,74.6904,233.7082,0.3193,0.0518,2.947,66.3161,234.3184,0.2834,0.0447,1.0111,66.9119,234.249,0.2858,0.0159
2015-11-06T00:46:59.328Z,4.9251,73.2066,233.3464,0.3136,0.0686,3.1944,64.7602,234.2573,0.2764,0.0501,1.4262,65.7587,234.201,0.2803,0.0227
2015-11-06T00:47:59.609Z,4.963,75.5723,232.9893,0.3241,0.0674,3.1351,66.8964,234.2291,0.2857,0.0467,1.1118,67.6055,234.1819,0.2887,0.0163
2015-11-06T00:48:59.907Z,4.6474,75.6566,232.9404,0.3252,0.0627,3.0381,65.2916,234.2436,0.2786,0.0467,0.8874,66.6608,234.0729,0.2847,0.0135
2015-11-06T00:49:59.193Z,4.4141,74.3188,232.9774,0.3189,0.0598,2.8153,66.772,234.6356,0.2848,0.0436,1.4046,67.4177,234.2378,0.2879,0.019
2015-11-06T00:50:59.667Z,4.0276,76.4585,233.3966,0.3277,0.0521,3.7078,66.4587,234.0576,0.2839,0.0548,1.3583,67.1007,233.7504,0.2873,0.0189
2015-11-06T00:51:59.086Z,4.9968,73.9256,233.2379,0.3173,0.0703,3.0438,65.9544,233.6979,0.2821,0.0473,1.3769,64.2421,233.1378,0.2753,0.0224
2015-11-06T00:52:59.450Z,5.171,74.9709,233.1819,0.3214,0.07,3.1707,67.3222,233.7663,0.2877,0.0458,1.0319,66.0532,232.8243,0.2838,0.0168
2015-11-06T00:53:59.699Z,4.9085,75.1952,233.1477,0.3226,0.0664,3.0489,66.8545,233.6184,0.2859,0.0454,1.3885,65.3959,232.9762,0.2805,0.0207
2015-11-06T00:54:59.123Z,4.8458,74.7699,233.1547,0.3209,0.0646,3.1802,65.4871,233.2319,0.2808,0.0476,1.3374,65.7609,233.1888,0.282,0.0199
2015-11-06T00:55:59.349Z,4.7068,75.1514,233.5382,0.3218,0.0635,2.6378,65.0142,230.4701,0.2818,0.0399,1.2608,65.2911,234.0427,0.2791,0.02
2015-11-06T00:56:59.540Z,5.164,75.0118,233.5655,0.3212,0.0692,2.6238,65.2314,230.3696,0.2835,0.0419,0.8995,64.8965,234.296,0.277,0.0155
2015-11-06T00:57:59.797Z,4.9189,74.0548,233.3009,0.3174,0.0685,3.0989,65.5221,232.5555,0.2818,0.047,1.5371,65.608,234.2775,0.2803,0.0236
2015-11-06T00:58:59.120Z,4.1761,73.9206,233.6498,0.3167,0.0569,3.2408,64.4574,233.8624,0.2758,0.0506,1.4737,66.319,234.4342,0.2828,0.023
2015-11-06T00:59:59.320Z,4.4012,73.3187,233.0907,0.3138,0.0612,3.128,66.6392,234.4409,0.2839,0.0467,1.3793,66.9884,234.5699,0.286,0.0209
2015-11-06T01:00:59.628Z,4.3879,72.2371,233.1003,0.3101,0.0608,3.1079,63.8892,234.5364,0.2727,0.0518,0.6557,64.892,234.6225,0.277,0.0118
2015-11-06T01:01:59.926Z,4.2484,75.2101,232.4027,0.3231,0.0579,3.3549,65.6874,234.9085,0.2793,0.0524,0.7031,66.4097,234.2368,0.2835,0.0122
2015-11-06T01:02:59.218Z,5.3024,74.095,232.5979,0.3189,0.0729,3.7708,66.1959,234.5104,0.2824,0.0574,1.1014,66.6479,234.2141,0.285,0.0169
2015-11-06T01:03:59.568Z,4.3932,74.8535,234.0191,0.3198,0.0589,4.0366,65.8834,234.0974,0.282,0.0599,0.8423,67.1213,234.9815,0.2854,0.0126
2015-11-06T01:04:59.913Z,4.7968,76.1816,233.9652,0.3257,0.0639,3.7026,66.5332,234.3535,0.2836,0.0563,0.3965,66.3502,235.1286,0.2822,0.0054
2015-11-06T01:05:59.210Z,4.7976,74.293,232.8101,0.3193,0.0651,3.5811,67.1316,233.1004,0.288,0.0506,1.5798,65.067,233.8139,0.2782,0.0242
2015-11-06T01:06:59.460Z,4.6476,72.3078,230.8213,0.3129,0.0661,2.9762,65.2723,231.3722,0.2817,0.0473,1.2039,65.0691,232.0058,0.2804,0.0201
2015-11-06T01:07:59.725Z,4.0336,73.7723,230.97,0.3197,0.0551,2.6567,65.3844,231.1634,0.2829,0.0405,0.8973,65.9138,232.0515,0.2837,0.0133
2015-11-06T01:08:59.185Z,3.5668,72.9666,230.6012,0.316,0.0489,3.139,64.5414,230.7364,0.2797,0.048,0.7888,65.2421,231.8233,0.2814,0.0124
2015-11-06T01:09:59.421Z,4.4805,73.8095,230.4692,0.3199,0.0626,2.9143,65.5687,230.9013,0.2842,0.0454,1.4229,65.9731,232.0338,0.2845,0.0212
2015-11-06T01:10:59.762Z,4.6493,73.2888,231.2641,0.3166,0.065,2.9389,64.3112,230.6467,0.279,0.0502,0.7032,64.5364,232.5182,0.2778,0.0118
2015-11-06T01:11:59.030Z,5.087,74.723,231.6018,0.3226,0.071,3.1047,65.4166,230.818,0.2836,0.0483,0.5346,65.6275,232.9188,0.282,0.0082
2015-11-06T01:12:59.465Z,4.7188,74.9037,231.6522,0.3227,0.0636,2.6468,66.4998,231.2287,0.2873,0.0408,1.4559,65.3659,233.0942,0.2799,0.0218
2015-11-06T01:13:59.695Z,4.1204,73.5526,231.8811,0.3169,0.057,3.2222,65.3477,231.0027,0.2834,0.0502,0.7965,64.7064,233.0931,0.2775,0.0121
2015-11-06T01:15:59.393Z,4.2105,73.5414,231.6694,0.3172,0.0571,2.9541,65.3182,231.1428,0.2825,0.0453,1.2566,65.3703,233.1902,0.2804,0.0195
2015-11-06T01:16:59.740Z,4.0752,74.6908,231.5798,0.3222,0.0556,3.4615,64.5758,230.7057,0.2798,0.0536,1.5471,64.4152,232.778,0.2769,0.0251
2015-11-06T01:17:59.078Z,5.1767,74.6306,231.4877,0.3223,0.0706,2.8008,65.3969,230.4252,0.2838,0.045,1.1737,66.852,232.4527,0.2881,0.0174
2015-11-06T01:18:59.380Z,4.7579,73.7405,231.3054,0.3186,0.0647,2.9477,65.7212,230.5555,0.2853,0.046,0.8174,66.147,232.2869,0.2846,0.0137
2015-11-06T01:19:59.687Z,4.5611,73.1976,231.2003,0.3162,0.0636,3.0063,64.5401,230.511,0.28,0.0471,1.09,65.3034,232.2995,0.2811,0.0152
2015-11-06T01:20:59.087Z,4.2299,74.8971,231.5517,0.3233,0.0561,3.5786,65.166,230.4063,0.2824,0.0561,1.5544,66.5363,232.1482,0.2869,0.0221
2015-11-06T01:21:59.344Z,4.867,74.5732,231.5512,0.3219,0.0663,2.7832,63.9436,229.8682,0.278,0.0426,0.8253,64.1836,231.9064,0.2767,0.0126
2015-11-06T01:22:59.556Z,4.6782,74.2689,231.6744,0.3208,0.0637,2.5484,65.4324,230.6918,0.2832,0.039,1.1976,66.6397,232.2004,0.2867,0.0181
2015-11-06T01:23:59.948Z,4.8341,73.6012,231.3413,0.3176,0.067,2.9836,65.8961,231.0696,0.2852,0.0467,1.3477,66.347,231.652,0.2866,0.0199
2015-11-06T01:24:59.291Z,4.3341,73.64,231.5866,0.3177,0.0593,3.1581,65.3816,231.5329,0.2826,0.0486,1.3419,65.6974,232.0797,0.2839,0.0202
2015-11-06T01:25:59.507Z,4.8068,73.5098,231.946,0.3164,0.0676,2.9296,63.6848,232.1052,0.2743,0.0502,1.5103,64.736,231.6247,0.2798,0.0236
2015-11-06T01:26:59.741Z,4.4249,74.8251,232.0162,0.3229,0.0604,3.0947,66.2246,232.3211,0.2849,0.0475,0.8977,64.4237,230.8023,0.2793,0.0155
2015-11-06T01:27:59.033Z,3.6833,73.2923,231.9049,0.3157,0.0493,3.1046,64.471,231.769,0.2782,0.0473,0.9756,64.648,231.2316,0.28,0.0162
2015-11-06T01:28:59.307Z,4.7249,74.3277,232.1855,0.3199,0.0652,3.3281,66.4757,231.9695,0.2864,0.0505,1.6573,64.728,231.2863,0.2799,0.0252
2015-11-06T01:29:59.516Z,4.8452,73.5688,231.534,0.3179,0.0665,3.1663,65.6153,231.9889,0.2829,0.0483,1.5257,65.661,231.5789,0.2832,0.025
2015-11-06T01:30:59.812Z,4.9932,72.5436,231.5643,0.3131,0.0697,2.9898,64.9536,231.9585,0.2803,0.0487,1.3914,64.4737,231.8715,0.278,0.0213
2015-11-06T01:31:59.139Z,4.1218,74.0729,231.5396,0.32,0.0563,3.268,64.8054,231.9232,0.2791,0.0513,0.8538,66.3284,231.6932,0.2861,0.0119
2015-11-06T01:32:59.378Z,4.9097,75.0656,231.7034,0.3236,0.0659,2.8303,65.2618,231.8073,0.2816,0.0427,1.0834,64.2003,231.1518,0.2779,0.0168
2015-11-06T01:33:59.710Z,4.4938,73.5632,232.0767,0.3168,0.0636,3.181,65.7578,231.5841,0.2844,0.0504,1.0343,64.7989,230.8638,0.2812,0.0155
2015-11-06T01:34:59.073Z,4.7861,72.7883,232.0227,0.3136,0.0666,3.301,64.1656,232.3477,0.2764,0.0517,1.4606,64.9824,231.0093,0.2813,0.0236
2015-11-06T01:35:59.226Z,4.4349,72.7009,232.621,0.3124,0.0622,3.4279,64.1436,232.1888,0.2762,0.0562,0.8857,64.1413,231.2595,0.2769,0.0142
2015-11-06T01:36:59.484Z,4.3525,74.5173,232.6479,0.3199,0.0595,3.0374,65.6973,232.2572,0.2826,0.0457,1.3925,65.9576,231.9349,0.2848,0.0215
2015-11-06T01:37:59.799Z,4.5312,75.1334,232.0657,0.324,0.0619,3.069,66.5238,232.0818,0.2868,0.0471,1.0693,66.5957,231.1188,0.2877,0.0141
2015-11-06T01:38:59.048Z,4.5967,73.5916,232.0154,0.317,0.0637,3.4397,65.4004,232.2291,0.281,0.0533,1.2281,65.6132,231.1896,0.284,0.0196
2015-11-06T01:39:59.411Z,4.3027,73.6315,231.9954,0.3176,0.059,3.1826,65.9093,231.9554,0.2841,0.0496,0.82,64.753,231.1754,0.2799,0.0136
2015-11-06T01:40:59.724Z,4.1577,72.4979,231.5845,0.3132,0.0573,3.2078,65.7684,231.2954,0.2842,0.0484,0.8936,65.2304,230.6707,0.2827,0.0136
2015-11-06T01:41:59.009Z,4.6728,73.9694,231.497,0.3196,0.0635,3.0656,65.1608,230.891,0.2821,0.0455,1.0346,64.2331,230.5464,0.279,0.0146
2015-11-06T01:42:59.224Z,4.4945,73.9658,231.4222,0.3193,0.061,3.3197,65.2328,231.2403,0.2823,0.049,1.2007,64.873,230.4574,0.2816,0.0185
2015-11-06T01:43:59.600Z,4.258,74.2986,231.5659,0.321,0.0587,3.432,66.0335,231.2086,0.2853,0.0515,1.066,64.9216,230.5998,0.2813,0.0156
2015-11-06T01:44:59.798Z,3.8669,72.689,231.3697,0.3142,0.0526,2.7847,63.8347,231.2656,0.2763,0.0452,0.6079,64.5736,230.8315,0.2804,0.01
2015-11-06T01:45:59.122Z,4.9806,73.6518,230.8293,0.3192,0.07,3.0016,65.4789,231.4019,0.2827,0.0474,1.183,64.5383,230.8753,0.2797,0.017
2015-11-06T01:46:59.332Z,4.5366,74.5055,231.5605,0.3219,0.062,2.8638,65.2187,231.7823,0.2811,0.0445,0.6898,65.7323,231.4876,0.2846,0.0108
2015-11-06T01:47:59.674Z,4.3361,74.0238,230.6041,0.3208,0.0603,3.3245,65.0252,232.0098,0.2801,0.051,1.2505,66.7472,231.3568,0.2884,0.0193
2015-11-06T01:48:59.972Z,4.3359,72.108,230.2414,0.3127,0.0612,2.7221,64.9559,231.8729,0.2805,0.0429,1.5732,65.4595,230.934,0.2829,0.024
2015-11-06T01:49:59.183Z,4.4642,73.8478,230.31,0.3204,0.061,3.107,65.5634,232.3624,0.2828,0.0482,1.446,64.1818,231.8976,0.2767,0.0218
2015-11-06T01:50:59.435Z,4.2873,73.6147,231.2436,0.3182,0.0591,3.3343,65.9105,231.9098,0.2843,0.0511,0.7609,66.0085,232.07,0.284,0.0124
2015-11-06T01:51:59.659Z,4.8787,73.6516,231.2167,0.3185,0.0671,2.9196,65.2671,231.9907,0.2811,0.0461,0.9332,67.1138,232.1679,0.2886,0.015
2015-11-06T01:52:59.990Z,4.5853,73.9897,231.0504,0.3202,0.0629,3.4921,65.3068,232.3818,0.2809,0.0541,1.0305,65.9508,231.8564,0.2848,0.0144
2015-11-06T01:53:59.218Z,4.4283,73.2499,231.4911,0.3166,0.0623,3.3067,65.4739,231.2593,0.2831,0.0513,1.0124,66.3288,231.6208,0.2869,0.0171
2015-11-06T01:54:59.508Z,4.7673,73.0989,232.0936,0.3152,0.067,3.22,64.6885,231.7164,0.2796,0.051,1.0315,63.7041,231.8477,0.2747,0.0186
2015-11-06T01:55:59.825Z,4.0354,74.2272,232.4916,0.3192,0.0541,3.3155,64.2118,231.6479,0.2774,0.0518,0.8475,63.762,231.8335,0.2749,0.0127
2015-11-06T01:56:59.218Z,3.653,74.7796,231.899,0.3223,0.0489,2.5828,65.7482,230.9277,0.2843,0.0396,0.766,65.2152,231.1178,0.2823,0.0112
2015-11-06T01:57:59.529Z,4.622,73.4258,231.8027,0.3167,0.064,2.7991,65.6975,231.2249,0.2841,0.0419,0.7564,65.8904,231.1767,0.2851,0.014
2015-11-06T01:58:59.719Z,4.45,74.7191,231.2924,0.3226,0.0609,2.9157,65.1662,230.6463,0.2825,0.0463,1.0653,64.972,231.5196,0.2808,0.017
2015-11-06T01:59:59.944Z,4.7746,72.7673,230.9685,0.3148,0.0664,2.7538,64.0016,230.4525,0.2777,0.0446,0.7208,64.7644,231.8202,0.28,0.0108
2015-11-06T02:00:59.415Z,3.8029,71.1405,231.5776,0.307,0.0538,3.0654,65.076,230.6818,0.2823,0.049,0.5391,64.5545,231.9238,0.2787,0.0087
2015-11-06T02:01:59.798Z,4.4796,73.1196,231.5287,0.3155,0.0612,2.5993,64.6403,230.8325,0.2801,0.0401,1.4877,65.4076,231.4192,0.283,0.0258
2015-11-06T02:02:59.071Z,4.6251,74.2089,231.4009,0.3206,0.0636,3.4041,65.222,230.8782,0.2827,0.0529,0.6764,65.7822,231.3651,0.2851,0.0114
2015-11-06T02:03:59.272Z,5.3054,73.378,231.6949,0.3165,0.0727,3.0476,64.6527,230.7795,0.2802,0.0475,1.4037,64.8127,231.5737,0.2799,0.0208
2015-11-06T02:04:59.496Z,4.5582,73.2188,231.2163,0.316,0.062,3.277,66.1812,230.5252,0.2867,0.0503,0.7176,64.1491,230.8835,0.2779,0.0119
2015-11-06T02:05:59.815Z,3.4359,73.5088,230.9724,0.318,0.0489,2.6895,64.6626,230.2625,0.2807,0.0439,1.256,64.2562,230.8745,0.2784,0.0201
2015-11-06T02:06:59.086Z,3.907,73.8034,231.2778,0.3192,0.0526,3.0453,65.4501,230.3944,0.2847,0.0449,1.6365,66.171,231.2717,0.2862,0.026
2015-11-06T02:07:59.419Z,4.759,75.4257,231.4671,0.3254,0.0632,3.4777,65.8479,230.4038,0.2859,0.0545,1.1755,65.5845,231.9912,0.2827,0.0198
2015-11-06T02:08:59.708Z,5.214,74.1415,232.189,0.3186,0.0709,3.3367,65.2081,230.8815,0.2822,0.051,1.4505,65.6262,231.811,0.2833,0.0236
2015-11-06T02:09:59.987Z,4.2638,73.499,232.3119,0.3166,0.0589,3.0669,62.9878,228.2105,0.2763,0.0505,1.0074,63.7291,231.0338,0.276,0.0137
2015-11-06T02:10:59.195Z,4.3138,75.0122,232.988,0.3219,0.0569,2.8332,64.9627,229.3291,0.2834,0.0439,1.2398,65.5829,230.3541,0.2847,0.0187
2015-11-06T02:11:59.486Z,3.2285,74.5509,233.664,0.3191,0.0444,2.5569,64.9087,232.0488,0.2788,0.0396,1.0189,65.5141,228.0273,0.2874,0.0165
2015-11-06T02:12:59.859Z,4.6182,74.6497,233.7357,0.3189,0.0626,2.9487,67.5298,232.0942,0.291,0.0422,1.1935,63.4684,227.9626,0.2778,0.0173
2015-11-06T02:13:59.068Z,5.3169,74.5309,233.9519,0.3185,0.0733,3.0054,66.394,232.9174,0.2847,0.0445,1.0156,64.4785,228.2082,0.2827,0.0165
2015-11-06T02:14:59.382Z,4.5885,75.6115,233.8205,0.3232,0.0625,2.7245,66.6901,233.1524,0.2861,0.039,1.256,64.5422,228.4135,0.2824,0.0182
2015-11-06T02:15:59.694Z,3.8142,75.5738,233.4145,0.3242,0.0503,2.7314,65.7054,232.7116,0.2821,0.0425,1.0548,65.8386,228.2524,0.289,0.0173
2015-11-06T02:16:59.044Z,4.4508,73.3438,233.3283,0.3146,0.0622,3.111,66.6398,232.9,0.2862,0.0484,0.8511,64.6622,228.4292,0.2832,0.0142
2015-11-06T02:17:59.192Z,5.0538,74.653,233.0444,0.3208,0.0685,3.2146,65.453,232.9711,0.2812,0.0475,0.6779,65.2934,228.0127,0.2864,0.0095
2015-11-06T02:18:59.426Z,4.4446,74.4359,232.7382,0.3198,0.0599,2.6714,66.6623,232.3313,0.2867,0.0427,1.1536,65.6162,227.8827,0.2878,0.0172
2015-11-06T02:19:59.793Z,4.2867,73.5167,232.8722,0.3153,0.0586,2.7901,65.4355,232.5516,0.2813,0.0437,0.8147,64.0335,227.7097,0.2816,0.0134
2015-11-06T02:20:59.047Z,3.8304,73.3936,232.8183,0.3151,0.0536,2.9219,65.5276,232.2841,0.2822,0.0448,1.3792,64.7837,228.0276,0.284,0.0211
2015-11-06T02:21:59.405Z,4.4108,74.9685,232.9143,0.3219,0.0597,2.8479,64.5081,232.4949,0.2774,0.0438,0.983,65.2951,228.2486,0.2858,0.014
2015-11-06T02:22:59.604Z,4.5134,74.37,232.7127,0.3195,0.0609,2.9933,66.0781,232.3724,0.2843,0.0454,1.5502,63.2013,227.6903,0.2775,0.0233
2015-11-06T02:23:59.799Z,4.7236,73.5616,232.8216,0.3159,0.0662,2.9595,64.5334,231.9874,0.2778,0.046,1.4502,62.5322,228.2671,0.2737,0.0262
2015-11-06T02:24:59.063Z,4.221,73.6688,232.5897,0.3166,0.0587,3.1154,67.0402,231.9606,0.2885,0.049,1.0961,64.1979,228.3802,0.2807,0.0167
2015-11-06T02:25:59.216Z,4.6785,75.5663,232.9773,0.3242,0.0636,3.0578,65.3951,232.3877,0.281,0.0472,1.2912,65.5315,228.642,0.2868,0.0207
2015-11-06T02:26:59.525Z,4.9407,74.2143,232.1084,0.3196,0.0662,3.4211,65.8225,231.7681,0.2841,0.052,0.9155,66.4412,231.3198,0.2873,0.0144
2015-11-06T02:27:59.871Z,4.3102,74.0138,231.3302,0.3198,0.0596,2.8837,65.2857,231.703,0.2823,0.0452,1.0197,66.3589,232.5643,0.2854,0.0159
2015-11-06T02:28:59.965Z,3.9993,72.6465,231.106,0.3143,0.0553,2.9427,66.4287,231.3386,0.2869,0.0455,1.5212,65.4643,232.1699,0.2816,0.0241
2015-11-06T02:29:59.312Z,4.2537,73.0779,231.2018,0.316,0.0581,3.7141,65.0419,230.4978,0.2821,0.0568,1.4192,66.678,232.2086,0.2872,0.0218
2015-11-06T02:30:59.559Z,4.5523,73.3771,231.1531,0.3174,0.0613,2.9432,65.0684,230.1189,0.2821,0.0454,0.6536,65.8371,232.5652,0.2831,0.0109
2015-11-06T02:32:59.326Z,4.5579,73.563,231.1595,0.3184,0.0626,3.285,64.3843,229.85,0.2803,0.0513,0.8658,65.1566,231.9953,0.2808,0.0142
2015-11-06T02:33:59.765Z,4.4978,73.2319,230.7689,0.3167,0.0625,3.0864,63.6909,229.5513,0.2778,0.0502,1.3045,65.1789,231.1113,0.2815,0.0186
2015-11-06T02:34:59.100Z,4.9516,73.8344,231.2522,0.3193,0.0676,3.1778,65.149,229.3893,0.284,0.0479,0.7184,64.8023,230.5686,0.281,0.0104
2015-11-06T02:35:59.403Z,4.8123,73.1417,231.4742,0.3161,0.0664,2.8705,64.9261,229.7133,0.2823,0.045,0.9547,66.7617,231.4635,0.2888,0.014
2015-11-06T02:36:59.679Z,4.7253,74.6234,232.0681,0.3218,0.0645,3.4904,65.9111,230.1833,0.2863,0.053,1.322,63.6212,231.8879,0.2741,0.0192
2015-11-06T02:37:59.938Z,4.9254,73.9026,232.3063,0.3185,0.0678,2.822,65.5022,230.0191,0.2843,0.0443,0.9297,65.5886,232.0929,0.2823,0.0147
2015-11-06T02:38:59.173Z,4.7884,72.8792,232.2313,0.3134,0.0672,2.8791,64.601,229.249,0.2819,0.0434,1.3567,65.1622,232.0611,0.2806,0.0202
2015-11-06T02:39:59.405Z,4.3898,73.5198,232.1407,0.3166,0.0596,3.394,64.3386,228.6884,0.2811,0.0531,1.4498,65.19,231.8684,0.2815,0.0214
2015-11-06T02:40:59.807Z,3.8753,73.9797,231.9153,0.3195,0.054,3.4151,65.5745,229.3508,0.2859,0.0541,1.2011,65.3068,231.7848,0.2818,0.0189
2015-11-06T02:41:59.063Z,4.8923,74.5839,232.2329,0.3212,0.0671,3.5006,64.5743,229.6736,0.2809,0.0549,1.3538,65.5893,231.3214,0.2832,0.0202
2015-11-06T02:42:59.267Z,4.8751,73.5359,231.8473,0.3171,0.0674,3.3588,65.0487,231.0376,0.2815,0.0509,1.0842,64.2393,231.9753,0.2769,0.016
2015-11-06T02:43:59.838Z,4.3386,74.4817,231.277,0.3218,0.0592,3.2685,65.0996,231.1576,0.2812,0.049,0.9524,65.1851,232.2587,0.281,0.0139
2015-11-06T02:44:59.186Z,4.2273,72.0416,230.6662,0.3122,0.06,3.1363,63.1794,230.0018,0.2747,0.0512,1.2446,64.2258,231.9754,0.2767,0.0207
2015-11-06T02:45:59.439Z,4.6156,73.1847,229.7615,0.3187,0.0643,3.082,63.9814,229.4859,0.2784,0.0484,1.008,65.9938,232.5511,0.2834,0.0159
2015-11-06T02:46:59.812Z,4.4233,74.357,230.2487,0.322,0.0612,3.4942,64.3743,229.6435,0.28,0.0546,0.3812,65.7552,232.6269,0.2826,0.0049
2015-11-06T02:47:59.265Z,4.1509,73.8387,229.8792,0.3218,0.0569,3.1528,66.4026,229.136,0.2901,0.0484,0.2826,65.169,232.4973,0.2801,0.005
2015-11-06T02:48:59.593Z,3.6046,72.6078,229.7229,0.3165,0.0493,3.0549,64.205,228.8557,0.2803,0.0484,1.1542,65.0282,232.3066,0.2802,0.0179
2015-11-06T02:49:59.688Z,4.1757,72.5868,229.9666,0.3155,0.0585,3.3116,65.1225,229.3853,0.2841,0.0521,0.8518,65.8491,232.2341,0.2836,0.0126
2015-11-06T02:50:59.978Z,4.6838,72.778,229.8281,0.3164,0.0643,3.0043,64.0325,229.4016,0.2792,0.0474,1.1356,64.6936,232.1115,0.2786,0.0177
2015-11-06T02:51:59.238Z,4.6327,72.9504,230.8103,0.3158,0.0661,2.8776,62.4713,229.4686,0.2726,0.0474,0.9263,65.768,231.3813,0.2838,0.0129
2015-11-06T02:52:59.517Z,4.6,73.6185,231.0375,0.3186,0.0631,2.7882,65.5208,230.0597,0.2849,0.0418,1.0686,65.534,231.2229,0.2832,0.0163
2015-11-06T02:53:59.730Z,4.1798,73.9686,232.1015,0.3189,0.0565,3.0282,63.2533,230.539,0.2746,0.0479,1.1233,65.087,231.0874,0.2818,0.0189
2015-11-06T02:54:59.977Z,4.4725,74.4705,231.7457,0.3215,0.0614,2.9544,65.3744,230.126,0.284,0.0444,1.6625,64.8402,230.6335,0.2814,0.0274
2015-11-06T02:55:59.130Z,3.9106,74.1022,231.3246,0.3204,0.0537,3.3625,65.9253,229.9376,0.287,0.0515,1.0206,64.7485,230.88,0.2808,0.016
2015-11-06T02:56:59.490Z,4.2918,74.4035,230.9937,0.3226,0.057,3.4535,65.6741,229.3197,0.2865,0.0521,1.0714,65.1868,231.2293,0.282,0.0146
2015-11-06T02:57:59.764Z,3.4925,73.0977,230.9066,0.3164,0.049,2.9736,63.6871,229.5397,0.2771,0.0479,1.2718,64.5171,231.7678,0.2788,0.0201
2015-11-06T02:58:59.964Z,3.9034,71.9525,230.7209,0.3123,0.0544,2.746,62.7291,229.3075,0.2737,0.0476,1.5138,63.5876,231.5608,0.2741,0.0234
2015-11-06T02:59:59.434Z,4.9115,74.0958,230.8445,0.3212,0.0688,3.667,64.6476,229.3056,0.282,0.0549,0.7233,65.0218,231.6125,0.2805,0.0105
2015-11-06T03:00:59.831Z,4.2293,70.8951,231.1297,0.3074,0.0603,2.9814,64.606,230.0648,0.2801,0.0456,1.5378,64.409,230.5034,0.2796,0.0247
2015-11-06T03:01:59.109Z,4.5887,74.3582,230.9422,0.3218,0.0652,2.7771,64.378,230.1616,0.2797,0.0434,1.3847,63.2439,230.2712,0.2748,0.0192
2015-11-06T03:02:59.482Z,4.1088,73.5381,231.6562,0.3175,0.0565,3.6798,65.4281,230.6923,0.2833,0.0557,0.6643,66.0856,232.2724,0.2847,0.01
2015-11-06T03:03:59.836Z,3.896,73.1533,233.3113,0.3136,0.0534,3.4091,64.2603,231.7739,0.2776,0.0533,0.6902,64.8289,232.3836,0.2787,0.0097
2015-11-06T03:04:59.077Z,4.7028,73.0882,232.9213,0.3135,0.0639,2.8891,65.4609,228.0306,0.2875,0.0426,1.2924,65.226,232.6424,0.2804,0.0202
2015-11-06T03:05:59.354Z,4.9583,75.0487,232.3228,0.323,0.0676,3.3892,64.3999,230.3752,0.2799,0.0542,1.2717,65.4645,232.4515,0.2814,0.0188
2015-11-06T03:06:59.669Z,4.2485,74.3663,231.5421,0.3211,0.0607,2.8507,65.3931,231.7347,0.2815,0.0419,1.1558,65.3203,231.1223,0.2829,0.0186
2015-11-06T03:07:59.931Z,4.4075,73.1923,231.7886,0.3162,0.0612,3.4495,64.5908,232.1831,0.278,0.0556,1.1331,64.9374,231.4178,0.2805,0.0176
2015-11-06T03:08:59.239Z,3.7182,74.2343,231.6781,0.32,0.0502,3.5232,65.1732,231.5342,0.2818,0.0541,1.0547,66.2173,231.4408,0.286,0.0156
2015-11-06T03:09:59.531Z,4.006,74.6875,232.119,0.3212,0.0533,3.2333,65.734,231.4703,0.2838,0.05,0.5441,64.8297,231.7476,0.2798,0.0079
2015-11-06T03:10:59.818Z,5.2879,73.2633,232.372,0.3154,0.0729,2.7771,65.5926,231.6157,0.2834,0.0411,1.5603,65.9697,231.1977,0.2851,0.0227
2015-11-06T03:11:59.266Z,4.4173,74.056,233.0749,0.3173,0.0616,2.9819,66.1414,232.0387,0.2851,0.0463,0.8297,64.817,231.1406,0.2809,0.0122
2015-11-06T03:12:59.574Z,4.2267,72.8033,233.0926,0.3119,0.0596,3.0589,63.8318,232.9013,0.2744,0.0502,0.7055,64.7467,232.5324,0.2784,0.0124
2015-11-06T03:13:59.998Z,4.4704,73.6249,232.2274,0.3173,0.0629,3.3179,64.9979,233.2165,0.2786,0.0515,1.0254,66.4028,233.7246,0.2839,0.0146
2015-11-06T03:14:59.273Z,4.4543,75.0838,231.902,0.3238,0.0616,3.2192,65.6821,232.3544,0.2827,0.0474,1.3716,65.0876,233.3969,0.2793,0.0184
2015-11-06T03:15:59.807Z,4.6205,74.5957,232.3355,0.3208,0.0624,3.5366,65.8251,231.3774,0.2846,0.053,1.3276,64.9502,233.0202,0.2788,0.0193
2015-11-06T03:16:59.090Z,4.4112,73.5652,232.2779,0.3167,0.06,3.5764,65.2979,231.8041,0.2818,0.0547,1.2727,65.9674,232.4441,0.2841,0.0184
2015-11-06T03:17:59.606Z,3.9142,73.081,231.96,0.3147,0.0543,2.7551,64.8132,231.7627,0.2796,0.0445,1.2696,64.08,231.9957,0.2764,0.0212
2015-11-06T03:18:59.357Z,4.4136,72.1177,231.511,0.3118,0.0628,3.0187,65.771,231.013,0.2847,0.0471,1.5593,64.6941,230.5206,0.2809,0.0238
2015-11-06T03:19:59.507Z,4.97,74.0365,231.5465,0.3199,0.0722,3.019,65.4426,231.0996,0.2832,0.0468,1.1031,64.6723,230.1579,0.2805,0.0166
2015-11-06T03:20:59.746Z,4.8668,73.7347,231.2487,0.3184,0.0676,3.1366,65.766,231.2754,0.2843,0.0488,1.1763,63.2425,231.2318,0.2735,0.0192
2015-11-06T03:21:59.009Z,4.211,73.8593,232.3056,0.3181,0.0583,3.138,64.1076,231.6488,0.277,0.0477,1.0787,65.2897,232.829,0.2803,0.0158
2015-11-06T03:22:59.293Z,3.5064,74.4026,232.2716,0.3202,0.0478,3.4025,65.5634,231.8846,0.283,0.0523,1.3198,65.5838,232.4962,0.2818,0.0202
2015-11-06T03:23:59.818Z,4.3293,73.0857,232.0813,0.3151,0.0596,3.3309,64.5175,232.3699,0.2776,0.0509,1.2915,67.0466,232.4366,0.2884,0.0197
2015-11-06T03:24:59.160Z,4.5299,74.6882,232.5565,0.3209,0.0612,3.4834,65.5381,232.4473,0.2821,0.0537,0.4029,65.6467,232.9013,0.2817,0.006
2015-11-06T03:25:59.292Z,4.7264,74.3984,232.0396,0.3204,0.0663,3.0721,65.3047,232.0825,0.2814,0.0477,1.0471,65.473,232.4783,0.2817,0.017
2015-11-06T03:26:59.502Z,4.7364,73.0609,232.3357,0.3143,0.0636,2.6614,64.919,231.298,0.2805,0.043,1.4975,64.1831,232.0297,0.277,0.0245
2015-11-06T03:27:59.870Z,4.4653,73.6834,232.5358,0.3167,0.0629,3.113,64.022,230.5885,0.2778,0.0501,1.6477,65.4244,231.8776,0.2823,0.0252
2015-11-06T03:28:59.208Z,4.752,73.4801,232.214,0.3161,0.0653,3.6048,65.588,230.5408,0.2844,0.0554,1.4063,64.8112,231.9976,0.2791,0.0213
2015-11-06T03:29:59.518Z,5.0961,74.6243,232.675,0.3208,0.0699,3.0386,65.2895,230.1151,0.2833,0.0478,1.5583,65.9857,232.284,0.2838,0.0232
2015-11-06T03:30:59.723Z,4.7533,74.6991,232.3322,0.3213,0.0643,2.9905,65.0485,231.5315,0.2812,0.0448,0.9878,66.2333,232.7313,0.2846,0.0154
2015-11-06T03:31:59.149Z,4.5966,73.0746,232.2733,0.3148,0.0633,3.5827,65.968,232.081,0.2839,0.0541,1.4798,66.042,232.953,0.2833,0.0221
2015-11-06T03:32:59.427Z,4.4254,74.9295,232.2727,0.3226,0.0611,3.2723,65.794,231.8513,0.2838,0.0504,1.1892,66.12,233.1086,0.2833,0.0177
2015-11-06T03:33:59.673Z,5.0701,75.172,232.2819,0.3234,0.0679,3.0467,65.6963,232.2433,0.2826,0.0478,0.9924,65.56,233.307,0.2813,0.0146
2015-11-06T03:34:59.059Z,4.1063,73.8702,232.666,0.3179,0.0552,3.0722,64.7211,231.52,0.2799,0.0492,1.3518,66.1821,233.188,0.2838,0.0208
2015-11-06T03:35:59.299Z,4.3924,75.8226,232.4089,0.3266,0.0586,2.8612,64.9887,230.9028,0.2813,0.044,0.6824,65.4091,232.3572,0.2816,0.01
2015-11-06T03:36:59.528Z,4.5653,74.2455,232.5286,0.3192,0.0611,3.5549,65.2104,230.909,0.2824,0.0541,1.271,65.9866,231.6643,0.2846,0.0185
2015-11-06T03:37:59.757Z,4.2381,74.333,233.1165,0.3187,0.0579,3.2445,65.2665,229.6533,0.2841,0.053,1.1693,64.401,231.0304,0.2782,0.019
2015-11-06T03:38:59.078Z,3.7849,74.7062,232.7273,0.3216,0.0504,3.4642,64.4102,229.8881,0.2803,0.0527,1.1818,64.1364,231.4654,0.2767,0.0198
2015-11-06T03:39:59.217Z,4.5501,74.4418,232.8715,0.3193,0.0619,3.438,65.53,229.9502,0.2846,0.0524,1.0038,62.5402,231.6434,0.2696,0.0146
2015-11-06T03:40:59.475Z,4.4964,74.0684,232.7956,0.3175,0.0627,3.1675,64.528,230.5799,0.2798,0.0499,0.7073,65.2329,232.547,0.2805,0.0105
2015-11-06T03:41:59.760Z,5.0212,72.9804,232.7909,0.3134,0.0704,3.6461,65.4946,230.6712,0.2836,0.0585,1.0377,64.1975,232.9809,0.2755,0.0152
2015-11-06T03:42:59.036Z,415.818,698.642,232.0513,3.0191,0.319,410.2742,664.9494,229.6529,2.909,0.3238,754.0067,1041.6131,230.9856,4.5324,0.6815
2015-11-06T03:43:59.299Z,1011.0037,1468.8133,230.9941,6.3589,0.6886,1020.8868,1480.6013,228.4034,6.4822,0.6893,1556.365,2103.6518,229.4533,9.1682,0.7394
2015-11-06T03:44:59.569Z,1019.5927,1484.727,231.1871,6.422,0.6866,1027.6551,1481.6269,228.218,6.4919,0.6934,1573.9407,2113.2661,229.7651,9.197,0.7449
2015-11-06T03:45:59.913Z,1024.7668,1473.9953,230.2927,6.4004,0.6954,1038.3757,1476.7264,227.1531,6.5009,0.7027,1580.1396,2105.2924,229.023,9.1921,0.7504
2015-11-06T03:46:59.227Z,1038.1077,1462.2142,229.9002,6.36,0.7103,1074.1316,1515.958,228.1228,6.6451,0.7081,1565.8343,2098.6695,228.0327,9.2034,0.746
2015-11-06T03:47:59.582Z,1053.9378,1465.4089,229.4922,6.385,0.719,1094.1208,1533.5543,228.2352,6.7194,0.7136,1572.6803,2100.5143,227.649,9.2264,0.7493
2015-11-06T03:48:59.901Z,1058.7842,1468.7988,228.9256,6.4161,0.7209,1105.2316,1533.6607,228.003,6.7259,0.7204,1587.3512,2110.2564,227.552,9.273,0.7519
2015-11-06T03:49:59.110Z,1062.0824,1479.8074,229.4333,6.4496,0.7179,1102.6046,1537.6512,228.2107,6.7379,0.7171,1591.6763,2118.367,228.2873,9.2792,0.7509
2015-11-06T03:50:59.421Z,1051.325,1495.2947,230.1538,6.4974,0.7031,1094.8654,1527.7776,228.3851,6.6897,0.7167,1613.1056,2149.3772,229.9184,9.3481,0.7506
2015-11-06T03:51:59.898Z,1030.9203,1506.4943,230.5698,6.5334,0.684,1075.6857,1477.2794,225.9499,6.5381,0.7287,1664.5914,2187.1433,230.949,9.47,0.7607
2015-11-06T03:52:59.112Z,1044.9923,1524.2294,230.7582,6.6053,0.6857,1080.6,1481.5616,225.8938,6.5584,0.7295,1677.9292,2194.494,231.0722,9.4966,0.7645
2015-11-06T03:53:59.475Z,1041.7364,1478.9743,229.774,6.4369,0.7043,1120.6204,1546.7996,229.0758,6.7519,0.7246,1614.0856,2162.6663,230.0571,9.4008,0.7469
2015-11-06T03:54:59.782Z,995.7738,1440.0087,230.1509,6.2567,0.6912,1062.225,1506.609,229.15,6.5748,0.7048,1549.9909,2102.5878,230.0393,9.1399,0.7369
2015-11-06T03:55:59.102Z,1001.3272,1451.0718,230.0238,6.3083,0.69,1049.4445,1481.1056,228.2518,6.4882,0.7088,1567.5412,2100.1376,229.5992,9.147,0.7472
2015-11-06T03:56:59.345Z,1018.8133,1466.2522,230.2267,6.3687,0.6947,1065.7496,1503.1921,229.1133,6.5607,0.7089,1577.0379,2110.4074,229.4737,9.1963,0.7477
2015-11-06T03:57:59.632Z,1031.0781,1467.0646,230.2332,6.372,0.7026,1067.789,1515.3099,229.3747,6.6062,0.7042,1558.7269,2089.3963,229.0638,9.1216,0.7464
2015-11-06T03:58:59.981Z,1026.9341,1463.2027,230.3922,6.3511,0.7016,1081.8173,1530.3589,230.1722,6.6489,0.7064,1560.4924,2102.1376,229.3663,9.1647,0.7423
2015-11-06T03:59:59.336Z,1025.302,1470.2551,230.7793,6.3705,0.6976,1087.7423,1533.5755,230.6714,6.6487,0.7091,1577.2501,2127.3137,229.9443,9.2518,0.7407
