2015-12-22T00:00:59.967Z,4.6225,109.9589,232.1799,0.4729,0.0413,4.4521,97.0031,231.243,0.4193,0.0493,3.6119,95.3708,234.4484,0.407,0.0398
2015-12-22T00:01:59.314Z,4.1211,111.554,231.4908,0.4817,0.0373,3.7678,100.4672,231.9991,0.433,0.038,2.8499,100.0398,234.3533,0.4263,0.0283
2015-12-22T00:02:59.513Z,4.6424,113.6671,231.5197,0.4905,0.0398,3.9586,98.7201,232.3852,0.4249,0.0397,3.4191,100.1922,234.4749,0.4274,0.0357
2015-12-22T00:03:59.640Z,5.4775,114.5853,231.8998,0.4937,0.0492,3.476,100.361,232.159,0.4323,0.0371,3.0712,97.0216,234.5852,0.4136,0.0329
2015-12-22T00:04:59.292Z,4.538,115.038,231.8818,0.496,0.0407,4.4914,98.23,232.3552,0.4236,0.0462,4.464,101.7218,234.5302,0.4342,0.0421
2015-12-22T00:05:59.653Z,5.0288,112.787,232.2675,0.4853,0.0418,4.0799,100.2008,231.6592,0.4325,0.0408,3.1858,96.4489,233.8443,0.4127,0.0341
2015-12-22T00:06:59.993Z,4.3041,114.0046,232.2773,0.4903,0.0389,4.5619,99.3314,230.7986,0.4303,0.0446,3.2451,100.5967,233.7329,0.4307,0.0325
2015-12-22T00:07:59.493Z,4.1118,113.0052,231.9111,0.4873,0.038,3.389,98.0223,230.4649,0.4253,0.0361,3.2393,99.0997,233.8856,0.424,0.0347
2015-12-22T00:08:59.076Z,3.268,111.8202,231.6819,0.4828,0.0293,4.2353,96.5618,229.4383,0.4206,0.0436,2.5853,100.3848,234.1299,0.428,0.0259
2015-12-22T00:09:59.910Z,4.4084,112.7333,231.4052,0.487,0.0389,3.4172,96.3511,228.9898,0.421,0.0359,4.3389,99.9649,234.3032,0.4266,0.0422
2015-12-22T00:10:59.220Z,5.4678,111.5951,231.914,0.4809,0.0481,3.5935,95.6106,229.7201,0.4158,0.0382,3.9484,94.5063,233.4343,0.4049,0.0476
2015-12-22T00:11:59.532Z,4.4154,113.773,232.1322,0.4896,0.0396,3.0438,95.2284,230.0278,0.414,0.0352,3.3652,99.4648,233.0859,0.4268,0.0349
2015-12-22T00:12:59.842Z,5.693,113.3035,232.2347,0.4876,0.0507,2.4568,95.504,230.3195,0.414,0.027,3.5362,98.3586,233.3545,0.4213,0.0359
2015-12-22T00:13:59.048Z,4.634,112.4184,232.2153,0.4833,0.0404,3.6119,99.041,230.5561,0.4292,0.0369,2.932,98.2199,233.4357,0.4209,0.0304
2015-12-22T00:14:59.622Z,4.067,113.6045,232.0382,0.4893,0.0357,3.4729,101.3077,230.5663,0.4395,0.0341,4.4178,99.0574,233.2134,0.4248,0.0429
2015-12-22T00:15:59.050Z,2.8279,114.1641,232.1769,0.4918,0.0241,3.7354,95.6155,230.4399,0.4144,0.0388,3.4462,98.9381,233.2926,0.4237,0.0351
2015-12-22T00:16:59.805Z,5.977,112.9798,232.2738,0.4865,0.0536,3.8647,99.1965,231.4803,0.4287,0.0384,3.3355,98.0063,233.4317,0.4191,0.035
2015-12-22T00:17:59.329Z,3.9583,113.825,232.3918,0.4897,0.035,3.2449,96.5072,231.903,0.4168,0.0338,3.6394,97.4912,233.3678,0.4172,0.0374
2015-12-22T00:18:59.627Z,3.0589,114.037,232.6536,0.4898,0.0281,4.7492,99.287,231.9916,0.4277,0.0495,2.567,99.3568,233.2071,0.4258,0.0255
2015-12-22T00:19:59.970Z,4.6475,114.7821,232.6286,0.4927,0.0412,3.7028,97.1672,231.5286,0.4203,0.0384,3.3488,99.237,233.2005,0.4258,0.0326
2015-12-22T00:20:59.503Z,3.2686,114.9674,232.5001,0.4944,0.0284,3.3434,98.9986,231.4202,0.4283,0.0356,4.4894,96.2943,232.7533,0.4141,0.0461
2015-12-22T00:21:59.075Z,3.0446,115.6439,233.0143,0.4962,0.0249,3.87,99.1026,230.4973,0.4297,0.0388,2.8773,99.627,233.631,0.4271,0.0302
2015-12-22T00:22:59.621Z,4.4366,114.848,232.7799,0.4933,0.0387,2.3925,97.7036,230.3253,0.4241,0.0267,2.9583,100.6408,233.2789,0.4309,0.0297
2015-12-22T00:23:59.775Z,4.3074,114.2199,232.8324,0.4901,0.0376,3.5977,98.3084,230.5973,0.4263,0.0389,3.5303,97.941,233.1105,0.4201,0.0364
2015-12-22T00:24:59.053Z,4.032,113.7411,232.448,0.4892,0.0347,3.6567,94.0851,230.3406,0.4084,0.0394,3.2542,99.404,233.385,0.4262,0.0337
2015-12-22T00:25:59.347Z,3.4963,113.4927,232.1098,0.4888,0.0325,3.5867,95.8866,230.4491,0.4159,0.0402,3.0258,97.4043,233.2453,0.4178,0.0327
2015-12-22T00:26:59.255Z,3.4395,113.7967,232.3821,0.4893,0.0295,3.3182,96.4362,230.5595,0.4184,0.0349,3.2562,100.106,233.6624,0.4288,0.0326
2015-12-22T00:27:59.455Z,4.4203,116.2481,232.3978,0.4999,0.0373,3.3497,99.2298,231.0121,0.429,0.0343,3.1877,98.1387,233.6812,0.4197,0.0335
2015-12-22T00:28:59.739Z,4.1767,115.4999,232.6266,0.4964,0.036,3.9462,98.8502,231.0898,0.4285,0.0377,3.8957,98.3084,233.7743,0.42,0.0398
2015-12-22T00:29:59.019Z,4.0738,115.1362,232.5462,0.4947,0.0338,3.5001,97.3226,230.5042,0.4218,0.0356,2.4417,99.3038,233.9518,0.4244,0.026
2015-12-22T00:30:59.951Z,3.5037,114.0261,232.2337,0.4907,0.0307,3.3132,97.6009,230.4452,0.4237,0.0342,3.8321,97.785,234.0728,0.4175,0.0372
2015-12-22T00:31:59.223Z,3.6598,114.852,231.9663,0.4942,0.0336,3.8411,94.8613,229.7491,0.4128,0.0397,2.4091,98.4863,234.7019,0.4193,0.0261
2015-12-22T00:32:59.628Z,3.899,115.2735,231.8141,0.4971,0.0348,3.0134,96.7009,230.5974,0.4197,0.0308,2.3044,100.7475,233.9396,0.431,0.0242
2015-12-22T00:33:59.020Z,4.8768,114.5201,231.7031,0.4938,0.0416,2.9357,97.742,231.5906,0.422,0.033,3.1428,99.2471,233.5596,0.4254,0.0334
2015-12-22T00:34:59.300Z,4.1383,117.3751,232.0212,0.5054,0.0361,4.8374,98.9782,231.5993,0.4273,0.0476,3.2383,100.0238,233.8152,0.4273,0.0334
2015-12-22T00:35:59.815Z,3.6162,115.0547,231.4476,0.4973,0.0314,3.8632,98.3888,231.6763,0.4247,0.0391,2.8699,96.8987,233.9048,0.4144,0.0286
2015-12-22T00:36:59.614Z,4.5577,114.4835,231.3401,0.4946,0.0418,2.8866,98.0951,230.7709,0.4249,0.0292,3.3947,98.7013,233.7449,0.4224,0.0338
2015-12-22T00:37:59.698Z,5.8227,113.742,231.297,0.4912,0.0495,2.7842,96.3443,230,0.4186,0.0292,2.6663,99.8018,234.1435,0.4264,0.0268
2015-12-22T00:38:59.834Z,3.3652,112.3545,230.7151,0.4874,0.0292,4.2162,97.6153,230.2687,0.4246,0.0451,2.7858,94.6046,234.1001,0.4042,0.03
2015-12-22T00:39:59.174Z,3.8224,112.6206,230.7909,0.4877,0.0354,3.4587,97.2936,230.0283,0.4231,0.0341,4.5033,99.4423,234.3349,0.4248,0.0459
2015-12-22T00:40:59.216Z,3.3403,113.4498,230.6682,0.4912,0.0286,4.0141,98.3835,230.5254,0.4268,0.0387,2.8264,99.071,234.1564,0.4231,0.0284
2015-12-22T00:41:59.456Z,3.5585,114.997,231.1082,0.4976,0.0305,3.0109,99.4076,230.8545,0.4305,0.0292,3.1787,97.6462,234.5014,0.4163,0.0322
2015-12-22T00:42:59.782Z,2.8924,96.1243,231.4348,0.4149,0.0312,4.3298,69.0323,230.574,0.2996,0.0835,2.1345,72.2229,235.0405,0.307,0.0426
2015-12-22T00:43:59.011Z,6.0402,83.3411,231.4438,0.3604,0.0749,2.6687,53.2931,230.601,0.2311,0.0882,2.8852,58.7802,235.6509,0.2494,0.0712
2015-12-22T00:44:59.292Z,5.6691,82.9546,231.7347,0.3577,0.0701,2.7564,49.8611,229.2729,0.217,0.0945,2.5134,57.4904,235.8863,0.2437,0.06
2015-12-22T00:45:59.704Z,4.9353,84.3146,232.1677,0.3631,0.0618,2.734,58.268,227.2915,0.2564,0.0636,2.7825,54.8733,236.5049,0.232,0.0798
2015-12-22T00:46:59.970Z,5.5221,80.8687,232.0257,0.3486,0.0721,3.1961,49.1991,229.6313,0.2135,0.0937,3.5192,50.9452,235.8134,0.2163,0.0846
2015-12-22T00:47:59.357Z,4.566,79.8184,232.0022,0.3437,0.058,3.3257,49.1079,230.335,0.2136,0.0953,3.4739,53.748,235.6396,0.2279,0.08
2015-12-22T00:48:59.646Z,5.5475,81.1708,231.7855,0.3503,0.0702,2.007,58.4485,231.0263,0.2533,0.0581,3.0068,57.3071,235.1377,0.2437,0.076
2015-12-22T00:49:59.004Z,6.2716,82.1092,231.5896,0.355,0.079,2.9618,52.6373,231.4867,0.2273,0.0896,2.8509,60.183,234.7318,0.2562,0.0723
2015-12-22T00:50:59.332Z,5.1424,81.9516,231.3697,0.3543,0.0659,2.7067,59.51,230.6904,0.2585,0.0748,3.2213,56.6342,234.6235,0.2404,0.0749
2015-12-22T00:51:59.705Z,3.0255,81.7425,230.7242,0.3542,0.0426,3.8521,57.9595,231.4275,0.2503,0.091,3.4403,66.204,234.1202,0.2828,0.069
2015-12-22T00:52:59.236Z,5.0967,85.7361,230.7589,0.3712,0.06,3.1426,62.7681,231.4554,0.2713,0.0797,2.7931,59.9984,234.0123,0.2561,0.0647
2015-12-22T00:53:59.522Z,5.6224,90.8647,231.1815,0.393,0.0645,2.9588,64.0266,231.2026,0.2772,0.0629,2.9398,61.8122,234.6655,0.2637,0.0683
2015-12-22T00:54:59.725Z,5.6976,99.7943,231.656,0.4303,0.0595,3.4732,78.7059,230.7018,0.3413,0.0557,2.8999,82.9307,234.2263,0.3541,0.0458
2015-12-22T00:55:59.231Z,4.0502,111.4437,232.0008,0.4801,0.0369,3.121,94.8363,230.9761,0.4109,0.0354,2.6676,94.4211,233.8068,0.4039,0.0283
2015-12-22T00:56:59.788Z,4.3661,115.0995,231.7175,0.4971,0.0382,3.5371,99.5112,230.3608,0.4325,0.0379,2.9528,99.8901,234.4603,0.426,0.0302
2015-12-22T00:57:59.532Z,5.08,113.7259,232.6759,0.4883,0.0454,3.7423,96.8822,230.2804,0.4211,0.0384,3.29,100.7893,232.3559,0.4337,0.0323
2015-12-22T00:58:59.992Z,4.0407,114.1142,231.6873,0.4925,0.0374,3.0133,98.9151,229.5509,0.4311,0.031,4.4739,99.558,233.8133,0.4255,0.0439
2015-12-22T00:59:59.268Z,3.5324,112.1384,231.4128,0.4847,0.0321,4.0026,95.0274,229.5623,0.4143,0.044,3.0903,99.1628,234.0993,0.4237,0.0324
