2015-12-15T00:00:59.139Z,1250.8543,1671.8945,231.3452,7.2267,0.7478,1312.5017,1757.2555,231.8659,7.5783,0.7464,1780.5378,2321.3923,231.2483,10.0385,0.7672
2015-12-15T00:01:59.666Z,1255.3654,1667.6267,230.6348,7.2302,0.7531,1331.7698,1772.392,231.927,7.6418,0.7517,1789.3917,2330.739,231.0633,10.0865,0.7687
2015-12-15T00:02:59.961Z,288.9351,474.2055,232.0989,2.0511,0.1978,299.4814,476.1929,233.4124,2.048,0.1968,513.6781,691.3621,233.1671,2.9847,0.5577
2015-12-15T00:03:59.732Z,3.8958,121.8997,232.4267,0.5244,0.0321,4.6848,107.8442,233.626,0.4618,0.043,4.032,106.8886,233.8477,0.4573,0.038
2015-12-15T00:04:59.992Z,4.5193,122.5665,232.22,0.5274,0.0371,4.2207,105.507,232.8553,0.4532,0.0403,3.9963,107.5785,233.7714,0.4603,0.036
2015-12-15T00:05:59.303Z,3.5122,122.6378,231.8707,0.5281,0.0291,4.4977,106.851,232.6667,0.4592,0.0411,4.1199,105.1329,233.2093,0.4507,0.0379
2015-12-15T00:06:59.750Z,3.7979,120.2146,231.8814,0.5185,0.0316,3.1189,106.3618,232.6212,0.4567,0.0303,3.3153,106.2663,233.1205,0.456,0.031
2015-12-15T00:07:59.981Z,4.9402,121.0013,232.7232,0.5198,0.0403,3.8938,107.156,233.3575,0.4591,0.0377,4.5945,104.6707,233.4168,0.4486,0.0422
2015-12-15T00:08:59.613Z,3.5299,120.3223,232.589,0.517,0.0294,4.404,107.0974,233.4449,0.4584,0.0413,3.039,107.1648,233.6156,0.4586,0.0302
2015-12-15T00:09:59.209Z,4.1551,121.325,232.9227,0.52,0.034,3.6669,104.0849,233.3454,0.4459,0.0349,3.357,106.1619,233.6597,0.4541,0.0319
2015-12-15T00:10:59.460Z,3.8685,122.1816,232.7707,0.5243,0.0325,4.159,108.7071,233.3933,0.466,0.0396,3.5212,104.9534,233.6137,0.4492,0.0345
2015-12-15T00:11:59.783Z,4.3736,119.6792,233.0346,0.5131,0.0378,4.493,103.7451,233.8725,0.4438,0.046,2.7416,105.1056,233.6913,0.4498,0.0243
2015-12-15T00:12:59.228Z,4.3413,120.2623,233.3144,0.5151,0.0354,3.838,107.8507,234.3743,0.4597,0.037,4.0687,107.1301,234.2257,0.4578,0.0367
2015-12-15T00:13:59.596Z,3.9588,120.1556,232.4893,0.5167,0.0333,4.2199,107.8647,233.9824,0.4614,0.0393,3.376,109.0366,234.4234,0.4648,0.0316
2015-12-15T00:14:59.342Z,3.3145,122.2247,233.2321,0.5237,0.0277,4.8584,106.6285,233.2887,0.4573,0.046,4.0526,105.247,234.1722,0.4493,0.0389
2015-12-15T00:15:59.601Z,4.4559,121.1821,233.3562,0.5193,0.0371,3.4068,108.1336,233.5491,0.463,0.0321,3.063,106.5287,233.3757,0.4563,0.0289
2015-12-15T00:16:59.165Z,5.4634,121.8433,233.8081,0.5208,0.0441,3.7791,105.9156,232.586,0.4553,0.0384,2.9636,100.4382,231.2512,0.4344,0.0309
2015-12-15T00:17:59.750Z,4.2051,120.5416,232.7267,0.5176,0.0339,3.6484,106.1298,231.7421,0.4582,0.0343,2.8179,107.1317,234.1352,0.4575,0.027
2015-12-15T00:18:59.932Z,3.9811,121.4293,232.4174,0.5223,0.0329,4.3601,104.814,232.5844,0.4503,0.0412,3.9748,108.3244,234.1981,0.4626,0.0371
2015-12-15T00:19:59.212Z,3.3706,122.3523,232.2501,0.5264,0.0286,3.5422,108.2742,232.9254,0.4642,0.0337,3.1082,108.8702,233.6376,0.4663,0.0283
2015-12-15T00:20:59.834Z,3.117,121.4909,232.3907,0.5224,0.026,4.2041,107.8221,233.1036,0.4622,0.0388,3.7949,105.3455,234.2063,0.4493,0.0364
2015-12-15T00:21:59.031Z,5.0303,119.8584,231.5602,0.5173,0.0428,3.5279,107.7939,232.9601,0.4628,0.0329,2.7921,106.6733,234.0059,0.4559,0.0268
2015-12-15T00:22:59.939Z,3.7828,121.2243,231.8259,0.5222,0.0322,5.274,106.1924,233.3127,0.4551,0.0485,4.2759,108.543,234.3318,0.4627,0.0401
2015-12-15T00:23:59.313Z,4.3333,120.042,231.7712,0.5181,0.0359,3.4057,108.1289,233.0336,0.4641,0.0303,3.8363,107.0463,233.9934,0.4576,0.0368
2015-12-15T00:24:59.893Z,4.4991,119.3111,231.5745,0.515,0.0367,3.4818,106.3539,233.1912,0.4558,0.0325,3.8086,107.588,233.9483,0.4598,0.0349
2015-12-15T00:25:59.414Z,4.2774,119.5003,231.8947,0.5156,0.0358,4.2844,105.9386,232.5673,0.4556,0.0393,3.1628,108.9264,234.0637,0.4652,0.0279
2015-12-15T00:26:59.862Z,5.612,121.6656,231.8287,0.5252,0.0452,3.8296,108.5231,233.1608,0.4658,0.0344,4.2466,104.7798,233.7916,0.448,0.0399
2015-12-15T00:27:59.014Z,4.1109,119.3283,231.8717,0.515,0.0347,3.8008,108.1868,233.4497,0.4634,0.0337,3.1043,107.5924,233.8101,0.46,0.0296
2015-12-15T00:28:59.833Z,4.1597,120.1375,232.2793,0.517,0.0333,4.6514,107.9388,233.6441,0.4614,0.0424,4.0839,106.9401,234.5714,0.4562,0.0378
2015-12-15T00:29:59.080Z,4.7608,119.4077,232.0189,0.514,0.0409,4.0069,106.166,233.559,0.4546,0.0381,3.5348,104.6044,234.6707,0.4453,0.033
2015-12-15T00:30:59.627Z,4.7238,122.348,231.921,0.5275,0.0393,3.9225,109.5936,233.3984,0.4695,0.0364,3.1677,105.3057,234.1762,0.4492,0.0311
2015-12-15T00:31:59.197Z,4.7083,122.209,232.0873,0.5262,0.038,3.9359,106.4753,232.7352,0.4578,0.0371,4.0258,107.4527,234.3894,0.4583,0.0384
2015-12-15T00:32:59.583Z,3.6265,120.6307,232.2574,0.5195,0.0313,4.6721,108.5326,232.4254,0.4672,0.0427,3.3973,105.8642,234.2804,0.4518,0.031
2015-12-15T00:33:59.290Z,3.6858,120.3314,232.7677,0.517,0.0317,3.4469,105.6189,229.7677,0.4596,0.0311,3.8648,108.7356,235.2674,0.4622,0.0342
2015-12-15T00:34:59.662Z,4.35,121.181,232.4919,0.5212,0.0349,3.1287,104.5314,230.5737,0.4529,0.0285,2.9084,106.3032,235.0345,0.4518,0.0271
2015-12-15T00:35:59.403Z,4.8404,118.8845,232.5309,0.5113,0.0395,3.6443,103.1362,233.1796,0.4429,0.0373,3.8548,106.5004,234.4389,0.4546,0.0368
2015-12-15T00:36:59.723Z,4.1499,121.3862,232.507,0.5216,0.0344,3.6716,104.7845,232.9788,0.4502,0.0386,3.009,104.867,234.3349,0.4475,0.0312
2015-12-15T00:37:59.910Z,5.2974,122.3298,232.4607,0.5258,0.0426,3.6444,106.4881,233.2686,0.457,0.0331,3.5697,105.5255,234.7554,0.4497,0.0348
2015-12-15T00:38:59.192Z,3.7683,120.6592,232.7874,0.5183,0.0328,4.5436,109.4906,233.4441,0.469,0.0413,3.072,106.6648,234.7594,0.4544,0.0293
2015-12-15T00:39:59.906Z,4.2385,121.6735,231.9973,0.524,0.036,3.3852,109.5976,233.2093,0.4701,0.0322,3.1958,106.0152,234.1192,0.453,0.0289
2015-12-15T00:40:59.121Z,4.7393,121.4602,232.1684,0.5231,0.0407,4.8744,107.3299,232.3865,0.4619,0.0447,3.8965,106.899,234.484,0.4564,0.0354
2015-12-15T00:41:59.682Z,4.6875,120.4617,232.8752,0.5168,0.0398,4.3653,105.6134,232.8064,0.4533,0.0407,3.8493,107.3852,235.1105,0.4564,0.0368
2015-12-15T00:42:59.412Z,3.8418,120.8475,232.7281,0.5185,0.0322,4.0255,102.9192,232.3293,0.4433,0.0374,4.2768,107.1515,234.8025,0.4562,0.0403
2015-12-15T00:43:59.326Z,4.392,119.9598,232.6031,0.5153,0.0372,4.3387,102.6144,232.3206,0.442,0.0443,3.2478,106.9399,234.2958,0.4564,0.0298
2015-12-15T00:44:59.592Z,4.8011,120.7442,232.3027,0.5193,0.039,3.3951,109.9307,232.427,0.4726,0.0325,3.3834,105.1809,233.3817,0.4505,0.0324
2015-12-15T00:45:59.758Z,4.1898,121.4487,231.1755,0.5254,0.0342,3.957,107.1545,233.1962,0.4592,0.0362,3.7784,106.3498,233.3109,0.4559,0.0377
2015-12-15T00:46:59.670Z,4.2124,119.3718,230.9723,0.5167,0.0356,4.0182,106.0773,233.213,0.4548,0.0378,3.6802,104.5632,233.0319,0.4484,0.0363
2015-12-15T00:47:59.953Z,4.5046,122.0392,230.753,0.5288,0.0376,4.3489,107.6198,233.0207,0.4624,0.0392,3.6104,105.8414,232.9038,0.4541,0.0341
2015-12-15T00:48:59.179Z,4.168,119.8538,230.6254,0.5198,0.0346,3.2316,107.2551,233.1366,0.4601,0.031,4.2835,106.5892,232.843,0.458,0.0392
2015-12-15T00:49:59.681Z,4.9368,118.1412,230.5665,0.5122,0.0411,3.563,106.2126,233.2677,0.4552,0.0328,4.2692,106.4134,232.6598,0.4572,0.0399
2015-12-15T00:50:59.144Z,4.5892,118.7437,230.2431,0.5156,0.0389,3.3448,104.7777,233.2318,0.4493,0.0324,4.608,104.0334,232.0231,0.448,0.043
2015-12-15T00:51:59.417Z,4.8325,120.5667,230.2865,0.5237,0.0389,3.3575,104.1036,233.2979,0.4465,0.0318,2.5602,103.6019,231.5792,0.4475,0.026
2015-12-15T00:52:59.910Z,3.7422,119.546,229.7609,0.5201,0.0324,4.2541,107.0716,232.7772,0.4601,0.0397,3.3862,106.5582,231.3937,0.4602,0.0299
2015-12-15T00:53:59.357Z,3.5811,118.6501,230.4713,0.5142,0.0322,3.9919,107.0554,232.9757,0.4593,0.0363,3.3533,103.3778,231.9458,0.4461,0.0318
2015-12-15T00:54:59.688Z,4.7644,119.4608,230.1922,0.5187,0.0409,3.0536,105.9945,233.764,0.453,0.0279,3.066,106.1269,232.1077,0.4574,0.0286
2015-12-15T00:55:59.117Z,3.5646,121.3837,230.5368,0.5259,0.0293,4.3338,106.6759,233.4506,0.4573,0.0404,3.5957,104.1938,232.4069,0.4486,0.0357
2015-12-15T00:56:59.438Z,4.1522,120.5692,230.6378,0.5232,0.0353,4.5362,108.1112,233.9526,0.4616,0.0403,3.0998,105.3576,232.7264,0.4526,0.0288
2015-12-15T00:57:59.237Z,3.9591,119.2937,230.667,0.517,0.0338,5.3182,108.7838,233.7835,0.4653,0.0471,3.704,105.4111,233.0637,0.4523,0.0356
2015-12-15T00:58:59.444Z,5.3316,122.2115,230.7993,0.5296,0.0437,3.5935,107.8868,233.8734,0.4611,0.0345,4.0666,108.2399,233.4754,0.4632,0.0365
2015-12-15T00:59:59.649Z,3.9955,119.5327,230.9034,0.5174,0.0351,3.8638,106.5685,233.7141,0.4563,0.0369,3.8375,104.2673,233.9493,0.4455,0.0364
2015-12-15T01:00:59.950Z,4.2476,117.1971,232.891,0.5029,0.037,3.4326,102.3587,232.7566,0.4397,0.0355,3.3355,105.247,232.653,0.452,0.032
2015-12-15T01:01:59.317Z,4.3152,123.3792,232.8586,0.5294,0.036,3.2378,105.2969,232.8797,0.4522,0.032,3.363,105.1211,232.1061,0.4531,0.0319
2015-12-15T01:02:59.515Z,4.139,121.0526,232.6579,0.5204,0.0354,4.4178,105.8566,232.9254,0.4542,0.0407,3.0471,107.2569,231.9087,0.4623,0.029
2015-12-15T01:03:59.779Z,3.9489,121.8462,233.0181,0.5223,0.0331,4.5641,105.6748,233.0785,0.4542,0.0416,3.7952,106.4037,232.5555,0.4576,0.0357
2015-12-15T01:04:59.322Z,3.3027,120.5172,233.0578,0.5168,0.0271,4.23,105.7809,230.5827,0.4587,0.0408,4.0226,106.5511,232.8728,0.4581,0.0374
2015-12-15T01:05:59.692Z,4.2777,118.011,233.0468,0.5065,0.0363,3.9999,102.2249,231.9137,0.4405,0.0353,3.2863,101.9226,232.375,0.4386,0.0338
2015-12-15T01:06:59.706Z,4.7046,121.2671,232.8959,0.5212,0.0388,4.2891,105.477,233.3337,0.452,0.0401,3.4014,104.9387,231.9844,0.4523,0.0328
2015-12-15T01:07:59.428Z,4.8623,122.3959,232.9877,0.5249,0.0387,3.7849,106.2074,233.33,0.4552,0.0344,4.3367,105.9444,231.6585,0.4576,0.0411
2015-12-15T01:08:59.732Z,4.0821,119.8298,233.2582,0.5134,0.0344,3.8443,103.9704,232.6536,0.4469,0.0373,3.5512,106.6695,231.7811,0.4599,0.0337
2015-12-15T01:09:59.242Z,4.6739,120.0683,232.5236,0.5159,0.0383,3.8482,109.1413,232.3471,0.4692,0.0351,4.0451,104.9254,231.3843,0.4532,0.0378
2015-12-15T01:10:59.266Z,4.6456,116.8452,232.6832,0.5022,0.041,4.3593,105.7332,232.4575,0.4541,0.0442,3.4289,101.5374,231.6978,0.4389,0.0366
2015-12-15T01:11:59.637Z,5.2873,121.12,233.2022,0.519,0.0432,3.7529,105.5273,233.0395,0.4532,0.0349,3.9626,106.1069,231.8832,0.4577,0.0371
2015-12-15T01:12:59.918Z,4.4932,121.9554,232.6758,0.5243,0.0372,3.5333,107.6915,232.7742,0.4627,0.0318,3.8737,105.5489,231.776,0.4549,0.0378
2015-12-15T01:13:59.329Z,4.6641,121.4628,233.251,0.52,0.037,4.0284,105.2137,232.7729,0.4523,0.0391,3.8602,104.6989,232.2942,0.4499,0.0361
2015-12-15T01:14:59.926Z,4.613,121.266,233.5179,0.5191,0.0389,4.3241,105.9303,233.4323,0.4535,0.0421,3.0144,103.8805,232.5958,0.4466,0.0312
2015-12-15T01:15:59.152Z,5.3454,120.8047,233.0867,0.518,0.0443,3.9191,107.548,233.4329,0.4614,0.0367,4.0036,105.1146,232.1527,0.4526,0.0382
2015-12-15T01:16:59.419Z,4.7947,120.8679,233.6154,0.5174,0.0405,3.8657,105.4187,233.242,0.4525,0.0353,3.3074,105.6851,231.6958,0.4555,0.0313
2015-12-15T01:17:59.041Z,4.1053,120.6966,232.7536,0.5187,0.0342,4.7867,105.6428,233.0152,0.4533,0.046,3.9129,107.2506,232.2863,0.4616,0.0371
2015-12-15T01:18:59.267Z,4.6325,119.6568,232.8019,0.5147,0.0389,3.7427,107.329,232.421,0.4618,0.0346,3.6076,104.3423,232.6758,0.4484,0.0337
2015-12-15T01:19:59.777Z,4.7275,118.901,232.3602,0.5107,0.0402,3.8421,101.4276,232.3068,0.4361,0.0408,3.2959,100.9179,233.4043,0.4323,0.034
2015-12-15T01:20:59.958Z,4.5404,121.6023,232.1819,0.5236,0.0368,3.6478,104.6198,232.5462,0.4499,0.0346,3.54,106.5941,234.137,0.4558,0.0334
2015-12-15T01:21:59.395Z,4.1912,121.1727,232.5676,0.5209,0.0342,3.8461,105.8788,232.8363,0.4544,0.0362,3.8003,105.0456,233.8331,0.4499,0.0363
2015-12-15T01:22:59.798Z,3.9023,121.1174,232.044,0.5221,0.0333,5.0824,106.182,232.8398,0.4559,0.0501,3.8735,105.7955,233.4331,0.4531,0.0353
2015-12-15T01:23:59.335Z,4.9017,121.1814,232.0846,0.5218,0.0401,3.2949,104.4037,232.8529,0.4481,0.031,3.5283,105.643,233.1637,0.4527,0.0331
2015-12-15T01:24:59.227Z,3.8953,119.536,232.4682,0.5136,0.0327,3.9242,103.6835,232.4985,0.4457,0.0412,3.9354,103.6496,233.3344,0.4435,0.0386
2015-12-15T01:25:59.490Z,4.913,119.7779,232.4038,0.5148,0.0415,3.2498,106.3764,233.11,0.4565,0.0313,3.8432,107.4437,233.8766,0.4592,0.036
2015-12-15T01:26:59.806Z,4.3304,113.2564,232.6074,0.4865,0.0374,3.9717,100.3442,232.9302,0.4304,0.0391,3.9447,96.1408,233.9043,0.4108,0.0388
2015-12-15T01:27:59.063Z,3.293,113.2888,232.7596,0.4864,0.0297,4.8709,96.4176,232.5434,0.4143,0.0497,2.8262,97.019,234.0709,0.4148,0.0299
2015-12-15T01:28:59.045Z,4.0923,115.3257,233.0024,0.4947,0.0368,3.7291,96.9756,232.4989,0.417,0.0401,4.0382,96.7756,234.7009,0.4123,0.0413
2015-12-15T01:29:59.472Z,5.2473,112.7203,232.9818,0.4827,0.0471,3.331,97.6947,232.5507,0.4201,0.0361,2.49,95.3754,234.169,0.4072,0.0254
2015-12-15T01:30:59.277Z,2.912,114.4797,232.8191,0.4911,0.0263,4.6058,94.7054,232.1771,0.4081,0.0517,3.7651,95.8757,234.3892,0.4088,0.0413
2015-12-15T01:31:59.539Z,2.165,113.3737,233.5167,0.4854,0.0198,4.6951,95.8138,232.8848,0.4112,0.0492,2.672,94.6609,235.0322,0.4027,0.0289
2015-12-15T01:32:59.818Z,3.6801,110.8764,233.3232,0.4746,0.0341,3.3281,96.52,232.1644,0.4156,0.0373,3.8823,99.8199,235.6269,0.4242,0.0389
2015-12-15T01:33:59.725Z,4.8595,111.3736,233.1835,0.4773,0.0433,3.4702,99.3855,232.0936,0.4279,0.0338,3.5192,97.1584,235.1453,0.4137,0.0376
2015-12-15T01:34:59.089Z,3.9539,112.1203,233.0326,0.4809,0.0357,3.809,98.1704,231.8571,0.4237,0.0391,3.5187,96.0614,235.138,0.4086,0.037
2015-12-15T01:35:59.328Z,3.5004,111.9009,232.4791,0.4813,0.0312,3.874,93.6182,231.414,0.4049,0.0408,31.5096,108.7377,234.1959,0.4646,0.2476
2015-12-15T01:36:59.581Z,3.6778,113.8095,232.8441,0.4889,0.0308,3.4771,98.1785,231.9126,0.4234,0.0348,85.1033,128.937,234.0758,0.551,0.6614
2015-12-15T01:37:59.837Z,5.7756,114.6911,233.0686,0.492,0.0496,3.65,95.9854,232.1849,0.4133,0.0397,84.0895,126.9962,234.1348,0.5422,0.6626
2015-12-15T01:38:59.139Z,5.2696,112.6409,232.6564,0.4834,0.0479,3.2938,94.95,232.0594,0.4092,0.0341,84.2434,129.1028,233.8357,0.552,0.6573
2015-12-15T01:39:59.547Z,4.3101,112.1363,233.0827,0.4808,0.0398,2.7339,95.2882,232.5858,0.41,0.0295,84.7062,128.7335,234.4699,0.5495,0.6605
2015-12-15T01:40:59.828Z,4.4681,111.0978,232.4334,0.4782,0.0402,2.4532,96.4886,232.108,0.4152,0.0274,84.8974,129.2719,234.3854,0.5516,0.6591
2015-12-15T01:41:59.551Z,4.0468,113.7381,231.8982,0.4906,0.0363,3.6582,95.6356,231.2603,0.4136,0.04,83.9446,126.7131,234.0942,0.5412,0.6648
2015-12-15T01:42:59.853Z,3.9117,112.9773,231.6771,0.4877,0.0359,4.291,98.9564,231.2051,0.4283,0.0434,83.5796,127.9278,233.8243,0.5471,0.6565
2015-12-15T01:43:59.710Z,4.4683,111.4572,232.1151,0.4802,0.0399,3.6073,97.3851,231.809,0.4201,0.0387,84.0762,127.959,233.7879,0.547,0.6597
2015-12-15T01:45:59.265Z,4.5223,113.2676,233.3131,0.4852,0.0394,3.7787,96.8378,231.6544,0.4181,0.0407,83.5365,125.8893,233.1912,0.5397,0.6664
2015-12-15T01:46:59.719Z,3.8428,112.9005,233.6545,0.483,0.0348,3.7038,98.8538,232.6733,0.424,0.0388,83.0283,126.6798,232.9343,0.5438,0.6575
2015-12-15T01:47:59.123Z,4.2018,114.5672,233.9463,0.4892,0.0364,4.639,97.5764,233.6773,0.4178,0.0473,83.5001,127.8053,233.203,0.5482,0.6552
2015-12-15T01:48:59.052Z,3.5368,111.9316,233.7934,0.4787,0.0315,4.2773,99.3947,233.5997,0.4254,0.0474,83.3893,128.4265,232.8431,0.552,0.6536
2015-12-15T01:49:59.288Z,4.7107,112.3555,233.4604,0.4812,0.0408,3.5611,95.8819,233.4609,0.4111,0.0377,83.2464,127.8873,232.9145,0.5489,0.6552
2015-12-15T01:50:59.580Z,4.4736,111.5008,233.2353,0.4782,0.0404,3.6747,97.3179,233.2655,0.417,0.0389,82.8607,127.3509,233.1052,0.5458,0.653
2015-12-15T01:51:59.021Z,5.1973,113.9628,233.439,0.4887,0.0447,3.8638,96.964,233.2463,0.4159,0.0384,83.499,126.6161,232.8637,0.5439,0.6617
2015-12-15T01:52:59.465Z,4.033,112.099,233.6114,0.4798,0.037,4.3082,96.6049,233.3966,0.4136,0.0451,83.3237,128.112,232.5447,0.5504,0.6537
2015-12-15T01:53:59.482Z,4.6792,112.9857,233.3888,0.484,0.0404,3.7059,97.9869,233.2148,0.4201,0.0367,82.9215,127.0435,232.8342,0.5458,0.6555
2015-12-15T01:54:59.866Z,3.848,113.2491,233.114,0.4849,0.034,3.6463,98.8875,233.3847,0.4232,0.0376,82.9399,126.783,232.8201,0.5438,0.6567
2015-12-15T01:55:59.067Z,3.2574,112.8032,232.6353,0.4848,0.0288,4.2901,99.9768,232.5614,0.4294,0.0423,82.5241,126.0859,232.5493,0.5426,0.6556
2015-12-15T01:56:59.439Z,5.5703,113.8524,232.7109,0.4887,0.0488,3.0558,97.4301,233.0002,0.4179,0.0315,83.644,127.65,232.3758,0.5492,0.6578
2015-12-15T01:57:59.712Z,3.3472,112.8446,233.3474,0.4835,0.0302,4.1888,98.0355,232.8623,0.4215,0.0422,83.0229,127.72,232.8317,0.5484,0.6523
2015-12-15T01:58:59.694Z,4.7183,110.412,233.2916,0.4727,0.0431,3.4398,95.6162,232.8618,0.4107,0.0352,82.3794,125.8563,232.566,0.5415,0.6585
2015-12-15T01:59:59.898Z,4.7169,111.8483,233.1863,0.4801,0.042,3.3695,96.5452,232.3357,0.4159,0.0385,83.1703,125.6122,232.4435,0.5404,0.6642
