2015-12-08T00:00:59.679Z,3.7491,108.2315,232.5538,0.4649,0.0328,4.2941,97.0885,233.9996,0.415,0.0462,84.8023,127.9295,235.1429,0.5437,0.6649
2015-12-08T00:01:59.005Z,4.5024,112.0502,233.5084,0.48,0.0394,4.3498,97.8423,233.4337,0.419,0.0447,84.9519,127.7794,234.7177,0.5448,0.6701
2015-12-08T00:02:59.306Z,4.7301,111.4353,231.4947,0.4812,0.0438,3.386,97.1036,231.5563,0.4193,0.0367,83.1099,127.5408,232.5399,0.5488,0.6542
2015-12-08T00:03:59.510Z,4.7134,111.7567,231.2532,0.4823,0.042,3.5254,99.6918,231.1155,0.4311,0.0355,82.784,127.0456,232.2768,0.5471,0.6537
2015-12-08T00:04:59.808Z,3.982,114.4979,231.1778,0.4952,0.0347,3.0234,94.6747,227.8911,0.4151,0.0329,83.6782,129.8011,232.8893,0.5571,0.6462
2015-12-08T00:05:59.373Z,3.4174,111.1623,230.8843,0.4814,0.0318,3.8748,95.0455,229.0529,0.4153,0.043,82.7087,125.2741,232.5122,0.5387,0.6634
2015-12-08T00:06:59.656Z,2.7932,112.482,229.6565,0.4897,0.0248,3.8097,97.6597,230.0038,0.4251,0.0382,82.4129,125.6507,231.5148,0.5432,0.6574
2015-12-08T00:07:59.011Z,5.6091,113.234,229.5667,0.4932,0.0498,3.5272,97.1038,230.4018,0.422,0.0346,81.6607,126.2068,231.8033,0.5443,0.648
2015-12-08T00:08:59.369Z,3.6598,111.8664,229.107,0.488,0.0337,3.2352,95.7812,230.0788,0.4159,0.0332,82.136,126.0892,232.1349,0.5433,0.6535
2015-12-08T00:09:59.661Z,3.3926,109.9798,228.3193,0.4816,0.0311,4.104,97.7065,229.7574,0.4252,0.0413,81.7322,126.8329,231.609,0.5473,0.6482
2015-12-08T00:10:59.899Z,3.0845,112.6345,228.6767,0.4926,0.0275,4.1425,94.2862,230.0449,0.4099,0.047,82.4631,127.6067,232.091,0.5499,0.6484
2015-12-08T00:11:59.210Z,4.9431,111.7444,227.958,0.4903,0.0458,3.9768,97.5352,230.5119,0.4231,0.0407,81.3174,125.9553,231.1946,0.5451,0.6497
2015-12-08T00:12:59.474Z,4.8276,110.4385,228.1487,0.4837,0.044,3.0745,99.2255,230.2374,0.4309,0.0321,81.6143,126.6463,231.104,0.5482,0.6462
2015-12-08T00:13:59.775Z,3.1105,112.5001,229.6879,0.4895,0.0268,3.8008,97.2572,229.2102,0.4239,0.0393,81.2686,127.3836,230.6559,0.552,0.6403
2015-12-08T00:14:59.048Z,4.351,111.4088,229.6466,0.4848,0.0397,3.4851,96.1913,228.2619,0.4218,0.0376,81.8482,127.6254,230.5519,0.5534,0.6443
2015-12-08T00:15:59.299Z,4.5146,110.4463,229.3164,0.4812,0.0421,3.7333,94.3741,228.7329,0.4124,0.0376,81.0527,126.2727,230.8086,0.5467,0.6474
2015-12-08T00:16:59.559Z,3.9034,109.5379,229.1149,0.4779,0.0349,4.3579,95.5922,228.5253,0.4187,0.0438,81.5781,125.7732,231.0042,0.5447,0.6502
2015-12-08T00:18:59.720Z,3.9115,112.9984,229.2481,0.4927,0.0354,3.6259,96.2895,228.7058,0.4208,0.0377,81.4552,126.999,230.2891,0.5518,0.6443
2015-12-08T00:19:59.374Z,2.8442,111.2525,229.1386,0.4851,0.0252,4.1623,96.297,228.7774,0.4208,0.0449,81.39,124.7216,230.2753,0.5412,0.6544
2015-12-08T00:20:59.532Z,3.3933,110.1125,229.8601,0.4787,0.0315,4.6547,96.0352,228.526,0.4197,0.0513,80.8848,125.464,230.4654,0.5451,0.6496
2015-12-08T00:21:59.864Z,4.7308,112.1956,229.8652,0.4882,0.0426,4.403,97.3843,229.0607,0.4248,0.0455,82.5741,126.1842,230.7214,0.547,0.6574
2015-12-08T00:22:59.170Z,5.0259,112.4588,229.4422,0.49,0.0451,3.7126,95.4259,229.0481,0.4166,0.0398,81.1036,126.5959,230.6091,0.5488,0.6433
2015-12-08T00:23:59.481Z,5.1836,111.4681,228.9886,0.4873,0.0471,3.233,95.9692,228.591,0.4203,0.0343,81.0912,127.4913,230.1865,0.5541,0.639
2015-12-08T00:24:59.759Z,3.9224,112.4474,229.0718,0.4904,0.0351,3.9341,99.9322,229.1508,0.436,0.0397,81.571,127.8962,229.9183,0.5561,0.6401
2015-12-08T00:25:59.328Z,3.7497,111.7763,230.329,0.4852,0.0337,3.5467,98.3073,230.0541,0.4277,0.0367,81.4998,125.4508,230.8069,0.5434,0.6533
2015-12-08T00:26:59.625Z,3.2813,112.5429,229.3953,0.4905,0.027,4.7423,98.2719,230.1981,0.4269,0.0481,81.6165,126.8849,230.9402,0.5492,0.6453
2015-12-08T00:27:59.923Z,4.9737,111.6246,230.0285,0.4842,0.0456,3.6587,97.091,229.7323,0.4224,0.0381,80.8129,126.0888,230.7501,0.5465,0.6429
2015-12-08T00:28:59.289Z,4.4922,111.1657,229.9296,0.4832,0.0412,4.0804,97.1696,229.8527,0.4228,0.0437,81.4582,127.8632,231.2532,0.5526,0.6397
2015-12-08T00:29:59.703Z,3.5961,112.7701,230.4596,0.489,0.032,3.5137,99.835,229.6545,0.4343,0.0339,81.4861,124.6517,231.1813,0.5392,0.6553
2015-12-08T00:30:59.537Z,3.8035,109.1354,230.1109,0.474,0.0353,3.1634,99.3995,229.6489,0.4325,0.0344,81.5877,125.2764,231.0135,0.5423,0.6557
2015-12-08T00:31:59.976Z,2.7665,111.569,230.3109,0.4837,0.0257,4.3907,98.0073,229.7755,0.426,0.0444,82.0779,125.3656,230.8436,0.5431,0.6574
2015-12-08T00:32:59.363Z,4.9348,112.6542,230.6163,0.4882,0.0437,3.6651,99.8437,229.204,0.4354,0.0358,81.7233,126.0556,230.924,0.5458,0.6511
2015-12-08T00:33:59.085Z,4.6482,113.7584,230.1883,0.4939,0.0421,3.3998,98.266,228.6624,0.4293,0.0358,81.9436,125.0178,230.7066,0.5419,0.6564
2015-12-08T00:34:59.023Z,3.2622,110.9427,230.316,0.4812,0.0295,4.132,94.9235,228.3214,0.4158,0.0435,82.202,128.3195,231.0976,0.5548,0.6435
2015-12-08T00:35:59.281Z,4.6126,111.5102,230.1031,0.4844,0.0418,3.5553,97.978,228.8524,0.4275,0.0357,82.0695,125.7065,230.9993,0.5444,0.6559
2015-12-08T00:36:59.042Z,3.1632,112.6022,229.7726,0.4897,0.0277,3.7542,95.6714,228.8138,0.4179,0.0411,82.0663,127.5092,230.8954,0.5519,0.649
2015-12-08T00:37:59.667Z,4.5377,114.2682,230.1224,0.496,0.0392,3.6311,96.8151,228.9795,0.4226,0.0389,81.3114,127.306,231.1502,0.5507,0.6411
2015-12-08T00:38:59.034Z,4.3208,110.9258,229.539,0.4833,0.039,3.7296,97.1151,228.7714,0.4247,0.0396,81.2914,127.8322,230.8198,0.554,0.6389
2015-12-08T00:39:59.266Z,3.0192,111.9618,229.807,0.4869,0.0278,4.4859,97.6399,228.1543,0.4276,0.0463,82.0338,126.9618,230.5263,0.5508,0.6479
2015-12-08T00:40:59.926Z,4.0599,109.5542,229.8102,0.4763,0.0365,3.4783,98.2188,228.2841,0.43,0.0349,81.7395,127.2739,230.5267,0.5522,0.6457
2015-12-08T00:41:59.334Z,3.8606,111.6254,229.8734,0.4847,0.0354,4.4437,96.3009,227.8391,0.4227,0.0476,80.8509,126.0971,230.2128,0.5476,0.645
2015-12-08T00:42:59.012Z,2.6944,110.46,229.8182,0.4806,0.0249,4.7984,99.9008,228.452,0.4374,0.0469,81.6933,126.3643,230.6452,0.5486,0.6493
2015-12-08T00:43:59.262Z,3.0831,112.3484,229.6799,0.489,0.0282,3.9844,96.8754,228.3434,0.4242,0.0419,81.3286,127.8085,230.7145,0.5537,0.6396
2015-12-08T00:44:59.673Z,4.9215,111.7128,229.9403,0.4852,0.0452,3.7383,94.7702,228.7439,0.4149,0.0392,81.6027,126.4011,230.6416,0.548,0.648
2015-12-08T00:45:59.837Z,3.348,110.1356,229.9474,0.4787,0.0303,3.2336,94.8689,228.6686,0.4147,0.0363,81.7593,126.6622,230.6856,0.5489,0.6499
2015-12-08T00:46:59.583Z,286.7678,504.6992,229.7431,2.2057,0.2394,291.7253,499.625,228.2068,2.1971,0.2332,639.5179,874.8616,229.5829,3.8266,0.7673
2015-12-08T00:47:59.725Z,970.2048,1409.035,228.0447,6.1783,0.6887,986.2467,1426.1887,226.6498,6.2919,0.6917,1525.3582,2061.6296,227.871,9.0467,0.74
2015-12-08T00:48:59.964Z,1041.515,1451.7943,228.0323,6.3662,0.7168,1067.6137,1505.6361,226.9277,6.6346,0.7089,1567.9889,2094.6547,227.1954,9.2197,0.7483
2015-12-08T00:49:59.172Z,1067.6623,1472.905,228.7483,6.4388,0.7249,1099.6739,1545.5747,227.8239,6.7843,0.7117,1577.0558,2109.7467,227.215,9.2848,0.7476
2015-12-08T00:50:59.778Z,1051.022,1461.0625,228.4375,6.3954,0.7198,1098.1649,1541.5654,228.0134,6.7607,0.7125,1574.1257,2115.7035,227.8419,9.2855,0.744
2015-12-08T00:51:59.195Z,1076.7075,1479.7811,228.8428,6.4658,0.7281,1106.379,1554.31,227.4258,6.8341,0.7118,1577.8193,2103.8042,227.1725,9.2603,0.7501
2015-12-08T00:52:59.389Z,1077.4899,1480.8792,228.7132,6.4747,0.7274,1115.7244,1561.6312,227.8491,6.853,0.7149,1585.166,2112.8198,227.401,9.2908,0.7504
2015-12-08T00:53:59.711Z,1092.5476,1495.8284,228.6336,6.5421,0.7301,1115.2223,1559.3498,227.5221,6.8531,0.7152,1590.7831,2106.4047,227.1309,9.2738,0.755
2015-12-08T00:54:59.944Z,1090.6196,1494.8296,228.8283,6.5322,0.7293,1125.1826,1568.237,227.6911,6.8872,0.7172,1594.7752,2120.1454,227.6234,9.3141,0.7516
2015-12-08T00:55:59.303Z,1085.0925,1500.9248,228.8917,6.5563,0.723,1121.8434,1564.2338,228.0681,6.8587,0.7171,1607.3678,2134.5924,228.006,9.3613,0.7521
2015-12-08T00:56:59.518Z,1101.9933,1507.8352,228.8348,6.5891,0.731,1128.0154,1575.488,228.1564,6.9052,0.7159,1603.08,2121.1507,227.5852,9.3198,0.7562
2015-12-08T00:57:59.909Z,1083.4921,1518.2724,229.5317,6.6146,0.7134,1083.8833,1520.7872,226.2158,6.7219,0.7126,1614.6527,2116.361,228.2467,9.2718,0.7632
2015-12-08T00:58:59.249Z,1005.3974,1471.367,230.2733,6.3892,0.6836,1001.5544,1437.2803,224.8041,6.3927,0.6967,1571.9847,2076.2158,229.3193,9.0533,0.757
2015-12-08T00:59:59.456Z,1010.6749,1477.6879,229.9808,6.4251,0.6842,1007.9617,1435.0142,224.6984,6.3861,0.7027,1587.0528,2086.7533,229.2589,9.1021,0.7609
