2015-11-17T00:00:59.099Z,4.0408,93.6941,233.2864,0.4014,0.0442,3.6003,85.0801,233.3007,0.3644,0.0452,2.7668,83.4891,231.84,0.3602,0.0319
2015-11-17T00:01:59.430Z,3.4282,97.6447,233.0904,0.4192,0.0359,3.1199,89.3998,233.0301,0.3834,0.0356,3.1671,85.1414,232.4945,0.3664,0.0379
2015-11-17T00:02:59.826Z,1.4968,96.5842,233.5191,0.4136,0.0161,3.5112,86.3761,233.3788,0.3695,0.0397,2.8662,86.9304,233.9633,0.3715,0.0333
2015-11-17T00:03:59.459Z,3.5737,99.9422,234.0447,0.4268,0.0362,3.5481,86.9869,233.3897,0.3721,0.0414,3.4144,86.4748,234.4938,0.3692,0.0401
2015-11-17T00:04:59.863Z,5.1013,98.6453,233.6069,0.4224,0.0524,2.7447,86.7111,233.4823,0.3714,0.0303,3.2307,86.3347,234.6165,0.3682,0.0363
2015-11-17T00:05:59.635Z,5.94,97.6369,233.1856,0.4185,0.0612,2.8024,86.3521,234.0513,0.3693,0.0321,3.7678,87.0404,234.1546,0.3716,0.0437
2015-11-17T00:06:59.865Z,4.8808,96.4369,233.129,0.4135,0.0523,3.1201,87.0725,234.2403,0.3719,0.0371,3.0353,85.4415,234.396,0.3644,0.0375
2015-11-17T00:07:59.992Z,4.908,99.3543,232.8584,0.4266,0.0516,2.8256,86.0203,234.0043,0.3679,0.0334,3.2156,86.8275,234.1109,0.3711,0.0367
2015-11-17T00:08:59.348Z,4.2792,97.729,232.7606,0.42,0.0442,3.3071,86.7201,234.0481,0.3703,0.0376,3.2214,85.9844,233.4524,0.3687,0.0372
2015-11-17T00:09:59.196Z,5.0614,97.0591,232.7718,0.4171,0.053,3.7011,85.7386,233.7502,0.3668,0.0429,3.2681,85.7947,233.6511,0.3676,0.0366
2015-11-17T00:10:59.595Z,4.5232,97.3665,233.1815,0.4175,0.0467,3.2055,85.953,233.7084,0.3675,0.0376,2.4005,86.8718,233.3145,0.3723,0.028
2015-11-17T00:11:59.862Z,5.0913,97.8512,233.7874,0.4186,0.0522,3.0323,84.919,233.4908,0.3638,0.0402,2.6837,83.921,232.6051,0.3611,0.034
2015-11-17T00:12:59.309Z,3.0221,96.6008,233.536,0.414,0.0327,3.6309,86.7556,233.6561,0.3713,0.0427,2.8518,84.7978,232.9384,0.3638,0.0339
2015-11-17T00:13:59.840Z,3.203,98.1445,233.6263,0.4198,0.0326,4.2276,85.4681,233.7405,0.3652,0.0489,3.4603,86.5421,233.9997,0.3696,0.0396
2015-11-17T00:14:59.411Z,5.1348,97.8616,233.2916,0.4191,0.0542,2.73,85.8549,233.739,0.3674,0.033,2.602,87.4062,233.6733,0.374,0.0298
2015-11-17T00:15:59.653Z,5.4043,90.7624,233.5904,0.3883,0.061,3.6876,80.6653,233.9953,0.3452,0.0504,3.1465,78.8339,232.7853,0.3387,0.0436
2015-11-17T00:16:59.949Z,4.771,89.6538,234.2625,0.3822,0.0552,3.6255,75.9803,234.2256,0.3246,0.051,2.4835,79.0254,232.8427,0.3397,0.0343
2015-11-17T00:17:59.931Z,4.9926,90.1168,234.2238,0.3845,0.0575,2.7916,77.6638,234.3119,0.3313,0.0348,3.6155,79.2985,233.0967,0.3399,0.0445
2015-11-17T00:18:59.295Z,4.9981,90.7218,234.254,0.3874,0.0561,2.9619,81.7629,234.1966,0.3496,0.0389,2.8027,78.1568,232.6712,0.3359,0.04
2015-11-17T00:19:59.672Z,4.2248,89.1758,234.4888,0.3804,0.0482,3.0371,78.6682,234.2524,0.3356,0.0405,3.2355,78.5678,232.4497,0.3377,0.0442
2015-11-17T00:20:59.160Z,4.887,90.3561,233.9523,0.3861,0.0578,3.8753,81.8296,233.552,0.3508,0.0494,2.5609,75.3032,232.0872,0.3246,0.0371
2015-11-17T00:21:59.946Z,3.6357,89.3699,234.6313,0.3805,0.041,3.708,75.7803,233.5996,0.3249,0.0516,3.3723,75.8262,231.6686,0.3273,0.0463
2015-11-17T00:22:59.081Z,4.9525,90.5561,233.56,0.3879,0.0567,4.0146,79.8112,232.9569,0.3425,0.0498,3.4781,77.9825,232.3801,0.3355,0.0463
2015-11-17T00:23:59.373Z,4.3284,88.9059,233.5707,0.3802,0.0509,4.1557,77.8993,232.4795,0.3351,0.0539,2.2047,78.903,232.3224,0.3396,0.029
2015-11-17T00:24:59.872Z,4.4712,89.8988,233.1491,0.3857,0.049,2.3609,80.1242,232.6042,0.3449,0.0348,2.8849,75.8626,232.4664,0.3264,0.0427
2015-11-17T00:25:59.911Z,4.3102,86.6168,233.6192,0.3707,0.049,4.488,77.5466,233.3989,0.3323,0.0586,3.0662,76.9004,233.1693,0.3296,0.0416
2015-11-17T00:26:59.149Z,5.2219,95.3084,234.173,0.4071,0.056,2.5269,82.9369,233.5124,0.3549,0.0321,3.7751,84.3941,233.0082,0.3622,0.0452
2015-11-17T00:27:59.364Z,4.9713,97.0863,234.0016,0.4148,0.0518,3.3124,84.5732,234.0027,0.361,0.04,2.063,84.8882,233.2115,0.3641,0.0235
2015-11-17T00:28:59.043Z,5.1542,97.938,234.5568,0.4178,0.0552,3.3098,85.8988,234.261,0.3674,0.036,3.5148,85.1137,233.0266,0.3656,0.0409
2015-11-17T00:29:59.893Z,4.6839,97.9084,235.0564,0.4167,0.048,2.4093,83.0422,231.5023,0.3586,0.0283,3.3305,85.3213,233.971,0.3649,0.0377
2015-11-17T00:30:59.160Z,5.7353,99.6301,234.67,0.4244,0.057,2.6041,86.8147,232.5247,0.3731,0.0314,3.0969,85.9649,233.5766,0.3681,0.0356
2015-11-17T00:31:59.637Z,2.2334,98.3413,234.5111,0.4197,0.0225,3.4653,88.0674,233.8843,0.3765,0.0382,3.1974,84.0215,232.9085,0.3608,0.0387
2015-11-17T00:32:59.156Z,1.5447,98.3228,234.3807,0.4191,0.015,3.4719,87.3899,234.0404,0.3734,0.0408,3.1311,83.0936,233.0029,0.3566,0.0369
2015-11-17T00:33:59.464Z,2.4409,96.6334,234.3278,0.412,0.0262,4.2427,85.6975,234.5684,0.3657,0.0512,3.3107,86.0692,233.3273,0.3693,0.0388
2015-11-17T00:34:59.718Z,2.1036,94.8741,233.4118,0.4063,0.0216,4.4541,86.3045,234.8904,0.3674,0.0527,2.8436,86.2558,234.9619,0.3667,0.0342
2015-11-17T00:35:59.059Z,3.3586,97.8464,233.2413,0.4194,0.0363,4.17,87.296,234.1592,0.3728,0.0461,3.2727,84.8539,234.6579,0.3617,0.0397
2015-11-17T00:36:59.651Z,4.8546,97.8698,233.2152,0.4193,0.0499,3.671,85.6445,233.9629,0.3659,0.0458,3.5212,86.0773,234.5973,0.3666,0.0415
2015-11-17T00:37:59.333Z,5.1407,98.7594,233.084,0.4236,0.0526,3.3189,85.828,233.1684,0.3677,0.0378,3.1606,86.6549,235.2311,0.3682,0.037
2015-11-17T00:38:59.754Z,4.115,98.2353,233.5796,0.4204,0.0427,3.8336,86.633,230.9797,0.3748,0.0436,3.1774,86.6435,235.3825,0.3678,0.0353
2015-11-17T00:39:59.932Z,4.5868,98.6932,234.1385,0.4213,0.0457,3.1818,86.7411,231.8918,0.3737,0.0379,3.1525,86.1224,235.2599,0.3655,0.0369
2015-11-17T00:40:59.235Z,5.3026,99.0179,233.9519,0.4234,0.0544,3.0423,87.6941,234.2194,0.3746,0.0358,2.869,84.1711,235.079,0.3583,0.034
2015-11-17T00:41:59.511Z,5.0549,97.8574,234.5773,0.4168,0.0518,2.7751,83.6464,234.6531,0.3558,0.0335,3.5195,84.6703,235.8562,0.3589,0.0416
2015-11-17T00:42:59.870Z,4.8278,97.1135,231.5896,0.4189,0.0497,3.4711,87.4796,232.2638,0.3767,0.0392,3.3197,84.9604,233.1252,0.3638,0.0402
2015-11-17T00:43:59.266Z,4.6963,98.0093,231.322,0.4236,0.0508,2.8993,84.6751,231.81,0.3657,0.0333,3.1289,86.6859,232.5474,0.3732,0.0363
2015-11-17T00:44:59.452Z,5.1884,95.7538,230.9647,0.4145,0.0552,3.1207,83.4463,231.2388,0.361,0.0378,3.2063,85.0807,232.2954,0.3664,0.038
2015-11-17T00:45:59.721Z,4.5619,96.9545,230.8449,0.42,0.0478,3.093,85.2964,231.4127,0.3682,0.0367,3.4633,85.3781,232.2455,0.367,0.0402
2015-11-17T00:46:59.553Z,3.3174,96.6321,231.3582,0.4174,0.0344,3.1815,84.6216,231.167,0.3662,0.0386,3.0338,86.1326,232.3367,0.3704,0.0368
2015-11-17T00:47:59.802Z,2.1197,97.0831,231.0992,0.42,0.0234,4.1465,84.403,231.2222,0.3654,0.0504,2.3479,86.5252,232.2466,0.3723,0.0275
2015-11-17T00:48:59.154Z,5.085,96.9549,231.183,0.4194,0.054,3.2071,85.3792,231.1907,0.3697,0.0366,2.5253,85.1037,232.2967,0.3659,0.0301
2015-11-17T00:49:59.592Z,4.5076,97.119,231.5047,0.4192,0.0484,2.8088,84.1498,231.3556,0.3637,0.0327,3.3386,86.6163,232.7735,0.372,0.0388
2015-11-17T00:50:59.422Z,4.8795,95.6434,231.4811,0.413,0.0525,2.8303,82.9544,231.3837,0.3587,0.0342,2.9922,84.7822,232.9987,0.3636,0.0359
2015-11-17T00:51:59.803Z,5.152,96.8357,231.1686,0.4195,0.0536,2.7749,85.6567,231.372,0.3701,0.0323,2.7492,86.1472,232.9017,0.3703,0.0313
2015-11-17T00:52:59.585Z,4.2632,97.0774,231.6707,0.419,0.0448,3.7468,83.869,231.5788,0.3626,0.0458,2.5872,86.4346,233.1547,0.3706,0.0303
2015-11-17T00:53:59.152Z,3.736,97.734,231.3884,0.4219,0.0387,4.3195,86.4954,231.4788,0.3735,0.0492,2.5013,85.0829,232.9993,0.3658,0.0293
2015-11-17T00:54:59.595Z,2.4464,96.8653,230.9347,0.4192,0.0248,3.952,84.4957,231.6777,0.3646,0.0474,3.9779,86.6353,232.1271,0.3732,0.0463
2015-11-17T00:55:59.577Z,2.274,96.1652,230.8848,0.4163,0.0235,3.3988,82.7351,231.899,0.3571,0.047,2.7065,84.7504,232.1063,0.3651,0.0313
2015-11-17T00:56:59.900Z,3.0557,95.428,231.0935,0.4133,0.0332,3.8174,85.2286,231.5997,0.3677,0.0454,3.3413,85.7596,231.8839,0.3697,0.0408
2015-11-17T00:57:59.684Z,5.6931,96.2173,231.4282,0.4161,0.06,3.208,85.994,231.6961,0.371,0.0373,2.7419,83.9572,231.9859,0.3612,0.0334
2015-11-17T00:58:59.470Z,4.9918,97.3112,231.4489,0.4202,0.0523,2.9024,87.4169,231.6648,0.3773,0.033,2.8454,85.6587,232.1465,0.3688,0.0336
2015-11-17T00:59:59.849Z,4.6876,96.9677,231.603,0.4186,0.0489,3.1391,86.9557,231.6692,0.3755,0.0365,3.4351,85.8647,232.0011,0.37,0.0395
2015-11-17T01:00:59.318Z,3.9522,90.9761,231.0402,0.3933,0.0431,3.2926,83.3377,231.2359,0.3599,0.0397,2.9594,82.91,231.4453,0.3579,0.0368
2015-11-17T01:01:59.715Z,4.7248,96.6442,231.2571,0.4173,0.0493,2.4177,85.173,231.3556,0.3675,0.0287,3.0375,85.9582,231.6562,0.3711,0.0363
2015-11-17T01:02:59.009Z,4.8162,97.1788,231.0872,0.4206,0.0488,3.4818,84.0822,231.0726,0.364,0.0403,3.3201,84.9433,231.2736,0.3676,0.0394
2015-11-17T01:03:59.264Z,4.8557,97.5247,230.9762,0.4221,0.0508,3.3301,87.2344,231.0887,0.3773,0.0379,2.8677,85.5988,231.4043,0.3699,0.033
2015-11-17T01:04:59.487Z,5.369,96.099,231.3159,0.4154,0.0569,2.8762,84.233,231.3667,0.3642,0.0353,3.7441,86.8101,231.901,0.3743,0.0441
2015-11-17T01:05:59.169Z,5.5947,95.772,231.689,0.4136,0.0612,3.3209,85.9924,231.2158,0.3719,0.0407,3.8368,85.9657,232.6262,0.369,0.046
2015-11-17T01:06:59.394Z,4.6298,97.5962,231.6135,0.4214,0.0479,2.8063,85.0849,230.9564,0.3686,0.0322,3.3087,85.0069,232.3756,0.3659,0.0407
2015-11-17T01:07:59.736Z,4.6184,98.1403,231.4044,0.4241,0.0473,3.1304,85.7433,230.4696,0.3715,0.0363,3.2136,85.0591,232.3609,0.366,0.038
2015-11-17T01:08:59.034Z,4.3421,95.9983,230.3309,0.4163,0.0476,3.6353,84.8698,229.811,0.3693,0.0433,2.4759,84.5754,231.6333,0.3651,0.0303
2015-11-17T01:09:59.678Z,5.374,95.284,229.7128,0.4151,0.058,3.4128,84.2887,229.2786,0.3673,0.0386,3.3454,83.2159,231.436,0.3595,0.0389
2015-11-17T01:10:59.190Z,4.3794,93.16,229.6577,0.406,0.0467,2.8607,82.932,229.1454,0.3617,0.0358,2.9128,83.4234,231.1059,0.3609,0.0349
2015-11-17T01:11:59.641Z,2.3725,95.5399,229.7109,0.4159,0.0254,3.1286,83.9221,228.6513,0.367,0.0376,2.4903,84.7746,231.2655,0.367,0.0291
2015-11-17T01:12:59.857Z,5.048,97.5112,230.0397,0.4236,0.0516,3.0631,85.2326,228.744,0.3722,0.0367,2.9701,84.7844,231.471,0.3668,0.0351
2015-11-17T01:13:59.123Z,5.4984,95.659,229.9724,0.4161,0.0586,3.641,85.5366,229.5573,0.3723,0.0452,3.3676,85.3947,231.6324,0.3683,0.0396
2015-11-17T01:14:59.677Z,4.9859,95.8675,230.0954,0.4165,0.0521,2.9812,84.964,229.9233,0.3695,0.0325,3.1246,84.3239,231.932,0.3636,0.0367
2015-11-17T01:15:59.363Z,4.6524,98.241,229.9094,0.4271,0.0472,3.0181,81.7362,229.9079,0.3561,0.0371,2.1677,84.246,231.8151,0.3633,0.0267
2015-11-17T01:16:59.611Z,6.0287,96.3302,229.9316,0.4188,0.064,2.9214,84.9054,230.0675,0.3693,0.0343,3.0196,84.9858,231.61,0.3669,0.0349
2015-11-17T01:17:59.861Z,5.0395,96.5859,230.2512,0.4197,0.0539,3.0988,83.4198,230.2793,0.3622,0.0362,2.9175,86.1974,231.7582,0.3725,0.0327
2015-11-17T01:18:59.314Z,4.8965,97.2245,230.0669,0.4227,0.0516,3.637,85.9269,230.0366,0.3736,0.0419,2.9318,86.2657,231.7602,0.3719,0.0339
2015-11-17T01:19:59.606Z,5.0041,95.8837,229.8605,0.4174,0.0528,2.9081,85.8476,229.8128,0.3735,0.0335,3.4222,86.43,231.2565,0.3734,0.0394
2015-11-17T01:20:59.982Z,5.4795,94.4885,229.871,0.4108,0.0564,3.2774,84.0676,230.1311,0.3651,0.0397,2.9488,84.9925,231.1971,0.3676,0.0353
2015-11-17T01:21:59.624Z,4.9087,95.9573,229.9866,0.417,0.0506,2.4316,85.1776,230.1741,0.3703,0.0297,3.1196,86.2331,231.3056,0.3722,0.0358
2015-11-17T01:22:59.992Z,3.0985,96.3366,229.9464,0.4189,0.0312,3.5799,87.4542,230.0327,0.3802,0.0387,2.9238,83.1036,231.0411,0.3598,0.0341
2015-11-17T01:23:59.411Z,3.0459,96.0204,229.8403,0.4174,0.0324,4.1286,85.5114,230.6284,0.3708,0.048,2.6891,85.1667,231.4168,0.3677,0.032
2015-11-17T01:24:59.216Z,5.6816,96.1212,230.2126,0.4173,0.06,2.6637,84.3962,230.3152,0.3663,0.0334,2.9513,83.9302,231.5548,0.3625,0.0367
2015-11-17T01:25:59.494Z,3.4775,95.7356,230.3209,0.4158,0.0369,3.2396,83.5519,230.3188,0.3623,0.0409,2.8118,83.0714,229.3855,0.3618,0.0353
2015-11-17T01:26:59.756Z,3.758,96.4584,230.0596,0.4191,0.04,3.2447,84.2876,230.247,0.3657,0.0386,3.3432,84.7075,230.9175,0.367,0.0398
2015-11-17T01:27:59.672Z,2.842,95.7612,229.7807,0.4165,0.0292,3.2355,87.8253,230.0435,0.3819,0.0363,2.8585,85.806,231.5814,0.3708,0.0336
2015-11-17T01:28:59.989Z,3.561,96.2384,229.5332,0.4189,0.038,3.6816,85.8055,230.2592,0.3731,0.0426,2.822,84.4476,231.6437,0.3645,0.0342
2015-11-17T01:29:59.196Z,5.2584,96.9951,229.6208,0.4222,0.0536,3.281,83.5593,229.9682,0.363,0.0389,3.1853,84.3188,231.6412,0.3642,0.0399
2015-11-17T01:30:59.476Z,5.1379,96.7137,229.5923,0.421,0.0532,2.8009,83.8155,229.9696,0.3645,0.033,3.0871,84.3159,231.5814,0.3638,0.0369
2015-11-17T01:31:59.742Z,3.7874,95.6547,229.1508,0.4171,0.0402,3.0607,86.3601,229.3415,0.3769,0.0379,2.3618,86.2458,230.8598,0.3735,0.0255
2015-11-17T01:32:59.157Z,3.3623,96.1324,229.2577,0.4187,0.035,3.2016,85.0366,229.3251,0.3708,0.0389,2.7189,84.8513,230.7826,0.3676,0.0326
2015-11-17T01:33:59.448Z,5.4249,96.6196,229.7737,0.4198,0.0563,3.3151,85.1807,229.9071,0.3703,0.0376,2.603,83.7557,231.0982,0.3617,0.0312
2015-11-17T01:34:59.181Z,5.1023,96.3269,229.8049,0.4186,0.0537,3.078,86.0353,229.8309,0.3741,0.0367,2.9667,85.5237,230.9862,0.3696,0.0338
2015-11-17T01:35:59.757Z,4.6166,97.0755,229.7909,0.4224,0.0488,3.1665,89.2018,229.9427,0.3878,0.0343,3.444,83.6815,231.0064,0.3621,0.0404
2015-11-17T01:36:59.231Z,4.3279,95.0172,229.154,0.4144,0.0458,4.0758,84.312,230.1216,0.3662,0.0481,3.0097,86.4393,231.1039,0.3739,0.0342
2015-11-17T01:37:59.655Z,5.3215,95.7817,229.1198,0.4179,0.0551,2.933,84.252,230.1176,0.3663,0.0368,2.8825,85.2347,231.095,0.3687,0.0335
2015-11-17T01:38:59.103Z,5.1236,96.6488,229.5706,0.4208,0.0541,4.0324,85.6586,230.1808,0.3721,0.0447,3.3937,86.8389,231.5057,0.3751,0.0386
2015-11-17T01:39:59.446Z,4.9362,95.6647,229.386,0.4168,0.053,3.0153,84.5993,229.0408,0.369,0.0363,3.4503,86.1851,231.4308,0.3722,0.0389
2015-11-17T01:40:59.855Z,4.3064,97.1962,230.1275,0.4225,0.0453,3.8742,83.4159,229.3862,0.3634,0.048,2.5252,86.3273,232.3868,0.3716,0.0313
2015-11-17T01:41:59.150Z,4.1455,95.097,230.9385,0.4117,0.0433,3.4133,87.3445,229.9379,0.3792,0.0407,2.8693,84.6394,233.6849,0.3624,0.0351
2015-11-17T01:42:59.477Z,5.0474,97.8623,231.2399,0.4229,0.053,3.4184,85.6009,229.927,0.3725,0.0379,2.995,86.6624,233.7596,0.3715,0.0342
2015-11-17T01:43:59.726Z,1.9766,96.4786,230.7444,0.4177,0.0197,4.1057,84.2962,231.6003,0.3637,0.0497,2.4022,84.3933,233.6075,0.361,0.0287
2015-11-17T01:44:59.519Z,5.2289,95.1579,230.8034,0.4125,0.0579,3.3236,83.4937,232.2601,0.3598,0.0444,2.9088,83.588,233.7446,0.3578,0.036
2015-11-17T01:45:59.739Z,4.9041,98.5524,230.3497,0.4275,0.0502,3.3082,85.2916,231.8981,0.3681,0.0396,2.8364,85.4358,233.2348,0.3662,0.0313
2015-11-17T01:46:59.080Z,3.8873,96.3472,229.8983,0.4191,0.0409,3.7878,86.8186,232.3221,0.374,0.0447,3.096,85.3403,233.3696,0.3654,0.037
2015-11-17T01:47:59.259Z,4.2018,96.6857,230.7543,0.4187,0.0434,3.5453,86.8452,232.1305,0.3735,0.0405,3.1169,86.4356,233.3387,0.3702,0.0345
2015-11-17T01:48:59.732Z,5.0758,97.7579,230.7813,0.4236,0.0527,3.1554,84.3663,232.3574,0.363,0.0377,2.5999,86.0009,233.466,0.3687,0.0307
2015-11-17T01:50:59.518Z,4.4407,96.7284,230.7578,0.4187,0.0453,3.2826,85.2624,231.8357,0.3677,0.0384,2.986,86.2645,232.9385,0.3702,0.0351
2015-11-17T01:51:59.780Z,5.011,96.9807,230.8577,0.4198,0.0512,2.1238,86.1703,231.3598,0.3726,0.0266,3.5171,85.6325,233.1859,0.3672,0.0411
2015-11-17T01:52:59.004Z,4.2124,97.319,231.3887,0.4202,0.0438,2.7888,83.1903,231.0513,0.3596,0.0343,3.2585,88.0589,232.991,0.3776,0.0351
2015-11-17T01:53:59.398Z,4.4934,96.4911,231.3536,0.4172,0.0465,3.4329,83.4185,230.8179,0.3616,0.0397,3.282,86.3602,232.5979,0.3718,0.0379
2015-11-17T01:54:59.724Z,5.3435,96.4824,231.5059,0.4165,0.0573,3.5784,84.428,231.3398,0.3647,0.0433,3.207,83.8038,232.6968,0.3599,0.04
2015-11-17T01:55:59.067Z,2.7927,97.2923,231.2972,0.4207,0.0301,3.3699,83.962,230.9891,0.3638,0.0397,2.9473,85.7661,232.1418,0.369,0.035
2015-11-17T01:56:59.317Z,2.002,97.6408,230.717,0.4227,0.0202,3.8077,85.643,230.6517,0.3713,0.0436,3.2228,86.4788,231.8429,0.3728,0.0375
2015-11-17T01:57:59.657Z,1.7204,97.1308,230.6105,0.4204,0.0177,4.4231,85.0871,230.5501,0.3691,0.0507,3.1792,84.079,232.3816,0.3616,0.0373
2015-11-17T01:58:59.024Z,4.1838,97.2288,231.1612,0.4203,0.0432,3.4038,85.5453,231.1617,0.3701,0.0409,2.4093,84.7211,232.5422,0.3641,0.0282
2015-11-17T01:59:59.423Z,5.1136,95.4542,230.5692,0.4138,0.054,3.2579,85.2992,231.5931,0.3687,0.0397,2.6242,84.0664,232.4233,0.3619,0.0321
2015-11-17T02:00:59.008Z,2.9596,93.1958,230.0981,0.4042,0.0324,3.4677,84.2398,230.2942,0.3655,0.0421,3.3952,85.8634,231.2678,0.3705,0.0395
2015-11-17T02:01:59.356Z,3.4776,95.5999,229.183,0.4167,0.0368,2.9246,83.0249,229.1942,0.3623,0.0359,3.1585,86.6778,231.3901,0.3749,0.0369
2015-11-17T02:02:59.060Z,5.2788,96.6636,229.9822,0.4199,0.0567,3.7529,85.4636,229.5366,0.3723,0.0433,3.4674,87.4681,232.14,0.3771,0.0418
2015-11-17T02:03:59.250Z,3.4069,99.1676,230.186,0.4309,0.0344,2.8125,84.5297,229.9323,0.3679,0.0359,2.7348,82.743,232.2076,0.3566,0.0323
2015-11-17T02:04:59.979Z,1.8166,95.3629,230.1423,0.4143,0.0184,3.1403,83.7295,230.3175,0.3636,0.0377,2.5768,82.8524,231.7434,0.3577,0.0314
2015-11-17T02:05:59.506Z,3.5567,96.7344,229.8203,0.4208,0.0376,3.3221,83.5155,229.7174,0.3638,0.0425,2.7379,85.5985,231.5957,0.3697,0.0305
2015-11-17T02:06:59.852Z,2.8052,97.527,229.8933,0.4241,0.0295,4.5101,86.6089,229.8679,0.3766,0.0502,3.0666,86.5159,231.3054,0.3737,0.0351
2015-11-17T02:07:59.507Z,2.146,94.9148,230.0164,0.4117,0.022,4.2429,83.9413,230.0114,0.365,0.0502,2.543,85.2578,231.2506,0.3691,0.0296
2015-11-17T02:08:59.750Z,1.8966,96.6393,230.1312,0.42,0.019,3.468,85.0158,229.7483,0.3698,0.0432,2.6174,86.37,230.9796,0.3735,0.0291
2015-11-17T02:09:59.404Z,4.6576,96.6712,229.9708,0.4202,0.0466,3.5919,84.2487,229.9601,0.3661,0.0447,3.3717,83.1249,231.0307,0.3594,0.0414
2015-11-17T02:10:59.659Z,4.9485,95.3098,230.0607,0.4138,0.0504,3.1844,86.1687,229.4527,0.3758,0.0359,2.8496,83.9208,231.0593,0.363,0.0348
2015-11-17T02:11:59.906Z,4.0418,97.7823,230.7195,0.4237,0.0437,2.9111,83.3924,227.0479,0.3674,0.0337,2.3599,85.8207,232.1288,0.3699,0.0277
2015-11-17T02:12:59.192Z,5.0928,98.738,230.5041,0.4279,0.0524,2.4018,85.0407,228.636,0.3721,0.0276,2.5286,84.1291,231.3977,0.3637,0.0308
2015-11-17T02:13:59.633Z,5.0921,97.2121,230.2242,0.4217,0.0517,2.9389,82.6284,230.4129,0.3579,0.0346,3.0713,84.9365,230.6914,0.3683,0.0358
2015-11-17T02:14:59.969Z,3.8538,96.5132,230.2965,0.419,0.0398,3.1946,85.2715,231.0566,0.3688,0.0379,2.7549,85.4548,230.8979,0.3705,0.0332
2015-11-17T02:15:59.509Z,4.5222,97.6031,230.658,0.4228,0.0472,3.0857,85.1636,230.9972,0.3681,0.0369,3.2351,86.4719,230.7492,0.3746,0.0376
2015-11-17T02:16:59.049Z,5.3098,96.6789,230.4688,0.4192,0.0557,2.4445,85.3832,230.8913,0.3696,0.0296,2.8766,84.3064,230.4944,0.3654,0.0338
2015-11-17T02:17:59.350Z,5.304,98.4982,230.0116,0.4281,0.0563,3.1364,83.7912,230.8329,0.3626,0.0387,3.2975,85.8425,230.5959,0.3722,0.0392
2015-11-17T02:18:59.896Z,4.9165,94.5188,230.0488,0.4116,0.0521,3.355,83.6954,230.9453,0.3625,0.0411,2.9751,85.2943,230.3243,0.3701,0.0346
2015-11-17T02:19:59.310Z,4.4689,96.7724,229.733,0.4218,0.046,3.4331,85.0261,230.5704,0.3689,0.0437,2.3738,84.8751,229.7851,0.3696,0.0288
2015-11-17T02:20:59.654Z,4.9284,96.7267,229.6526,0.4214,0.0522,3.3033,84.9104,230.394,0.3688,0.0371,3.1393,85.0751,229.7786,0.3699,0.0389
2015-11-17T02:21:59.959Z,4.8433,96.5676,229.2288,0.4208,0.052,3.4959,85.5975,230.4631,0.3715,0.0402,3.2655,84.9112,229.6234,0.3697,0.0376
2015-11-17T02:22:59.608Z,4.9608,98.0366,229.277,0.4271,0.0511,3.8407,86.4622,230.4067,0.3753,0.0458,3.2203,84.2871,229.8584,0.367,0.0375
2015-11-17T02:23:59.844Z,4.9096,94.5473,229.408,0.412,0.0523,3.2818,81.8493,230.4152,0.3553,0.0401,3.1279,83.6071,229.8893,0.3636,0.0385
2015-11-17T02:24:59.233Z,4.1878,98.0613,229.7593,0.4269,0.0424,3.0303,86.1119,230.7878,0.3734,0.0349,3.3453,84.3393,230.0956,0.3663,0.0397
2015-11-17T02:25:59.535Z,4.1352,96.0082,229.2977,0.418,0.0435,3.0558,84.6988,230.6654,0.3674,0.0373,3.0913,83.9657,230.1685,0.3648,0.0388
2015-11-17T02:26:59.750Z,1.9247,95.4153,228.9279,0.4162,0.02,3.9861,85.0253,230.8488,0.3689,0.0445,2.0583,84.9968,230.5708,0.3687,0.0252
2015-11-17T02:27:59.403Z,3.5742,97.1072,229.1372,0.424,0.0369,3.1636,84.9537,229.6178,0.3697,0.0364,2.8724,87.2623,231.0359,0.3773,0.0316
2015-11-17T02:28:59.387Z,4.3604,96.3802,229.9301,0.4192,0.0463,2.9232,83.3816,227.7118,0.366,0.0348,2.8574,85.6155,231.0845,0.3702,0.033
2015-11-17T02:29:59.717Z,4.86,96.5577,229.5108,0.4202,0.0511,3.5993,85.3911,230.8897,0.3697,0.0396,2.6419,85.7729,230.9986,0.3714,0.0318
2015-11-17T02:30:59.961Z,4.1693,96.7002,229.5973,0.4215,0.0439,3.7272,86.1264,230.7926,0.3732,0.0454,2.9809,85.5567,231.1545,0.3702,0.0354
2015-11-17T02:31:59.634Z,1.9803,96.1638,229.6888,0.418,0.02,3.7324,83.4506,230.5386,0.3621,0.0438,3.4236,85.7104,231.3658,0.3702,0.0396
2015-11-17T02:32:59.507Z,2.0618,95.4948,229.5336,0.4162,0.0218,4.0168,83.6868,230.4007,0.3632,0.0485,2.4301,85.4078,231.3895,0.3689,0.0277
2015-11-17T02:33:59.855Z,2.3722,94.864,229.3157,0.4138,0.0256,3.3618,84.0785,229.7268,0.3662,0.0442,2.5862,85.2847,230.8127,0.3695,0.0314
2015-11-17T02:34:59.126Z,5.2844,96.404,228.9032,0.4213,0.0552,3.0039,84.6433,229.3517,0.3691,0.0357,2.9123,84.7383,231.2832,0.3662,0.0353
2015-11-17T02:35:59.615Z,4.116,96.5026,228.4751,0.4225,0.0425,3.535,86.2286,228.4045,0.3778,0.0408,2.9124,85.5384,231.7049,0.3695,0.035
2015-11-17T02:36:59.293Z,5.1437,94.1204,228.4313,0.4122,0.0546,3.0333,84.6858,228.5603,0.3702,0.0358,2.8661,83.6093,231.6977,0.361,0.0332
2015-11-17T02:37:59.700Z,5.0007,95.4086,228.4532,0.4177,0.0522,4.0035,84.3181,228.6089,0.3687,0.0479,2.2782,84.9216,231.7455,0.3664,0.0273
2015-11-17T02:38:59.041Z,5.2066,96.1603,228.4021,0.4212,0.056,3.0706,84.741,228.5688,0.371,0.0349,2.906,85.4039,231.7379,0.3687,0.0347
2015-11-17T02:39:59.344Z,5.0205,92.8921,227.8075,0.4076,0.0533,3.3416,85.6609,229.1543,0.3733,0.0401,2.9465,83.3282,230.9911,0.3605,0.0362
2015-11-17T02:40:59.906Z,5.0131,95.4576,227.8387,0.4188,0.0525,3.653,85.3193,229.2801,0.372,0.0443,2.6544,83.6998,230.7996,0.3626,0.0312
2015-11-17T02:41:59.139Z,5.1082,94.0569,228.1673,0.4114,0.0563,2.4387,83.8427,228.8443,0.3661,0.0271,2.762,88.093,230.7867,0.3818,0.0291
2015-11-17T02:42:59.586Z,4.9591,96.474,228.5996,0.4216,0.0513,2.984,85.0491,228.7717,0.3717,0.0363,2.5088,85.4015,231.1945,0.3693,0.031
2015-11-17T02:43:59.786Z,4.5036,94.1879,228.6046,0.4121,0.0475,3.1284,81.2277,228.3463,0.3562,0.0429,2.6699,83.001,230.4135,0.3602,0.0344
2015-11-17T02:44:59.022Z,4.0158,93.309,228.1986,0.4089,0.0431,3.0344,83.4183,228.3313,0.3652,0.0344,2.7406,86.4393,230.3066,0.3749,0.0331
2015-11-17T02:45:59.637Z,4.9518,96.336,228.8647,0.4207,0.051,3.5258,84.8832,228.5479,0.3717,0.0412,3.0135,84.69,231.0328,0.3662,0.0361
2015-11-17T02:46:59.041Z,5.246,95.848,228.6058,0.4193,0.0544,3.4192,83.5949,228.4741,0.3658,0.041,2.9921,82.4071,230.9498,0.357,0.0364
2015-11-17T02:47:59.316Z,4.3364,95.7897,228.6359,0.4193,0.0453,3.3854,84.8779,229.037,0.3702,0.0392,2.8776,85.8276,230.8886,0.3718,0.0342
2015-11-17T02:48:59.710Z,1.731,96.1254,228.7446,0.42,0.0192,3.6637,84.4199,228.7258,0.3688,0.0455,2.5745,83.2481,230.5597,0.3612,0.0309
2015-11-17T02:49:59.110Z,3.1871,96.881,228.9687,0.4223,0.0317,3.85,84.3781,228.946,0.3684,0.0454,2.926,85.2976,230.8523,0.3697,0.0339
2015-11-17T02:50:59.419Z,4.732,96.1014,228.8693,0.4198,0.0484,3.2297,83.9888,229.0715,0.3664,0.0377,3.1771,84.8872,230.9802,0.3678,0.0368
2015-11-17T02:51:59.856Z,4.5892,96.8376,228.9595,0.4232,0.0479,3.224,87.1887,228.5762,0.3809,0.0373,3.0153,84.2348,231.076,0.3642,0.0366
2015-11-17T02:52:59.296Z,4.7733,96.0089,229.033,0.4189,0.0509,3.136,82.9292,228.4356,0.3631,0.0398,2.0284,86.1644,231.3212,0.3724,0.0287
2015-11-17T02:53:59.524Z,5.012,95.854,228.5062,0.4193,0.0546,3.5621,83.1853,228.0035,0.3648,0.0445,3.0174,83.8517,230.614,0.3638,0.0365
2015-11-17T02:54:59.675Z,3.6849,95.9389,228.489,0.4196,0.0378,3.648,84.0326,228.3426,0.3681,0.044,2.4046,86.9412,230.7193,0.376,0.0274
2015-11-17T02:55:59.003Z,5.0919,97.3829,231.4342,0.4208,0.0528,2.7103,85.6003,231.3082,0.3702,0.0307,3.4614,85.6881,232.881,0.3677,0.0402
2015-11-17T02:56:59.794Z,3.1557,96.3497,231.3866,0.4161,0.0326,3.7264,87.3212,230.6786,0.3782,0.0419,2.6643,85.3497,232.4869,0.3669,0.032
2015-11-17T02:57:59.073Z,3.357,94.9705,231.5936,0.4103,0.0362,3.4434,83.5865,230.2601,0.3626,0.0416,2.3963,85.1103,232.1848,0.3667,0.0298
2015-11-17T02:58:59.859Z,4.9992,97.2176,232.9523,0.4165,0.052,3.3854,83.7997,230.3456,0.3638,0.0408,2.752,84.8695,232.8703,0.3642,0.0333
2015-11-17T02:59:59.599Z,3.4534,95.8827,232.196,0.4127,0.0358,3.3557,82.2922,230.1017,0.3576,0.0393,2.6681,86.2989,232.6074,0.371,0.0318
