2015-10-29T00:00:59.895Z,1.8209,50.6622,234.3522,0.2162,0.0364,4.0681,34.5504,233.3631,0.1486,0.1174,1.4373,38.0979,235.5959,0.162,0.0363
2015-10-29T00:01:59.163Z,2.4361,52.0338,234.186,0.2223,0.0462,3.4712,36.3338,233.8362,0.1551,0.1049,1.5381,36.2221,235.2792,0.1543,0.0417
2015-10-29T00:02:59.475Z,3.4259,52.2302,234.8398,0.2221,0.0644,3.8177,33.3473,231.0156,0.144,0.1153,1.666,36.1115,235.8909,0.1529,0.0521
2015-10-29T00:03:59.806Z,2.0622,51.8391,234.7311,0.2204,0.0407,3.6897,35.2108,231.9515,0.1519,0.1089,1.5067,37.9854,235.98,0.1605,0.0412
2015-10-29T00:04:59.942Z,1.8378,51.2272,233.5426,0.219,0.0368,3.9396,35.5641,231.9946,0.1526,0.1132,1.0041,36.715,234.7362,0.1567,0.0333
2015-10-29T00:05:59.108Z,2.3918,51.7903,232.2113,0.2227,0.0458,3.3191,34.067,230.4337,0.1478,0.1008,1.2757,36.4992,233.6217,0.1561,0.0372
2015-10-29T00:06:59.401Z,2.1345,51.172,231.2523,0.2215,0.0417,3.8459,34.7266,229.808,0.1505,0.1143,1.2815,37.5014,233.0249,0.161,0.0376
2015-10-29T00:07:59.563Z,2.2851,51.6437,230.9236,0.2237,0.0449,3.8945,35.596,230.5771,0.1545,0.1114,1.3827,35.9407,233.1154,0.1538,0.044
2015-10-29T00:08:59.773Z,1.9269,51.8268,230.5203,0.2249,0.0369,3.4252,35.0736,230.6271,0.1525,0.0975,1.6974,35.5982,232.3921,0.1536,0.0457
2015-10-29T00:09:59.055Z,2.1126,50.4382,230.1682,0.2197,0.0416,3.6312,37.6504,230.5783,0.1634,0.1031,1.5977,34.8528,231.8591,0.1501,0.0464
2015-10-29T00:10:59.322Z,2.2381,50.5754,230.6357,0.2191,0.0453,3.1226,33.8771,230.1241,0.1471,0.0978,1.5788,35.3868,230.5265,0.1536,0.0481
2015-10-29T00:11:59.630Z,2.12,51.159,230.617,0.2215,0.0405,3.4387,34.7658,230.236,0.1509,0.0985,1.4365,35.8574,230.6603,0.156,0.0445
2015-10-29T00:12:59.816Z,1.9948,50.7826,230.2213,0.2201,0.0389,3.5463,35.0847,229.9532,0.1527,0.1055,2.0949,35.1242,231.4005,0.152,0.0597
2015-10-29T00:13:59.071Z,3.2944,51.1524,230.4348,0.2217,0.0627,3.925,35.7736,230.1758,0.1554,0.114,1.7936,36.3934,231.3853,0.157,0.0509
2015-10-29T00:14:59.351Z,2.4338,49.7907,230.5385,0.216,0.0474,3.8958,35.2353,230.3652,0.1534,0.1127,1.404,36.1784,231.3889,0.1568,0.0409
2015-10-29T00:15:59.589Z,2.5684,51.2239,230.9114,0.2222,0.0499,3.5391,36.7245,230.2925,0.1597,0.1,1.2649,35.8682,231.768,0.1549,0.0377
2015-10-29T00:16:59.871Z,2.41,50.5064,230.3029,0.2192,0.0482,4.1552,34.3876,231.1871,0.1492,0.119,1.29,35.4068,232.094,0.1525,0.0373
2015-10-29T00:17:59.065Z,2.2386,51.1141,230.6629,0.2223,0.0443,3.5702,34.4882,231.7651,0.1487,0.1092,1.4378,38.2094,232.4889,0.1641,0.0353
2015-10-29T00:18:59.504Z,2.2981,51.1402,231.5919,0.2209,0.0452,3.8111,34.003,231.3079,0.1469,0.1214,1.7189,36.8823,232.5448,0.1587,0.0459
2015-10-29T00:19:59.659Z,1.6513,51.13,231.5608,0.2209,0.0319,3.951,35.7113,230.9054,0.1546,0.1109,1.5876,34.2942,232.4695,0.1473,0.049
2015-10-29T00:21:59.464Z,2.3486,51.5305,231.7969,0.2227,0.0455,3.8245,35.2731,230.7124,0.1527,0.1125,1.4751,36.7755,232.6145,0.1584,0.0454
2015-10-29T00:22:59.685Z,2.7509,51.3082,231.8991,0.2214,0.0541,3.2874,34.8278,231.57,0.1503,0.0996,1.1413,35.94,232.1697,0.1546,0.0375
2015-10-29T00:24:59.193Z,2.1306,51.5778,232.1596,0.2222,0.0405,3.6919,34.8714,230.8304,0.1509,0.1107,1.9754,35.3317,232.1283,0.1522,0.0578
2015-10-29T00:25:59.364Z,2.5105,51.0528,232.1202,0.2196,0.0498,3.9063,33.9118,230.1509,0.1467,0.1224,1.6338,36.1428,232.3363,0.1557,0.0475
2015-10-29T00:26:59.658Z,3.0621,51.1823,232.0086,0.2203,0.0562,4.1384,35.9019,229.6234,0.1564,0.1168,1.5421,35.7546,232.1999,0.1535,0.0464
2015-10-29T00:27:59.066Z,2.8419,50.4587,232.3036,0.2169,0.0569,3.6202,34.6221,231.052,0.1501,0.1079,1.4511,34.7983,232.1936,0.15,0.046
2015-10-29T00:28:59.340Z,2.2653,51.8933,233.6337,0.2221,0.0429,3.3155,35.3257,231.292,0.1522,0.0947,1.6232,36.7974,233.4745,0.1569,0.0435
2015-10-29T00:29:59.502Z,2.0213,51.3238,234.0542,0.22,0.039,3.7089,34.354,229.4555,0.15,0.1101,1.351,37.4936,234.1284,0.1599,0.0371
2015-10-29T00:30:59.826Z,2.8391,52.3101,233.8939,0.2234,0.054,3.638,33.7887,229.8877,0.1474,0.1084,1.2526,33.6663,233.6912,0.1443,0.036
2015-10-29T00:32:59.185Z,1.8727,52.2036,233.7775,0.2234,0.036,3.8092,34.8644,232.6354,0.1498,0.1148,1.8902,36.9586,233.3239,0.1585,0.0515
2015-10-29T00:33:59.420Z,2.3155,51.2667,234.0757,0.2187,0.0456,3.9604,34.2716,232.877,0.1473,0.1141,1.4249,36.0219,233.4427,0.1544,0.0473
2015-10-29T00:34:59.601Z,2.6278,52.4274,233.6757,0.2243,0.0501,3.5355,33.9608,232.4051,0.1458,0.1093,1.6556,36.8544,232.5184,0.1586,0.0443
2015-10-29T00:35:59.763Z,2.1385,52.0689,233.6762,0.223,0.0422,3.8834,33.6635,232.0523,0.1455,0.1146,1.792,36.74,232.7226,0.158,0.0468
2015-10-29T00:36:59.054Z,2.1769,51.2827,233.9417,0.2191,0.0433,3.5561,34.9224,232.055,0.1511,0.104,1.2546,36.0884,233.1018,0.1548,0.0402
2015-10-29T00:37:59.338Z,2.8918,51.6788,234.428,0.2207,0.0549,4.5009,34.9088,232.4074,0.1503,0.1339,1.8849,37.5588,233.2942,0.1608,0.0491
2015-10-29T00:38:59.571Z,2.5591,51.6031,234.5263,0.2198,0.0482,3.4855,34.5975,232.0546,0.1486,0.1088,1.9427,35.1336,232.8425,0.1511,0.0543
2015-10-29T00:39:59.830Z,2.1062,51.9926,234.5789,0.2213,0.0414,3.7952,35.003,232.5453,0.151,0.1141,1.1402,35.634,233.7882,0.1526,0.0355
2015-10-29T00:40:59.085Z,2.4753,52.9274,233.6214,0.2263,0.0478,3.9198,35.7371,233.4001,0.154,0.1106,1.481,36.1003,234.3253,0.1544,0.0421
2015-10-29T00:41:59.227Z,2.1552,51.4102,233.656,0.22,0.0416,3.2227,34.1308,231.487,0.1471,0.0975,1.1409,35.9396,234.9474,0.1527,0.0377
2015-10-29T00:42:59.468Z,2.2995,51.7527,233.9301,0.2209,0.0438,2.9297,35.6107,230.6774,0.1546,0.0896,1.7954,36.1081,235.6068,0.1532,0.0502
2015-10-29T00:43:59.566Z,1.7703,51.4305,233.4302,0.2205,0.0345,4.1445,36.2526,233.664,0.1545,0.1154,1.4393,35.6876,234.8771,0.1521,0.0449
2015-10-29T00:44:59.830Z,2.4962,51.4497,234.6197,0.2192,0.0467,4.0777,35.316,233.6573,0.151,0.1189,1.7689,35.0712,234.8866,0.1495,0.055
2015-10-29T00:45:59.035Z,2.7167,51.1085,232.0236,0.2199,0.0527,3.9307,35.6476,230.8647,0.1546,0.1145,1.6964,35.6846,231.8902,0.1543,0.0489
2015-10-29T00:46:59.298Z,2.4453,51.116,231.5732,0.221,0.0465,3.7292,35.0122,230.5454,0.1517,0.11,1.3232,34.538,231.2489,0.1493,0.0432
2015-10-29T00:47:59.542Z,2.1069,51.681,231.3298,0.2234,0.0411,3.8969,35.1432,230.7974,0.1524,0.1116,1.6811,35.3924,231.2838,0.1532,0.0465
2015-10-29T00:48:59.685Z,2.5304,51.0732,231.111,0.2212,0.0492,3.4278,34.9448,231.0245,0.151,0.1067,1.469,35.9102,231.6933,0.1552,0.0454
2015-10-29T00:49:59.025Z,2.5099,50.3638,231.0108,0.2179,0.0491,3.446,34.9163,231.1499,0.1514,0.1016,1.2326,34.7667,231.7314,0.1503,0.0438
2015-10-29T00:50:59.221Z,2.5376,50.4203,230.7987,0.2185,0.049,3.5187,35.6041,231.5724,0.1534,0.109,1.3814,35.7365,231.6914,0.1542,0.0449
2015-10-29T00:51:59.447Z,1.9333,51.8744,230.7195,0.2246,0.0364,3.8276,34.028,231.8079,0.1469,0.1121,1.4641,35.7182,231.4998,0.1537,0.0409
2015-10-29T00:52:59.854Z,2.3787,50.4893,230.5852,0.2188,0.0455,3.8563,34.5857,231.6593,0.1489,0.1142,1.9157,35.6224,231.5226,0.1541,0.0565
2015-10-29T00:53:59.108Z,2.8024,50.7343,230.5588,0.2199,0.055,3.5344,34.7786,231.7238,0.1494,0.1106,1.0872,36.5951,231.3783,0.1581,0.0329
2015-10-29T00:54:59.325Z,2.0089,51.9358,230.2923,0.2255,0.0385,3.4911,37.1107,231.3222,0.1602,0.0995,1.4515,34.9799,231.0313,0.1514,0.0424
2015-10-29T00:55:59.496Z,1.7695,50.7124,229.606,0.2211,0.0362,3.6434,35.1187,231.03,0.1521,0.1088,1.9358,36.1544,230.7025,0.1568,0.0513
2015-10-29T00:56:59.704Z,1.919,50.8193,229.54,0.2211,0.0388,3.8075,34.9242,230.8741,0.1511,0.1108,1.4722,36.8911,230.7005,0.1596,0.0436
2015-10-29T00:57:59.926Z,2.157,51.0987,230.0341,0.2222,0.0415,3.7563,35.6197,231.2126,0.1544,0.1075,1.6633,34.5584,230.7325,0.1496,0.0504
2015-10-29T00:58:59.187Z,1.9671,50.4302,229.8559,0.2192,0.0382,3.8689,34.913,231.3018,0.1508,0.1173,1.0603,35.6098,230.2926,0.1549,0.0356
2015-10-29T00:59:59.449Z,2.3681,51.1301,230.2523,0.2221,0.047,3.1234,35.1159,231.0464,0.152,0.0945,1.8995,34.5508,230.1302,0.1504,0.0571
2015-10-29T01:00:59.916Z,2.3772,49.3872,230.0262,0.2145,0.0476,3.4374,35.7579,230.499,0.1555,0.0966,0.775,35.131,229.6873,0.153,0.0286
2015-10-29T01:01:59.159Z,2.5219,50.74,229.7453,0.2208,0.0487,3.4853,36.9296,230.0471,0.1608,0.1003,1.5929,34.1756,229.349,0.1492,0.0491
2015-10-29T01:02:59.386Z,2.3249,52.1253,229.6253,0.2269,0.0438,3.2202,33.7142,229.8022,0.1463,0.0982,1.5926,36.3445,229.3489,0.1588,0.0459
2015-10-29T01:03:59.748Z,2.0454,51.1322,229.1196,0.2232,0.0396,3.8746,33.7035,229.6068,0.1474,0.1189,1.8835,35.7139,229.3142,0.1554,0.0558
2015-10-29T01:04:59.053Z,2.539,50.1088,230.3832,0.217,0.0494,3.4896,35.5433,228.3911,0.1556,0.1007,1.7613,34.8559,230.5023,0.1511,0.0533
2015-10-29T01:05:59.378Z,2.418,51.2288,230.6644,0.2224,0.0487,3.2336,34.8782,226.6865,0.1537,0.0954,1.3279,35.1427,230.782,0.1524,0.0404
2015-10-29T01:06:59.582Z,2.314,51.2634,230.901,0.2222,0.0448,3.2815,34.5989,228.5895,0.1519,0.1031,2.084,35.9971,231.1358,0.1555,0.0586
2015-10-29T01:07:59.915Z,1.9108,50.804,230.6786,0.2204,0.0372,3.4182,34.6984,229.0288,0.151,0.1023,1.3704,35.6118,230.8179,0.1546,0.0452
2015-10-29T01:08:59.130Z,3.1234,50.8517,230.2958,0.2207,0.0613,3.0864,34.8765,228.7954,0.1527,0.092,1.8118,35.1961,230.8854,0.1526,0.0528
2015-10-29T01:09:59.483Z,2.3042,49.9059,230.553,0.2163,0.0462,3.4934,34.0903,228.8055,0.1492,0.1049,1.7655,36.6436,231.2468,0.1583,0.0486
2015-10-29T01:10:59.735Z,1.779,51.4952,231.1,0.2229,0.0357,3.6989,34.19,227.4388,0.1502,0.1065,1.8257,36.6489,231.9099,0.1584,0.0519
2015-10-29T17:28:59.713Z,1368.4239,1675.7574,216.4535,7.5013,1.1517,1419.2952,1758.5022,216.4496,7.9035,1.5157,1828.9226,2228.0083,214.2691,12.1874,62.9665
2015-10-29T17:29:59.874Z,1180.5007,1458.477,226.5425,6.4482,0.6801,1198.4312,1510.6647,226.5051,6.6811,0.6678,1618.049,1967.1198,224.2256,8.7854,0.8317
2015-10-29T17:30:59.040Z,3.9437,75.413,228.2229,0.3304,0.0538,3.5912,65.6146,227.5648,0.289,0.0547,40.8815,91.2065,227.4553,0.4013,0.2918
2015-10-29T17:31:59.180Z,4.5209,72.0248,228.4281,0.3151,0.0638,3.1338,65.8585,227.8603,0.2893,0.0481,1.827,64.4822,228.0797,0.2826,0.0296
2015-10-29T17:32:59.441Z,4.0373,75.0853,228.4567,0.3287,0.055,2.8825,66.921,227.2012,0.2948,0.0441,1.964,64.5084,228.3202,0.2824,0.03
2015-10-29T17:33:59.591Z,5.3865,70.362,229.1436,0.3064,0.0801,3.332,61.9674,226.5604,0.2725,0.0541,1.9276,62.6585,227.9341,0.2751,0.0315
2015-10-29T17:34:59.773Z,5.033,72.6107,228.0113,0.3187,0.0709,3.2673,62.6927,226.6035,0.2767,0.0529,1.7696,62.9926,227.5629,0.2769,0.028
2015-10-29T17:35:59.962Z,4.5488,73.2249,227.7598,0.3211,0.0634,3.0842,62.9143,227.109,0.2767,0.0508,1.7649,63.8941,227.2721,0.2811,0.0278
2015-10-29T17:36:59.140Z,4.1531,70.9808,227.7827,0.3118,0.0583,2.5372,60.7112,225.5407,0.2692,0.0432,2.1568,63.9287,228.0632,0.2801,0.0351
2015-10-29T17:37:59.350Z,5.2622,71.5484,227.5379,0.3142,0.0753,2.0459,62.6171,224.0307,0.2795,0.0355,2.3809,63.1308,228.5109,0.2765,0.0388
2015-10-29T17:38:59.609Z,4.8823,72.5893,228.677,0.3176,0.0685,2.9584,62.1779,224.7103,0.2766,0.0514,1.4262,62.2152,228.4645,0.2718,0.0242
2015-10-29T17:39:59.925Z,4.7629,72.9127,228.3272,0.3192,0.0658,2.8166,64.8996,226.9545,0.286,0.0447,2.2067,64.9183,228.0584,0.2848,0.0335
2015-10-29T17:40:59.193Z,3.4003,73.3703,228.4634,0.321,0.0479,3.3629,63.4603,227.2157,0.2794,0.0544,2.358,64.4713,226.6784,0.2843,0.0361
2015-10-29T17:41:59.414Z,4.5204,73.6436,228.3855,0.3225,0.064,2.67,64.4245,227.7792,0.2829,0.0425,1.6393,63.8147,227.0647,0.2808,0.0267
2015-10-29T17:42:59.592Z,4.9527,72.5248,228.4578,0.3173,0.0689,2.9997,63.6097,227.7691,0.2792,0.0509,1.5279,62.4926,227.5568,0.2747,0.0271
2015-10-29T17:43:59.769Z,5.0548,71.0078,227.604,0.3116,0.0735,3.2751,63.6722,228.0605,0.279,0.053,2.2234,64.779,229.3871,0.2822,0.0354
2015-10-29T17:44:59.936Z,4.6345,73.8003,227.8063,0.3236,0.0629,3.6002,63.544,228.1984,0.2787,0.0582,2.0538,65.467,229.5956,0.2849,0.0302
2015-10-29T17:45:59.313Z,3.8459,71.2953,228.1517,0.3121,0.0559,2.8863,63.82,227.6558,0.2804,0.0472,1.5729,65.1319,229.6929,0.2831,0.0273
2015-10-29T17:46:59.498Z,4.7348,72.7075,228.6373,0.3175,0.0659,2.6357,63.2891,227.8152,0.2779,0.0424,1.1441,63.469,228.9968,0.2769,0.0178
2015-10-29T17:47:59.736Z,5.2075,72.497,227.9777,0.3179,0.0736,3.8355,64.2177,227.8677,0.2817,0.0622,1.5057,63.0698,229.9127,0.2747,0.0237
2015-10-29T17:48:59.938Z,4.9113,73.479,228.5099,0.3215,0.0676,2.7204,65.3643,228.3164,0.2864,0.0413,1.6913,65.6959,229.6448,0.286,0.0276
2015-10-29T17:49:59.226Z,4.2079,73.7316,227.8794,0.3233,0.057,2.6651,66.0068,225.2946,0.2923,0.0411,1.165,66.0137,230.4176,0.2864,0.0174
2015-10-29T17:50:59.425Z,4.5787,74.7253,226.9584,0.3293,0.0627,3.6031,66.4348,226.6697,0.2934,0.0545,1.4444,65.9296,230.2395,0.2857,0.0223
2015-10-29T17:51:59.544Z,5.008,74.1545,227.8908,0.3254,0.068,2.9921,66.3358,228.1925,0.2905,0.0447,1.986,66.6667,229.6012,0.2902,0.0296
2015-10-29T17:52:59.848Z,4.9623,74.9345,228.302,0.3282,0.0677,3.4852,66.7769,229.0225,0.2912,0.0537,1.6168,65.6085,229.6681,0.2855,0.0245
2015-10-29T17:53:59.088Z,4.2478,75.1447,228.802,0.3289,0.0577,3.1378,67.6288,229.3242,0.2949,0.046,1.3587,66.2459,229.9341,0.2882,0.0203
2015-10-29T17:54:59.340Z,4.2898,75.9446,229.0456,0.3316,0.0571,3.1367,67.2388,229.5307,0.2936,0.0468,1.7727,66.9451,229.711,0.2914,0.0275
2015-10-29T17:55:59.512Z,4.8454,75.2008,229.0107,0.3283,0.0645,3.3272,66.7688,228.9671,0.2916,0.0507,1.1502,67.0139,229.8951,0.2914,0.0166
2015-10-29T17:56:59.782Z,4.6586,74.3302,229.1554,0.324,0.0641,3.5989,68.1091,229.14,0.2976,0.0533,1.8498,67.2934,229.8786,0.2925,0.0276
2015-10-29T17:57:59.002Z,4.023,73.0921,229.7113,0.3178,0.0551,3.0688,64.6091,229.2684,0.2817,0.0479,2.1629,65.2508,230.2286,0.2831,0.034
2015-10-29T17:58:59.292Z,3.7567,74.7601,229.3316,0.3255,0.0508,2.8098,66.7259,227.322,0.2935,0.0429,1.5738,66.7067,230.0148,0.2899,0.023
2015-10-29T17:59:59.468Z,4.9975,75.3698,229.1118,0.3287,0.0664,2.5895,66.6202,225.0205,0.296,0.038,1.7169,65.9149,230.3156,0.2867,0.0262
