2015-12-30T00:00:59.955Z,5.1654,126.0947,231.9614,0.5434,0.0426,4.3078,110.882,230.6363,0.4807,0.0401,83.0146,137.5367,232.4743,0.5916,0.6056
2015-12-30T00:01:59.107Z,4.8958,130.3822,231.851,0.5618,0.0369,4.6265,110.0435,230.9426,0.4763,0.0406,82.621,139.703,232.3608,0.6013,0.5946
2015-12-30T00:02:59.426Z,4.4441,127.8185,231.5803,0.5518,0.0347,4.2837,107.8274,229.9582,0.4693,0.0431,83.604,137.2266,232.0273,0.5907,0.6131
2015-12-30T00:03:59.624Z,4.1511,130.1378,231.8219,0.5613,0.0318,4.0145,110.881,229.8068,0.4824,0.0375,82.2141,136.5764,232.179,0.5882,0.6042
2015-12-30T00:04:59.900Z,5.4435,127.4713,232.193,0.5482,0.043,4.5503,109.3568,230.1917,0.475,0.0416,82.8183,139.512,232.7272,0.5996,0.5973
2015-12-30T00:05:59.161Z,4.5522,129.0508,232.1812,0.5553,0.036,4.2447,108.927,230.7663,0.4718,0.0392,83.7701,140.4939,233.3528,0.6019,0.5984
2015-12-30T00:06:59.456Z,3.348,130.2305,232.6684,0.559,0.0264,4.2735,111.5453,230.4721,0.4838,0.0392,83.9154,141.0233,233.3812,0.6043,0.5975
2015-12-30T00:07:59.737Z,3.058,127.821,232.3555,0.55,0.0237,4.1627,110.4679,230.8588,0.4784,0.0412,83.786,138.2651,233.5588,0.5916,0.6092
2015-12-30T00:08:59.964Z,3.9953,128.5063,232.5069,0.5525,0.0316,4.3767,110.6757,231.1535,0.4791,0.0396,83.7289,139.2419,233.5386,0.5967,0.6032
2015-12-30T00:09:59.179Z,4.6867,128.6546,232.731,0.552,0.0356,4.4948,113.4418,231.0593,0.4904,0.0378,84.0424,139.2656,233.3847,0.5967,0.6054
2015-12-30T00:10:59.482Z,3.3699,128.6948,232.3424,0.554,0.0273,4.1403,110.0956,231.1321,0.4759,0.0388,83.6574,140.8767,233.3447,0.6032,0.597
2015-12-30T00:11:59.812Z,4.2117,129.8497,232.2664,0.5586,0.034,3.7186,111.2584,230.9987,0.4812,0.0357,83.1917,140.3041,232.8997,0.6026,0.5965
2015-12-30T00:12:59.138Z,4.0525,128.4871,231.9328,0.5538,0.0311,4.6435,108.7969,230.548,0.4721,0.0438,83.2183,138.2128,232.8271,0.593,0.6043
2015-12-30T00:13:59.409Z,4.3295,127.8992,232.0927,0.5511,0.0341,4.4057,110.0696,231.1407,0.476,0.0415,82.5798,139.0638,232.8532,0.5972,0.597
2015-12-30T00:14:59.817Z,4.4355,129.9058,232.564,0.5582,0.0345,5.047,109.9851,231.9663,0.4743,0.0446,82.4276,138.9634,232.8005,0.5969,0.5963
2015-12-30T00:15:59.189Z,5.5314,130.4089,232.653,0.56,0.0429,4.6914,111.0883,231.7927,0.479,0.039,83.0983,139.2576,232.635,0.5984,0.5983
2015-12-30T00:16:59.338Z,4.4466,129.6254,232.5319,0.557,0.0345,4.3073,110.8948,231.5098,0.4787,0.039,82.9156,137.9966,232.6779,0.5936,0.6024
2015-12-30T00:17:59.591Z,5.2476,129.5669,232.0492,0.5578,0.04,4.1762,112.652,231.5321,0.4864,0.0365,83.4589,140.9452,233.3453,0.6037,0.5962
2015-12-30T00:18:59.840Z,4.6516,129.8342,232.0279,0.5591,0.0364,3.8292,107.5115,230.9302,0.4654,0.0353,83.8997,138.9514,233.4874,0.5951,0.607
2015-12-30T00:19:59.025Z,5.0601,130.193,231.8403,0.5608,0.0384,3.7434,110.8034,230.0159,0.4816,0.0331,82.7039,139.0567,233.1469,0.5962,0.5978
2015-12-30T00:20:59.360Z,4.166,127.8391,231.9222,0.5509,0.0329,4.672,113.032,230.7432,0.4899,0.04,83.0207,138.0521,233.0532,0.5926,0.6041
2015-12-30T00:21:59.604Z,3.9414,128.9675,232.1251,0.5554,0.03,3.8687,110.1677,231.3036,0.4762,0.0353,83.4758,138.577,232.8422,0.5949,0.604
2015-12-30T00:22:59.818Z,4.2576,128.702,231.2893,0.5557,0.0335,4.5144,109.7546,230.9688,0.4745,0.0456,82.0578,136.3132,232.0978,0.5875,0.6067
2015-12-30T00:23:59.062Z,3.5096,130.2526,231.5924,0.5623,0.0259,4.6536,113.0329,230.6613,0.49,0.0422,82.9656,138.1919,232.1749,0.5956,0.6016
2015-12-30T00:24:59.331Z,3.3211,128.8453,231.8609,0.5554,0.0253,4.1437,110.3454,230.9336,0.4771,0.0378,83.0002,139.4686,232.2632,0.6003,0.5964
2015-12-30T00:25:59.597Z,4.9047,130.6523,233.0963,0.5603,0.0399,2.7793,111.6921,231.6112,0.4822,0.0259,82.067,136.1526,230.2791,0.5911,0.6038
2015-12-30T00:26:59.746Z,4.5976,128.5281,232.5167,0.5527,0.0362,3.4559,111.8171,231.2796,0.4833,0.0327,83.6855,139.0798,233.2413,0.596,0.6033
2015-12-30T00:27:59.922Z,4.708,128.6559,232.0249,0.5539,0.0374,3.9185,109.3068,231.1068,0.473,0.0368,83.8227,139.5265,233.3278,0.5983,0.6042
2015-12-30T00:28:59.180Z,4.8918,128.8929,230.9967,0.5581,0.0382,4.2344,112.3754,231.8333,0.4845,0.0364,82.7833,140.8663,233.3175,0.6035,0.5893
2015-12-30T00:29:59.463Z,4.6197,128.4123,230.834,0.5559,0.0356,4.1493,111.7424,231.4651,0.4829,0.0384,82.5384,138.6992,232.9116,0.5951,0.5976
2015-12-30T00:30:59.691Z,4.81,128.1498,231.0918,0.5544,0.0387,4.1113,113.1787,231.8473,0.4885,0.0357,83.7429,140.8551,233.584,0.6029,0.5973
2015-12-30T00:31:59.864Z,3.6693,129.4353,231.3789,0.5591,0.0291,4.7048,110.9593,232.373,0.4777,0.043,83.8678,138.8024,234.0866,0.5928,0.6061
2015-12-30T00:32:59.025Z,4.9482,125.0818,231.0893,0.5407,0.0404,3.8099,110.3229,232.5731,0.4744,0.0387,83.6456,136.724,233.4306,0.5858,0.6191
2015-12-30T00:33:59.267Z,4.007,127.9432,230.6693,0.5542,0.0312,4.4571,110.3824,232.0792,0.4754,0.0414,83.5878,140.5414,233.0458,0.6034,0.5964
2015-12-30T00:34:59.590Z,4.8801,128.595,231.0732,0.5567,0.0366,4.8449,115.2988,233.029,0.4951,0.0415,83.418,140.3115,233.5743,0.6,0.5974
2015-12-30T00:35:59.866Z,4.6692,130.7699,231.1774,0.5655,0.0341,4.3314,111.0171,233.0127,0.4763,0.0374,84.144,141.1745,234.0901,0.6031,0.5991
2015-12-30T00:36:59.143Z,5.0593,130.5836,230.9839,0.5654,0.0381,4.021,113.5441,232.8688,0.4881,0.0357,83.2498,140.4562,233.9509,0.6002,0.5949
2015-12-30T00:37:59.571Z,4.2132,127.5741,230.3618,0.5537,0.0338,4.3764,112.6696,232.8089,0.4838,0.0388,84.542,141.8085,234.298,0.6054,0.598
2015-12-30T00:38:59.908Z,5.0696,127.8424,230.8622,0.5536,0.0379,3.6945,110.6388,232.6297,0.4757,0.0347,83.3337,139.4311,234.1922,0.5951,0.6019
2015-12-30T00:39:59.093Z,3.9257,130.4038,232.284,0.5611,0.0307,3.6612,113.1677,232.6563,0.4861,0.0314,84.1997,138.7246,233.9851,0.5933,0.608
2015-12-30T00:40:59.302Z,3.9436,130.8079,232.2543,0.5627,0.0293,4.7467,113.7416,232.0821,0.4895,0.0415,84.6238,142.1104,233.8765,0.6077,0.5978
2015-12-30T00:41:59.535Z,5.0956,129.4562,232.3042,0.557,0.04,4.1812,113.627,232.4738,0.4887,0.0356,83.9532,140.2253,233.9515,0.5993,0.6002
2015-12-30T00:42:59.742Z,4.0941,130.1149,232.1689,0.5601,0.0315,5.4488,113.6405,231.2858,0.4911,0.0489,84.4463,138.5587,233.5835,0.593,0.6102
2015-12-30T00:43:59.952Z,4.1668,129.2208,231.569,0.5577,0.0319,4.5492,112.8125,231.2333,0.4878,0.0393,83.6879,140.5031,232.6664,0.6037,0.5982
2015-12-30T00:44:59.154Z,4.5386,130.4037,231.9693,0.5622,0.035,3.71,112.1234,231.7708,0.4839,0.0328,82.8632,140.4544,232.4058,0.6039,0.5934
2015-12-30T00:45:59.504Z,4.6164,128.3046,231.6473,0.5535,0.0369,3.508,112.6041,231.9678,0.4852,0.0326,83.4107,139.8016,233.1671,0.5998,0.5989
2015-12-30T00:46:59.799Z,3.1015,128.0982,231.7112,0.5523,0.0247,4.5685,109.2828,232.2616,0.4701,0.0427,83.8679,137.163,233.3567,0.5878,0.6164
2015-12-30T00:47:59.131Z,4.6343,130.2174,231.5887,0.5617,0.0357,3.7242,113.4987,231.8203,0.4897,0.0334,83.5802,140.8101,233.2119,0.604,0.596
2015-12-30T00:48:59.567Z,4.4661,129.1034,231.4137,0.5576,0.0355,3.7605,112.7607,231.9787,0.4858,0.0347,83.3602,140.3577,233.1483,0.6018,0.5965
2015-12-30T00:49:59.777Z,4.1331,129.7795,231.4215,0.56,0.0316,4.7912,111.9908,231.8947,0.4825,0.0426,82.9791,138.1162,233.0608,0.5921,0.6046
2015-12-30T00:50:59.972Z,4.0331,130.0229,231.4273,0.562,0.0309,5.1991,111.3884,231.9556,0.4804,0.0458,83.5168,140.9209,233.2054,0.6036,0.5952
2015-12-30T00:51:59.253Z,3.7079,127.4944,231.1706,0.5508,0.0291,4.7824,108.7929,231.8273,0.4689,0.0458,83.7966,136.6578,232.8956,0.5868,0.6181
2015-12-30T00:52:59.556Z,3.9755,128.2546,230.8807,0.5551,0.0304,4.4041,109.8643,230.8793,0.4757,0.041,83.4269,138.7836,232.383,0.5966,0.6066
2015-12-30T00:53:59.830Z,5.631,129.0424,230.7983,0.559,0.0442,3.3901,110.2795,230.2101,0.4787,0.0312,83.1668,138.2734,231.8917,0.5957,0.605
2015-12-30T00:54:59.033Z,4.7498,130.2798,231.3548,0.5625,0.0357,4.3512,111.6154,231.0316,0.483,0.0388,82.29,137.9962,232.0129,0.5944,0.5988
2015-12-30T00:55:59.361Z,3.3337,129.2931,230.9397,0.5596,0.0249,4.6567,113.7164,231.5862,0.4912,0.0407,83.3027,137.8768,232.5547,0.5926,0.607
2015-12-30T00:56:59.659Z,4.571,130.6921,231.3725,0.5642,0.0354,4.3745,110.5892,231.6984,0.4767,0.0416,83.7693,141.197,233.205,0.6049,0.5976
2015-12-30T00:57:59.985Z,4.5634,128.5524,231.2923,0.5553,0.0353,4.1457,113.3452,231.5665,0.4896,0.039,83.2195,139.6595,233.4709,0.5981,0.6011
2015-12-30T00:58:59.212Z,4.5689,131.2123,231.4998,0.566,0.0347,4.4483,112.8553,231.9468,0.487,0.0394,84.1193,141.3613,233.6453,0.605,0.5976
2015-12-30T00:59:59.507Z,4.926,130.9508,232.586,0.5626,0.0378,4.1423,113.6798,231.6043,0.4912,0.0356,83.2136,138.1286,234.076,0.5896,0.6047
2015-12-30T01:00:59.950Z,5.102,127.012,232.3831,0.5463,0.0412,4.2329,112.7131,231.4789,0.4867,0.0373,84.1038,138.8236,234.1359,0.5927,0.6085
2015-12-30T01:01:59.349Z,3.4624,128.641,232.0129,0.5539,0.0274,4.319,111.6651,230.8159,0.4838,0.0419,83.7201,140.164,233.7981,0.5994,0.5998
2015-12-30T01:02:59.628Z,4.0689,128.9111,231.0776,0.5577,0.0308,4.0432,113.1921,230.6384,0.4907,0.0357,84.2455,138.8102,233.2762,0.5947,0.6071
2015-12-30T01:03:59.860Z,5.1951,129.1724,232.0571,0.5559,0.0407,3.0231,112.2932,230.0869,0.4875,0.0265,83.2213,139.3173,232.8578,0.5984,0.5986
2015-12-30T01:04:59.092Z,3.9332,129.8947,232.7299,0.5576,0.0309,3.699,111.4349,230.8207,0.4829,0.0329,84.8447,140.837,233.8818,0.602,0.6054
2015-12-30T01:05:59.360Z,4.6415,130.1007,232.4409,0.5599,0.0355,4.3836,110.4952,231.6069,0.4777,0.0398,83.5868,139.9675,234.2115,0.5985,0.6001
2015-12-30T01:06:59.838Z,2.8208,126.6664,231.9303,0.546,0.0214,3.9461,113.1814,231.4362,0.4889,0.0386,84.0942,137.8073,234.216,0.5882,0.6154
2015-12-30T01:07:59.156Z,4.3819,128.0027,231.8087,0.5521,0.0343,5.5374,111.7048,231.6908,0.482,0.0488,84.1417,138.9147,233.7653,0.5939,0.6074
2015-12-30T01:08:59.501Z,4.0729,129.4035,232.6473,0.5558,0.0316,4.5797,115.0302,231.9172,0.4958,0.0395,84.1701,142.0454,234.0567,0.6067,0.5951
2015-12-30T01:09:59.575Z,5.289,130.9148,232.5487,0.563,0.0401,3.5225,112.9879,231.6402,0.488,0.0313,84.21,140.2356,234.2467,0.5988,0.6024
2015-12-30T01:10:59.892Z,4.2184,130.4107,232.1985,0.5608,0.032,4.6368,112.6562,230.8043,0.488,0.0408,83.1523,139.8638,233.7301,0.5987,0.5975
2015-12-30T01:11:59.123Z,4.4222,128.3616,231.8257,0.5531,0.0343,3.8137,109.661,230.2418,0.4764,0.0346,83.9849,140.5126,233.4026,0.6017,0.602
2015-12-30T01:12:59.451Z,4.0324,128.6231,230.9075,0.5565,0.0319,4.2865,112.6679,230.8923,0.4882,0.0403,84.0379,138.0798,233.0802,0.5924,0.6131
2015-12-30T01:13:59.831Z,4.2548,127.5649,230.2678,0.5533,0.0338,4.0195,113.0595,231.516,0.4888,0.0346,82.8795,137.6005,231.987,0.5934,0.6033
2015-12-30T01:14:59.123Z,4.9983,128.8048,230.6292,0.5581,0.0387,4.1071,110.828,231.5334,0.4782,0.0376,83.8021,139.8803,232.6107,0.6009,0.602
2015-12-30T01:15:59.478Z,4.7621,130.6492,231.8805,0.5633,0.037,4.1311,112.6159,231.4552,0.4862,0.0356,82.5878,138.6021,233.4766,0.5938,0.5973
2015-12-30T01:16:59.761Z,4.8028,126.5252,232.1083,0.5449,0.0385,4.0235,110.3168,231.6951,0.4761,0.0413,83.4237,138.7397,233.2203,0.5948,0.6068
2015-12-30T01:17:59.223Z,4.794,128.9011,232.0676,0.5551,0.0378,5.0311,112.5614,231.4793,0.4869,0.0449,85.077,140.7671,233.6601,0.6027,0.607
2015-12-30T01:18:59.471Z,4.9925,130.5888,232.0888,0.5621,0.039,4.2946,109.1265,231.4055,0.4714,0.0388,83.6614,140.7805,233.4887,0.6029,0.596
2015-12-30T01:19:59.939Z,5.1874,130.0808,231.9229,0.561,0.04,4.4179,112.0278,231.4267,0.4844,0.0403,82.7681,137.0199,233.4254,0.5869,0.6065
2015-12-30T01:20:59.264Z,3.3037,128.1449,231.7434,0.5532,0.0258,4.7479,112.5704,230.9092,0.4872,0.0463,83.4391,137.1467,233.3072,0.5878,0.6108
2015-12-30T01:21:59.398Z,4.0301,126.1156,231.5788,0.5442,0.0337,4.2264,109.4903,230.7543,0.4746,0.0398,83.4778,137.8879,233.116,0.5922,0.608
2015-12-30T01:22:59.572Z,3.9353,129.563,231.3976,0.56,0.0315,3.5584,113.191,231.1393,0.4897,0.0321,83.1085,137.3158,232.9686,0.5895,0.6078
2015-12-30T01:23:59.779Z,3.4896,129.0034,231.1354,0.5582,0.0264,4.9857,112.8642,231.0971,0.4884,0.0446,83.6149,141.1854,233.7186,0.6042,0.5951
2015-12-30T01:24:59.125Z,4.063,129.7061,231.6988,0.5596,0.0313,3.843,113.2993,231.5401,0.4891,0.0364,84.3131,141.6697,233.9971,0.6047,0.5984
2015-12-30T01:25:59.494Z,4.2523,128.3619,232.644,0.5518,0.033,3.9402,113.9682,232.2542,0.4904,0.0338,84.6632,139.068,233.6334,0.5955,0.6095
2015-12-30T01:26:59.886Z,5.4621,128.6571,232.6224,0.5526,0.0416,4.3345,114.5549,232.4639,0.4932,0.0354,83.6296,140.4921,233.5177,0.6022,0.5986
2015-12-30T01:27:59.138Z,3.6258,130.9717,232.5949,0.5627,0.0274,4.7731,109.9955,232.4067,0.4731,0.0436,83.6958,138.2309,233.9278,0.5909,0.607
2015-12-30T01:28:59.392Z,4.5587,128.9763,232.6858,0.5537,0.0354,4.4202,114.8069,232.2052,0.4945,0.0388,83.6552,140.6499,233.7358,0.6014,0.5978
2015-12-30T01:29:59.565Z,3.5593,128.4524,232.5433,0.5519,0.0266,4.5912,110.6579,232.5743,0.4759,0.0419,84.2554,140.1569,233.6977,0.6001,0.604
2015-12-30T01:30:59.874Z,4.1409,128.0585,233.0298,0.549,0.0304,4.7183,113.5098,232.4755,0.4882,0.0458,83.5629,138.016,233.7555,0.5903,0.6092
2015-12-30T01:31:59.232Z,3.2594,128.752,231.9009,0.5556,0.0245,4.1056,111.7027,231.3347,0.4829,0.0358,83.5542,139.1629,232.8819,0.5975,0.6038
2015-12-30T01:32:59.374Z,3.7217,129.0611,231.9829,0.5557,0.0282,4.6865,111.5504,230.8605,0.4836,0.0432,83.5624,138.7948,233.4979,0.5949,0.6033
2015-12-30T01:33:59.778Z,4.4493,128.6687,231.2048,0.5557,0.0346,4.2201,111.2448,229.5171,0.4854,0.0371,83.2907,138.8615,233.9511,0.5935,0.6027
2015-12-30T01:34:59.189Z,3.9041,129.282,231.7161,0.5577,0.0294,3.6272,110.2991,227.6219,0.4844,0.0307,83.8506,139.85,234.4798,0.5961,0.6022
2015-12-30T01:35:59.384Z,4.5789,129.3682,232.529,0.5557,0.0348,3.721,110.2189,230.6866,0.4771,0.0337,84.7904,138.7486,234.1518,0.5925,0.6149
2015-12-30T01:36:59.802Z,4.1911,128.3085,231.5434,0.5543,0.0341,4.079,112.2238,231.0802,0.4858,0.0366,83.8118,136.5421,233.1446,0.5859,0.6173
2015-12-30T01:37:59.108Z,4.0136,128.2612,231.5412,0.5536,0.0319,4.0596,112.4567,230.7353,0.4874,0.0361,82.8948,139.5806,233.318,0.5986,0.5962
2015-12-30T01:38:59.412Z,5.0726,127.7384,231.6075,0.5513,0.0402,4.7027,111.951,230.9743,0.4847,0.0413,84.4196,139.8598,233.6533,0.5987,0.6043
2015-12-30T01:39:59.976Z,3.731,128.2664,232.3038,0.5516,0.0297,3.9372,113.915,231.3408,0.4926,0.0353,83.0436,138.088,234.1203,0.5895,0.6026
2015-12-30T01:40:59.255Z,5.4933,130.3203,232.3904,0.5601,0.0419,4.752,113.5936,231.501,0.4911,0.0414,84.1368,138.9923,233.9754,0.594,0.6063
2015-12-30T01:41:59.540Z,4.8619,128.0598,231.7335,0.5523,0.0373,4.0526,108.268,230.5578,0.4697,0.0364,83.3521,137.4266,233.201,0.5893,0.6102
2015-12-30T01:42:59.869Z,3.9004,128.9233,231.7152,0.5558,0.0293,4.7878,109.8222,230.2847,0.4773,0.0429,82.0963,138.779,233.0541,0.5951,0.5951
2015-12-30T01:43:59.165Z,4.6482,127.4864,230.761,0.5523,0.0378,3.3193,112.3837,230.7189,0.4871,0.0298,82.7701,137.4196,231.9633,0.5926,0.6052
2015-12-30T01:44:59.418Z,3.5363,128.2889,231.3081,0.5543,0.0286,4.093,109.4632,230.4096,0.4748,0.0379,82.8619,139.3192,232.3621,0.5995,0.5968
2015-12-30T01:45:59.775Z,4.7577,129.9456,232.5199,0.5584,0.0377,4.8373,112.8408,231.0487,0.4884,0.044,83.7171,139.9947,233.4984,0.5992,0.5998
2015-12-30T01:46:59.076Z,3.9469,129.6914,232.4419,0.5576,0.0309,4.5064,112.477,230.8036,0.4874,0.0403,84.3501,138.6867,233.6257,0.594,0.6107
2015-12-30T01:47:59.379Z,4.7508,128.3201,232.5566,0.5515,0.0375,4.3137,110.0707,230.3818,0.4778,0.0395,83.7291,138.3749,233.7107,0.5923,0.6082
2015-12-30T01:48:59.693Z,4.4538,130.204,232.2079,0.56,0.0338,4.6277,110.1221,230.9288,0.4768,0.0436,84.673,141.5812,234.4248,0.6038,0.5998
2015-12-30T01:49:59.940Z,4.3552,127.679,232.2804,0.5493,0.0344,4.5655,110.97,231.1533,0.4801,0.0401,84.6134,139.3363,234.4463,0.5945,0.6086
2015-12-30T01:50:59.227Z,4.3149,126.842,231.8523,0.5467,0.0351,3.8589,109.8968,231.6891,0.4744,0.0406,84.4941,138.6887,234.4831,0.5918,0.612
2015-12-30T01:51:59.475Z,4.5753,130.4136,231.4405,0.5633,0.0346,4.1934,114.5569,231.1823,0.4953,0.0387,82.5468,137.4131,233.6334,0.5882,0.6027
2015-12-30T01:52:59.906Z,4.7,127.1018,231.5527,0.5487,0.0364,4.2025,110.8108,230.6513,0.4804,0.0352,84.0513,138.7857,232.9734,0.596,0.6081
2015-12-30T01:53:59.137Z,4.2598,128.7138,231.7666,0.5544,0.0333,4.4579,112.4051,229.8362,0.489,0.042,82.402,137.1004,232.153,0.59,0.6031
2015-12-30T01:54:59.407Z,4.7479,130.4246,231.7898,0.5623,0.0363,4.5404,111.42,230.1724,0.4838,0.0404,82.8326,138.8516,232.2244,0.598,0.5986
2015-12-30T01:55:59.741Z,5.3514,129.004,231.163,0.5577,0.041,3.5992,111.0711,232.3303,0.478,0.0338,83.1126,140.8014,233.1747,0.6037,0.5927
2015-12-30T01:56:59.135Z,4.4362,127.513,231.1247,0.551,0.035,3.8557,112.3773,233.0994,0.4817,0.0336,83.5572,139.5846,233.6071,0.5974,0.6007
2015-12-30T01:57:59.395Z,4.9402,129.3732,231.4347,0.5589,0.0387,3.5662,113.5185,233.1396,0.4871,0.0314,83.5595,140.356,233.943,0.6005,0.5976
2015-12-30T01:58:59.712Z,3.6982,128.3263,231.1956,0.5549,0.0291,4.4656,113.6329,233.1447,0.4877,0.0398,84.437,139.9756,234.0404,0.598,0.6054
2015-12-30T01:59:59.948Z,5.517,129.9249,231.3049,0.5611,0.0438,4.3829,113.8058,233.3267,0.488,0.038,83.984,141.7465,234.0636,0.6054,0.5943
2015-12-30T02:00:59.347Z,4.8496,124.844,231.2033,0.5403,0.0402,4.6517,110.6046,233.0349,0.4748,0.047,84.2276,137.7333,234.3886,0.5873,0.6187
2015-12-30T02:01:59.639Z,4.3058,128.4829,230.9267,0.556,0.034,3.9205,113.7987,232.3388,0.4897,0.0347,84.4835,139.7615,233.5356,0.5982,0.6069
2015-12-30T02:02:59.949Z,4.6707,128.2126,230.7551,0.5554,0.0375,4.3024,111.2456,231.164,0.4814,0.0386,82.4958,139.2898,232.5047,0.5991,0.5952
2015-12-30T02:03:59.271Z,4.611,128.383,231.0196,0.5558,0.0359,4.0691,112.8299,230.4298,0.4894,0.0371,82.0681,134.6622,231.9018,0.5807,0.6107
2015-12-30T02:04:59.468Z,3.8866,127.8358,231.0768,0.5527,0.031,3.1067,109.9042,230.2497,0.4778,0.03,83.1925,138.7112,232.2633,0.5971,0.6021
2015-12-30T02:05:59.733Z,5.2644,129.4671,231.0571,0.56,0.0408,4.9009,112.8914,232.346,0.4857,0.043,82.1137,137.4779,232.7558,0.59,0.6015
2015-12-30T02:06:59.984Z,3.6469,127.574,232.2234,0.5481,0.0273,4.2384,111.7123,231.8615,0.4816,0.0389,82.4771,137.7932,232.5867,0.5923,0.6026
2015-12-30T02:07:59.194Z,3.9967,129.9739,232.1166,0.5598,0.0311,4.4257,111.3417,231.9546,0.4798,0.04,83.3918,137.4068,232.6939,0.59,0.6092
2015-12-30T02:08:59.467Z,4.5175,131.5004,232.1348,0.5663,0.0337,4.21,111.1669,231.6742,0.48,0.0393,82.9092,138.642,232.474,0.5959,0.6004
2015-12-30T02:09:59.667Z,4.8835,129.6915,232.4345,0.557,0.0381,4.843,111.3136,231.2207,0.4815,0.0431,83.5971,138.9154,232.5664,0.5976,0.6037
2015-12-30T02:10:59.944Z,4.1865,130.5827,231.8131,0.5626,0.0321,4.7484,112.3574,231.347,0.4857,0.0423,82.1804,137.2754,232.3157,0.5907,0.6005
2015-12-30T02:11:59.091Z,3.8983,127.4462,231.6069,0.5493,0.0294,4.0538,110.3881,230.1818,0.4794,0.0352,83.2206,138.6792,232.229,0.5976,0.6028
2015-12-30T02:12:59.239Z,4.0112,128.7268,231.6969,0.5552,0.0296,4.1027,111.5968,230.0648,0.4853,0.0393,83.2904,136.6435,232.5722,0.5874,0.6119
2015-12-30T02:13:59.691Z,4.9653,127.6987,231.2326,0.5518,0.0392,3.5988,113.7219,230.6733,0.4927,0.0311,81.8624,136.7337,231.6846,0.5898,0.6014
2015-12-30T02:14:59.953Z,4.6263,129.8371,231.2413,0.5616,0.0364,3.7237,108.9895,231.1855,0.4714,0.0343,82.9137,139.0667,232.1164,0.5988,0.5984
2015-12-30T02:15:59.103Z,4.5447,128.8912,231.9612,0.5551,0.036,4.016,110.5491,231.5135,0.4772,0.0367,84.2627,140.6853,234.0334,0.6012,0.601
2015-12-30T02:16:59.300Z,4.6185,127.4436,232.1851,0.5485,0.036,4.9036,111.5182,231.916,0.4812,0.0435,84.1493,138.8465,234.3869,0.5921,0.6079
2015-12-30T02:17:59.596Z,4.4203,129.5539,232.3464,0.5573,0.0342,4.1638,109.0543,231.8001,0.4709,0.0388,84.7424,140.4192,234.424,0.5996,0.6052
2015-12-30T02:18:59.797Z,4.7275,129.5365,231.9013,0.5587,0.037,4.1803,112.1073,231.8031,0.4836,0.036,83.4986,140.0792,234.0738,0.599,0.599
2015-12-30T02:19:59.014Z,3.6827,127.7452,231.8781,0.5504,0.0309,4.2634,111.1643,231.9397,0.4797,0.0396,83.4022,138.8692,234.1003,0.5926,0.6038
2015-12-30T02:20:59.219Z,3.1211,127.2966,231.7693,0.5488,0.0243,4.5225,111.0019,231.8249,0.4782,0.042,84.0738,140.5515,234.0526,0.6001,0.6012
2015-12-30T02:21:59.698Z,4.8591,131.0683,232.1704,0.5646,0.0355,4.2485,112.3959,231.8159,0.4848,0.0383,84.2573,139.6189,234.2741,0.5958,0.6061
2015-12-30T02:22:59.007Z,4.1452,129.0227,231.7104,0.5564,0.0309,4.6042,115.038,230.4722,0.4996,0.0414,83.9446,138.2611,233.439,0.5921,0.6088
2015-12-30T02:23:59.258Z,3.4884,128.1234,231.5219,0.5527,0.0263,4.5967,111.0196,230.0085,0.4825,0.0408,83.0947,136.9996,233.5689,0.5865,0.6096
2015-12-30T02:24:59.562Z,3.4585,128.8929,230.9277,0.5582,0.0273,3.7173,108.4466,229.642,0.4723,0.0346,84.0848,140.9481,233.7074,0.6026,0.5998
2015-12-30T02:25:59.852Z,4.5722,129.474,232.1469,0.5574,0.0357,4.3453,108.6598,230.8246,0.4704,0.039,83.1944,140.1855,233.4778,0.6001,0.5963
2015-12-30T02:26:59.108Z,4.5457,129.0201,232.7147,0.5544,0.037,3.9029,111.2934,231.4509,0.4809,0.0369,84.0989,141.768,233.5836,0.6071,0.5961
2015-12-30T02:27:59.385Z,4.0768,127.8443,232.5895,0.5492,0.0322,4.0835,110.3403,231.0248,0.4778,0.0374,83.0268,140.9478,233.0016,0.6048,0.5922
2015-12-30T02:28:59.835Z,3.4526,128.6804,232.9089,0.5515,0.0271,4.8657,113.4055,231.5549,0.4897,0.0445,83.7608,139.7079,232.9628,0.5996,0.6014
2015-12-30T02:29:59.965Z,4.45,130.3192,232.7412,0.5598,0.0334,4.8689,110.8437,231.7153,0.4782,0.0435,82.8071,139.5509,232.8146,0.5993,0.5953
2015-12-30T02:30:59.231Z,4.2521,128.3425,232.63,0.5509,0.0339,4.4033,110.1866,231.2945,0.4761,0.0435,83.8496,138.6554,232.9192,0.5954,0.6104
2015-12-30T02:31:59.511Z,4.7827,128.6845,232.5348,0.5533,0.0368,3.5672,111.5754,231.4699,0.4823,0.0323,83.0371,138.3879,232.7009,0.5939,0.6036
2015-12-30T02:32:59.713Z,3.9952,128.0531,232.0089,0.5518,0.0313,3.8013,110.7153,230.4376,0.4808,0.0342,82.8904,138.4636,231.9035,0.5973,0.602
2015-12-30T02:33:59.971Z,4.4931,130.4481,231.8148,0.5623,0.0347,4.4104,111.759,229.9462,0.4858,0.0389,82.5832,138.4013,232.4333,0.5957,0.5978
2015-12-30T02:34:59.280Z,4.4003,129.5957,231.117,0.5603,0.0337,4.3882,111.426,229.9478,0.4844,0.0389,83.3399,138.355,232.6172,0.5943,0.6049
2015-12-30T02:35:59.540Z,4.143,126.401,232.2498,0.544,0.0314,4.5046,113.858,230.9944,0.4927,0.0415,83.9512,136.5176,232.8405,0.5865,0.621
2015-12-30T02:36:59.836Z,4.8673,129.0505,233.012,0.5537,0.0385,4.1034,113.5423,231.6408,0.4901,0.0369,82.7949,137.8304,233.2409,0.5909,0.6018
2015-12-30T02:37:59.290Z,5.0892,130.5529,233.001,0.5601,0.0388,3.7011,110.2722,231.387,0.4767,0.0317,84.3359,139.7269,233.7356,0.5976,0.607
2015-12-30T02:38:59.509Z,4.2513,129.0892,232.3816,0.5555,0.0338,4.2458,112.6459,230.8535,0.4875,0.0354,83.2416,137.8705,233.3738,0.5905,0.6053
2015-12-30T02:39:59.892Z,3.7364,129.1242,232.6557,0.5549,0.0289,4.1477,111.9757,231.118,0.4843,0.0386,84.2158,138.9942,233.789,0.5938,0.6078
2015-12-30T02:40:59.145Z,4.9696,129.0157,232.3814,0.5546,0.0393,4.3842,111.6033,230.9023,0.4829,0.0399,83.7276,138.9582,233.6809,0.5949,0.6076
2015-12-30T02:41:59.417Z,4.3689,128.9495,232.3522,0.5542,0.0335,3.9111,109.4723,231.0685,0.4737,0.0365,83.0723,139.5756,233.6451,0.5965,0.5964
2015-12-30T02:42:59.767Z,4.8557,128.5678,232.4589,0.5529,0.0379,4.3896,112.7966,230.7887,0.4892,0.0385,84.1929,138.8138,233.422,0.5943,0.6085
2015-12-30T02:43:59.083Z,3.6996,129.3183,232.3925,0.5562,0.0282,4.5893,111.4473,230.4304,0.4837,0.0424,83.1435,139.5687,232.8582,0.5997,0.5982
2015-12-30T02:44:59.482Z,4.3504,129.3892,232.3109,0.5562,0.033,3.9748,110.7251,231.0105,0.4791,0.0361,82.5891,137.985,232.5278,0.5937,0.6016
2015-12-30T02:45:59.776Z,502.7182,809.3591,232.0283,3.494,0.3694,521.6653,832.7874,231.1143,3.6093,0.3706,924.3392,1270.8866,231.2028,5.5053,0.7632
2015-12-30T02:46:59.082Z,1026.5521,1481.6615,231.6494,6.396,0.6927,1071.6143,1553.4244,230.8633,6.7284,0.6894,1567.3669,2167.187,231.0811,9.3779,0.7229
2015-12-30T02:47:59.349Z,1065.2861,1520.1452,231.6617,6.5619,0.7009,1108.3909,1582.8013,230.7751,6.8582,0.7003,1612.389,2199.5777,231.1303,9.516,0.7331
2015-12-30T02:48:59.723Z,1158.4049,1605.3523,231.3187,6.9404,0.7214,1195.4986,1647.9006,230.2033,7.1577,0.7252,1717.203,2282.4773,231.1757,9.8733,0.7519
2015-12-30T02:49:59.948Z,1171.8062,1618.3153,231.4092,6.9931,0.7241,1199.043,1648.4207,229.6397,7.1781,0.7273,1722.7059,2276.1232,230.9332,9.8553,0.7571
2015-12-30T02:50:59.092Z,1159.7623,1609.0966,230.9841,6.9657,0.7209,1203.8256,1649.6507,229.8991,7.1755,0.73,1724.3451,2285.466,231.2599,9.8823,0.754
2015-12-30T02:51:59.421Z,1174.9188,1618.1406,230.7127,7.0136,0.7257,1222.4747,1662.7381,229.7307,7.2376,0.7358,1738.5702,2292.5467,231.0416,9.9224,0.7589
2015-12-30T02:52:59.653Z,1184.5835,1626.4807,230.3849,7.0589,0.7283,1224.61,1659.8122,229.3648,7.2358,0.7374,1746.7392,2289.3988,230.7181,9.9219,0.7629
2015-12-30T02:53:59.945Z,1201.2392,1632.2758,229.7596,7.1036,0.7361,1235.7011,1660.4703,228.5494,7.2643,0.7441,1762.2827,2290.7153,230.0751,9.9562,0.7697
2015-12-30T02:54:59.111Z,1230.2915,1662.5101,230.3002,7.2191,0.7398,1239.557,1665.9891,227.9093,7.3088,0.744,1777.793,2284.6764,229.3649,9.96,0.7777
2015-12-30T02:55:59.601Z,1241.3518,1665.8348,230.0252,7.2413,0.7457,1250.1718,1673.4746,227.5008,7.3554,0.7474,1782.0124,2283.3648,228.9267,9.9733,0.7802
2015-12-30T02:56:59.966Z,1157.177,1597.2314,230.5456,6.9277,0.7233,1154.036,1595.161,227.4824,7.0116,0.7222,1686.3196,2193.6016,228.9086,9.5821,0.7681
2015-12-30T02:57:59.258Z,949.8211,1431.5565,230.988,6.1967,0.6629,934.239,1420.61,227.3838,6.2473,0.6571,1467.8157,2001.9738,229.3576,8.7279,0.7333
2015-12-30T02:58:59.470Z,904.728,1388.6464,231.202,6.006,0.6516,883.0081,1388.4421,227.3143,6.1073,0.6367,1407.0812,1943.8743,229.105,8.4841,0.724
2015-12-30T02:59:59.844Z,918.7152,1398.822,231.255,6.0488,0.6568,897.2239,1392.4543,226.7263,6.1413,0.6444,1423.5481,1951.4703,228.6498,8.5338,0.7296
2015-12-30T03:00:59.176Z,961.3619,1409.8086,232.1572,6.0723,0.6816,898.0601,1427.3272,227.8217,6.2648,0.6293,1383.6881,1888.0769,225.8424,8.3595,0.732
2015-12-30T03:01:59.486Z,941.4223,1410.6313,231.6218,6.0897,0.6679,919.9243,1421.1354,227.2552,6.2529,0.647,1428.9213,1956.7361,228.5389,8.5611,0.7304
2015-12-30T03:02:59.635Z,953.1466,1424.0907,231.3632,6.1549,0.6694,930.2658,1423.5556,227.1553,6.2664,0.6538,1450.4642,1974.2317,228.8743,8.6258,0.735
2015-12-30T03:03:59.996Z,955.203,1430.2264,231.7256,6.1721,0.6678,937.2134,1431.6056,227.6111,6.2887,0.6544,1456.1091,1983.272,229.0057,8.6598,0.7341
2015-12-30T03:04:59.267Z,961.0664,1435.8225,231.8576,6.192,0.6694,943.3865,1439.7436,227.9071,6.3173,0.6552,1458.411,1989.5515,229.1752,8.6815,0.7329
2015-12-30T03:05:59.689Z,974.2683,1446.3086,232.111,6.2307,0.6741,954.635,1455.4711,228.0816,6.3809,0.656,1463.6611,1994.6299,229.375,8.6954,0.7334
2015-12-30T03:06:59.058Z,985.5824,1452.0736,232.1126,6.256,0.679,967.569,1467.6347,228.1014,6.4342,0.6589,1469.5916,1998.3898,229.2402,8.7163,0.7359
2015-12-30T03:07:59.307Z,982.9904,1450.6067,232.0357,6.2513,0.6772,965.3976,1462.3518,227.9552,6.4148,0.6602,1468.0662,1994.3773,229.1589,8.7027,0.736
2015-12-30T03:08:59.622Z,998.5757,1460.5223,232.1322,6.2913,0.6841,977.3714,1473.3286,227.7938,6.4671,0.6628,1479.8943,2002.4427,229.1706,8.7377,0.7397
2015-12-30T03:09:59.998Z,1005.8794,1459.7457,231.7143,6.2987,0.6891,991.929,1482.822,228.2974,6.4947,0.6693,1484.4841,2004.344,228.5233,8.7699,0.7408
2015-12-30T03:10:59.293Z,1011.7679,1457.0496,231.2629,6.2998,0.6945,1000.3635,1487.5272,228.3563,6.5137,0.672,1485.4324,2003.5647,228.2565,8.7771,0.7415
2015-12-30T03:11:59.594Z,1027.415,1470.7372,231.5516,6.3511,0.6992,1012.3229,1507.5454,228.852,6.5866,0.6719,1490.0393,2010.5641,228.4752,8.7993,0.7408
2015-12-30T03:12:59.133Z,1025.66,1468.9098,231.4127,6.3472,0.6982,1012.1834,1503.8138,229.1088,6.5633,0.6731,1488.0345,2009.1284,228.2288,8.803,0.7402
2015-12-30T03:13:59.496Z,1036.0667,1497.1351,231.6634,6.4621,0.6923,1007.3668,1484.9819,227.7178,6.5201,0.6783,1532.7026,2036.4264,228.9036,8.896,0.7527
2015-12-30T03:14:59.852Z,1016.1476,1490.013,231.7501,6.4287,0.6824,992.179,1458.2793,227.134,6.4196,0.6809,1538.1998,2043.0153,229.3863,8.9059,0.7533
2015-12-30T03:15:59.094Z,1034.5247,1485.6331,231.7967,6.4078,0.6966,1014.1372,1505.1961,229.0091,6.5722,0.6743,1510.0242,2024.1656,228.7476,8.8489,0.7459
2015-12-30T03:16:59.352Z,1044.5172,1493.7436,231.9206,6.4399,0.6994,1024.2182,1513.2863,228.7677,6.6144,0.6764,1519.4028,2033.6526,229.0014,8.8797,0.7477
2015-12-30T03:17:59.631Z,1057.2602,1505.4794,231.606,6.4998,0.7024,1037.3332,1522.2309,228.8227,6.652,0.6813,1532.8711,2042.8423,228.7808,8.9283,0.7504
2015-12-30T03:18:59.961Z,1042.3808,1490.574,231.1023,6.4488,0.6996,1027.4514,1501.8749,228.1578,6.5827,0.6837,1527.1021,2038.1817,228.8606,8.9052,0.7508
2015-12-30T03:19:59.261Z,1027.8933,1454.5491,228.3991,6.3676,0.707,1049.5045,1487.7608,227.4906,6.5398,0.7053,1539.5722,2045.0544,227.9888,8.9694,0.7526
2015-12-30T03:20:59.550Z,1026.9393,1437.8847,227.9239,6.308,0.714,1065.9214,1498.5048,227.2154,6.5946,0.7113,1529.3346,2040.1301,227.7911,8.956,0.7499
2015-12-30T03:21:59.858Z,1025.2993,1433.3892,227.9343,6.2883,0.7156,1069.0874,1502.9244,227.4364,6.6076,0.7114,1523.5023,2034.1339,227.3674,8.9462,0.7494
2015-12-30T03:22:59.156Z,1014.6211,1427.1842,227.9747,6.2606,0.7109,1053.6936,1490.3756,227.3824,6.5535,0.7069,1516.0694,2025.1415,227.5869,8.8976,0.749
2015-12-30T03:23:59.466Z,1049.5568,1454.8676,228.4946,6.3663,0.721,1069.7344,1507.749,227.0263,6.6416,0.7094,1529.6773,2026.6151,226.8613,8.9321,0.7541
2015-12-30T03:24:59.761Z,1052.5854,1449.3357,228.0136,6.3554,0.7262,1076.4297,1515.3323,227.069,6.6731,0.7104,1527.7813,2021.6752,226.4122,8.9289,0.7558
2015-12-30T03:25:59.966Z,1038.1797,1444.7873,228.3376,6.327,0.7191,1055.5503,1497.2898,227.1031,6.5929,0.7044,1520.1497,2015.4896,226.8049,8.8859,0.7538
2015-12-30T03:26:59.360Z,1050.4821,1465.2985,228.5028,6.4121,0.7166,1067.4266,1504.0517,227.1029,6.6222,0.7094,1550.6542,2049.9129,227.8325,8.9962,0.7572
2015-12-30T03:27:59.531Z,1029.8976,1449.146,228.5279,6.3403,0.7109,1061.0722,1500.4473,227.4367,6.5969,0.7072,1538.417,2048.2517,228.2028,8.9754,0.7507
2015-12-30T03:28:59.728Z,1038.1078,1484.8634,228.8158,6.489,0.6992,1053.2557,1458.8403,224.599,6.4947,0.7217,1600.5721,2084.6364,228.7391,9.1126,0.7685
2015-12-30T03:29:59.890Z,1027.2229,1473.3864,228.8852,6.4372,0.6977,1047.1224,1455.9227,224.8879,6.4736,0.7187,1587.4303,2078.5221,229.0721,9.0737,0.7637
2015-12-30T03:30:59.127Z,1055.868,1476.0681,228.4426,6.4603,0.7156,1083.1592,1509.8933,226.4542,6.6669,0.7179,1572.3413,2072.7915,228.6622,9.064,0.7593
2015-12-30T03:31:59.281Z,1054.4472,1491.8293,230.1455,6.4813,0.7064,1057.427,1509.8937,227.2883,6.6429,0.7008,1551.4073,2055.6639,229.0997,8.9722,0.7545
2015-12-30T03:32:59.486Z,1071.3282,1508.0536,229.985,6.5568,0.7104,1067.0659,1512.6798,226.839,6.6681,0.7054,1574.7236,2071.3408,229.1247,9.0398,0.7601
2015-12-30T03:33:59.699Z,1056.0893,1498.6887,230.0226,6.5148,0.705,1053.47,1497.8986,226.955,6.5999,0.7036,1571.785,2071.1336,229.3652,9.029,0.7598
2015-12-30T03:34:59.983Z,1073.2871,1522.4097,230.097,6.6156,0.7044,1060.4164,1500.9458,226.805,6.6177,0.7063,1598.1039,2088.0832,229.2471,9.108,0.7651
2015-12-30T03:35:59.264Z,1065.3735,1525.548,230.3252,6.6226,0.6985,1034.445,1469.2055,225.7499,6.5076,0.7042,1599.0917,2080.4706,229.3861,9.0689,0.7686
2015-12-30T03:36:59.517Z,1073.4218,1542.5022,230.5844,6.6888,0.6961,1047.0186,1461.26,224.4313,6.5104,0.7162,1641.5987,2113.3327,229.7226,9.199,0.7781
2015-12-30T03:37:59.849Z,1071.3434,1493.6706,229.8571,6.4971,0.7177,1081.5072,1525.9061,227.1571,6.7168,0.7091,1561.1032,2059.0596,228.1149,9.0257,0.758
2015-12-30T03:38:59.020Z,1085.032,1487.6875,228.7416,6.5033,0.7293,1117.2878,1557.3965,228.1096,6.827,0.7175,1566.8116,2072.7361,227.6958,9.1028,0.7562
2015-12-30T03:39:59.341Z,1064.2254,1476.4882,228.7029,6.4553,0.7206,1107.6918,1543.0842,228.0357,6.7666,0.7187,1569.1078,2084.9471,228.6897,9.1166,0.7524
2015-12-30T03:40:59.668Z,1077.0578,1484.5209,228.7854,6.4886,0.7256,1124.2762,1557.8094,227.9773,6.8324,0.7216,1575.0951,2090.5677,228.56,9.1457,0.7523
2015-12-30T03:41:59.083Z,1064.2922,1477.27,228.6551,6.4605,0.7202,1116.4605,1551.2552,228.2522,6.7958,0.72,1575.252,2096.3922,228.9139,9.1578,0.7508
2015-12-30T03:42:59.407Z,1084.7981,1501.368,228.8531,6.5595,0.7222,1114.0882,1549.3654,227.9876,6.7953,0.7189,1588.7324,2097.7351,228.8651,9.1653,0.7573
2015-12-30T03:43:59.750Z,1090.3448,1501.462,229.0373,6.5554,0.7268,1108.4084,1548.9658,227.9166,6.7953,0.7154,1575.0296,2075.8931,227.9696,9.1057,0.7593
2015-12-30T03:44:59.124Z,1101.7497,1506.1481,228.8217,6.5815,0.7315,1115.1124,1548.6548,227.3128,6.8124,0.7206,1586.1331,2076.5136,227.4023,9.1313,0.7633
2015-12-30T03:45:59.486Z,1096.5184,1500.5284,228.71,6.5604,0.7306,1120.2227,1552.6733,227.5244,6.8239,0.7219,1585.676,2081.5279,227.5242,9.1481,0.7619
2015-12-30T03:46:59.810Z,1097.7968,1500.1972,228.7501,6.5576,0.7319,1124.1619,1551.6002,227.2657,6.8272,0.725,1593.232,2086.786,227.4476,9.1747,0.7638
2015-12-30T03:47:59.051Z,1093.3715,1500.9664,229.1331,6.5501,0.7285,1127.0215,1559.4182,227.6856,6.8485,0.7222,1592.6197,2093.7296,227.6738,9.1954,0.7603
2015-12-30T03:48:59.310Z,1096.3068,1510.7228,229.0832,6.5937,0.7254,1118.5579,1550.4427,227.7956,6.8058,0.7211,1602.0701,2100.2483,228.1451,9.2051,0.7619
2015-12-30T03:49:59.583Z,1107.311,1521.7047,229.2047,6.6384,0.7274,1119.1734,1550.5047,227.5454,6.8134,0.7213,1606.0801,2099.2629,227.9341,9.2092,0.7647
2015-12-30T03:50:59.963Z,1104.1492,1516.2756,228.852,6.6247,0.7281,1115.7154,1540.0087,226.9696,6.7847,0.7244,1607.1956,2092.8077,227.5026,9.1987,0.7681
2015-12-30T03:51:59.305Z,1130.5967,1555.6235,229.9152,6.7655,0.7266,1105.2877,1538.8569,226.4691,6.7944,0.718,1625.6959,2095.845,227.643,9.2067,0.7761
2015-12-30T03:52:59.573Z,1128.2057,1553.2626,229.8866,6.756,0.7267,1095.0431,1531.9196,226.4284,6.7653,0.715,1616.4806,2082.5541,227.5093,9.1528,0.777
2015-12-30T03:53:59.864Z,1126.6133,1556.3956,229.4271,6.7828,0.7239,1104.2474,1523.2868,225.8289,6.745,0.725,1645.0029,2110.7124,227.8556,9.263,0.7794
2015-12-30T03:54:59.188Z,1125.5228,1547.4473,229.5498,6.7413,0.7272,1099.8816,1526.717,225.8835,6.759,0.7202,1624.5785,2089.7625,227.471,9.1864,0.7779
2015-12-30T03:55:59.516Z,1143.845,1559.8048,229.7874,6.7877,0.7333,1114.6746,1548.7046,225.9941,6.8531,0.7196,1622.7368,2087.6703,227.3633,9.1818,0.7769
2015-12-30T03:56:59.850Z,1136.5899,1554.3481,230.182,6.7527,0.7311,1104.4493,1551.4531,226.6201,6.8459,0.7119,1604.6562,2075.1511,227.6721,9.1139,0.7724
2015-12-30T03:57:59.047Z,1146.6661,1559.3924,230.2622,6.7716,0.7357,1140.3527,1585.7172,227.2809,6.9769,0.7195,1620.6093,2108.3128,228.414,9.2298,0.7693
2015-12-30T03:58:59.206Z,1139.4974,1555.5746,230.3761,6.7521,0.7321,1117.0946,1570.3532,227.0761,6.9152,0.711,1601.9379,2086.5739,228.5327,9.1298,0.7676
2015-12-30T03:59:59.405Z,1174.8093,1596.0809,230.7137,6.9174,0.7362,1127.96,1578.952,226.8982,6.9583,0.7148,1633.3936,2102.4706,228.4078,9.2046,0.7773
