2015-12-24T00:00:59.467Z,1196.4976,1602.5617,228.0826,7.0255,0.7461,1238.9412,1632.1098,227.1036,7.1862,0.76,1751.8717,2242.4544,229.4942,9.7708,0.7806
2015-12-24T00:01:59.754Z,1216.1911,1620.0318,228.3356,7.0947,0.7511,1264.1513,1657.4773,227.2826,7.2921,0.7623,1771.1891,2261.8101,229.4614,9.8564,0.7827
2015-12-24T00:02:59.015Z,1191.4358,1596.3597,228.2035,6.995,0.7466,1251.036,1643.9982,227.3106,7.232,0.7612,1752.4627,2249.8972,229.4366,9.8049,0.7794
2015-12-24T00:03:59.380Z,1215.0966,1620.8682,228.1781,7.1037,0.7497,1269.448,1655.4721,227.186,7.2867,0.7664,1787.1888,2279.6043,229.6181,9.928,0.7831
2015-12-24T00:04:59.287Z,1201.8168,1605.0491,228.3251,7.0296,0.7491,1255.0126,1648.5211,227.205,7.2554,0.7612,1759.6627,2252.9241,229.4564,9.8178,0.7806
2015-12-24T00:05:59.527Z,1219.3606,1620.6672,228.029,7.1071,0.7519,1280.4388,1672.3548,227.3517,7.3555,0.766,1781.1801,2279.743,230.0075,9.9113,0.7812
2015-12-24T00:06:59.073Z,1197.5706,1598.2387,227.8978,7.0125,0.75,1272.0889,1665.638,227.7435,7.3131,0.763,1761.722,2269.7818,230.2948,9.8556,0.7772
2015-12-24T00:07:59.425Z,1223.4347,1628.0944,228.3047,7.1307,0.7516,1286.5417,1678.9226,227.4886,7.3793,0.7667,1785.0151,2287.1816,230.2422,9.9329,0.78
2015-12-24T00:08:59.501Z,1210.2088,1617.7577,228.2218,7.088,0.7481,1263.6538,1662.442,227.5528,7.305,0.76,1765.8892,2265.9246,230.2212,9.8417,0.7798
2015-12-24T00:09:59.770Z,1226.6462,1624.4888,227.8211,7.1298,0.7552,1294.9209,1691.9718,228.2066,7.4138,0.7653,1782.3182,2286.7899,230.071,9.939,0.7799
2015-12-24T00:10:59.106Z,1210.6784,1608.9609,227.8972,7.0597,0.7522,1284.7113,1685.2911,228.5253,7.3739,0.7624,1763.6635,2274.0802,230.2983,9.8742,0.776
2015-12-24T00:11:59.840Z,1235.011,1632.3428,228.0157,7.1586,0.7567,1298.6943,1703.4114,228.6761,7.4489,0.7621,1779.6748,2285.1677,230.259,9.9234,0.7792
2015-12-24T00:12:59.123Z,1218.634,1615.1338,227.9591,7.0847,0.7542,1288.5251,1693.356,228.9107,7.397,0.7607,1764.5383,2275.6774,230.1717,9.8866,0.7754
2015-12-24T00:13:59.676Z,1229.4478,1648.5129,228.2934,7.2202,0.7453,1278.3282,1655.8287,226.6436,7.3049,0.772,1831.5893,2321.1194,230.8601,10.0533,0.7884
2015-12-24T00:14:59.016Z,1214.9015,1643.8418,228.2026,7.2032,0.7389,1257.6893,1630.5273,225.9726,7.2141,0.7715,1828.5082,2312.3693,230.9569,10.0113,0.7912
2015-12-24T00:15:59.630Z,1235.4923,1631.0751,228.1869,7.1476,0.7568,1312.4967,1706.6792,228.5831,7.4661,0.7687,1793.6474,2302.9072,230.235,10.002,0.78
2015-12-24T00:16:59.157Z,1226.8393,1625.1782,228.134,7.1236,0.7551,1299.3064,1693.9649,228.4929,7.4131,0.7673,1785.5837,2294.5039,230.2726,9.9642,0.7797
2015-12-24T00:17:59.652Z,1236.795,1630.6617,228.1926,7.1456,0.7581,1317.4119,1713.5494,228.607,7.4954,0.7693,1793.2308,2302.4168,230.1373,10.0033,0.7796
2015-12-24T00:18:59.970Z,1223.4631,1617.9337,228.0037,7.0952,0.7566,1315.4397,1705.0826,228.2866,7.4683,0.7706,1789.2627,2301.0311,230.2453,9.9938,0.7789
2015-12-24T00:19:59.209Z,1232.4702,1633.2301,228.1244,7.1595,0.7543,1313.2365,1696.1598,227.8026,7.4453,0.7744,1811.5566,2314.2145,230.3474,10.0465,0.7825
2015-12-24T00:20:59.411Z,1241.2902,1639.5244,228.4602,7.176,0.7572,1309.0742,1702.7063,228.1517,7.4624,0.7687,1799.7174,2300.5771,229.9326,10.0042,0.7806
2015-12-24T00:21:59.738Z,1272.0649,1651.3781,228.5654,7.2241,0.7707,1311.4907,1717.8037,227.92,7.5368,0.7631,1778.2971,2260.0764,228.2424,9.9019,0.7861
2015-12-24T00:22:59.043Z,1275.0505,1658.5232,228.3027,7.2642,0.769,1307.4116,1709.9733,227.5893,7.5132,0.7648,1788.3902,2265.2295,228.3703,9.9189,0.79
2015-12-24T00:23:59.395Z,1266.4199,1653.1033,228.1463,7.2452,0.7659,1308.8276,1709.1127,228.1881,7.4896,0.7663,1789.7169,2276.9333,228.9116,9.9464,0.7862
2015-12-24T00:24:59.560Z,1276.3529,1674.1278,228.2622,7.3344,0.7621,1299.383,1695.0578,227.5767,7.4475,0.7673,1819.4526,2297.8247,229.6054,10.0065,0.7927
2015-12-24T00:25:59.994Z,1258.3068,1683.0676,228.9769,7.3508,0.7472,1272.1911,1648.91,225.7121,7.3049,0.7717,1848.5586,2317.9746,230.246,10.0664,0.7983
2015-12-24T00:26:59.331Z,1277.7572,1685.1348,228.7944,7.3647,0.7586,1298.8774,1686.5273,226.5809,7.4425,0.7699,1839.9876,2312.839,229.9878,10.0559,0.7965
2015-12-24T00:27:59.574Z,1282.2413,1677.3646,228.8655,7.3284,0.7644,1294.8957,1702.8049,227.4858,7.4848,0.7609,1797.1284,2273.1157,229.1608,9.9188,0.7909
2015-12-24T00:28:59.931Z,1301.4173,1712.5021,230.0372,7.4447,0.76,1291.6434,1701.374,227.1168,7.4911,0.7591,1824.0519,2287.7731,229.2356,9.9796,0.7974
2015-12-24T00:29:59.525Z,1299.1688,1709.1035,230.3626,7.419,0.7603,1275.2585,1692.5378,226.8975,7.4589,0.7536,1804.5592,2268.0613,229.2637,9.8924,0.7956
2015-12-24T00:30:59.753Z,1321.8068,1734.4736,230.2036,7.5346,0.762,1284.976,1702.9083,226.7432,7.51,0.7541,1824.294,2280.0992,229.3542,9.9404,0.8
2015-12-24T00:31:59.531Z,1303.3925,1722.8137,230.1726,7.4845,0.7576,1265.9545,1680.6966,226.6917,7.413,0.7531,1816.1392,2274.6754,229.6783,9.9035,0.7993
2015-12-24T00:32:59.093Z,1309.4417,1732.5534,230.2772,7.5236,0.7563,1292.5813,1704.2439,227.2885,7.4977,0.7589,1844.3183,2314.0766,230.3953,10.0439,0.7981
2015-12-24T00:33:59.326Z,1288.3792,1709.1111,229.9878,7.4311,0.7534,1280.2919,1690.8482,227.3378,7.4373,0.7576,1824.9062,2297.0248,230.2713,9.9749,0.7941
2015-12-24T00:34:59.712Z,1298.6256,1707.3613,229.8448,7.428,0.7604,1322.1629,1725.7816,227.8278,7.5744,0.7666,1841.4931,2324.7708,230.1354,10.1012,0.7935
2015-12-24T00:36:59.979Z,1289.4985,1701.9522,229.8828,7.4034,0.7575,1311.0192,1713.263,227.8067,7.5204,0.7649,1839.0206,2322.7505,230.2818,10.0863,0.791
2015-12-24T00:37:59.322Z,1289.2351,1688.4639,229.6956,7.3506,0.7634,1310.5537,1727.5266,228.3009,7.5669,0.7582,1803.1811,2289.5318,229.6503,9.969,0.7882
2015-12-24T00:38:59.537Z,1307.0675,1709.541,230.1084,7.4289,0.7643,1334.5105,1746.6391,228.4818,7.644,0.7639,1836.3664,2324.3293,229.8923,10.11,0.79
2015-12-24T00:39:59.995Z,1284.9923,1683.2309,230.0403,7.3167,0.7639,1322.949,1742.0019,228.9624,7.6077,0.7592,1804.2692,2300.7136,229.8383,10.0094,0.784
2015-12-24T00:40:59.504Z,1308.6682,1693.9685,229.8464,7.3693,0.7718,1360.9828,1778.9086,229.3174,7.7568,0.7651,1818.2506,2318.5405,229.5197,10.1014,0.7834
2015-12-24T00:41:59.862Z,1286.226,1685.9388,229.8064,7.3361,0.7628,1324.9315,1736.499,228.6646,7.5931,0.7622,1814.4565,2306.7101,229.7908,10.0379,0.7876
2015-12-24T00:42:59.233Z,1303.7572,1697.9161,229.5203,7.3975,0.7681,1354.4201,1759.364,228.6515,7.6947,0.7694,1839.7919,2333.3781,229.7573,10.1551,0.7897
2015-12-24T00:43:59.447Z,1283.0874,1676.4222,229.5761,7.3015,0.7654,1333.9002,1750.0638,228.9751,7.6426,0.7613,1803.3452,2305.0154,229.8596,10.0273,0.7811
2015-12-24T00:44:59.351Z,1302.9758,1694.545,229.5024,7.3826,0.769,1359.937,1765.1714,228.5769,7.7218,0.7703,1842.3251,2339.9785,230.1577,10.166,0.7861
2015-12-24T00:45:59.562Z,1289.2762,1691.5582,229.7489,7.3624,0.7612,1322.896,1728.6806,227.7597,7.5894,0.7656,1825.9508,2312.6367,229.9537,10.0564,0.7896
2015-12-24T00:46:59.872Z,1303.9261,1700.5407,229.6039,7.4057,0.7672,1354.8125,1756.2954,227.9029,7.7058,0.7707,1848.1824,2336.1188,229.86,10.1625,0.7907
2015-12-24T00:47:59.137Z,1292.0614,1684.0524,229.465,7.3384,0.7678,1338.1303,1736.8397,227.4467,7.6359,0.7702,1827.5036,2311.5197,229.4239,10.0756,0.7902
2015-12-24T00:48:59.786Z,1314.1808,1697.7808,229.5762,7.3951,0.7746,1365.3611,1766.8978,227.5706,7.7638,0.7725,1839.8587,2323.6502,229.2485,10.1352,0.7911
2015-12-24T00:49:59.126Z,1302.021,1685.1598,229.3313,7.3476,0.7717,1341.3539,1740.4576,226.8285,7.6728,0.7708,1821.9928,2299.3159,228.8151,10.0482,0.7909
2015-12-24T00:50:59.464Z,1330.82,1715.9752,229.4379,7.4789,0.7753,1350.7251,1751.1888,227.0336,7.7128,0.7712,1845.6011,2310.646,228.5878,10.1074,0.7987
2015-12-24T00:51:59.763Z,1315.1631,1707.3433,229.4833,7.4393,0.7704,1330.5821,1733.2698,226.9863,7.6356,0.7676,1831.9798,2299.4412,228.8493,10.0474,0.798
2015-12-24T00:52:59.994Z,1329.4156,1718.3037,229.3317,7.4922,0.7734,1344.8399,1744.4074,226.8169,7.6904,0.7711,1847.1219,2311.0281,228.8716,10.097,0.7998
2015-12-24T00:53:59.225Z,1321.5069,1710.7755,229.2985,7.4602,0.7724,1332.7018,1736.0823,227.0292,7.6469,0.768,1836.2572,2299.2505,228.6463,10.0551,0.799
2015-12-24T00:54:59.155Z,1362.207,1736.1555,229.9345,7.5506,0.784,1334.1829,1754.9496,227.0256,7.7299,0.7608,1814.1698,2256.4493,226.3722,9.9667,0.803
2015-12-24T00:55:59.486Z,1308.069,1707.3655,228.8334,7.4608,0.766,1330.693,1719.9031,226.8058,7.5827,0.7736,1857.2857,2325.8007,229.37,10.1398,0.7997
2015-12-24T00:56:59.722Z,1312.8099,1707.9613,229.1703,7.4531,0.7688,1345.5097,1740.9345,227.3794,7.6558,0.7724,1853.8455,2331.5915,229.6441,10.1528,0.7957
2015-12-24T00:57:59.119Z,1321.6844,1710.8475,228.9031,7.4732,0.7724,1341.8792,1745.6869,227.4161,7.6761,0.769,1838.7726,2310.4653,228.9761,10.0897,0.7965
2015-12-24T00:58:59.023Z,1317.207,1717.6885,229.3675,7.4885,0.7665,1337.2183,1739.734,227.779,7.6372,0.7684,1852.8683,2328.192,229.9449,10.1247,0.7962
2015-12-24T00:59:59.413Z,1316.2421,1715.6739,229.2065,7.4846,0.7673,1344.5487,1745.0703,227.8218,7.6591,0.7707,1854.0951,2332.344,229.8665,10.146,0.7942
2015-12-24T01:00:59.805Z,1312.7087,1708.0557,228.8743,7.4628,0.7683,1340.9215,1739.3379,227.3908,7.649,0.7709,1849.0648,2326.8425,229.7433,10.1274,0.7946
2015-12-24T01:01:59.576Z,1320.5238,1723.3142,228.7077,7.5343,0.7657,1340.5395,1735.1359,227.1003,7.6399,0.7717,1868.3078,2340.6959,230.234,10.1663,0.7987
2015-12-24T01:02:59.786Z,1303.0454,1715.4203,229.091,7.4874,0.7596,1327.8083,1717.3904,227.0342,7.5642,0.7731,1869.7792,2347.9565,230.4734,10.1866,0.7983
2015-12-24T01:03:59.164Z,1312.863,1725.0749,229.2248,7.5254,0.7609,1339.0489,1728.0155,227.2839,7.6031,0.7746,1884.4832,2360.4494,230.1847,10.2547,0.7997
2015-12-24T01:04:59.390Z,1310.4479,1725.2578,229.5393,7.5158,0.7593,1317.154,1712.8336,227.1992,7.5391,0.7693,1867.8625,2335.6412,229.713,10.167,0.8007
2015-12-24T01:05:59.676Z,1336.3783,1759.0256,229.6447,7.6594,0.7603,1314.75,1711.787,226.8264,7.5464,0.7683,1890.3692,2346.3933,230.0149,10.201,0.8061
2015-12-24T01:06:59.195Z,1320.9609,1748.8368,229.9898,7.6034,0.7559,1298.8351,1694.6982,226.3943,7.4855,0.7656,1882.499,2340.6178,230.4518,10.1558,0.8033
2015-12-24T01:07:59.642Z,1337.8694,1782.4774,230.2555,7.741,0.7499,1294.6799,1668.5469,224.0196,7.4475,0.7762,1936.9484,2374.3867,230.8579,10.2844,0.8163
2015-12-24T01:08:59.051Z,1318.2006,1732.9638,229.6089,7.5471,0.7606,1317.9289,1712.8603,226.2203,7.5707,0.7699,1866.6349,2329.9736,230.2847,10.1175,0.8017
2015-12-24T01:09:59.433Z,1335.9689,1740.172,229.6272,7.5779,0.7679,1355.3365,1757.9553,227.6402,7.722,0.7709,1873.7679,2348.3683,230.2544,10.1985,0.7998
2015-12-24T01:10:59.974Z,1319.4093,1732.4549,229.8144,7.5381,0.7617,1322.6858,1726.971,227.1915,7.6008,0.7666,1858.2301,2331.1606,230.521,10.1118,0.7982
2015-12-24T01:11:59.571Z,1336.0665,1746.7668,229.7251,7.6036,0.7649,1352.4644,1754.0878,227.5319,7.7089,0.7705,1880.6036,2357.5435,230.6085,10.2219,0.7977
2015-12-24T01:12:59.840Z,1303.1708,1713.0973,229.6976,7.4574,0.7607,1338.6846,1735.3063,227.4145,7.6302,0.7716,1863.5422,2350.4675,230.9053,10.1793,0.7912
2015-12-24T01:13:59.363Z,1325.0785,1735.7825,229.8662,7.5513,0.7628,1361.2829,1750.6662,227.137,7.7077,0.7777,1897.7366,2382.8833,231.0703,10.3123,0.7984
2015-12-24T01:14:59.643Z,1317.0581,1714.1815,229.3538,7.4737,0.7685,1340.1902,1741.5831,227.4848,7.6561,0.7692,1849.4842,2324.9889,229.6399,10.1243,0.794
2015-12-24T01:15:59.962Z,1358.9874,1761.0604,229.3762,7.6772,0.7716,1346.3384,1748.0644,227.212,7.693,0.7696,1882.5892,2339.1297,229.2534,10.2029,0.8049
2015-12-24T01:16:59.523Z,1327.392,1730.2134,229.6214,7.5349,0.7676,1332.6517,1739.2002,227.7584,7.6363,0.7661,1855.8075,2326.0733,229.666,10.1278,0.7986
2015-12-24T01:17:59.799Z,1346.1537,1738.6812,229.5787,7.5728,0.7735,1369.3878,1772.4945,227.841,7.7789,0.772,1872.6343,2348.0873,229.5242,10.2296,0.7991
2015-12-24T01:18:59.213Z,1319.6256,1716.6314,229.5637,7.4776,0.769,1347.4701,1750.5928,227.8899,7.6813,0.7695,1853.6282,2331.9706,229.5802,10.1574,0.7943
2015-12-24T01:19:59.471Z,1349.0694,1753.43,229.8512,7.6283,0.769,1359.6949,1756.3725,227.1569,7.7316,0.7737,1889.6646,2360.5935,230.037,10.2612,0.7994
2015-12-24T01:20:59.343Z,1323.2751,1732.6191,230.0547,7.5306,0.7639,1333.3828,1734.4617,227.306,7.63,0.7689,1867.7592,2342.6793,230.1832,10.177,0.7982
2015-12-24T01:21:59.739Z,1346.5816,1755.8835,230.1703,7.628,0.7665,1355.3606,1751.5307,226.8693,7.7204,0.7731,1898.0453,2366.6157,230.126,10.283,0.8007
2015-12-24T01:22:59.312Z,1322.912,1723.7539,230.1651,7.4886,0.7678,1348.8477,1756.0349,227.9413,7.7034,0.768,1856.4912,2335.9033,229.741,10.167,0.7942
2015-12-24T01:23:59.888Z,1343.4731,1744.3652,230.0001,7.5843,0.7703,1370.2004,1768.31,227.6653,7.7672,0.7752,1888.9536,2365.6122,229.9437,10.2874,0.7993
2015-12-24T01:24:59.570Z,1318.1364,1717.9519,229.481,7.4861,0.7674,1352.8283,1750.7936,227.4382,7.698,0.7725,1864.4852,2345.2917,229.9982,10.1964,0.795
2015-12-24T01:25:59.812Z,1337.3118,1740.6789,229.601,7.5811,0.7685,1375.0952,1775.0243,228.0989,7.782,0.7742,1885.433,2372.426,230.6586,10.2848,0.7947
2015-12-24T01:26:59.061Z,1318.5643,1734.8471,229.9284,7.5449,0.7601,1344.6334,1744.8884,228.1062,7.6493,0.7702,1880.2202,2368.003,231.217,10.241,0.7929
2015-12-24T01:27:59.596Z,1331.9471,1744.8196,230.1708,7.5803,0.7631,1368.2847,1767.3674,228.2789,7.7415,0.774,1894.8943,2386.4752,231.2225,10.3207,0.7928
2015-12-24T01:28:59.851Z,1314.4454,1729.8488,229.7267,7.5296,0.7599,1352.9666,1750.7069,228.4022,7.6644,0.7721,1887.953,2379.4727,231.1246,10.2949,0.7931
2015-12-24T01:29:59.153Z,1333.5587,1740.0466,229.7297,7.5738,0.7663,1370.9732,1772.4964,228.5399,7.7556,0.7729,1890.6699,2381.3767,230.8801,10.3141,0.7932
2015-12-24T01:30:59.474Z,1333.4247,1725.3389,229.8907,7.5047,0.7724,1380.8243,1797.3112,229.456,7.833,0.7683,1854.7655,2353.1898,230.4483,10.211,0.7897
2015-12-24T01:31:59.825Z,1347.4207,1737.8745,229.8662,7.5602,0.7753,1386.5808,1803.2567,229.442,7.8593,0.7696,1862.7093,2356.0711,230.2529,10.2318,0.7901
2015-12-24T01:32:59.262Z,1334.367,1727.4415,229.8084,7.5162,0.7726,1377.6253,1790.9751,229.2318,7.8125,0.7694,1861.7545,2358.1523,230.4203,10.2337,0.7895
2015-12-24T01:33:59.557Z,1341.1913,1736.1591,229.9491,7.5496,0.7726,1380.3021,1793.1228,228.9981,7.8301,0.7701,1866.4673,2356.783,230.2212,10.2367,0.7904
2015-12-24T01:34:59.766Z,1342.4619,1745.7863,229.9483,7.5911,0.7692,1371.6058,1781.0257,228.4061,7.7968,0.77,1878.9565,2365.3203,230.755,10.2506,0.7942
2015-12-24T01:35:59.078Z,1339.3676,1753.5643,230.0744,7.6213,0.7638,1357.7007,1754.8542,227.65,7.7083,0.7739,1895.584,2374.679,230.9059,10.284,0.7993
2015-12-24T01:36:59.770Z,1342.9257,1759.8912,230.2245,7.644,0.7629,1356.9274,1755.046,227.5411,7.7125,0.7727,1901.2176,2379.1669,231.0565,10.297,0.7998
2015-12-24T01:38:59.329Z,1340.6752,1755.3501,230.2417,7.6235,0.7637,1360.5884,1760.5201,227.6231,7.7336,0.773,1898.0305,2378.4318,231.1222,10.2903,0.7993
2015-12-24T01:39:59.611Z,1343.8587,1767.3527,230.5395,7.6665,0.7603,1338.8712,1738.8861,226.8416,7.6653,0.7702,1899.6686,2370.3148,231.325,10.2461,0.8005
2015-12-24T01:40:59.917Z,1349.0044,1769.2426,230.393,7.6791,0.7622,1360.2131,1759.6071,227.3674,7.7387,0.7728,1911.5953,2388.1229,231.2516,10.3269,0.8001
2015-12-24T01:41:59.246Z,1344.7832,1757.9485,230.3352,7.6316,0.7653,1346.9702,1751.237,227.3352,7.7032,0.7693,1890.161,2361.0989,230.6355,10.237,0.8006
2015-12-24T01:42:59.573Z,1365.2737,1773.3236,230.2742,7.7004,0.7699,1365.816,1768.4494,227.3983,7.7765,0.7722,1900.6421,2369.1603,230.3058,10.286,0.8015
2015-12-24T01:43:59.045Z,1339.8173,1750.426,230.0035,7.6098,0.7663,1351.656,1749.0558,227.3518,7.6926,0.7727,1890.8209,2364.5295,230.3167,10.266,0.7999
2015-12-24T01:44:59.495Z,1358.2033,1758.0756,229.7728,7.6504,0.7727,1379.4307,1776.3155,227.533,7.8061,0.7769,1904.1799,2379.6119,230.2488,10.3345,0.8
2015-12-24T01:45:59.781Z,1337.1187,1728.1068,228.8341,7.5511,0.7738,1373.2859,1775.4564,228.6393,7.7653,0.7731,1868.288,2351.3676,229.7905,10.2318,0.7944
2015-12-24T01:46:59.224Z,1360.6281,1745.5632,228.6019,7.6355,0.7797,1390.9578,1793.5194,228.7927,7.8383,0.7756,1886.9358,2365.7457,229.4266,10.3109,0.7991
2015-12-24T01:47:59.587Z,1352.8726,1740.2438,229.5292,7.5811,0.7781,1367.9016,1781.9861,228.734,7.7907,0.7675,1853.1913,2328.3269,229.066,10.164,0.7966
2015-12-24T01:48:59.688Z,1371.2619,1758.7828,229.6562,7.6583,0.78,1394.4545,1802.1509,228.3797,7.8909,0.7744,1881.0053,2359.4801,229.3391,10.2874,0.7985
2015-12-24T01:49:59.896Z,1336.9059,1725.085,229.921,7.5024,0.7747,1383.2411,1795.8832,228.9163,7.845,0.7702,1852.6502,2346.3838,229.9743,10.2018,0.7895
2015-12-24T01:50:59.152Z,1351.3015,1734.4523,229.8352,7.546,0.779,1418.3739,1829.85,229.3209,7.9791,0.7752,1879.9161,2383.205,230.3177,10.3469,0.7893
2015-12-24T01:51:59.725Z,162.8302,306.8829,231.3237,1.3315,0.1355,159.1373,290.8304,231.1225,1.2631,0.1255,329.2821,447.5007,232.7787,1.9356,0.499
2015-12-24T01:52:59.029Z,3.8281,115.0464,231.6592,0.496,0.0317,3.4467,99.5699,231.6067,0.4301,0.0344,3.8317,100.8001,234.0161,0.43,0.037
2015-12-24T01:53:59.575Z,4.1018,116.0477,231.4116,0.501,0.0353,3.7814,100.4318,231.3154,0.4337,0.0366,3.1604,100.1342,233.7346,0.4288,0.0321
2015-12-24T01:54:59.056Z,3.3601,115.1794,231.7687,0.4966,0.0291,4.6607,98.6858,231.1618,0.4269,0.0463,3.8462,102.3441,234.1887,0.4369,0.0381
2015-12-24T01:55:59.330Z,4.439,112.4547,231.7401,0.4854,0.0396,3.5218,96.9782,231.4092,0.4192,0.0398,3.1689,97.2527,234.1407,0.415,0.0335
2015-12-24T01:56:59.602Z,4.6235,116.5937,231.7765,0.5027,0.04,3.9723,99.1174,231.2895,0.4282,0.0395,3.354,99.1195,234.2327,0.4236,0.0329
2015-12-24T01:57:59.836Z,3.6667,116.474,231.8584,0.5021,0.0304,3.8523,99.0711,231.4756,0.428,0.0381,3.7934,101.4952,234.364,0.4332,0.0379
2015-12-24T01:58:59.517Z,4.4603,114.8108,231.7871,0.4951,0.0387,3.7347,98.9251,231.7703,0.427,0.0375,3.2812,99.364,234.1071,0.4242,0.0332
2015-12-24T01:59:59.939Z,2.0929,114.8519,231.9577,0.4949,0.0189,4.9523,100.7181,231.8022,0.4344,0.0477,3.169,97.3068,233.9795,0.4165,0.0334
