2015-11-29T00:00:59.414Z,1037.5818,1437.4353,225.133,6.3846,0.722,1205.1627,1569.9422,228.8894,6.8589,0.7676,1662.989,2217.4842,229.859,9.6469,0.7503
2015-11-29T00:01:59.837Z,1028.0953,1438.5198,225.9001,6.3679,0.7143,1212.141,1587.0019,229.8301,6.9052,0.764,1659.718,2234.4151,230.7918,9.6809,0.7421
2015-11-29T00:02:59.379Z,1042.3984,1451.9583,225.7838,6.4299,0.7185,1217.93,1599.9619,230.0434,6.9552,0.7611,1662.8412,2240.7135,231.4487,9.6809,0.741
2015-11-29T00:03:59.877Z,1036.9893,1445.2529,225.9559,6.3961,0.7171,1214.2681,1600.5619,230.1614,6.9539,0.7589,1649.9032,2229.7311,231.3447,9.6377,0.7401
2015-11-29T00:04:59.491Z,1041.476,1449.4501,226.3006,6.4045,0.7181,1212.2776,1603.2117,230.1457,6.966,0.7564,1647.603,2225.4522,231.4261,9.616,0.7398
2015-11-29T00:05:59.097Z,1041.9781,1450.4279,226.2529,6.4104,0.7184,1222.2881,1609.0225,230.074,6.9934,0.7597,1657.9802,2240.0804,231.553,9.673,0.7398
2015-11-29T00:06:59.690Z,1032.092,1437.27,226.0704,6.3578,0.718,1229.5963,1613.0582,230.4594,6.9986,0.7624,1654.5497,2246.1476,231.7329,9.6921,0.7362
2015-11-29T00:07:59.028Z,1032.0638,1429.4236,226.2409,6.3174,0.7216,1245.9545,1632.5544,230.6638,7.0769,0.7635,1647.6045,2248.6667,231.6283,9.7076,0.7319
2015-11-29T00:08:59.335Z,1043.0278,1446.1729,226.3841,6.3883,0.7214,1228.3786,1618.4931,230.2277,7.0294,0.7588,1653.4379,2236.6153,231.5806,9.6579,0.7392
2015-11-29T00:09:59.728Z,1037.6789,1446.9341,226.7237,6.3812,0.7168,1225.3496,1615.8708,230.5209,7.0094,0.7579,1653.0707,2240.1844,231.8624,9.661,0.7391
2015-11-29T00:10:59.430Z,1051.5973,1461.0172,226.9392,6.4371,0.72,1230.811,1626.4233,230.7463,7.048,0.757,1659.2576,2243.6075,231.7887,9.6792,0.7399
2015-11-29T00:11:59.185Z,1053.192,1461.1831,226.8094,6.4424,0.7206,1223.8849,1618.7439,230.3892,7.0258,0.7563,1657.2988,2236.6061,231.7887,9.6487,0.7402
2015-11-29T00:12:59.539Z,1060.3354,1472.6139,227.2664,6.4796,0.7202,1221.6448,1621.6839,230.3232,7.0407,0.7534,1662.5836,2242.0444,232.1884,9.6556,0.7401
2015-11-29T00:13:59.836Z,1041.8677,1465.1364,226.79,6.4599,0.7107,1226.8007,1614.9457,230.646,7.0019,0.7598,1682.8193,2273.4747,232.9409,9.7591,0.7402
2015-11-29T00:14:59.648Z,1038.6269,1466.8604,226.6197,6.4721,0.7078,1206.7528,1588.2725,229.9976,6.9051,0.7596,1683.1028,2258.9313,232.4099,9.7193,0.7445
2015-11-29T00:15:59.611Z,1060.3953,1499.5999,228.144,6.5727,0.7071,1199.7979,1595.7668,230.0794,6.9348,0.7512,1695.4009,2263.7868,232.5946,9.7323,0.75
2015-11-29T00:16:59.135Z,1064.7573,1504.1584,228.7828,6.5741,0.7084,1184.3299,1592.1565,230.0649,6.9205,0.7436,1676.9515,2238.5342,232.104,9.6443,0.749
2015-11-29T00:17:59.701Z,1079.3999,1505.4009,229.1738,6.5684,0.7178,1211.9056,1624.6116,230.4808,7.0484,0.7463,1675.7866,2245.2067,231.8748,9.6821,0.7477
2015-11-29T00:18:59.774Z,1076.4257,1496.5924,228.6102,6.5463,0.7193,1209.905,1615.0418,230.0626,7.0198,0.7488,1674.4574,2238.3992,231.3819,9.6727,0.7491
2015-11-29T00:19:59.004Z,1078.0935,1489.7736,228.022,6.5333,0.7234,1221.7245,1625.624,230.1525,7.063,0.7517,1670.6953,2234.3247,231.2949,9.6599,0.7484
2015-11-29T00:20:59.185Z,1090.8961,1492.968,228.1639,6.543,0.7307,1232.9754,1644.142,230.1071,7.1449,0.7504,1663.4948,2226.4977,231.2943,9.6257,0.748
2015-11-29T00:21:59.505Z,1096.1152,1506.9497,228.658,6.5901,0.7269,1203.3112,1624.9138,229.9493,7.0661,0.7411,1651.1369,2201.9069,231.1378,9.5261,0.75
2015-11-29T00:22:59.960Z,1104.0793,1516.1001,228.6177,6.6312,0.7287,1212.3008,1625.9439,229.6819,7.0788,0.7454,1670.3103,2216.7599,230.9293,9.5987,0.7527
2015-11-29T00:23:59.250Z,1099.9872,1508.9655,228.4826,6.6043,0.7291,1215.593,1628.3648,229.7969,7.086,0.7467,1669.4518,2217.6974,230.9418,9.6026,0.7524
2015-11-29T00:24:59.403Z,1118.2963,1522.8098,228.4314,6.666,0.7344,1206.7224,1628.2676,229.6741,7.0893,0.741,1657.4007,2193.0296,230.2389,9.5242,0.7554
2015-11-29T00:25:59.759Z,1111.3599,1504.3657,227.1188,6.6231,0.7388,1227.5994,1634.2977,229.8737,7.1091,0.7513,1665.5187,2206.1672,229.9477,9.5939,0.7551
2015-11-29T00:26:59.608Z,1121.3602,1508.1552,227.3226,6.6339,0.7442,1201.2248,1621.4133,230.0452,7.0482,0.741,1639.9958,2161.5579,228.2817,9.4688,0.7591
2015-11-29T00:27:59.932Z,1103.2921,1507.6136,226.7124,6.6497,0.7318,1214.6644,1612.858,229.5859,7.025,0.7534,1682.062,2219.168,230.3456,9.6327,0.7588
2015-11-29T00:28:59.604Z,1103.7315,1520.498,227.5284,6.6825,0.7264,1204.2099,1602.8839,228.9475,7.0002,0.7511,1686.9884,2220.8245,230.7111,9.6249,0.7598
2015-11-29T00:29:59.659Z,1096.1326,1512.0516,227.6767,6.6407,0.7247,1211.3327,1611.7497,229.3061,7.0282,0.7514,1686.4391,2229.1451,231.0118,9.649,0.7576
2015-11-29T00:31:59.326Z,1099.3501,1512.0289,228.1055,6.6286,0.7273,1218.5255,1626.9464,229.9132,7.0757,0.7492,1679.4305,2229.8652,230.7686,9.662,0.7525
2015-11-29T00:32:59.119Z,1095.5655,1511.6563,228.4763,6.6155,0.7251,1227.693,1640.1171,230.4563,7.1162,0.7489,1677.8876,2239.3374,231.1802,9.686,0.7496
2015-11-29T00:33:59.240Z,1100.8688,1527.9929,229.0088,6.6716,0.7207,1216.2363,1632.1447,230.266,7.0875,0.7453,1689.0811,2245.6079,231.6771,9.6921,0.7518
2015-11-29T00:34:59.482Z,1102.5164,1529.8319,229.0852,6.6781,0.7208,1216.165,1630.2271,230.3357,7.0767,0.7461,1690.2064,2247.9741,231.5698,9.7068,0.751
2015-11-29T00:35:59.738Z,1103.5102,1529.2591,228.987,6.6779,0.7214,1210.3223,1629.2641,230.3688,7.0726,0.7423,1682.6898,2238.693,231.7403,9.66,0.7508
2015-11-29T00:36:59.101Z,1104.536,1529.5334,229.1128,6.6757,0.722,1216.9509,1638.9135,230.6176,7.1057,0.7421,1679.5542,2240.0625,231.8437,9.6613,0.7498
2015-11-29T00:37:59.669Z,1104.8899,1524.2,229.3833,6.6448,0.7251,1222.237,1656.5342,231.2897,7.1619,0.7377,1659.3513,2225.5,231.4867,9.6137,0.7458
2015-11-29T00:38:59.648Z,1113.5558,1524.6051,229.1847,6.652,0.73,1226.9041,1656.3754,230.6826,7.1802,0.741,1664.0462,2224.2232,231.0711,9.6258,0.7486
2015-11-29T00:39:59.038Z,1101.4335,1513.4926,229.1298,6.6049,0.7277,1230.7991,1655.403,230.8919,7.1692,0.7438,1663.8567,2228.586,231.0495,9.6448,0.7472
2015-11-29T00:40:59.636Z,1101.3401,1511.2154,228.373,6.6169,0.7282,1233.9464,1647.9979,230.6211,7.1449,0.7491,1674.8811,2233.5799,230.9302,9.6719,0.7496
2015-11-29T00:41:59.499Z,1096.0939,1515.1339,228.3579,6.6343,0.724,1228.9319,1635.5034,230.3943,7.0985,0.7511,1688.947,2252.5498,231.5843,9.7265,0.7498
2015-11-29T00:42:59.727Z,1089.4769,1510.7522,228.3572,6.615,0.7216,1231.551,1637.04,230.4603,7.1024,0.7523,1689.6453,2257.7768,231.8087,9.7394,0.7493
2015-11-29T00:43:59.585Z,1104.0843,1527.2821,228.753,6.6765,0.7226,1225.857,1635.1761,229.9931,7.1096,0.7497,1694.4397,2249.2967,231.6045,9.7113,0.7527
2015-11-29T00:44:59.340Z,1113.0661,1536.963,229.2828,6.703,0.7241,1210.4799,1625.5462,229.3094,7.0883,0.745,1684.2277,2228.2239,231.2243,9.6361,0.7559
2015-11-29T00:45:59.588Z,1120.7927,1538.2942,229.0634,6.7147,0.7283,1219.0035,1634.6673,229.1738,7.1324,0.7457,1687.9864,2229.1412,231.1553,9.643,0.7581
2015-11-29T00:46:59.041Z,1112.5707,1538.2618,229.0556,6.7154,0.7226,1204.3751,1617.3934,229.2039,7.0566,0.7453,1688.3401,2225.5787,231.007,9.6334,0.7592
2015-11-29T00:47:59.068Z,1118.0648,1526.1064,228.8518,6.6684,0.7322,1235.1738,1650.7893,230.0614,7.1754,0.7487,1678.342,2226.9306,230.4026,9.6643,0.7534
2015-11-29T00:48:59.623Z,1108.9687,1515.4853,229.3498,6.6076,0.7318,1237.682,1660.8798,230.6321,7.2009,0.7454,1662.7938,2222.2046,230.6089,9.6359,0.7488
2015-11-29T00:49:59.364Z,1101.7024,1513.4453,228.9696,6.61,0.7276,1248.9564,1656.8302,230.4862,7.1885,0.7538,1689.149,2256.0208,231.0357,9.7643,0.7494
2015-11-29T00:50:59.828Z,1086.1589,1499.9651,228.8235,6.5543,0.7243,1242.3685,1649.1757,230.5926,7.1519,0.7531,1679.3436,2250.5165,231.1134,9.7379,0.7467
2015-11-29T00:51:59.238Z,1103.1715,1513.2874,229.0492,6.6067,0.7291,1256.3243,1659.8376,230.4235,7.2031,0.7573,1693.6914,2261.9464,231.1855,9.7838,0.7494
2015-11-29T00:52:59.734Z,1082.6048,1513.9009,229.1254,6.607,0.7158,1226.7999,1618.1144,229.0963,7.062,0.7584,1710.7374,2272.371,232.0916,9.7898,0.7531
2015-11-29T00:53:59.920Z,1083.199,1545.8576,229.2689,6.7422,0.7009,1211.9952,1582.5575,227.9079,6.9429,0.766,1771.4007,2317.4556,233.0221,9.9446,0.7649
2015-11-29T00:54:59.066Z,1081.6011,1523.9847,229.2718,6.6471,0.7094,1219.7406,1618.25,230.1801,7.0294,0.7536,1713.856,2281.1054,232.4333,9.8134,0.752
2015-11-29T00:55:59.883Z,1095.9739,1533.3332,229.4732,6.6817,0.7141,1247.7627,1657.0906,231.4449,7.1588,0.7533,1717.065,2301.3139,233.07,9.874,0.7471
2015-11-29T00:56:59.132Z,1083.4611,1518.4202,229.8649,6.6049,0.7137,1237.21,1654.7963,231.3883,7.1509,0.7475,1691.9938,2282.6551,233.0373,9.7949,0.7408
2015-11-29T00:57:59.449Z,1113.191,1530.369,229.6792,6.6636,0.7268,1260.0562,1686.1561,231.6688,7.2779,0.7473,1689.4636,2272.6068,232.4291,9.7766,0.7426
2015-11-29T00:58:59.363Z,1098.5743,1504.959,229.0151,6.571,0.7302,1255.9066,1682.2078,231.6271,7.2621,0.7469,1661.2247,2246.6206,231.9503,9.6844,0.7396
2015-11-29T00:59:59.583Z,1112.5891,1516.4699,229.0302,6.6208,0.7336,1272.4794,1696.4008,231.5003,7.3273,0.75,1678.9132,2263.177,232.0304,9.7529,0.7407
