2015-12-18T00:00:59.865Z,1080.7489,1481.6216,228.9264,6.4722,0.7293,1196.5968,1641.5048,231.2581,7.0979,0.7291,1616.6993,2218.7704,230.1611,9.6396,0.7289
2015-12-18T00:01:59.156Z,1148.1242,1539.7234,228.8675,6.7273,0.7448,1261.9291,1702.2499,230.9237,7.3715,0.7415,1675.0627,2264.3528,230.0317,9.8436,0.7399
2015-12-18T00:02:59.597Z,1181.4847,1571.8527,228.84,6.8684,0.7511,1289.5671,1728.055,230.9336,7.4826,0.7466,1709.4586,2286.7187,229.671,9.9557,0.7484
2015-12-18T00:03:59.905Z,1165.1521,1572.6671,228.7633,6.8746,0.7403,1274.1252,1703.9967,230.677,7.3864,0.748,1724.8071,2303.8574,230.6802,9.9871,0.749
2015-12-18T00:04:59.174Z,1165.0586,1576.232,228.8789,6.8863,0.7394,1276.9347,1705.8519,230.7806,7.3911,0.7483,1727.1234,2305.5597,230.6752,9.9945,0.7497
2015-12-18T00:05:59.511Z,1162.6071,1576.609,229.2204,6.8776,0.7374,1271.1266,1704.3512,231.0869,7.3749,0.746,1723.573,2303.5878,230.9742,9.9727,0.7487
2015-12-18T00:06:59.746Z,1157.7512,1598.1327,229.4046,6.966,0.724,1245.8344,1657.7985,229.25,7.2308,0.7513,1768.1994,2327.5938,231.724,10.0443,0.7591
2015-12-18T00:07:59.021Z,1168.5455,1608.279,229.4788,7.008,0.7268,1256.899,1669.2824,229.586,7.2699,0.7528,1777.4945,2334.4957,231.7236,10.0736,0.7614
2015-12-18T00:08:59.314Z,1184.2637,1584.0766,228.8934,6.9204,0.7476,1299.4166,1738.6807,231.8131,7.4999,0.7479,1722.0952,2301.0724,230.5734,9.9792,0.7485
2015-12-18T00:09:59.613Z,1200.3873,1602.6543,229.9486,6.969,0.7497,1290.952,1741.2656,231.4554,7.5223,0.7414,1718.1334,2288.119,230.5221,9.9258,0.7504
2015-12-18T00:10:59.075Z,1194.9926,1603.2025,229.8216,6.9749,0.7449,1272.4276,1725.0316,231.5172,7.451,0.7381,1711.9756,2275.5115,230.6419,9.8651,0.751
2015-12-18T00:11:59.373Z,1169.5408,1580.1351,229.6892,6.8793,0.74,1257.406,1708.3486,231.6087,7.3756,0.7354,1691.791,2264.2179,230.8019,9.8103,0.7463
2015-12-18T00:12:59.848Z,1109.8003,1530.5259,230.0989,6.6507,0.7252,1205.4874,1666.3821,232.0614,7.1808,0.723,1635.4893,2219.6359,230.8722,9.6133,0.7369
2015-12-18T00:13:59.086Z,1109.1548,1534.8566,230.4142,6.6614,0.7227,1193.0042,1653.2587,231.6643,7.1361,0.7212,1636.7419,2217.2645,231.1807,9.5906,0.7397
2015-12-18T00:14:59.417Z,1120.2491,1542.5848,230.3304,6.6972,0.7264,1192.0911,1655.7873,231.5737,7.1494,0.7202,1635.7601,2205.4763,230.9342,9.5498,0.741
2015-12-18T00:15:59.819Z,1146.8567,1572.3303,231.0278,6.8056,0.7293,1198.9969,1669.8876,231.6072,7.2094,0.7178,1648.445,2211.3357,231.0728,9.5692,0.7456
2015-12-18T00:16:59.012Z,1140.444,1570.861,231.3661,6.7891,0.7264,1192.1067,1666.0975,231.7907,7.1875,0.716,1647.4785,2211.1616,231.2755,9.5606,0.7453
2015-12-18T00:17:59.336Z,1164.3514,1593.1607,231.7748,6.8736,0.7306,1204.673,1678.6412,231.7213,7.2439,0.7174,1663.2127,2219.6736,230.9621,9.6104,0.7498
2015-12-18T00:18:59.653Z,1140.9901,1599.0782,232.142,6.8878,0.7136,1170.2169,1616.5027,229.2982,7.0497,0.7238,1700.1318,2236.5311,231.5444,9.6584,0.7601
2015-12-18T00:19:59.945Z,1169.4989,1602.6879,232.0557,6.9059,0.7296,1214.1776,1671.8992,230.5746,7.2501,0.7263,1691.3972,2238.4008,231.0262,9.6884,0.7552
2015-12-18T00:20:59.231Z,1157.9993,1577.1585,231.5307,6.8115,0.7345,1216.4593,1686.5976,231.6268,7.2809,0.7215,1656.6233,2214.7919,230.571,9.6058,0.749
2015-12-18T00:21:59.429Z,1183.7471,1583.9317,231.7914,6.8329,0.7473,1255.1461,1732.0259,232.0193,7.4642,0.7244,1657.296,2217.1206,229.7347,9.6503,0.7487
2015-12-18T00:22:59.719Z,1171.7098,1571.9217,232.0347,6.774,0.7462,1232.9221,1718.7709,232.0354,7.4066,0.7179,1633.5416,2190.7878,229.5031,9.5451,0.7461
2015-12-18T00:23:59.136Z,1177.6319,1575.468,232.2912,6.782,0.7478,1233.6115,1722.6144,232.1753,7.4197,0.7163,1624.981,2180.4083,229.2225,9.5118,0.7457
2015-12-18T00:24:59.478Z,1189.8014,1596.0826,232.7337,6.8574,0.7454,1215.0486,1713.9289,232.1259,7.3834,0.7092,1629.379,2173.8733,229.3886,9.477,0.7498
2015-12-18T00:25:59.982Z,1196.2108,1601.4209,232.8977,6.8762,0.7469,1216.7633,1715.1787,232.0862,7.3899,0.7098,1631.7747,2174.2008,229.3367,9.4799,0.7506
2015-12-18T00:26:59.384Z,1194.3425,1590.8299,231.6754,6.8667,0.751,1221.1548,1700.7964,231.3673,7.3507,0.7181,1640.231,2170.1317,228.4072,9.5003,0.7554
2015-12-18T00:27:59.574Z,1206.9409,1583.4851,230.1617,6.8797,0.7619,1227.023,1687.0194,229.8464,7.3393,0.7273,1643.6398,2147.0921,226.9328,9.461,0.7658
2015-12-18T00:28:59.870Z,1203.3491,1580.1814,230.223,6.8634,0.7614,1235.0034,1693.3944,230.0896,7.3594,0.7293,1649.1039,2160.0009,227.3582,9.5001,0.7627
2015-12-18T00:29:59.175Z,1200.6222,1586.3939,230.4297,6.8844,0.7567,1225.4536,1684.8489,230.2102,7.3182,0.7277,1651.8634,2163.6977,227.8591,9.4951,0.7624
2015-12-18T00:30:59.590Z,1209.4751,1602.9198,230.5016,6.9542,0.7542,1229.1337,1686.3202,230.3017,7.3216,0.7291,1670.7806,2180.2113,228.234,9.5523,0.7673
2015-12-18T00:31:59.869Z,1182.4102,1571.3219,230.2579,6.8237,0.752,1230.261,1684.7269,230.4497,7.3098,0.73,1653.3528,2174.6099,228.1512,9.531,0.7603
2015-12-18T00:32:59.030Z,1200.5743,1581.7819,230.3888,6.8648,0.759,1250.1729,1700.1781,230.0156,7.391,0.7351,1668.0411,2186.7671,227.909,9.5942,0.7613
2015-12-18T00:33:59.355Z,1193.0958,1584.3931,230.4773,6.8741,0.7526,1227.0313,1674.1432,229.5647,7.2921,0.733,1667.8087,2177.4593,228.1343,9.5446,0.7656
2015-12-18T00:34:59.615Z,1195.9063,1621.1343,230.8957,7.0207,0.7381,1206.4781,1617.0034,226.5574,7.1371,0.747,1743.4974,2228.813,229.2486,9.7218,0.781
2015-12-18T00:35:59.706Z,1192.8881,1598.933,230.6319,6.9318,0.7459,1215.7013,1646.9992,228.2214,7.2156,0.7389,1697.2799,2195.5146,228.5556,9.6056,0.7734
2015-12-18T00:36:59.993Z,1209.6666,1603.4528,230.3191,6.9617,0.7546,1244.7108,1685.8282,229.4375,7.3471,0.7378,1692.099,2202.5115,228.7018,9.6301,0.7693
2015-12-18T00:37:59.243Z,1185.452,1590.0551,230.1064,6.9098,0.7458,1237.6329,1675.0587,229.747,7.2902,0.7389,1692.9939,2217.5297,229.8733,9.6458,0.7637
2015-12-18T00:38:59.468Z,1191.6876,1587.9898,229.89,6.9073,0.7506,1264.4537,1696.6322,230.0033,7.3761,0.7454,1704.2546,2235.5006,229.8656,9.7252,0.7611
2015-12-18T00:39:59.604Z,1183.7236,1584.2153,229.6191,6.8986,0.7473,1249.5671,1680.6679,229.9543,7.3082,0.7437,1701.5861,2229.6176,229.9789,9.6942,0.7624
2015-12-18T00:40:59.954Z,1205.3301,1606.3667,229.993,6.984,0.7501,1256.5608,1685.9508,229.6332,7.3412,0.7449,1718.2527,2237.8691,229.7146,9.7412,0.7689
2015-12-18T00:41:59.233Z,1200.2458,1596.5441,229.9619,6.942,0.7512,1250.043,1685.3159,229.7436,7.3347,0.741,1700.573,2219.6481,229.4213,9.6744,0.766
2015-12-18T00:42:59.667Z,1212.8968,1613.1545,230.0678,7.0109,0.7514,1257.9458,1688.5623,229.3425,7.362,0.7451,1717.9896,2230.6204,229.5652,9.7159,0.7693
2015-12-18T00:43:59.950Z,1212.3774,1619.7118,230.1689,7.036,0.7484,1240.477,1671.5413,229.091,7.2962,0.7418,1721.9141,2229.3592,229.7371,9.703,0.7707
2015-12-18T00:44:59.270Z,1217.7735,1620.9136,229.8891,7.0513,0.7507,1250.4756,1675.7397,228.8865,7.3205,0.7464,1731.0302,2235.2744,229.2007,9.7519,0.7739
2015-12-18T00:45:59.486Z,1208.9971,1602.6002,229.6688,6.9778,0.7542,1260.5622,1686.4109,229.3602,7.3523,0.7479,1718.439,2228.9791,228.7563,9.7436,0.7703
2015-12-18T00:46:59.676Z,1214.2117,1603.5506,229.7132,6.98,0.7567,1272.4401,1697.2636,229.353,7.4001,0.7493,1721.0693,2232.6797,228.7058,9.7618,0.7707
2015-12-18T00:47:59.999Z,1211.9176,1604.6824,229.788,6.9836,0.7552,1268.9468,1692.4768,229.1309,7.3861,0.7498,1726.406,2237.8876,228.8348,9.7792,0.7707
2015-12-18T00:48:59.384Z,1222.2248,1619.7619,230.0897,7.0394,0.7547,1262.7899,1687.0819,228.8911,7.3702,0.7485,1732.1357,2235.3418,228.7804,9.7699,0.7753
2015-12-18T00:49:59.583Z,1221.3572,1618.0935,229.4691,7.0516,0.7548,1268.4581,1684.8251,228.7297,7.3656,0.7519,1741.4817,2243.2063,228.6854,9.8085,0.7765
2015-12-18T00:50:59.839Z,1217.6459,1623.1598,229.2573,7.0794,0.7503,1253.662,1653.8132,227.6098,7.2652,0.7581,1761.8191,2253.2251,228.9007,9.8436,0.7816
2015-12-18T00:51:59.113Z,1233.2106,1623.8924,229.4771,7.0764,0.7594,1279.3001,1694.9128,228.7894,7.4083,0.7546,1748.3283,2248.6935,228.4018,9.8452,0.7784
2015-12-18T00:52:59.391Z,1215.5384,1602.9909,229.4258,6.9864,0.7583,1285.9487,1703.1467,229.4191,7.4232,0.7549,1735.4313,2247.2303,228.3681,9.8396,0.7717
2015-12-18T00:53:59.734Z,1237.0963,1616.46,229.7462,7.0352,0.7652,1299.4768,1723.8131,229.4014,7.5139,0.754,1733.62,2243.4134,228.2508,9.8282,0.7723
2015-12-18T00:54:59.986Z,1228.9222,1611.3149,229.6171,7.0167,0.7626,1288.6399,1711.302,229.2449,7.4647,0.7537,1730.7702,2239.2621,228.4859,9.8004,0.7731
2015-12-18T00:55:59.212Z,1247.4315,1635.9961,230.0341,7.1112,0.7622,1286.7994,1714.4782,228.8991,7.4898,0.7506,1739.5001,2242.887,228.6835,9.8072,0.7764
2015-12-18T00:56:59.421Z,1221.7737,1620.6688,230.1769,7.0408,0.7539,1276.7716,1704.981,229.4591,7.43,0.7497,1739.0948,2257.5894,229.8544,9.8211,0.7708
2015-12-18T00:57:59.664Z,1241.4234,1636.6597,229.5989,7.1274,0.7587,1302.6066,1720.1016,229.2908,7.5013,0.7578,1768.0467,2281.6114,229.4596,9.9432,0.775
2015-12-18T00:58:59.893Z,1224.4174,1617.6343,229.635,7.044,0.7572,1284.7833,1705.8234,229.2808,7.4394,0.753,1744.7109,2257.4504,228.9886,9.8577,0.7721
2015-12-18T00:59:59.351Z,1251.9491,1652.6139,229.8061,7.1911,0.7574,1298.1357,1709.7619,228.9111,7.4687,0.7599,1784.9478,2288.3343,229.2458,9.9814,0.7799
