2015-12-25T00:00:59.635Z,1082.7676,1446.2261,223.6444,6.4662,0.7486,1182.8314,1553.5249,226.2688,6.8642,0.7611,1627.4374,2128.3392,227.0322,9.3734,0.7648
2015-12-25T00:01:59.872Z,1088.6512,1476.2032,224.0968,6.587,0.7369,1162.3232,1524.2346,225.2034,6.7679,0.7623,1664.647,2151.9591,227.8158,9.446,0.7732
2015-12-25T00:02:59.109Z,1073.2165,1449.0806,224.4856,6.4552,0.7406,1171.2034,1558.3395,227.475,6.8499,0.7518,1614.3864,2131.2347,228.1403,9.3411,0.7574
2015-12-25T00:03:59.261Z,1076.9508,1434.6894,223.5906,6.4161,0.7504,1212.5436,1599.147,229.1633,6.978,0.7584,1613.2876,2147.8418,227.8832,9.4244,0.7506
2015-12-25T00:04:59.606Z,1060.766,1414.0419,222.8418,6.3454,0.7498,1211.7214,1585.9169,228.8768,6.9291,0.7643,1608.4076,2144.1983,227.5086,9.4239,0.7498
2015-12-25T00:05:59.942Z,1074.3793,1415.977,222.2174,6.3713,0.7586,1234.9067,1605.8922,228.9177,7.0147,0.7687,1613.6071,2146.1349,226.889,9.4581,0.7508
2015-12-25T00:06:59.271Z,1076.92,1424.4225,222.998,6.3867,0.7557,1221.3109,1605.0953,229.0024,7.0085,0.761,1607.2078,2140.233,227.6731,9.3998,0.7513
2015-12-25T00:07:59.522Z,1064.7669,1426.9632,223.0186,6.3976,0.7462,1231.0424,1597.8864,228.7769,6.9843,0.7707,1642.0221,2186.5723,229.0869,9.5443,0.751
2015-12-25T00:08:59.775Z,1061.4467,1426.371,223.2554,6.3888,0.7441,1227.1011,1596.5584,228.883,6.9753,0.7693,1637.6154,2186.0984,229.2144,9.5368,0.7489
2015-12-25T00:09:59.005Z,1064.3243,1424.1133,223.6052,6.3685,0.747,1246.1982,1619.9841,229.4359,7.0607,0.7692,1637.6551,2197.022,229.3168,9.5801,0.7452
2015-12-25T00:10:59.311Z,1072.1578,1427.7641,223.4898,6.3882,0.7512,1244.6994,1621.2988,229.1481,7.0746,0.768,1629.2668,2181.16,229.0219,9.5233,0.7476
2015-12-25T00:11:59.563Z,1091.5188,1454.6717,223.7964,6.4993,0.7507,1227.6699,1608.8857,228.7611,7.0329,0.7627,1639.7034,2174.8786,229.0514,9.4944,0.7531
2015-12-25T00:12:59.817Z,1090.3886,1450.1964,223.723,6.4818,0.7518,1237.4682,1618.4978,228.8532,7.0714,0.7648,1640.0643,2180.2824,229.0979,9.5163,0.7516
2015-12-25T00:13:59.988Z,1085.2229,1447.1988,223.6089,6.4718,0.7504,1235.026,1606.3786,228.3724,7.0331,0.7688,1650.1674,2188.4876,229.0129,9.5559,0.7532
2015-12-25T00:14:59.337Z,1099.5793,1455.8673,223.4424,6.5154,0.7554,1240.8272,1612.887,228.1448,7.0694,0.7693,1649.134,2177.8529,228.4848,9.5318,0.7579
2015-12-25T00:15:59.736Z,1096.0874,1451.9487,223.5857,6.4939,0.7548,1240.0127,1619.3448,228.5154,7.0856,0.766,1639.2256,2173.6407,228.6663,9.5053,0.7541
2015-12-25T00:16:59.107Z,1120.2355,1478.9855,224.1088,6.5993,0.7574,1236.5655,1628.6907,228.9153,7.1143,0.7593,1643.1949,2168.2109,228.532,9.4864,0.7581
2015-12-25T00:17:59.491Z,1128.4283,1481.5676,224.4263,6.6013,0.7619,1228.3256,1629.2422,228.9381,7.1161,0.754,1628.2189,2144.3436,227.7109,9.416,0.7598
2015-12-25T00:18:59.798Z,1114.2683,1473.1396,223.5611,6.5896,0.7564,1251.6518,1630.1614,228.4551,7.135,0.7677,1658.1158,2188.1157,228.924,9.5579,0.7591
2015-12-25T00:19:59.048Z,1109.6265,1470.5857,223.7248,6.5727,0.7546,1233.8917,1614.4481,228.1065,7.0772,0.7646,1653.5378,2178.7649,228.8633,9.5188,0.7593
2015-12-25T00:20:59.181Z,1133.2025,1493.9854,224.5864,6.6517,0.7592,1247.0745,1638.3683,228.4265,7.172,0.7619,1657.1237,2181.0106,228.7316,9.5345,0.7593
2015-12-25T00:21:59.396Z,1136.0702,1511.4601,226.2519,6.6797,0.7517,1219.9532,1631.4088,229.0423,7.1228,0.748,1647.4911,2170.4602,229.1489,9.471,0.7591
2015-12-25T00:22:59.694Z,1156.4919,1525.9741,226.4237,6.739,0.7579,1238.6116,1649.3874,228.8061,7.2081,0.751,1659.3318,2177.0849,228.843,9.5128,0.7614
2015-12-25T00:23:59.996Z,1143.2452,1517.4656,227.0853,6.6817,0.7533,1225.4929,1642.8808,228.9694,7.1744,0.7463,1643.7418,2167.4289,228.9881,9.4649,0.7593
2015-12-25T00:24:59.577Z,1162.2357,1532.2822,226.9342,6.7516,0.7583,1244.8218,1662.3604,229.1908,7.2528,0.7491,1657.4026,2176.6713,228.6296,9.5199,0.7608
2015-12-25T00:25:59.912Z,1150.3133,1521.0032,227.1196,6.6969,0.7567,1230.5264,1649.8048,229.0458,7.2022,0.7454,1644.3927,2162.1209,228.4378,9.4643,0.7607
2015-12-25T00:26:59.193Z,1169.9063,1540.5835,227.1737,6.7812,0.7591,1248.2504,1661.9303,228.8142,7.263,0.7515,1670.6888,2185.1091,228.6509,9.5562,0.7644
2015-12-25T00:27:59.500Z,1155.6012,1524.097,227.2634,6.7062,0.7586,1233.3178,1655.7374,228.9179,7.2323,0.7449,1638.9906,2154.984,228.1418,9.445,0.7608
2015-12-25T00:28:59.724Z,1180.45,1554.2679,227.3379,6.8363,0.7596,1244.1364,1654.8621,228.3558,7.2464,0.7517,1681.9167,2187.1777,228.4756,9.5726,0.7698
2015-12-25T00:29:59.027Z,1159.6509,1548.8515,227.6918,6.8019,0.7489,1214.9697,1625.5315,227.9507,7.1307,0.7474,1676.4564,2182.8156,229.2025,9.5227,0.7686
2015-12-25T00:30:59.308Z,1185.1184,1569.0754,227.7572,6.8891,0.7553,1238.8037,1652.7077,228.3327,7.237,0.7493,1693.0951,2200.5708,229.3548,9.5941,0.769
2015-12-25T00:31:59.713Z,1162.4347,1551.4519,227.7024,6.8131,0.7494,1225.5941,1647.2699,229.4031,7.1802,0.7432,1670.0741,2189.1056,229.7241,9.5288,0.7619
2015-12-25T00:32:59.015Z,1182.4115,1565.9622,227.1873,6.8921,0.7547,1247.3048,1661.5829,229.0925,7.2529,0.7511,1693.5726,2205.9616,229.2583,9.6219,0.7684
2015-12-25T00:33:59.283Z,1157.6304,1541.0291,227.3198,6.7789,0.7509,1235.6213,1648.436,229.0051,7.1979,0.7494,1674.8483,2196.6692,229.2681,9.5804,0.7616
2015-12-25T00:34:59.490Z,1182.451,1551.184,227.5304,6.8174,0.7623,1276.7377,1699.5247,230.1672,7.3836,0.7507,1679.4019,2209.682,228.993,9.6489,0.7601
2015-12-25T00:35:59.940Z,1172.5552,1542.4801,227.4433,6.7822,0.7604,1253.5603,1677.094,229.826,7.2971,0.7477,1661.5057,2184.78,228.7066,9.5523,0.7602
2015-12-25T00:36:59.280Z,1180.5831,1558.4919,227.0258,6.8648,0.7569,1270.379,1677.0189,229.4885,7.3076,0.757,1700.3417,2221.8406,229.195,9.6935,0.7659
2015-12-25T00:37:59.630Z,1173.6564,1550.4244,227.0481,6.8283,0.7566,1249.5572,1663.1467,229.3797,7.2503,0.7512,1683.4704,2202.1536,229.2056,9.6074,0.764
2015-12-25T00:38:59.941Z,1191.009,1572.9959,226.77,6.9365,0.7576,1260.1605,1664.1814,229.1341,7.2626,0.757,1716.1568,2228.7853,229.5588,9.7082,0.7699
2015-12-25T00:39:59.243Z,1181.8398,1558.0465,227.0981,6.8603,0.7584,1254.0427,1670.5717,229.645,7.2742,0.7501,1685.2315,2203.6189,229.1988,9.6136,0.7649
2015-12-25T00:40:59.493Z,1197.1959,1565.5781,227.3081,6.8873,0.7647,1281.5949,1697.6657,229.9183,7.3832,0.7544,1693.8742,2213.7538,228.7406,9.6773,0.7649
2015-12-25T00:41:59.701Z,1184.1717,1568.926,227.2204,6.9048,0.7553,1252.7154,1665.2662,229.7134,7.2496,0.7518,1705.1101,2222.7908,229.5972,9.681,0.7686
2015-12-25T00:42:59.927Z,1202.1211,1592.901,227.5049,7.0016,0.7548,1256.0242,1667.4103,229.4669,7.2658,0.7534,1722.1474,2232.1602,229.6553,9.7196,0.7703
2015-12-25T00:43:59.207Z,1193.1355,1575.8251,227.6194,6.9226,0.7573,1263.002,1680.3842,229.8458,7.3105,0.7511,1704.8081,2223.6036,229.609,9.6845,0.7667
2015-12-25T00:44:59.468Z,1212.8586,1591.0514,228.358,6.9673,0.7622,1270.5086,1695.6894,229.6924,7.382,0.7491,1703.7133,2215.6669,229.0569,9.6727,0.7693
2015-12-25T00:45:59.699Z,1215.8391,1617.9287,229.382,7.0529,0.7517,1233.5248,1648.1067,227.1564,7.2543,0.7483,1732.775,2219.4118,229.2558,9.6804,0.7799
2015-12-25T00:46:59.984Z,1229.271,1645.5927,230.564,7.1368,0.7472,1217.3554,1634.3393,226.5479,7.2134,0.7453,1750.7139,2223.174,229.1054,9.7033,0.7882
2015-12-25T00:47:59.294Z,1265.7104,1648.2791,230.0118,7.1657,0.7682,1280.2555,1716.3026,229.1615,7.4891,0.7456,1730.1671,2218.1494,227.8009,9.7365,0.7803
2015-12-25T00:48:59.491Z,1293.6756,1673.37,229.869,7.2798,0.7731,1314.4061,1745.5018,229.3397,7.6106,0.7526,1770.5562,2260.0599,228.2512,9.901,0.7831
2015-12-25T00:49:59.732Z,1108.495,1437.7582,229.7687,6.2656,0.6563,1137.0019,1501.2707,229.4909,6.549,0.646,1573.2994,1983.0316,228.3217,8.6958,0.7996
2015-12-25T00:50:59.923Z,4.8095,119.3107,231.2775,0.5157,0.0414,4.0682,104.7886,230.994,0.4536,0.039,41.974,125.9691,231.3264,0.5448,0.2504
2015-12-25T00:51:59.233Z,4.1584,120.6007,231.4848,0.5204,0.0348,4.5979,106.7512,231.0046,0.4626,0.042,3.8267,105.1238,231.5299,0.4544,0.0357
2015-12-25T00:52:59.552Z,4.2976,119.6364,231.63,0.5161,0.0354,4.12,105.0996,231.2907,0.4545,0.0411,3.4272,101.9909,231.0371,0.4413,0.0342
2015-12-25T00:53:59.913Z,3.1885,123.5448,231.8674,0.5327,0.0258,3.7284,102.593,230.8576,0.4449,0.0376,3.8958,102.8641,231.5464,0.4445,0.0377
2015-12-25T00:54:59.195Z,3.9452,121.4212,231.7576,0.524,0.0317,3.948,105.9603,230.842,0.459,0.0386,4.6852,103.4824,231.2604,0.4468,0.0443
2015-12-25T00:55:59.422Z,4.0518,119.1834,231.3858,0.5148,0.0349,3.4887,105.5626,230.9101,0.4575,0.0331,3.6054,106.062,231.5254,0.4582,0.0334
2015-12-25T00:56:59.665Z,4.3813,120.0232,231.1166,0.5191,0.0375,4.049,101.8936,230.9207,0.441,0.0423,3.2237,103.5043,232.7587,0.4447,0.0331
2015-12-25T00:57:59.945Z,3.6001,118.9745,230.8907,0.5149,0.0295,4.0772,107.2707,230.7205,0.4655,0.0389,3.549,102.4029,232.8528,0.4392,0.0351
2015-12-25T00:58:59.162Z,4.4022,120.7534,231.2048,0.5218,0.0367,3.3615,104.3162,231.0567,0.4516,0.0327,3.1497,106.042,232.9374,0.4554,0.0289
2015-12-25T00:59:59.376Z,5.1421,122.1402,232.059,0.5264,0.0418,4.0684,103.6518,231.0218,0.4482,0.039,3.8961,108.1163,233.6296,0.4632,0.0362
