2015-11-01T00:00:59.473Z,2.0268,70.5986,232.6157,0.3035,0.03,3.6303,64.172,233.4291,0.2748,0.0582,2.3002,65.3581,233.0696,0.2804,0.0353
2015-11-01T00:01:59.957Z,3.0822,75.5651,232.7489,0.3246,0.0415,3.567,66.5332,233.4616,0.2851,0.0529,1.7655,66.1949,232.877,0.2844,0.0273
2015-11-01T00:02:59.443Z,1.69,73.8877,232.0107,0.3187,0.0234,3.5603,67.1429,232.9616,0.2877,0.0529,1.7854,67.6567,232.2998,0.2909,0.0267
2015-11-01T00:03:59.673Z,2.0827,74.3146,232.379,0.3199,0.0264,4.1222,67.1168,233.1293,0.2879,0.0609,2.0654,66.2004,232.7269,0.2844,0.0302
2015-11-01T00:04:59.667Z,2.5167,74.0351,232.3851,0.3187,0.0326,3.8221,67.5375,233.3744,0.2892,0.0566,1.094,65.7025,232.8692,0.2821,0.0177
2015-11-01T00:05:59.039Z,2.7951,74.9439,232.3547,0.3223,0.0374,3.7498,66.2819,231.5264,0.2859,0.0569,1.6518,66.1872,232.9701,0.2838,0.026
2015-11-01T00:06:59.431Z,3.2096,74.6133,232.8512,0.3204,0.0447,3.9017,66.7048,230.9911,0.2887,0.0591,1.5895,66.9091,233.3105,0.287,0.0234
2015-11-01T00:07:59.782Z,1.9392,73.1071,232.5826,0.3142,0.0269,4.3677,66.7249,233.203,0.2862,0.0645,1.8579,66.7933,232.1215,0.288,0.0271
2015-11-01T00:08:59.271Z,1.8719,74.4287,232.6413,0.3196,0.0261,3.7591,66.5929,233.2056,0.2849,0.0573,2.0253,66.3352,232.6351,0.2852,0.0298
2015-11-01T00:09:59.583Z,2.0486,74.5309,232.6542,0.3203,0.0271,3.9001,66.5192,232.8485,0.2861,0.0601,1.6988,68.2626,232.7976,0.2929,0.0255
2015-11-01T00:10:59.010Z,2.2619,73.1781,232.9122,0.3142,0.0314,4.0533,66.0032,233.3484,0.2833,0.0617,1.2241,66.5467,233.3413,0.2849,0.0174
2015-11-01T00:11:59.581Z,2.4566,73.7918,233.0476,0.3168,0.033,3.7527,67.383,232.9901,0.2893,0.057,1.8663,67.4619,233.1165,0.2895,0.0285
2015-11-01T00:12:59.924Z,2.0911,73.8665,232.4695,0.3176,0.0285,3.4454,66.278,232.9225,0.2842,0.0528,1.497,66.4301,233.2248,0.2843,0.0212
2015-11-01T00:13:59.381Z,2.2168,73.5727,232.5846,0.316,0.0302,4.0428,66.6566,232.844,0.2862,0.0601,1.1523,66.2069,233.2093,0.2839,0.0183
2015-11-01T00:14:59.727Z,2.709,72.3353,231.4,0.3126,0.0365,3.3469,66.9026,231.031,0.2896,0.0525,1.6735,66.1871,233.3823,0.2836,0.027
2015-11-01T00:16:59.433Z,2.5756,74.1405,231.1391,0.3206,0.0354,3.7263,65.4646,231.7433,0.2824,0.0576,1.4716,66.2488,233.1426,0.2841,0.0216
2015-11-01T00:17:59.905Z,2.0429,74.3926,230.8884,0.3219,0.0282,3.8052,65.9503,233.2752,0.283,0.0578,1.9605,67.2584,232.4199,0.2892,0.029
2015-11-01T00:18:59.748Z,1.9396,72.4638,230.86,0.3146,0.0274,3.9932,67.7649,232.7407,0.2919,0.0597,1.5803,65.4151,231.761,0.2822,0.0257
2015-11-01T00:19:59.056Z,1.9049,73.4984,232.0412,0.3166,0.0247,3.7857,65.7236,232.7226,0.2821,0.0608,1.5833,63.3957,232.2965,0.2726,0.0288
2015-11-01T00:20:59.346Z,2.8245,74.1924,232.1505,0.319,0.0377,3.2507,67.8593,233.3265,0.2911,0.0499,1.7959,65.7601,233.1288,0.2822,0.0263
2015-11-01T00:21:59.056Z,2.5718,75.1011,232.2708,0.3231,0.0336,3.5627,67.309,232.2024,0.2903,0.0538,1.9586,66.006,232.7655,0.2836,0.0295
2015-11-01T00:22:59.382Z,2.5799,74.7266,232.2629,0.3216,0.0335,4.2318,66.4675,232.1479,0.2866,0.0655,1.6322,67.2695,232.6088,0.2896,0.0238
2015-11-01T00:23:59.279Z,3.0373,74.5603,232.4119,0.3205,0.0407,3.1627,66.2451,229.632,0.2884,0.0482,1.6548,66.8779,232.7715,0.2869,0.0245
2015-11-01T00:24:59.617Z,2.2962,74.3571,232.5799,0.3192,0.0313,2.9862,65.3759,230.48,0.2839,0.0442,1.5213,66.7808,232.759,0.287,0.0208
2015-11-01T00:26:59.527Z,2.3286,75.1351,232.2449,0.3234,0.0308,3.9246,67.1852,232.6083,0.2891,0.0588,1.8692,67.0319,232.9478,0.2879,0.027
2015-11-01T00:27:59.270Z,2.5622,73.8542,232.6749,0.3174,0.0346,4.2412,67.8796,232.986,0.291,0.0633,1.238,67.4292,233.0498,0.2898,0.0184
2015-11-01T00:28:59.614Z,1.9867,74.6901,232.4512,0.3209,0.027,3.8566,67.0326,232.9154,0.2878,0.0588,1.7225,65.5226,232.878,0.2811,0.0273
2015-11-01T00:29:59.831Z,1.8057,75.968,233.5874,0.3251,0.0248,4.2248,67.3729,233.4435,0.2883,0.0637,1.99,64.2505,230.9666,0.278,0.0318
2015-11-01T00:30:59.118Z,2.3206,74.0862,232.5824,0.3182,0.0324,4.1258,67.2066,233.129,0.2881,0.0619,1.749,65.9922,232.8406,0.2834,0.0281
2015-11-01T00:31:59.464Z,2.9655,73.5316,232.2542,0.3165,0.0411,4.0129,68.0416,232.5083,0.2925,0.0595,1.8135,66.5402,233.1505,0.2849,0.0267
2015-11-01T00:32:59.414Z,2.8726,73.5664,232.0693,0.3166,0.041,3.2889,66.7211,231.9691,0.2878,0.0497,1.8815,66.3654,233.1671,0.2846,0.0291
2015-11-01T00:33:59.178Z,1.8018,75.2941,232.1444,0.3242,0.0244,3.3456,65.8071,229.2758,0.2867,0.0538,1.6136,66.9474,234.0619,0.2858,0.0264
2015-11-01T00:34:59.493Z,1.7453,75.0997,232.0479,0.3236,0.0238,3.8551,66.6484,229.3046,0.291,0.0591,1.1334,67.9933,233.4317,0.2911,0.0175
2015-11-01T00:35:59.593Z,2.7553,74.3722,231.1342,0.3216,0.0377,3.6943,66.9566,230.7641,0.2901,0.0532,1.8259,65.748,231.837,0.284,0.0263
2015-11-01T00:36:59.158Z,3.061,72.311,231.3576,0.3123,0.0427,4.0561,65.7358,231.1377,0.2852,0.063,1.2077,67.0032,232.1088,0.2888,0.0174
2015-11-01T00:37:59.973Z,2.2855,74.1379,231.5573,0.3198,0.0316,3.6498,64.7793,231.2388,0.28,0.0555,1.4918,67.1898,232.5904,0.2887,0.0204
2015-11-01T00:38:59.550Z,1.9166,74.664,231.533,0.3219,0.0272,3.8987,67.0296,231.4349,0.2892,0.0576,1.4319,66.6898,232.9654,0.2862,0.0218
2015-11-01T00:39:59.822Z,2.2345,75.5999,231.5911,0.3259,0.0292,3.9426,65.9986,231.3679,0.2853,0.0624,1.1832,64.9993,232.8677,0.2792,0.0177
2015-11-01T00:40:59.286Z,2.4813,74.4129,230.2598,0.3229,0.0338,3.5533,66.7198,230.8158,0.2889,0.0536,1.5986,67.6979,233.3737,0.2898,0.022
2015-11-01T00:41:59.511Z,3.2624,74.6566,230.7791,0.3242,0.0451,3.656,66.91,231.0832,0.2898,0.0555,1.4749,67.1236,234.1965,0.2868,0.0231
2015-11-01T00:42:59.191Z,2.6233,73.4398,230.859,0.3177,0.0354,4.5928,66.4384,231.2483,0.2873,0.0686,1.6036,68.3848,234.3373,0.2914,0.0234
2015-11-01T00:43:59.653Z,2.1318,74.1828,231.024,0.3207,0.0299,4.4071,66.4376,231.6875,0.2867,0.0689,1.3735,65.4132,234.7153,0.2785,0.0213
2015-11-01T00:44:59.383Z,2.064,75.6049,232.0816,0.3254,0.0269,3.5319,67.5489,231.9095,0.2907,0.0541,1.566,67.4263,234.3493,0.2873,0.0233
2015-11-01T00:45:59.782Z,2.2543,74.3597,231.8582,0.3207,0.0305,3.7919,67.7777,231.7318,0.2926,0.0582,1.6157,66.6398,233.9282,0.2842,0.0243
2015-11-01T00:46:59.514Z,2.4575,73.9574,232.4656,0.318,0.0343,3.9496,65.1189,229.5946,0.2831,0.0605,1.531,66.2199,234.6562,0.2829,0.0236
2015-11-01T00:47:59.803Z,1.6712,74.1774,231.9855,0.3197,0.0246,3.4146,66.6762,232.0589,0.2871,0.0526,2.0184,67.0624,233.6762,0.2876,0.0284
2015-11-01T00:48:59.103Z,2.6126,74.1739,232.083,0.3191,0.0357,3.8178,65.3859,233.0189,0.2804,0.0618,1.4212,67.2769,234.3016,0.2871,0.0243
2015-11-01T00:49:59.757Z,2.1822,73.75,231.8777,0.3179,0.0295,3.4646,67.3365,232.9039,0.2892,0.0529,1.4945,66.3221,234.274,0.2833,0.0245
2015-11-01T00:50:59.442Z,3.0258,74.3872,231.9928,0.3207,0.041,3.8244,67.5292,232.3629,0.2907,0.0581,1.2498,67.2458,233.8152,0.2872,0.0196
2015-11-01T00:51:59.655Z,2.5449,73.463,231.5096,0.3177,0.0354,4.0561,67.0243,232.4952,0.2878,0.06,1.4002,65.4572,233.3877,0.2809,0.0212
2015-11-01T00:52:59.048Z,1.7901,73.682,231.4923,0.3181,0.0254,3.8012,66.4859,232.3627,0.2862,0.0582,1.715,67.7489,232.7877,0.2909,0.0258
2015-11-01T00:53:59.398Z,1.7393,73.5385,231.5407,0.3171,0.0262,4.1159,65.6174,232.4969,0.2821,0.0637,1.2698,66.6965,232.9273,0.2863,0.019
2015-11-01T00:54:59.891Z,2.1798,74.7168,232.1374,0.3221,0.0287,3.5187,66.0791,232.4878,0.2847,0.0541,1.9571,65.5363,232.9392,0.2813,0.0314
2015-11-01T00:55:59.163Z,1.8251,74.6662,231.3118,0.3216,0.0229,3.6902,67.3254,231.7197,0.2906,0.0562,1.8463,64.2681,232.2792,0.2769,0.0283
2015-11-01T00:56:59.517Z,2.1579,73.9787,231.2453,0.3199,0.028,3.9898,66.0753,232.2713,0.284,0.0605,2.1657,67.6044,232.5956,0.2905,0.0327
2015-11-01T00:57:59.774Z,2.2355,74.4304,231.1779,0.3216,0.0296,3.5626,65.5531,231.7622,0.2829,0.0556,1.8887,66.5203,232.5459,0.2859,0.0289
2015-11-01T00:58:59.523Z,2.9585,73.3041,231.2464,0.3171,0.0405,3.8186,64.7896,231.6934,0.2792,0.0633,1.3577,64.9459,232.9251,0.278,0.0216
2015-11-01T00:59:59.146Z,2.6759,74.1219,230.9906,0.3208,0.0357,3.5106,66.9163,231.4094,0.289,0.0519,1.922,65.6706,233.0822,0.2824,0.0289
