2015-10-31T00:00:59.872Z,4.6312,71.8098,230.2236,0.3122,0.0662,3.3787,65.2087,230.8177,0.2824,0.053,1.4001,66.7252,231.977,0.2874,0.0228
2015-10-31T00:01:59.092Z,4.1032,75.3174,230.7157,0.3262,0.056,3.3801,67.0438,231.4986,0.2891,0.0512,1.2365,66.8734,231.7066,0.2886,0.018
2015-10-31T00:02:59.268Z,3.9825,71.7624,230.2765,0.3119,0.057,3.1087,65.3063,231.9626,0.2812,0.0491,1.4526,66.776,231.3963,0.2888,0.0224
2015-10-31T00:03:59.571Z,4.966,74.626,230.4265,0.3236,0.069,3.7213,67.7979,231.8943,0.2921,0.0555,1.3802,65.732,230.6734,0.2849,0.0205
2015-10-31T00:04:59.018Z,5.2052,74.6798,230.0793,0.3246,0.0706,4.0613,67.5569,231.9649,0.2913,0.0621,1.2804,66.6066,230.9612,0.2887,0.0199
2015-10-31T00:05:59.316Z,4.5775,75.62,230.3089,0.3279,0.0614,3.8421,67.0907,231.9645,0.289,0.0577,1.4215,67.1576,231.4922,0.2901,0.0202
2015-10-31T00:06:59.655Z,4.2904,73.819,229.9124,0.3207,0.0579,2.8659,67.8165,231.3076,0.2931,0.0431,1.5937,65.3245,230.5688,0.2832,0.0253
2015-10-31T00:07:59.895Z,4.7116,74.257,229.9744,0.3221,0.0645,3.2123,65.2527,230.9034,0.2823,0.05,1.1592,65.9648,230.6441,0.2856,0.0181
2015-10-31T00:08:59.979Z,5.2104,75.4808,230.3899,0.3277,0.0696,3.9102,65.3808,230.6574,0.2841,0.0604,1.6398,65.2752,230.2673,0.2838,0.0248
2015-10-31T00:09:59.547Z,4.3007,75.0988,228.1122,0.3288,0.0586,3.5958,67.5441,230.3328,0.2936,0.0536,1.6227,66.5948,229.6592,0.29,0.0241
2015-10-31T00:10:59.782Z,3.551,74.8157,229.5684,0.326,0.0485,3.0058,64.7918,230.364,0.2816,0.0471,1.266,64.9905,229.6092,0.2826,0.0195
2015-10-31T00:11:59.223Z,3.6597,73.532,228.4534,0.3219,0.0506,3.1178,67.23,230.5116,0.2922,0.0488,1.0456,65.0474,229.7262,0.283,0.0157
2015-10-31T00:12:59.492Z,5.3427,73.7789,227.9859,0.324,0.0735,3.3215,67.3764,231.0719,0.2916,0.0484,1.3853,65.4281,230.0465,0.2845,0.0216
2015-10-31T00:13:59.931Z,5.3829,74.0077,228.8574,0.3232,0.0737,2.6942,66.8727,229.3909,0.2915,0.0409,1.9352,67.4901,231.1048,0.292,0.0277
2015-10-31T00:14:59.401Z,4.3199,74.2042,229.3244,0.3238,0.0591,2.9897,64.5432,228.3196,0.2833,0.0464,1.0529,66.4046,231.1698,0.2872,0.0152
2015-10-31T00:15:59.766Z,4.5935,74.0684,228.6934,0.3239,0.063,3.5286,66.3354,231.193,0.2871,0.0546,1.7512,66.7539,230.9738,0.2886,0.0279
2015-10-31T00:16:59.835Z,4.7053,73.3722,230.1142,0.3188,0.0645,3.1276,68.1092,231.4002,0.2944,0.0474,1.8898,65.5657,231.2386,0.2834,0.0275
2015-10-31T00:17:59.125Z,5.6792,75.049,229.8478,0.3268,0.0768,3.2287,66.8449,231.8093,0.2883,0.047,1.7029,67.8481,231.1017,0.2934,0.0239
2015-10-31T00:18:59.298Z,4.7057,75.5621,230.1527,0.3277,0.0641,3.953,67.154,231.6076,0.2902,0.0608,1.6997,66.3324,230.9789,0.2873,0.0248
2015-10-31T00:19:59.804Z,3.9036,74.9718,230.2403,0.3255,0.0531,3.2163,66.7103,231.5757,0.2886,0.0498,1.2882,66.4116,231.133,0.2878,0.0188
2015-10-31T00:20:59.253Z,4.3054,75.3328,230.5032,0.3264,0.0572,2.9876,66.6833,231.8553,0.2881,0.0434,2.2442,67.4733,231.3401,0.2911,0.0328
2015-10-31T00:21:59.009Z,5.1157,73.9247,230.4122,0.3209,0.0698,3.3764,66.2744,231.4829,0.2866,0.0514,2.2918,65.276,230.8966,0.2825,0.0343
2015-10-31T00:22:59.333Z,4.3845,74.0518,229.9198,0.322,0.0612,3.5102,66.5182,230.9996,0.288,0.0516,1.7534,66.6326,230.4815,0.2892,0.0257
2015-10-31T00:23:59.845Z,4.5659,74.6183,229.8627,0.3242,0.063,3.8048,67.3022,231.0025,0.291,0.056,1.9979,65.4247,230.2549,0.2839,0.03
2015-10-31T00:24:59.196Z,4.9427,74.3816,230.3783,0.3228,0.067,3.8001,65.3902,231.3973,0.2829,0.0574,1.651,67.0398,231.1332,0.2902,0.0249
2015-10-31T00:25:59.464Z,4.7484,75.868,230.1843,0.3297,0.0633,3.6898,66.0638,231.1587,0.2864,0.0573,1.7075,65.8579,230.9825,0.2848,0.0259
2015-10-31T00:26:59.632Z,5.1924,75.737,230.8912,0.3276,0.0698,3.3202,67.7603,232.0286,0.2926,0.0485,2.1235,67.5365,231.831,0.2914,0.0312
2015-10-31T00:27:59.962Z,4.1985,74.5999,230.8076,0.3232,0.0573,3.4611,65.8027,231.9987,0.2835,0.0547,1.2202,68.0546,231.4989,0.2936,0.0191
2015-10-31T00:28:59.544Z,4.0092,72.8288,231.4608,0.314,0.0547,3.1349,65.2862,232.2928,0.2806,0.0483,1.5998,66.1129,231.0982,0.2861,0.0247
2015-10-31T00:29:59.731Z,4.27,73.738,229.2444,0.3215,0.0591,3.7558,66.7616,232.1865,0.2878,0.0571,1.5425,67.6944,231.1642,0.2929,0.0229
2015-10-31T00:30:59.042Z,4.8371,74.4934,228.4172,0.3261,0.0678,3.3487,66.2901,232.2622,0.2849,0.0494,1.97,66.6878,231.406,0.2881,0.0291
2015-10-31T00:31:59.533Z,4.6075,74.2415,228.9817,0.3237,0.063,3.1463,66.0804,232.6152,0.2837,0.0484,1.1364,66.5107,231.8683,0.287,0.0175
2015-10-31T00:32:59.751Z,5.1934,73.101,228.5126,0.3197,0.0713,3.2447,65.8702,232.326,0.2833,0.0495,2.1305,66.1369,231.6087,0.2855,0.032
2015-10-31T00:33:59.952Z,4.9148,74.0722,228.8316,0.3236,0.0673,3.6249,66.5023,232.0559,0.2867,0.0537,1.689,66.1901,231.6597,0.2853,0.0251
2015-10-31T00:34:59.410Z,5.4142,73.4151,230.4617,0.3182,0.075,3.5173,68.1808,231.8046,0.2942,0.0528,1.5246,65.6877,231.3519,0.2841,0.0237
2015-10-31T00:35:59.679Z,4.4863,75.4696,231.0309,0.3266,0.061,3.3182,66.8943,232.0117,0.2877,0.0483,1.6776,66.2072,232.2104,0.2854,0.0253
2015-10-31T00:36:59.980Z,4.198,75.4415,231.2657,0.3257,0.0554,3.6122,67.1389,231.4457,0.2901,0.0537,1.6066,66.7534,232.5181,0.2873,0.0225
2015-10-31T00:37:59.336Z,4.8718,75.6543,231.3413,0.3264,0.0641,3.2741,67.1304,230.9672,0.2904,0.0506,1.4379,68.1626,232.8784,0.2924,0.0211
2015-10-31T00:38:59.563Z,4.7573,76.0697,231.1296,0.3288,0.0635,3.4815,67.0063,231.0253,0.2896,0.0519,1.9121,67.2657,233.0589,0.2881,0.0295
2015-10-31T00:39:59.247Z,4.4688,74.8667,230.9314,0.3244,0.0602,3.6699,67.2251,230.5079,0.2914,0.0544,1.5525,66.8077,232.6445,0.2867,0.0225
2015-10-31T00:40:59.380Z,4.2242,73.0807,230.7986,0.3166,0.0599,3.4979,67.2626,230.9987,0.2915,0.0515,1.6211,65.9456,232.0755,0.2841,0.0255
2015-10-31T00:41:59.533Z,5.2169,75.0282,230.8524,0.3252,0.0713,3.4767,65.2211,231.2409,0.2818,0.0532,1.8175,65.9798,231.3059,0.2851,0.0279
2015-10-31T00:42:59.822Z,4.9498,74.4277,231.1971,0.3218,0.0684,3.6462,68.3384,231.922,0.2944,0.0523,1.4918,66.1177,231.8152,0.2856,0.0226
2015-10-31T00:43:59.240Z,3.9964,76.3697,230.951,0.3308,0.0527,3.9776,67.6488,231.5368,0.292,0.0582,1.6641,66.4526,231.9678,0.2863,0.027
2015-10-31T00:44:59.308Z,3.9719,74.5711,230.9945,0.3225,0.0543,3.1442,66.2022,230.9838,0.2866,0.0481,1.9104,67.8351,231.2915,0.294,0.0274
2015-10-31T00:45:59.517Z,4.8882,74.7426,231.852,0.3222,0.0651,3.6035,66.7491,231.0717,0.2891,0.0548,1.6196,66.854,228.6576,0.2922,0.0257
2015-10-31T00:46:59.878Z,5.196,75.119,231.3077,0.3243,0.0707,3.3564,65.9835,230.7215,0.2856,0.0519,1.6712,66.6516,230.9555,0.2885,0.0279
2015-10-31T00:47:59.173Z,5.1151,75.192,231.396,0.3248,0.068,3.6418,66.423,231.6837,0.2866,0.0557,1.6671,66.8264,231.6691,0.2883,0.025
2015-10-31T00:48:59.479Z,3.9168,74.8476,231.0748,0.3241,0.0527,3.2077,67.0779,231.5946,0.2893,0.0471,1.1289,66.4601,231.0462,0.2878,0.0179
2015-10-31T00:49:59.068Z,4.0908,72.7751,230.3516,0.3154,0.0581,3.5672,67.332,231.453,0.2907,0.0524,1.9429,64.6972,230.6433,0.2807,0.0307
2015-10-31T00:50:59.547Z,4.8322,73.7152,229.3637,0.3212,0.0677,2.9792,67.2443,231.5601,0.2904,0.0451,2.0051,66.2964,230.4778,0.2874,0.0314
2015-10-31T00:51:59.799Z,4.3445,73.8495,229.0126,0.3218,0.0611,3.1034,67.2215,231.1629,0.291,0.048,1.318,65.9626,230.143,0.2868,0.0214
2015-10-31T00:52:59.476Z,4.5664,74.8899,229.0165,0.3269,0.0626,2.9242,66.2268,231.05,0.287,0.0435,2.1038,66.7819,230.5158,0.2896,0.0315
2015-10-31T00:53:59.875Z,4.0242,74.4053,229.6018,0.3241,0.0555,3.6312,67.4922,230.9497,0.2922,0.0541,1.8488,66.8166,230.838,0.2895,0.0278
2015-10-31T00:54:59.424Z,4.0347,75.2734,231.1565,0.3258,0.0536,2.9405,66.6371,228.1871,0.292,0.0455,1.3756,67.0451,231.7486,0.2898,0.0219
2015-10-31T00:55:59.773Z,5.5804,74.3003,231.4613,0.3209,0.0767,3.1903,65.2518,229.3746,0.2847,0.0511,1.7088,64.8496,231.8555,0.2797,0.0271
2015-10-31T00:56:59.001Z,4.9543,75.3226,230.5448,0.3268,0.0661,3.3569,67.5788,230.9324,0.2927,0.0496,1.4012,66.5288,231.131,0.2881,0.0201
2015-10-31T00:57:59.235Z,4.2335,76.3625,230.5146,0.331,0.0551,3.2214,66.7498,230.2314,0.2903,0.0463,1.2642,66.8807,231.4386,0.2888,0.0191
2015-10-31T00:58:59.592Z,3.6059,74.8601,230.8622,0.3241,0.0472,3.804,67.6517,230.9861,0.2924,0.0554,1.1312,66.6839,231.8527,0.288,0.0195
2015-10-31T01:00:59.298Z,4.6313,73.1505,231.413,0.3161,0.0648,3.3282,66.2513,230.7193,0.2873,0.05,1.2782,67.1027,230.8769,0.2906,0.0191
2015-10-31T01:01:59.465Z,5.3704,75.139,231.741,0.3242,0.0713,3.4256,67.4666,231.202,0.2915,0.0505,2.01,63.4649,230.6081,0.2752,0.0345
2015-10-31T01:02:59.034Z,4.4114,75.326,231.8467,0.3248,0.0589,3.2518,66.8161,230.307,0.2899,0.0491,1.7917,67.4453,231.1959,0.2916,0.0249
2015-10-31T01:03:59.346Z,3.741,74.4159,231.5423,0.3211,0.0523,3.1553,66.7166,230.5212,0.2893,0.0464,1.7318,65.9777,232.161,0.284,0.0276
2015-10-31T01:04:59.523Z,5.1252,74.9573,231.7654,0.3233,0.0691,2.8147,66.932,230.6664,0.29,0.043,1.9773,67.6992,232.184,0.2916,0.0281
2015-10-31T01:05:59.747Z,4.6733,75.6668,233.0377,0.3246,0.0616,4.0081,65.9745,228.68,0.288,0.061,1.3037,67.6688,233.7274,0.2893,0.021
2015-10-31T01:06:59.070Z,4.4834,76.618,232.3041,0.3296,0.0599,3.4038,67.2234,227.7677,0.2958,0.0512,1.1483,67.2389,233.6548,0.2873,0.0187
2015-10-31T01:07:59.293Z,4.1633,75.2748,232.1609,0.3245,0.0563,3.7131,67.4893,229.7221,0.2941,0.0547,1.736,68.4853,232.8877,0.294,0.0238
2015-10-31T01:08:59.618Z,4.9529,75.872,232.4915,0.3263,0.0658,3.2079,67.7659,230.6078,0.2941,0.0477,1.5605,67.2638,232.8673,0.2887,0.0218
2015-10-31T01:09:59.964Z,4.9326,75.2158,231.8485,0.3248,0.0662,3.1864,66.7379,229.8833,0.2901,0.0466,1.5199,64.7598,231.6748,0.2797,0.0236
2015-10-31T01:10:59.222Z,4.2888,74.2914,232.4244,0.3199,0.0586,3.3897,65.5838,230.6437,0.2848,0.0556,1.9697,66.3833,231.9813,0.2866,0.032
2015-10-31T01:11:59.829Z,3.7679,74.8266,232.0534,0.3226,0.0492,3.5891,66.2242,230.3908,0.2878,0.0548,1.183,67.247,232.1422,0.2895,0.0182
2015-10-31T01:12:59.113Z,4.7317,74.4094,230.6454,0.3224,0.0652,2.9358,67.2179,230.7329,0.2916,0.0447,1.9809,67.2664,231.5101,0.2903,0.0296
2015-10-31T01:13:59.369Z,4.9497,75.8084,230.8389,0.328,0.0658,3.9097,68.0473,230.8398,0.2948,0.0569,1.5897,67.6742,231.2203,0.2929,0.0219
2015-10-31T01:14:59.891Z,4.3486,75.8949,231.1032,0.3285,0.0588,3.5805,67.2058,231.4585,0.2901,0.052,1.005,66.2424,231.7828,0.2858,0.016
2015-10-31T01:15:59.160Z,4.7898,75.5573,231.6732,0.3257,0.0634,3.4054,66.2138,231.8573,0.2853,0.0518,1.6731,65.6816,232.6291,0.2824,0.0274
2015-10-31T01:16:59.691Z,4.5935,75.1091,232.3304,0.3233,0.0622,3.6348,67.1182,231.8086,0.2897,0.0533,2.0571,67.051,232.8722,0.2877,0.0321
2015-10-31T01:17:59.944Z,4.7628,73.7823,232.1779,0.3172,0.0661,2.2646,67.96,231.8102,0.2928,0.0354,1.0533,66.0654,232.7162,0.284,0.0159
2015-10-31T01:18:59.419Z,4.6669,76.4204,232.5741,0.329,0.0636,3.4537,67.8328,231.6338,0.2929,0.0517,1.9172,67.7828,232.8311,0.2917,0.0278
2015-10-31T01:19:59.733Z,4.6521,75.9875,232.3704,0.3269,0.062,3.457,67.7335,231.9133,0.2912,0.0509,2.2063,67.4824,232.5052,0.2901,0.0325
2015-10-31T01:20:59.040Z,4.2806,73.0767,232.4157,0.3141,0.0588,3.199,65.8618,232.4159,0.2831,0.0496,1.5064,67.4639,231.941,0.2908,0.0243
2015-10-31T01:21:59.284Z,4.4679,75.1176,232.4547,0.3231,0.0607,3.8402,67.1791,231.6971,0.29,0.0566,1.6743,66.6205,232.4603,0.2869,0.0254
2015-10-31T01:22:59.449Z,5.4347,75.4256,232.5435,0.3237,0.0713,3.4352,68.1091,232.3097,0.2932,0.0504,1.748,67.758,232.7481,0.2908,0.0276
2015-10-31T01:23:59.167Z,4.5201,77.2695,233.0029,0.3316,0.0599,3.3045,67.2047,232.1405,0.2896,0.0497,1.9174,67.3579,233.0732,0.2886,0.0279
2015-10-31T01:24:59.113Z,4.9209,76.073,232.7898,0.3265,0.0659,3.3542,66.8904,232.1571,0.2881,0.052,1.9951,66.1559,232.8651,0.2843,0.0303
2015-10-31T01:25:59.558Z,4.2469,75.8523,232.3784,0.3257,0.0569,3.29,67.4115,232.1355,0.2902,0.049,1.7465,67.0226,232.4957,0.2884,0.0255
2015-10-31T01:26:59.121Z,4.6299,74.2884,232.2847,0.3199,0.064,2.6644,68.3969,232.451,0.2943,0.0391,1.6624,65.6602,232.2571,0.2827,0.0257
2015-10-31T01:27:59.502Z,4.8829,75.7591,232.3964,0.326,0.0648,3.0843,69.0377,233.2534,0.296,0.0437,1.7743,66.9199,232.1313,0.2884,0.0248
2015-10-31T01:28:59.756Z,4.6499,75.1516,233.0034,0.3226,0.0626,3.3665,68.9226,233.35,0.2952,0.047,1.9512,65.3522,232.35,0.2814,0.03
2015-10-31T01:29:59.474Z,4.7313,76.2715,232.7998,0.3275,0.0615,3.9432,68.0013,233.1346,0.2921,0.058,1.929,67.6987,231.8842,0.292,0.0269
2015-10-31T01:30:59.399Z,5.2127,74.7337,231.4007,0.3232,0.0696,3.3559,65.5212,231.7511,0.2828,0.0494,1.4252,67.1651,230.433,0.2917,0.0222
2015-10-31T01:31:59.788Z,5.385,75.3034,231.4433,0.3252,0.0728,3.3989,67.0511,231.5418,0.2891,0.0518,1.1622,67.3333,230.478,0.2922,0.0188
2015-10-31T01:32:59.073Z,5.4374,74.7223,231.126,0.3229,0.0739,3.4367,67.4784,231.4918,0.2914,0.0526,1.9686,68.0096,230.8076,0.2948,0.0294
2015-10-31T01:33:59.403Z,4.3177,76.3451,232.0334,0.3292,0.0564,3.6995,68.0192,231.9268,0.2935,0.0553,1.9067,65.6031,231.0788,0.2845,0.0295
2015-10-31T01:34:59.729Z,3.904,73.689,231.6585,0.3184,0.0544,3.0215,66.3905,231.9441,0.286,0.0476,1.8876,64.9076,230.697,0.2815,0.0324
2015-10-31T01:35:59.824Z,4.8067,75.3667,231.891,0.3257,0.0647,3.0896,68.9172,232.3179,0.2963,0.0435,1.5749,65.6255,231.0491,0.284,0.0241
2015-10-31T01:36:59.043Z,4.8446,75.2629,232.5149,0.3236,0.0652,3.359,67.2422,232.734,0.2892,0.0508,1.9155,67.3748,232.1264,0.2894,0.0288
2015-10-31T01:37:59.649Z,5.0292,75.0423,231.7243,0.3238,0.0687,3.7384,65.4685,231.7953,0.2824,0.057,1.5351,66.9445,231.8915,0.2884,0.0242
2015-10-31T01:38:59.207Z,3.891,75.5588,232.0843,0.3252,0.0528,3.5828,67.9494,231.8588,0.2932,0.0536,1.5737,67.2382,232.1667,0.2892,0.0228
2015-10-31T01:39:59.320Z,4.676,75.1698,232.3149,0.3236,0.0644,3.1949,67.0247,231.8111,0.2889,0.0479,1.8484,66.4757,232.1915,0.2864,0.0275
2015-10-31T01:40:59.526Z,4.6193,75.8718,230.6378,0.3282,0.0615,3.5036,65.9318,232.248,0.2837,0.0537,1.3658,68.1189,232.4914,0.2927,0.0193
2015-10-31T01:41:59.738Z,5.5575,74.7248,230.7087,0.3236,0.0747,3.0049,67.5707,232.2451,0.2911,0.0447,1.7552,66.7668,232.7362,0.2869,0.0268
2015-10-31T01:42:59.359Z,4.664,75.9703,230.9144,0.3286,0.0614,3.6157,68.0527,232.7724,0.292,0.0524,1.6158,68.1014,232.8286,0.2926,0.023
2015-10-31T01:43:59.934Z,3.5717,73.8547,231.1672,0.3195,0.0498,3.2926,67.6007,232.8185,0.2901,0.0493,1.6288,67.1154,232.7366,0.2886,0.0229
2015-10-31T01:44:59.166Z,4.5594,73.4839,232.5397,0.3158,0.0639,3.0979,67.3768,232.3557,0.2904,0.048,1.1923,66.8141,232.6457,0.2873,0.0182
2015-10-31T01:45:59.440Z,5.1738,75.0077,232.0427,0.323,0.0707,3.5416,65.308,232.154,0.2813,0.0549,1.47,65.3578,232.2551,0.2811,0.024
2015-10-31T01:46:59.622Z,5.1085,74.921,232.6048,0.3219,0.0693,2.8485,67.4891,232.0981,0.2902,0.0427,1.8902,66.657,232.5813,0.2867,0.0297
2015-10-31T01:47:59.064Z,4.7521,74.9164,232.8623,0.3219,0.0659,3.7858,67.2871,231.9791,0.2901,0.0551,1.2371,67.4817,232.7423,0.2898,0.0211
2015-10-31T01:48:59.400Z,4.4651,74.2552,232.786,0.3192,0.0605,3.4164,66.709,231.6261,0.2882,0.0532,1.7965,67.1982,232.777,0.2884,0.0272
2015-10-31T01:49:59.841Z,4.5774,75.9357,233.4204,0.3247,0.0613,3.2423,65.4173,231.4675,0.2824,0.0493,1.8529,65.4664,232.4403,0.2816,0.0291
2015-10-31T01:50:59.439Z,5.2565,75.9551,233.2657,0.3255,0.0684,3.5355,65.5196,232.0224,0.2822,0.0554,1.7598,67.9282,232.9575,0.2913,0.0263
2015-10-31T01:51:59.780Z,4.3226,74.9067,233.0975,0.3214,0.0589,3.9929,67.2456,231.4243,0.2909,0.0605,1.8927,66.5395,232.321,0.2863,0.0295
2015-10-31T01:52:59.073Z,5.008,76.5962,232.8359,0.3287,0.0659,2.9896,67.789,230.8084,0.2936,0.0456,1.419,66.9037,232.1899,0.2882,0.0202
2015-10-31T01:53:59.344Z,5.0641,75.2307,232.5059,0.3235,0.0679,2.9022,66.128,228.2912,0.2893,0.0429,1.6218,69.1299,232.5079,0.2973,0.0222
2015-10-31T01:54:59.581Z,4.8254,75.1716,232.0788,0.3242,0.0666,3.7522,66.6512,230.4551,0.2895,0.0545,1.7685,67.3441,231.6512,0.2903,0.0266
2015-10-31T01:55:59.316Z,4.2273,75.3276,231.944,0.3253,0.057,3.6424,67.2409,231.1779,0.2913,0.0532,1.6913,67.6337,231.3535,0.2925,0.026
2015-10-31T01:56:59.735Z,4.2483,74.5886,232.0173,0.3213,0.0568,3.4158,68.0791,231.3824,0.2938,0.0498,1.9099,64.9614,231.475,0.2809,0.0307
2015-10-31T01:57:59.614Z,4.4663,74.6772,232.1018,0.3219,0.0611,3.009,66.8398,231.7397,0.2883,0.0462,1.6664,67.2096,231.7462,0.2899,0.0248
2015-10-31T01:58:59.886Z,4.8393,75.8087,231.8049,0.3273,0.0643,3.523,67.4995,231.9617,0.2913,0.0527,1.4314,65.1821,232.3124,0.2803,0.0233
2015-10-31T01:59:59.146Z,4.9417,74.1036,231.6985,0.3197,0.0688,2.9657,66.1881,232.1021,0.2852,0.0449,2.1113,65.0874,232.2908,0.2803,0.0328
