2015-12-20T00:00:59.409Z,3.2089,110.4126,231.9707,0.476,0.0296,4.3729,97.6651,230.3656,0.4239,0.0467,82.9057,127.9979,231.9062,0.5518,0.6499
2015-12-20T00:01:59.782Z,3.712,112.9989,231.5276,0.4879,0.0342,4.1402,97.4901,231.1475,0.4222,0.0426,83.6336,129.2102,233.316,0.5534,0.651
2015-12-20T00:02:59.178Z,3.249,116.0102,231.6196,0.5008,0.0282,5.0649,99.8128,230.9408,0.4324,0.0514,83.2191,130.5771,233.2804,0.5593,0.6407
2015-12-20T00:03:59.090Z,3.27,112.6445,231.8295,0.4856,0.0291,3.2381,99.4011,230.8467,0.4307,0.0331,83.1259,129.0971,233.1796,0.5535,0.6467
2015-12-20T00:04:59.387Z,4.1219,114.6027,231.6215,0.4949,0.0364,3.5913,100.441,231.179,0.4349,0.0346,83.2168,128.0973,232.8995,0.5493,0.6521
2015-12-20T00:05:59.598Z,3.6988,112.7075,231.6881,0.486,0.032,3.5536,98.7297,231.001,0.4279,0.0366,82.3846,129.3507,232.3897,0.5565,0.6408
2015-12-20T00:06:59.383Z,4.6831,115.3209,231.5233,0.4977,0.041,4.2109,97.549,230.8401,0.4223,0.0449,82.9202,128.6641,232.6594,0.5529,0.648
2015-12-20T00:07:59.719Z,4.8427,112.4624,231.1289,0.4866,0.0448,3.4428,98.0139,230.737,0.4242,0.0354,82.7579,127.5337,231.7686,0.5505,0.6535
2015-12-20T00:08:59.361Z,4.521,113.4503,231.1191,0.4909,0.0399,3.3368,100.2666,230.3786,0.4354,0.0351,82.0574,125.9658,231.9516,0.5424,0.654
2015-12-20T00:09:59.692Z,5.263,112.2184,231.4404,0.484,0.0465,4.1726,100.0815,230.6169,0.434,0.0412,81.807,128.4075,231.8943,0.5535,0.6415
2015-12-20T00:10:59.106Z,2.9559,114.7854,231.6742,0.4956,0.0256,4.4646,99.4339,229.9549,0.4323,0.0436,82.1236,127.0379,231.7326,0.5483,0.648
2015-12-20T00:11:59.568Z,4.4543,114.0148,231.6099,0.4921,0.0405,3.9137,97.4762,229.5851,0.424,0.0427,82.4466,128.6082,231.4714,0.5555,0.6462
2015-12-20T00:12:59.042Z,5.1384,114.5203,231.4977,0.4945,0.047,3.6025,97.2999,229.7192,0.4236,0.0353,81.6589,127.2393,231.3677,0.5499,0.646
2015-12-20T00:13:59.540Z,4.0425,116.04,231.7687,0.5003,0.0341,4.7435,99.8338,229.9612,0.4338,0.0468,82.7014,128.4156,231.844,0.554,0.6475
2015-12-20T00:14:59.863Z,3.8964,114.2653,231.8486,0.493,0.0346,4.385,98.1721,230.3905,0.4257,0.0461,82.6986,128.3707,232.0767,0.5529,0.6466
2015-12-20T00:15:59.097Z,3.5797,113.4103,231.8962,0.4891,0.032,4.423,97.7543,230.6235,0.4238,0.0449,83.0462,129.5529,232.1051,0.5579,0.6457
2015-12-20T00:16:59.952Z,5.0697,114.8524,232.4352,0.4937,0.045,3.785,99.633,231.1215,0.4309,0.0371,83.6276,129.0404,232.8788,0.5539,0.6518
2015-12-20T00:17:59.785Z,3.1143,112.3742,232.3943,0.4834,0.0264,3.9471,98.9107,231.3273,0.4274,0.0382,83.6488,128.5087,233.0702,0.5511,0.6527
2015-12-20T00:18:59.064Z,4.4709,113.1098,232.1429,0.4867,0.0409,3.7172,100.3432,231.4537,0.4339,0.0372,83.8638,129.5542,233.0154,0.5563,0.6503
2015-12-20T00:19:59.365Z,3.8131,116.3799,232.1742,0.5009,0.0327,3.5273,101.8597,232.0299,0.4392,0.0354,83.0386,128.6021,232.7656,0.5527,0.6478
2015-12-20T00:20:59.028Z,4.2996,114.186,232.3222,0.4913,0.038,3.8741,101.487,232.0299,0.4375,0.0401,83.2404,128.452,232.8624,0.5513,0.65
2015-12-20T00:21:59.397Z,2.3051,111.5038,232.617,0.4793,0.0202,4.7156,96.3476,232.4644,0.4145,0.0521,82.7589,127.1851,233.3209,0.5443,0.6552
2015-12-20T00:22:59.744Z,5.104,114.357,232.4242,0.4918,0.0443,4.0433,99.5312,232.7191,0.4276,0.0434,84.5514,129.8663,234.8455,0.5534,0.6557
2015-12-20T00:23:59.096Z,3.8901,115.1637,232.172,0.4962,0.0348,3.807,98.9794,233.0189,0.4248,0.0377,85.1272,130.5879,235.1696,0.5558,0.6553
2015-12-20T00:24:59.526Z,5.0236,116.4232,232.3034,0.5007,0.0437,3.0873,100.4445,233.0315,0.4309,0.0323,84.3046,131.2588,235.0524,0.5584,0.6449
2015-12-20T00:26:59.499Z,5.0951,113.0429,232.2668,0.4865,0.0452,3.6792,98.6218,232.5457,0.4242,0.0385,84.929,129.6073,235.0001,0.5515,0.6587
2015-12-20T00:27:59.145Z,4.7848,116.5279,232.2299,0.5017,0.0408,3.8346,99.0273,232.104,0.4263,0.0424,84.7357,129.8731,235.0646,0.553,0.6548
2015-12-20T00:28:59.623Z,3.5666,113.1869,232.2976,0.4873,0.0331,3.3316,98.8176,232.1059,0.4256,0.0351,85.0285,132.3442,235.0621,0.5632,0.6451
2015-12-20T00:29:59.212Z,3.1035,112.7375,232.8782,0.4841,0.0278,4.5074,97.7443,232.8348,0.4192,0.046,84.5382,130.243,234.9708,0.5543,0.654
2015-12-20T00:30:59.917Z,3.8042,114.8162,232.7428,0.4934,0.0334,4.2789,101.6425,233.0292,0.4361,0.0427,84.773,131.5608,235.2062,0.559,0.6464
2015-12-20T00:31:59.421Z,4.9063,113.8058,232.8502,0.4886,0.0424,3.8644,99.5771,232.8034,0.428,0.0394,84.8653,131.967,234.9767,0.5614,0.6456
2015-12-20T00:32:59.679Z,3.7504,113.8566,232.679,0.4897,0.0327,3.9434,99.76,232.9814,0.4277,0.0414,85.753,133.274,234.8885,0.567,0.6457
2015-12-20T00:33:59.988Z,3.9211,115.7864,232.9378,0.4971,0.0342,4.1432,98.7823,233.2253,0.4235,0.0418,84.2687,130.669,234.9763,0.5557,0.6473
2015-12-20T00:34:59.551Z,3.2077,115.1303,233.2124,0.4936,0.0281,3.8396,95.782,233.012,0.4113,0.0389,84.5732,129.8057,234.9731,0.5521,0.6521
2015-12-20T00:35:59.882Z,2.7593,115.1032,233.0755,0.4931,0.0221,4.3957,101.4258,232.948,0.4354,0.0437,83.0962,127.9724,233.8457,0.5473,0.6518
2015-12-20T00:36:59.283Z,4.2079,115.4436,232.8272,0.4953,0.0364,4.0927,100.5608,232.457,0.4323,0.0406,84.0881,127.6756,234.1239,0.5453,0.6648
2015-12-20T00:37:59.541Z,4.9576,113.1332,232.7435,0.4852,0.0445,4.0804,95.7442,232.1152,0.4127,0.0444,83.978,127.4304,233.9557,0.5452,0.6641
2015-12-20T00:38:59.233Z,4.4042,114.0759,232.5572,0.49,0.0391,4.3679,101.5384,231.962,0.4376,0.038,83.6058,128.7524,234.1162,0.55,0.6516
2015-12-20T00:39:59.819Z,3.1301,114.3076,232.4536,0.4918,0.0279,4.1883,99.7051,231.8366,0.4297,0.0424,83.5285,128.8621,234.0248,0.5508,0.6497
2015-12-20T00:40:59.318Z,4.0017,112.7711,232.2066,0.4857,0.0357,3.6617,99.524,231.8342,0.4288,0.0396,83.6027,131.8621,233.8854,0.5637,0.6384
2015-12-20T00:41:59.258Z,4.7573,113.0757,232.2063,0.4862,0.0432,3.606,99.9212,232.5619,0.4292,0.037,83.7803,126.9033,233.8138,0.5423,0.6631
2015-12-20T00:42:59.723Z,4.6057,114.8686,232.1788,0.4946,0.0403,3.5774,100.3034,232.0076,0.4322,0.0355,83.5424,128.4143,233.9182,0.5488,0.6525
2015-12-20T00:43:59.037Z,4.818,114.2367,232.1094,0.4921,0.042,3.0563,100.3883,232.5366,0.4321,0.0324,83.5948,128.6488,234.2514,0.549,0.6522
2015-12-20T00:44:59.615Z,5.2741,113.7255,232.3023,0.4893,0.0459,3.6089,98.8049,232.1412,0.4258,0.0358,84.3121,129.6195,233.9511,0.5537,0.6529
2015-12-20T00:45:59.472Z,3.3824,112.3332,232.5327,0.4834,0.0295,4.1913,97.5109,232.463,0.4195,0.0436,83.8273,130.7192,233.9163,0.5589,0.6443
2015-12-20T00:46:59.771Z,4.5843,114.0212,232.6863,0.4897,0.0415,3.7604,96.6197,232.5201,0.4153,0.0412,84.3957,128.8312,234.0909,0.5504,0.6608
2015-12-20T00:47:59.039Z,4.3618,115.6599,233.047,0.4963,0.0386,3.15,101.3316,232.4769,0.4363,0.0321,84.0113,130.4204,234.0676,0.5572,0.647
2015-12-20T00:48:59.544Z,3.9818,111.7339,232.6341,0.4798,0.0365,3.9597,101.5683,232.7363,0.436,0.0393,83.5518,129.078,234.3484,0.5508,0.6505
2015-12-20T00:49:59.066Z,3.2702,113.9947,232.0468,0.4914,0.0298,4.1464,99.0011,233.0137,0.425,0.0429,83.789,131.9559,234.6671,0.5622,0.6376
2015-12-20T00:50:59.247Z,3.6468,114.9595,231.8443,0.4956,0.0321,3.357,102.0404,233.0714,0.4375,0.0321,84.3989,129.3315,234.372,0.5511,0.6545
2015-12-20T00:51:59.631Z,3.3871,112.4232,231.4691,0.4853,0.0318,3.7923,99.2914,232.1582,0.4274,0.0401,83.0219,128.9465,232.9198,0.554,0.6466
2015-12-20T00:52:59.951Z,4.9383,114.9859,231.573,0.4962,0.0442,4.2021,99.4263,230.2625,0.4321,0.0425,82.0683,127.7986,231.8811,0.5508,0.6449
2015-12-20T00:53:59.606Z,4.814,114.5808,231.221,0.4954,0.0427,3.625,99.0506,230.1522,0.4298,0.0378,82.8592,129.8997,231.978,0.5608,0.6413
2015-12-20T00:54:59.942Z,4.8836,112.442,231.5511,0.4858,0.0435,3.2065,97.033,227.0691,0.4267,0.0312,83.1689,128.1992,233.1097,0.5497,0.649
2015-12-20T00:55:59.970Z,4.5603,112.9859,230.9423,0.4888,0.0409,3.7192,97.0034,228.7821,0.4236,0.0399,82.5536,128.3423,232.7595,0.5508,0.6449
2015-12-20T00:56:59.388Z,5.2322,113.1458,231.1667,0.4889,0.046,3.7906,96.133,229.6943,0.4186,0.04,82.6199,127.7696,232.9699,0.5487,0.6489
2015-12-20T00:57:59.650Z,4.3754,112.4968,231.3327,0.4859,0.0385,3.4813,99.1162,230.0402,0.431,0.034,83.2327,128.1946,233.0563,0.5498,0.6513
2015-12-20T00:58:59.639Z,3.297,114.8565,231.102,0.4971,0.0284,4.1641,98.0291,230.0499,0.4262,0.0421,83.8811,128.058,233.2531,0.5486,0.6577
2015-12-20T00:59:59.994Z,5.3401,113.8971,231.5914,0.4916,0.0467,3.7648,99.698,230.2352,0.433,0.038,82.6692,127.7545,233.0473,0.5485,0.6496
2015-12-20T01:00:59.302Z,4.6461,109.1366,231.5506,0.4709,0.0434,2.8673,98.9122,230.632,0.428,0.0297,81.9749,129.687,232.8921,0.5566,0.636
2015-12-20T01:01:59.795Z,4.1062,111.9771,230.8466,0.4841,0.0377,3.539,99.1576,230.7528,0.4295,0.0387,82.8425,127.1483,232.9986,0.5459,0.6562
2015-12-20T01:02:59.369Z,4.6278,113.5301,230.8268,0.4914,0.0406,3.8327,99.841,230.39,0.4334,0.0391,82.6656,128.4542,232.3956,0.5527,0.6462
2015-12-20T01:03:59.227Z,3.5523,115.1993,230.9773,0.4986,0.0317,3.7758,100.7529,230.9186,0.4356,0.0381,82.4702,128.0144,232.1317,0.5516,0.6476
2015-12-20T01:04:59.823Z,3.9846,114.7597,231.0953,0.4963,0.0358,3.5639,100.8868,230.407,0.4382,0.0354,82.3063,126.685,231.6147,0.547,0.6515
2015-12-20T01:05:59.138Z,5.1674,113.445,230.7373,0.4911,0.0452,4.1078,99.1347,230.4163,0.4299,0.0428,82.6633,125.7799,231.6434,0.5427,0.6614
2015-12-20T01:06:59.805Z,4.8561,111.2678,230.411,0.4832,0.0443,3.6139,97.3908,230.1478,0.4229,0.0392,82.619,128.8989,231.3651,0.5574,0.647
2015-12-20T01:07:59.498Z,4.9454,114.1967,230.53,0.4953,0.0438,3.3249,99.6377,229.9527,0.4333,0.0328,81.0044,126.7503,231.2732,0.5476,0.6421
2015-12-20T01:08:59.997Z,4.7133,113.6992,230.3962,0.4932,0.0409,3.0713,98.9775,230.0466,0.43,0.0323,82.3998,128.0953,231.6268,0.5529,0.647
2015-12-20T01:09:59.663Z,5.043,114.7808,230.2917,0.498,0.0437,3.3867,95.8736,229.7098,0.4177,0.0361,82.0954,129.5767,232.064,0.5583,0.6369
2015-12-20T01:10:59.419Z,3.466,112.9955,230.3571,0.4904,0.032,3.411,96.471,229.2593,0.4204,0.0382,82.8342,128.1643,231.9807,0.5529,0.6518
2015-12-20T01:11:59.760Z,3.2523,112.2301,230.5415,0.4862,0.0296,3.7463,95.6522,229.7368,0.4164,0.0403,82.1457,127.9971,231.9071,0.5512,0.648
2015-12-20T01:12:59.386Z,4.7002,113.5233,231.3208,0.4904,0.0408,3.5069,99.1444,229.8864,0.4311,0.0359,82.7958,126.7577,232.092,0.5467,0.6552
2015-12-20T01:13:59.533Z,3.6669,114.0353,231.2873,0.493,0.0315,4.6658,98.3618,230.3312,0.4269,0.0487,82.5405,130.1234,232.2526,0.5604,0.6392
2015-12-20T01:14:59.907Z,3.148,115.2882,231.1862,0.4987,0.0274,4.4782,97.1663,230.5793,0.4221,0.0471,82.9491,128.1939,232.4176,0.5516,0.6495
2015-12-20T01:15:59.272Z,4.2088,113.882,231.4827,0.492,0.0371,3.4248,99.9877,230.4976,0.4344,0.0349,82.6643,128.1556,232.2561,0.552,0.6481
2015-12-20T01:16:59.189Z,4.483,112.6176,231.7249,0.4853,0.041,3.069,97.8131,230.35,0.4243,0.0329,82.6207,127.3951,232.5099,0.5479,0.6521
2015-12-20T01:17:59.559Z,4.4597,114.072,231.9748,0.4914,0.0399,3.522,98.6311,230.2366,0.428,0.0339,82.7255,128.3334,232.7654,0.5514,0.6461
2015-12-20T01:18:59.857Z,3.5337,114.0696,231.7691,0.4914,0.0321,3.7163,96.9324,229.8386,0.4216,0.0384,83.2967,130.4529,232.7697,0.5604,0.6416
2015-12-20T01:19:59.065Z,3.3112,113.7707,231.5963,0.4912,0.0298,4.1986,98.7172,230.055,0.4286,0.0442,83.0442,127.5157,232.2244,0.5488,0.6546
2015-12-20T01:20:59.446Z,4.3577,112.4745,231.6787,0.4849,0.0379,3.7212,97.3624,229.8708,0.4232,0.0403,82.9681,127.8333,232.1054,0.5507,0.6515
2015-12-20T01:21:59.581Z,4.1385,114.0577,231.7045,0.4914,0.0365,3.3757,99.777,229.9962,0.4333,0.0353,82.8599,127.6612,232.3988,0.5491,0.6501
2015-12-20T01:22:59.862Z,3.9792,115.8796,231.2445,0.5007,0.0348,3.5214,99.7543,229.7257,0.4346,0.034,82.1197,126.6705,232.045,0.5462,0.6496
2015-12-20T01:23:59.464Z,4.5938,110.5051,231.1046,0.4781,0.0412,3.1281,95.7238,229.965,0.4164,0.0341,82.7057,127.6017,231.5044,0.5504,0.6521
2015-12-20T01:24:59.977Z,4.948,116.2005,231.534,0.5018,0.0415,4.1847,98.5134,230.2243,0.428,0.0423,81.7768,127.2933,231.8588,0.5492,0.6443
2015-12-20T01:25:59.406Z,5.162,114.4396,231.7551,0.4943,0.0453,3.1382,95.4334,230.0803,0.415,0.033,82.3041,128.0803,232.1777,0.5516,0.6452
2015-12-20T01:26:59.218Z,3.5092,112.769,232.5196,0.4847,0.0318,3.7729,94.2288,230.5927,0.4082,0.0412,81.3751,126.9928,229.8334,0.5526,0.6444
2015-12-20T01:27:59.607Z,5.0517,115.343,231.407,0.4984,0.0433,4.1245,99.5836,230.3068,0.4323,0.0417,82.7274,126.6245,232.2602,0.5449,0.656
2015-12-20T01:28:59.965Z,4.4173,113.8509,231.0549,0.4919,0.0396,3.4186,100.1696,229.9262,0.4358,0.0331,82.1358,128.154,231.9929,0.5524,0.6437
2015-12-20T01:29:59.084Z,4.2672,113.8497,230.9893,0.4929,0.0368,4.1018,100.4969,230.075,0.4364,0.0411,82.6309,129.2161,232.0298,0.5568,0.6422
2015-12-20T01:30:59.903Z,4.1314,113.7808,230.7392,0.4927,0.0366,3.9391,98.8465,229.2389,0.4312,0.0392,82.8151,127.8975,232.1637,0.5508,0.6505
2015-12-20T01:31:59.424Z,5.0893,113.5309,230.8581,0.4913,0.0448,3.6,97.3263,229.7601,0.4238,0.0408,82.2782,128.6278,232.1829,0.554,0.646
2015-12-20T01:32:59.702Z,3.2712,113.6337,230.1676,0.4931,0.0301,4.3304,97.8386,229.3671,0.4266,0.0436,82.2623,127.3841,231.4864,0.5499,0.6492
2015-12-20T01:33:59.257Z,4.2487,112.4237,230.3664,0.4877,0.0371,4.0678,98.8509,228.8024,0.4327,0.0393,82.6363,128.213,231.7764,0.553,0.6481
2015-12-20T01:34:59.783Z,4.3991,112.8371,230.189,0.4899,0.0405,3.4836,97.0054,228.511,0.4245,0.0363,82.6248,127.8442,232.1191,0.5504,0.6486
2015-12-20T01:35:59.037Z,4.3771,111.7312,230.0883,0.4851,0.0389,3.4303,97.1728,228.5444,0.4247,0.0391,83.0521,127.5264,231.9073,0.5496,0.6577
2015-12-20T01:36:59.883Z,4.3299,113.4339,229.8741,0.493,0.0387,3.3364,95.8329,229.274,0.4178,0.0364,82.2311,128.8788,231.5012,0.5562,0.6421
2015-12-20T01:37:59.031Z,4.2074,111.6262,229.4132,0.4864,0.0372,3.3678,99.3233,229.0468,0.4337,0.0347,81.4572,128.1256,231.2026,0.5543,0.6392
2015-12-20T01:38:59.400Z,4.6242,111.108,229.1745,0.4844,0.041,2.649,96.0745,229.0204,0.4192,0.028,81.7322,126.889,231.1415,0.5487,0.6462
2015-12-20T01:39:59.125Z,3.21,113.88,229.6009,0.4957,0.0284,4.0908,98.7546,229.2922,0.4305,0.0424,82.8523,127.7138,232.0029,0.5507,0.6512
2015-12-20T01:40:59.531Z,2.5721,111.9664,229.5705,0.487,0.023,4.6684,96.0467,228.6677,0.4201,0.049,82.367,129.0216,232.5626,0.5543,0.6413
2015-12-20T01:41:59.131Z,3.6359,113.7545,229.8962,0.4948,0.0329,3.7502,97.5043,229.726,0.4246,0.0376,82.8768,129.5425,232.3999,0.5573,0.6444
2015-12-20T01:42:59.436Z,4.6469,114.5899,230.3005,0.4969,0.041,3.8131,98.4244,230.4105,0.4268,0.0392,81.9889,128.8338,232.5819,0.5542,0.6391
2015-12-20T01:44:59.666Z,3.2312,112.9791,230.3068,0.4904,0.028,4.646,99.459,230.4955,0.432,0.0474,82.3478,128.2155,232.4107,0.5515,0.6448
2015-12-20T01:45:59.380Z,4.3455,113.4301,230.39,0.4924,0.0384,4.3099,96.2143,230.0707,0.418,0.0448,82.0833,127.2827,232.0298,0.5488,0.649
2015-12-20T01:46:59.679Z,3.5699,113.6901,230.6721,0.4927,0.0314,3.394,97.4963,230.1708,0.4236,0.0359,83.2264,127.9763,232.4619,0.5509,0.6549
2015-12-20T01:47:59.305Z,4.0002,112.6867,230.4642,0.4891,0.0364,4.4858,100.3825,230.6127,0.4355,0.0433,82.3821,128.1645,232.547,0.5512,0.6455
2015-12-20T01:48:59.003Z,4.6302,114.2906,230.7833,0.4958,0.0412,3.1392,98.0301,230.0551,0.4262,0.033,82.1143,129.0537,232.4449,0.5553,0.6383
2015-12-20T01:49:59.064Z,5.2255,114.9702,231.1487,0.4975,0.0467,3.5891,98.5837,230.8193,0.4275,0.0357,83.1631,128.8592,232.463,0.5546,0.6477
2015-12-20T01:50:59.392Z,4.2458,116.1441,231.1258,0.5022,0.0367,4.6493,97.9935,230.8938,0.4243,0.0475,81.9965,127.1543,232.3162,0.5471,0.6508
2015-12-20T01:51:59.733Z,3.6668,115.7377,230.965,0.5008,0.0332,3.5259,99.7633,230.7083,0.432,0.0376,82.6493,127.277,232.5439,0.5471,0.6514
2015-12-20T01:52:59.623Z,4.8886,113.4674,230.8942,0.4905,0.0438,3.6451,97.2531,230.2144,0.4224,0.0378,83.0233,129.1609,232.3149,0.5559,0.6451
2015-12-20T01:53:59.951Z,4.0997,111.988,230.6596,0.4854,0.0375,3.8756,98.1995,229.8503,0.427,0.0402,82.1018,127.9999,231.9558,0.5516,0.6442
2015-12-20T01:54:59.614Z,4.1288,112.2305,230.2896,0.4865,0.0357,3.9001,99.9673,229.8929,0.4349,0.0379,81.2277,125.2346,231.7255,0.5403,0.6524
2015-12-20T01:55:59.115Z,4.3194,112.3409,230.5532,0.4867,0.0394,3.5132,97.9152,230.1096,0.4253,0.0367,82.5712,127.0202,231.4798,0.5484,0.6548
2015-12-20T01:56:59.803Z,3.8621,114.225,230.7429,0.4952,0.0346,4.2954,98.4429,230.2868,0.427,0.0443,81.9497,128.5735,231.7465,0.5551,0.64
2015-12-20T01:57:59.991Z,3.773,113.8412,230.9873,0.4929,0.0319,3.9241,96.2848,230.619,0.4174,0.0405,82.6135,129.8538,231.8896,0.5598,0.64
2015-12-20T01:58:59.177Z,3.0613,114.9298,230.6392,0.4976,0.0272,4.2559,98.9246,230.6393,0.4284,0.0424,82.0229,127.9428,231.6191,0.5517,0.6432
2015-12-20T01:59:59.447Z,3.5193,113.4475,230.2952,0.4924,0.0316,3.5853,100.1484,230.4753,0.4344,0.0371,81.8414,127.1118,231.3552,0.5491,0.6468
2015-12-20T02:00:59.057Z,5.0231,110.5252,230.4488,0.4797,0.0447,2.9221,97.02,230.6378,0.42,0.0286,82.1499,125.0086,231.4879,0.5399,0.6618
2015-12-20T02:01:59.380Z,4.5689,114.3848,230.6591,0.4957,0.0407,3.3062,100.0693,230.866,0.4338,0.034,81.3075,125.456,231.786,0.5411,0.6493
2015-12-20T02:02:59.728Z,4.3713,113.9874,230.6936,0.4939,0.039,3.015,96.974,230.1766,0.4212,0.0308,82.63,129.1007,231.5363,0.5575,0.6438
2015-12-20T02:03:59.599Z,2.8086,112.3297,230.703,0.4869,0.0244,5.2916,97.0923,230.3411,0.4216,0.053,82.393,128.4452,231.5641,0.5549,0.6456
2015-12-20T02:04:59.033Z,3.446,111.2074,230.5547,0.4819,0.0312,3.9402,99.0989,230.8708,0.4292,0.0436,81.4631,127.0658,232.0697,0.5471,0.6444
2015-12-20T02:05:59.265Z,4.6669,113.6392,230.8399,0.4918,0.0435,2.632,99.0385,231.3196,0.428,0.0273,81.912,128.6376,232.5331,0.5531,0.6407
2015-12-20T02:06:59.704Z,4.1651,113.421,230.9062,0.4909,0.0364,4.9811,97.1138,230.9277,0.4204,0.052,82.9041,130.6067,232.5464,0.5614,0.6393
2015-12-20T02:07:59.129Z,4.5058,115.5762,231.21,0.4997,0.0384,3.309,97.3908,230.4912,0.4223,0.0339,82.2506,128.5998,232.3893,0.5536,0.6426
2015-12-20T02:08:59.557Z,3.0676,112.3621,230.8484,0.4863,0.0265,4.7761,102.9393,230.3381,0.447,0.0452,82.9,127.7294,232.4681,0.5492,0.6513
2015-12-20T02:09:59.797Z,4.8068,114.008,230.6395,0.4943,0.0432,3.6401,97.122,230.5228,0.4216,0.039,82.3869,128.6482,232.5099,0.553,0.6439
2015-12-20T02:10:59.029Z,4.5638,111.4214,230.8887,0.4821,0.0422,3.9048,98.1874,230.9602,0.4247,0.0416,82.6303,127.1331,232.7334,0.5466,0.6553
2015-12-20T02:11:59.092Z,4.7882,114.5809,230.7551,0.4964,0.043,3.2422,98.2404,230.9985,0.4254,0.034,83.3099,128.279,232.6753,0.5511,0.6508
2015-12-20T02:12:59.653Z,4.2687,114.2162,231.4418,0.4926,0.0384,4.329,97.8736,231.0566,0.4239,0.0459,82.6064,128.4303,232.9273,0.5511,0.645
2015-12-20T02:13:59.138Z,4.1128,111.1618,231.1912,0.4801,0.0367,3.6376,96.8172,230.7993,0.4194,0.0376,82.9993,130.6919,233.0769,0.5607,0.6393
2015-12-20T02:14:59.265Z,4.4543,113.7579,229.7022,0.4955,0.038,4.6634,100.8832,231.1687,0.4364,0.0448,83.0435,127.4359,233.17,0.5465,0.6535
2015-12-20T02:15:59.827Z,4.1367,114.1203,229.7442,0.4967,0.0378,4.3095,99.3693,230.8298,0.4301,0.0445,83.1597,128.8297,233.2539,0.5518,0.6496
2015-12-20T02:16:59.091Z,5.5352,113.2304,229.3424,0.4944,0.0487,3.3087,100.4102,230.9202,0.4347,0.0319,83.0028,127.221,233.142,0.5461,0.6561
2015-12-20T02:17:59.916Z,3.852,114.0175,229.6387,0.4963,0.035,4.1675,99.1715,230.1434,0.4309,0.0435,82.1396,128.3422,232.6766,0.5518,0.6424
2015-12-20T02:18:59.424Z,3.2116,112.7508,229.117,0.4921,0.0286,4.9669,99.8947,230.0709,0.4343,0.0507,82.6365,129.4571,232.404,0.5571,0.6433
2015-12-20T02:19:59.781Z,5.2902,112.6801,229.2369,0.4919,0.0464,3.2467,99.4618,230.0926,0.4327,0.0348,82.4718,126.664,232.269,0.5452,0.6548
2015-12-20T02:20:59.060Z,4.2689,112.1047,229.5342,0.488,0.0381,3.3749,95.2866,227.681,0.4187,0.0374,82.6218,126.9646,233.1659,0.5446,0.6537
2015-12-20T02:21:59.361Z,5.0307,112.8113,229.3745,0.4913,0.0454,3.4956,98.7315,229.2998,0.4302,0.0356,82.3573,127.3535,232.1938,0.5485,0.6491
2015-12-20T02:22:59.158Z,5.1633,113.1157,229.5014,0.4929,0.0464,3.2947,97.5621,230.4792,0.4238,0.0327,82.376,128.5893,231.6015,0.5554,0.6443
2015-12-20T02:23:59.557Z,4.0949,112.8042,229.0812,0.4923,0.0373,4.1218,99.0681,230.5116,0.4295,0.0411,81.859,127.1426,231.5576,0.549,0.6453
2015-12-20T02:25:59.839Z,4.0228,112.8179,229.2665,0.4917,0.0359,3.5059,98.9146,230.323,0.4296,0.0369,82.1657,128.263,231.7753,0.5534,0.644
2015-12-20T02:26:59.986Z,2.9865,111.7234,229.4068,0.4866,0.0261,4.4837,99.9396,230.2501,0.4339,0.0447,82.1096,127.3101,232.0466,0.5487,0.6488
2015-12-20T02:27:59.461Z,4.517,114.1247,231.0872,0.4934,0.0393,2.8419,97.6282,230.2403,0.4242,0.0287,82.8952,128.282,232.2384,0.5527,0.6494
2015-12-20T02:28:59.724Z,5.2224,113.6074,231.7637,0.4898,0.0479,4.0575,97.1442,229.8691,0.4222,0.0412,82.8758,129.0388,232.5688,0.5545,0.6446
2015-12-20T02:29:59.893Z,4.4191,114.1016,231.7608,0.4919,0.0389,4.0888,99.9291,230.1358,0.4343,0.0418,82.5391,127.527,232.7175,0.5476,0.6524
2015-12-20T02:30:59.206Z,4.0789,112.2186,231.6507,0.4834,0.0373,4.6773,98.811,230.5234,0.4283,0.0523,81.919,124.7422,231.6203,0.5387,0.6594
2015-12-20T02:31:59.548Z,4.0205,115.3279,231.8782,0.4967,0.0367,3.714,97.9316,230.0858,0.4256,0.0387,82.5074,129.7804,231.8927,0.5597,0.6389
2015-12-20T02:32:59.574Z,4.4809,113.7113,231.8222,0.4899,0.0403,4.0442,102.0899,230.5501,0.4424,0.0403,82.4041,127.2005,231.8182,0.5488,0.6508
2015-12-20T02:33:59.958Z,5.3963,114.3746,231.5866,0.4937,0.0479,3.4068,98.0853,231.0545,0.4248,0.0342,82.3977,127.4037,231.5045,0.5503,0.6496
2015-12-20T02:34:59.547Z,4.8262,114.9117,231.6907,0.4958,0.0422,3.764,98.5398,231.174,0.4263,0.0399,82.7981,127.921,231.4328,0.5528,0.6491
2015-12-20T02:35:59.946Z,3.4716,115.5352,231.4937,0.4985,0.0296,4.022,95.5411,231.1637,0.413,0.0448,82.0918,127.5002,231.3893,0.5511,0.649
2015-12-20T02:36:59.049Z,4.4985,114.2003,231.9619,0.4927,0.0393,3.5976,100.1794,230.8436,0.4346,0.0367,82.1748,126.4062,231.3872,0.5463,0.6525
2015-12-20T02:37:59.581Z,4.8145,113.9125,231.9696,0.4905,0.0429,3.6827,100.048,230.9466,0.4334,0.0364,81.2142,127.1267,231.4985,0.5489,0.6411
2015-12-20T02:38:59.921Z,4.6435,114.2382,231.4253,0.4934,0.0401,3.4252,99.5666,230.8047,0.4318,0.0344,81.6126,127.4132,231.4943,0.5505,0.6447
2015-12-20T02:39:59.483Z,3.4727,113.6382,231.9231,0.4898,0.0303,4.9329,96.8816,230.5424,0.4201,0.0543,81.9939,127.7034,231.3611,0.5516,0.6452
2015-12-20T02:40:59.969Z,4.4363,113.8985,231.5316,0.4916,0.0387,3.4883,101.6722,230.6997,0.4402,0.0336,82.37,126.3236,231.2884,0.5459,0.6543
2015-12-20T02:41:59.594Z,4.1768,111.6652,232.098,0.4804,0.0382,4.1739,97.5852,231.1718,0.4223,0.0423,81.9551,126.6918,231.9019,0.5464,0.6492
2015-12-20T02:42:59.965Z,3.0712,115.3372,231.8512,0.4971,0.0268,4.2373,100.0176,231.0665,0.4323,0.0392,82.3117,126.6557,231.4785,0.5467,0.6523
2015-12-20T02:43:59.315Z,3.5828,115.1987,231.6039,0.4969,0.0317,3.8464,98.4676,231.0156,0.4263,0.0369,82.2331,128.4597,231.0478,0.556,0.6424
2015-12-20T02:44:59.481Z,4.7133,113.9067,231.7076,0.4919,0.0418,4.2636,99.304,230.8785,0.43,0.042,81.9903,124.9765,230.9962,0.5409,0.6592
2015-12-20T02:45:59.799Z,5.3911,115.5343,231.4099,0.4991,0.0471,3.5522,96.5818,230.8884,0.4179,0.0388,80.8187,127.3976,231.032,0.5509,0.6395
2015-12-20T02:46:59.043Z,4.8346,114.2248,231.4811,0.4934,0.0429,3.3476,99.2618,231.0381,0.4299,0.0347,81.7299,128.2454,230.9171,0.5558,0.6399
2015-12-20T02:47:59.063Z,3.4649,111.4335,230.9695,0.4822,0.032,2.9532,100.4867,230.8423,0.4352,0.0291,81.554,126.2671,231.5334,0.5453,0.6501
2015-12-20T02:48:59.502Z,5.1579,113.7488,230.9301,0.4922,0.046,3.4512,102.0735,230.5962,0.4425,0.0342,82.3225,126.3266,231.9118,0.5442,0.6531
2015-12-20T02:49:59.670Z,4.12,112.6552,230.8088,0.488,0.0362,3.3752,96.2598,230.5551,0.4176,0.0367,82.1338,127.0495,231.9555,0.5478,0.6505
2015-12-20T02:50:59.065Z,4.7503,113.2283,230.4116,0.491,0.0428,3.1297,98.4994,230.9211,0.4263,0.0338,83.2219,127.3909,231.8133,0.5496,0.6559
2015-12-20T02:51:59.692Z,3.5411,114.5732,230.8486,0.4959,0.0299,4.3926,99.5525,230.6453,0.4316,0.0441,82.3414,129.1041,231.5865,0.5573,0.6411
2015-12-20T02:52:59.378Z,4.7318,111.7927,231.2475,0.4835,0.0424,3.6873,97.3456,227.7159,0.4267,0.0374,82.4489,129.1216,232.6114,0.5548,0.6423
2015-12-20T02:53:59.767Z,5.0581,113.0795,231.2908,0.4884,0.0445,2.8826,98.5221,227.6538,0.4323,0.0295,83.0486,128.8421,232.4334,0.5543,0.6476
2015-12-20T02:54:59.024Z,3.6774,111.1438,230.4613,0.4822,0.0341,3.3168,97.9843,228.0721,0.4289,0.0348,82.5353,126.37,232.1733,0.5444,0.6583
2015-12-20T02:55:59.408Z,3.8937,112.4133,230.2573,0.4875,0.0351,3.4367,95.9174,230.2815,0.4163,0.0356,82.1079,128.2709,231.8942,0.5534,0.6443
2015-12-20T02:56:59.751Z,4.3071,114.1005,231.5116,0.4925,0.0385,4.0083,98.0853,228.3532,0.4299,0.0413,81.9682,127.9158,231.8702,0.551,0.6439
2015-12-20T02:57:59.098Z,3.8986,114.4066,232.1439,0.4924,0.0348,4.4336,99.5028,228.6371,0.4349,0.0468,82.1156,128.2951,231.7603,0.5542,0.6433
2015-12-20T02:58:59.061Z,4.4176,115.4171,232.1666,0.4971,0.0377,4.1116,96.6591,228.501,0.4229,0.0411,82.6787,126.5144,231.6698,0.5457,0.6559
2015-12-20T02:59:59.792Z,3.8804,111.8059,231.8683,0.4814,0.0328,3.6429,98.2341,228.8254,0.4288,0.042,81.451,127.28,231.3367,0.55,0.6471
