2015-12-19T00:00:59.122Z,4.9149,109.9613,230.3074,0.4773,0.0429,5.0633,97.4713,231.8352,0.4204,0.0531,85.2943,131.354,234.3386,0.5606,0.6536
2015-12-19T00:01:59.427Z,3.0303,112.9245,230.0776,0.4903,0.0276,4.3841,99.343,231.8904,0.4286,0.0454,83.6887,129.6377,234.086,0.5539,0.6497
2015-12-19T00:02:59.655Z,2.3826,114.0215,229.7903,0.496,0.0213,4.2131,97.7222,230.0205,0.4247,0.0424,83.4727,130.5741,234.4232,0.5571,0.6429
2015-12-19T00:03:59.171Z,2.9471,114.3028,230.5985,0.4956,0.0262,3.9389,98.3599,229.4013,0.4287,0.04,84.3454,130.3339,234.9716,0.5542,0.6492
2015-12-19T00:04:59.590Z,2.8937,112.8883,231.6504,0.4871,0.026,3.244,99.932,231.2796,0.4315,0.0329,83.7192,129.7778,233.856,0.5548,0.6482
2015-12-19T00:05:59.015Z,3.3691,113.7862,231.2688,0.4917,0.029,4.8271,99.893,231.1259,0.4324,0.0493,82.773,127.9591,233.5456,0.5477,0.6496
2015-12-19T00:06:59.320Z,4.9652,116.9402,231.6046,0.505,0.0435,4.3814,97.71,231.3783,0.4224,0.0451,83.8108,129.0365,233.8405,0.552,0.6514
2015-12-19T00:07:59.952Z,4.4988,114.8982,231.6374,0.4957,0.0407,4.0545,101.7144,232.6179,0.4378,0.0391,83.7759,129.8204,233.6773,0.5556,0.647
2015-12-19T00:08:59.706Z,4.6655,115.0347,231.5899,0.4968,0.0404,3.3876,101.5202,232.652,0.4363,0.034,84.2267,129.0308,233.7175,0.5521,0.6543
2015-12-19T00:09:59.960Z,4.0303,116.8888,231.7384,0.5046,0.0348,3.9152,99.8334,232.2062,0.4298,0.0396,83.72,129.5451,233.3914,0.5555,0.6491
2015-12-19T00:10:59.213Z,4.2457,114.595,231.5834,0.4944,0.036,3.6408,98.7706,232.6344,0.4249,0.0404,83.5888,129.9741,233.5898,0.5563,0.6484
2015-12-19T00:11:59.517Z,4.0711,115.356,231.6365,0.4977,0.0362,3.9545,98.3791,232.4359,0.4233,0.0401,83.2904,128.8762,233.2758,0.5527,0.6492
2015-12-19T00:12:59.332Z,3.6866,111.8864,231.1001,0.4836,0.0335,3.5608,98.6704,232.4744,0.4241,0.0338,83.0908,130.9026,233.0686,0.5611,0.6391
2015-12-19T00:13:59.591Z,4.1222,114.3831,231.4112,0.4942,0.0363,4.1155,99.1247,232.9278,0.4254,0.0422,83.486,128.3007,233.363,0.5497,0.6531
2015-12-19T00:14:59.910Z,3.3282,115.303,231.7211,0.4973,0.0295,4.206,99.4997,232.069,0.4287,0.0435,83.2623,129.7338,233.8585,0.5548,0.6458
2015-12-19T00:15:59.512Z,4.3227,114.126,230.7551,0.4947,0.0366,3.5167,100.6593,232.0247,0.4331,0.0359,84.0632,130.3059,233.616,0.5577,0.648
2015-12-19T00:16:59.338Z,3.8769,116.1214,231.4897,0.5012,0.035,4.2754,99.4886,232.0689,0.4288,0.0433,84.2551,129.6912,233.9476,0.5542,0.6521
2015-12-19T00:17:59.613Z,4.6184,115.8674,231.6199,0.5001,0.0398,3.2672,98.9459,232.7172,0.4253,0.0339,84.4136,131.4545,234.0988,0.5617,0.6437
2015-12-19T00:18:59.905Z,4.3849,115.3333,231.5675,0.4974,0.0393,3.5251,100.0971,233.0516,0.4297,0.0349,84.1256,129.9105,234.2989,0.5551,0.6495
2015-12-19T00:19:59.590Z,4.2319,113.3243,231.5738,0.4889,0.0372,4.2293,98.2088,232.8493,0.4217,0.0467,84.031,129.2777,234.1644,0.5519,0.6536
2015-12-19T00:20:59.863Z,4.4562,114.7639,229.449,0.5,0.0387,3.7158,101.2755,233.727,0.433,0.0348,84.3701,129.7845,234.1211,0.5542,0.6539
2015-12-19T00:21:59.280Z,4.5183,115.0014,229.564,0.4998,0.0401,3.6968,101.8803,233.2398,0.4374,0.0388,82.8522,129.3064,233.3608,0.554,0.6431
2015-12-19T00:22:59.499Z,2.8608,112.7956,229.5529,0.4911,0.0257,5.0677,99.8852,233.787,0.427,0.051,83.4778,129.5877,233.2511,0.5556,0.6481
2015-12-19T00:23:59.752Z,4.2625,113.808,229.5329,0.4955,0.0379,2.9129,100.8509,234.0818,0.4305,0.0292,83.4867,129.8315,232.5781,0.5582,0.6471
2015-12-19T00:24:59.990Z,4.4184,113.2548,229.9387,0.4924,0.0386,3.1988,98.9629,233.5454,0.4237,0.0304,82.9116,129.0321,232.6062,0.5549,0.6475
2015-12-19T00:25:59.312Z,5.6912,113.38,230.1629,0.4927,0.0516,3.5533,97.4877,230.978,0.422,0.0352,83.7227,130.9192,233.4551,0.561,0.6441
2015-12-19T00:26:59.656Z,4.2362,113.6415,229.6149,0.4952,0.0375,4.2392,100.0699,232.955,0.4292,0.0414,83.1078,129.7304,232.7163,0.5577,0.6452
2015-12-19T00:27:59.225Z,3.6249,111.8269,229.3951,0.4877,0.0318,3.9852,100.0709,234.0038,0.4277,0.0407,83.4458,130.7558,232.9361,0.5612,0.6414
2015-12-19T00:28:59.572Z,3.8656,114.1658,229.7531,0.4968,0.033,4.2389,102.6678,233.8333,0.4393,0.0421,82.957,128.7624,232.5601,0.5536,0.647
2015-12-19T00:29:59.949Z,3.38,113.3035,229.9437,0.4928,0.0293,4.8138,102.0761,233.0321,0.4382,0.0471,82.6788,128.6192,232.5423,0.5529,0.6455
2015-12-19T00:30:59.778Z,4.2779,114.1068,229.7277,0.4964,0.0367,3.0596,99.0257,233.0158,0.4247,0.034,83.0337,128.4608,232.9157,0.5517,0.6507
2015-12-19T00:31:59.075Z,4.1503,113.6403,229.4662,0.4956,0.0374,4.177,102.2203,232.6703,0.4388,0.0396,82.734,128.4369,232.8634,0.5518,0.6476
2015-12-19T00:32:59.432Z,4.5713,113.5454,229.7892,0.4941,0.0415,3.1368,99.5245,232.9354,0.4271,0.0322,81.9583,129.4577,232.4233,0.5562,0.6365
2015-12-19T00:33:59.892Z,4.9674,114.2857,229.527,0.4974,0.0441,3.7097,98.8571,233.4311,0.4238,0.0374,83.7658,129.2601,233.2747,0.5543,0.6505
2015-12-19T00:34:59.292Z,4.7853,113.4197,229.0409,0.4953,0.0417,3.2749,101.1943,233.6706,0.4331,0.0327,82.8084,131.3906,233.4444,0.5629,0.6347
2015-12-19T00:35:59.721Z,5.3542,114.294,228.801,0.5,0.0463,3.6046,99.8896,233.7773,0.4273,0.0341,82.908,128.4701,233.5674,0.5493,0.6485
2015-12-19T00:36:59.032Z,4.7817,113.1992,228.7122,0.494,0.0424,3.8744,100.7138,234.1149,0.4303,0.0393,83.5137,130.3931,233.1092,0.559,0.6422
2015-12-19T00:37:59.447Z,3.506,113.4699,229.1024,0.4952,0.0314,3.9465,100.0364,234.1771,0.4275,0.0386,84.0564,130.8409,232.8111,0.5624,0.6444
2015-12-19T00:38:59.012Z,4.5176,112.0954,228.8151,0.49,0.0416,3.3666,99.9598,234.3842,0.4264,0.0338,83.4054,129.5453,234.6554,0.5523,0.6478
2015-12-19T00:39:59.549Z,4.5287,111.7384,228.7432,0.4884,0.0412,4.1419,100.9201,233.9499,0.4316,0.0402,83.7257,128.1636,234.0749,0.5473,0.6577
2015-12-19T00:40:59.818Z,3.4812,113.1508,228.6185,0.494,0.0314,3.1374,100.1283,233.9939,0.4283,0.0307,83.9598,129.5941,233.6122,0.5551,0.6507
2015-12-19T00:41:59.283Z,3.4673,110.5484,228.857,0.4831,0.0321,4.3419,100.2768,234.1958,0.4278,0.0439,84.5293,130.3561,234.1656,0.5564,0.6507
2015-12-19T00:42:59.640Z,6.069,114.4216,229.3396,0.4987,0.0526,4.0154,100.3518,234.2015,0.4286,0.0403,84.4226,130.0703,235.1524,0.5537,0.6504
2015-12-19T00:44:59.341Z,4.8256,111.4637,229.1083,0.4866,0.0431,3.8946,99.4303,234.4297,0.4244,0.0394,84.4608,132.1571,235.2827,0.5617,0.6425
2015-12-19T00:45:59.667Z,4.4688,113.4627,227.1345,0.4993,0.039,4.0327,99.4497,232.7373,0.4271,0.038,82.9805,127.3121,233.2556,0.546,0.6538
2015-12-19T00:46:59.692Z,5.6608,111.8542,227.3686,0.4916,0.0491,3.0474,97.5196,232.5782,0.4196,0.0322,83.0448,130.05,233.2603,0.5578,0.642
2015-12-19T00:47:59.042Z,2.4623,112.0407,226.5202,0.4943,0.0216,3.9716,98.8378,231.9456,0.426,0.0394,82.5476,129.0246,232.618,0.5549,0.6441
2015-12-19T00:48:59.427Z,4.3318,112.7488,226.3658,0.4979,0.0386,3.7028,100.3296,231.6864,0.4327,0.0366,83.2115,129.6965,232.6607,0.5572,0.6445
2015-12-19T00:49:59.729Z,4.5723,111.1705,226.6068,0.4903,0.0421,4.0442,98.8892,231.6804,0.4269,0.0438,82.7616,127.3799,232.1398,0.5489,0.6527
2015-12-19T00:50:59.622Z,5.0521,112.9916,226.6167,0.4988,0.0448,2.8387,98.9343,231.1815,0.4279,0.0299,82.6547,129.3644,231.9351,0.5573,0.643
2015-12-19T00:51:59.925Z,4.6133,112.5865,226.3437,0.4968,0.0426,3.6811,99.7664,230.6012,0.4321,0.0363,82.8475,127.4391,232.0778,0.5489,0.6523
2015-12-19T00:52:59.340Z,4.855,112.088,226.4868,0.4949,0.0434,4.1117,99.9069,230.8999,0.4329,0.0388,82.6909,129.1689,232.0974,0.557,0.6454
2015-12-19T00:53:59.767Z,4.4343,112.6709,226.7788,0.4966,0.0392,3.4471,98.849,231.4295,0.427,0.0343,82.3471,126.9549,232.2601,0.5464,0.6522
2015-12-19T00:54:59.266Z,4.7587,110.6952,226.7658,0.4879,0.0428,3.9759,99.9056,231.663,0.431,0.0438,82.159,127.6786,231.9963,0.5506,0.6464
2015-12-19T00:55:59.465Z,3.9478,112.2229,226.5408,0.4952,0.0348,3.648,97.5265,231.6623,0.4211,0.0379,82.6205,128.1501,232.2338,0.552,0.6478
2015-12-19T00:56:59.709Z,3.8431,113.0552,226.2759,0.4998,0.0347,3.5632,97.6107,231.3722,0.4218,0.0356,82.8237,129.3953,231.9405,0.5581,0.6421
2015-12-19T00:57:59.889Z,3.3654,111.9267,227.5268,0.4915,0.0304,4.251,97.5616,230.5517,0.4233,0.0436,82.8154,128.7599,232.473,0.5537,0.6449
2015-12-19T00:58:59.661Z,2.9288,112.7011,228.2587,0.4933,0.025,3.6914,96.1933,229.3078,0.4193,0.0389,82.3688,129.0308,233.0301,0.5537,0.6418
2015-12-19T00:59:59.969Z,4.6846,112.1912,228.6827,0.4901,0.0432,2.7742,95.1623,227.8658,0.4181,0.0298,83.8357,127.9545,234.0684,0.5467,0.6593
