2015-11-28T00:00:59.346Z,1117.6749,1530.1057,228.2403,6.7034,0.7301,1228.3033,1632.336,229.6467,7.1073,0.7523,1688.8849,2238.4592,231.0809,9.6863,0.754
2015-11-28T00:01:59.598Z,1101.5012,1511.7258,227.7413,6.6373,0.7285,1225.0504,1624.0065,229.4743,7.0767,0.7543,1677.0619,2227.2463,230.5304,9.6608,0.7522
2015-11-28T00:02:59.860Z,1118.0489,1522.5281,227.8086,6.683,0.7346,1234.9772,1632.7411,228.9951,7.1299,0.756,1689.1378,2232.047,230.4092,9.6874,0.7582
2015-11-28T00:03:59.243Z,1104.2013,1513.7283,227.2896,6.6599,0.7297,1221.9517,1612.4527,228.8642,7.0454,0.7582,1687.8556,2229.3629,230.4561,9.6728,0.7583
2015-11-28T00:04:59.991Z,1123.4704,1531.0843,227.3676,6.734,0.7336,1225.8147,1618.2334,228.5821,7.0793,0.7578,1698.978,2232.4647,230.5499,9.6822,0.7603
2015-11-28T00:05:59.315Z,1110.8946,1521.7972,227.6856,6.6838,0.7303,1219.0484,1615.0263,228.8948,7.0555,0.7545,1683.0785,2225.1374,230.4944,9.6536,0.7569
2015-11-28T00:06:59.632Z,1127.5909,1550.279,228.8136,6.7753,0.7274,1207.4057,1613.7068,228.763,7.0534,0.7487,1697.326,2228.2034,230.5441,9.6642,0.7612
2015-11-28T00:07:59.073Z,1127.8323,1548.5924,228.7236,6.7701,0.7285,1197.4406,1600.6555,228.2953,7.0107,0.7483,1692.7755,2213.8369,230.1,9.6201,0.7647
2015-11-28T00:08:59.378Z,1140.6866,1558.9523,228.9406,6.809,0.7316,1198.5624,1602.6567,228.2158,7.022,0.7482,1700.568,2212.6464,229.4902,9.641,0.7693
2015-11-28T00:09:59.688Z,1130.2106,1543.753,228.8747,6.7447,0.7322,1205.852,1619.0843,229.2686,7.061,0.7446,1679.0512,2205.0557,229.4201,9.6111,0.7617
2015-11-28T00:10:59.026Z,1128.2472,1534.9135,228.9069,6.7048,0.7347,1229.032,1640.2535,229.6338,7.1426,0.7496,1684.7157,2226.3962,230.0528,9.6773,0.757
2015-11-28T00:11:59.342Z,1114.009,1506.9423,227.4097,6.6263,0.7396,1242.4318,1636.1817,229.2231,7.1382,0.7597,1680.3911,2218.6964,229.1122,9.683,0.7581
2015-11-28T00:12:59.765Z,1115.6192,1523.9978,228.1699,6.6792,0.7317,1235.9566,1635.949,229.6784,7.1219,0.7554,1690.6641,2236.8352,230.1986,9.7163,0.7564
2015-11-28T00:13:59.152Z,1111.104,1518.3709,227.951,6.6606,0.7324,1235.697,1629.4359,229.2361,7.108,0.7584,1694.9872,2241.8955,230.2206,9.7374,0.7566
2015-11-28T00:14:59.411Z,1113.0513,1522.8274,227.8199,6.684,0.7309,1231.9361,1623.9097,229.3086,7.082,0.7589,1699.0789,2240.6204,230.3116,9.728,0.7582
2015-11-28T00:15:59.133Z,1121.2043,1532.7587,228.1862,6.7167,0.7313,1233.2154,1629.091,229.2346,7.1064,0.7571,1702.2388,2242.0112,230.4018,9.7304,0.7602
2015-11-28T00:16:59.460Z,1115.7344,1524.235,228.3401,6.6749,0.7314,1232.9434,1633.0801,229.4229,7.1178,0.7551,1694.2344,2237.6483,230.312,9.7151,0.7573
2015-11-28T00:17:59.991Z,1133.7957,1547.0247,228.847,6.7592,0.7329,1225.1166,1629.5967,228.9142,7.1179,0.7519,1698.6369,2230.3331,230.2893,9.6848,0.7609
2015-11-28T00:18:59.565Z,1128.8747,1547.6136,228.8406,6.7626,0.7299,1213.8924,1617.4871,228.7566,7.0706,0.7501,1702.0974,2232.0385,230.6247,9.6779,0.7616
2015-11-28T00:19:59.719Z,1139.8904,1552.4978,228.8524,6.7838,0.7343,1221.8694,1628.102,228.6878,7.1192,0.7503,1700.0464,2224.7543,229.9342,9.6751,0.7639
2015-11-28T00:20:59.015Z,1151.8757,1562.113,228.9601,6.8224,0.7374,1200.641,1608.4766,227.4489,7.0713,0.747,1692.0447,2195.7519,229.3843,9.5726,0.7704
2015-11-28T00:21:59.680Z,1161.7333,1575.287,229.341,6.8687,0.7373,1209.4546,1621.2937,227.9193,7.1137,0.7461,1698.9087,2203.3692,229.4686,9.6014,0.771
2015-11-28T00:22:59.226Z,1153.8508,1562.7208,229.3925,6.8125,0.7384,1203.6542,1618.7966,227.9328,7.1018,0.7434,1682.6343,2188.9767,229.2899,9.546,0.7696
2015-11-28T00:23:59.876Z,1163.2979,1562.8882,229.2032,6.818,0.7453,1224.3686,1638.707,228.2527,7.1784,0.748,1688.0429,2196.9038,228.781,9.6019,0.768
2015-11-28T00:24:59.265Z,1156.4417,1562.138,229.6857,6.801,0.7408,1209.869,1634.5451,228.8052,7.1431,0.7403,1675.5075,2192.0043,229.2861,9.5595,0.7636
2015-11-28T00:25:59.819Z,1167.2341,1569.2729,229.7973,6.8287,0.7435,1225.3287,1649.1573,228.5731,7.2152,0.7425,1685.3189,2203.7816,229.3714,9.607,0.7643
2015-11-28T00:26:59.747Z,1151.0126,1566.8601,229.6356,6.8228,0.7343,1201.0147,1614.4102,227.6747,7.0907,0.7443,1692.4801,2203.0208,229.8373,9.5846,0.7693
2015-11-28T00:27:59.203Z,1161.0142,1578.071,229.4848,6.8762,0.7363,1212.5031,1617.9676,227.6624,7.1064,0.7492,1713.0062,2218.2539,229.6339,9.6597,0.7722
2015-11-28T00:28:59.533Z,1148.7772,1574.9617,229.4517,6.8631,0.7296,1189.7442,1600.9094,227.9091,7.024,0.7431,1704.1304,2210.5147,230.1651,9.6038,0.7706
2015-11-28T00:29:59.800Z,1164.9384,1591.6459,229.7319,6.9277,0.7318,1203.4476,1615.3211,228.0912,7.0821,0.7451,1714.5607,2222.3257,230.2094,9.6528,0.7709
2015-11-28T00:30:59.702Z,1146.6019,1579.9083,229.7673,6.876,0.7255,1186.0627,1598.7238,228.2542,7.0035,0.7418,1703.3069,2214.1588,230.3047,9.6137,0.77
2015-11-28T00:31:59.928Z,1171.5708,1589.3103,229.6143,6.9218,0.7373,1206.7694,1621.6866,228.1452,7.1076,0.7444,1709.8462,2213.2699,229.545,9.6412,0.7723
2015-11-28T00:32:59.102Z,1164.258,1576.4115,229.6368,6.8645,0.7386,1191.8094,1612.6602,227.9959,7.0727,0.739,1686.3239,2183.8576,228.8164,9.5436,0.7711
2015-11-28T00:33:59.712Z,1194.5598,1611.4131,230.5867,6.9878,0.7411,1201.1252,1636.293,228.6868,7.1546,0.7341,1694.6035,2190.8427,229.2208,9.5576,0.7729
2015-11-28T00:34:59.998Z,1172.0847,1595.1833,230.9983,6.9052,0.7347,1188.7617,1630.6978,229.0904,7.1176,0.7286,1676.8858,2188.5278,229.8994,9.5196,0.7669
2015-11-28T00:35:59.478Z,1182.9776,1600.5649,231.0894,6.9256,0.7396,1211.1792,1650.7567,229.0518,7.2065,0.7335,1689.7597,2204.4362,229.9585,9.5854,0.7679
2015-11-28T00:36:59.291Z,1169.059,1586.758,230.7321,6.8772,0.7371,1199.6966,1637.4525,229.0621,7.148,0.7324,1679.3431,2192.4891,229.7172,9.5434,0.7666
2015-11-28T00:37:59.179Z,1165.2197,1590.3949,230.1064,6.9115,0.7328,1217.7529,1636.6362,229.186,7.1408,0.7439,1713.6179,2234.7967,230.6499,9.6887,0.7666
2015-11-28T00:38:59.412Z,1150.7501,1581.8976,229.7933,6.8839,0.7273,1197.6437,1614.4293,228.8143,7.0556,0.742,1707.0121,2225.6297,230.8716,9.6401,0.7678
2015-11-28T00:39:59.646Z,1163.3997,1584.5654,229.3574,6.9093,0.7341,1216.4167,1622.9843,228.3256,7.108,0.7496,1719.1763,2232.5519,230.3588,9.6909,0.77
2015-11-28T00:40:59.078Z,1149.6646,1579.5269,229.7504,6.8745,0.7276,1202.4401,1614.0412,228.6247,7.0589,0.7449,1712.7167,2230.9594,230.6534,9.6724,0.7688
2015-11-28T00:41:59.377Z,1153.6132,1591.4062,229.9194,6.9216,0.7248,1210.0838,1620.6879,228.8171,7.0827,0.7466,1727.4342,2251.5028,231.422,9.7282,0.7678
2015-11-28T00:42:59.007Z,1144.0089,1583.4207,229.873,6.8876,0.7224,1200.7699,1612.7397,228.7503,7.0494,0.7449,1720.6372,2245.688,231.5663,9.6976,0.766
2015-11-28T00:43:59.324Z,1153.8612,1592.636,230.0236,6.9233,0.7244,1208.9303,1614.8714,228.2703,7.0743,0.7492,1733.3859,2252.5716,231.3084,9.7379,0.7704
2015-11-28T00:44:59.017Z,1144.6548,1612.4908,230.5729,6.993,0.7093,1172.5284,1554.1056,225.6296,6.8869,0.7544,1775.9143,2271.0528,231.9824,9.7894,0.7808
2015-11-28T00:45:59.421Z,1156.0301,1605.0104,230.7802,6.9539,0.7204,1197.964,1603.2704,227.5088,7.0457,0.7472,1744.1583,2258.9059,231.6407,9.7514,0.7726
2015-11-28T00:46:59.782Z,1159.9768,1596.2248,230.5822,6.9214,0.7269,1200.7357,1621.7127,228.5674,7.0948,0.7402,1716.2764,2235.9432,231.2089,9.6703,0.7684
2015-11-28T00:47:59.051Z,1166.6891,1612.5946,230.608,6.9928,0.7244,1193.8042,1604.3044,227.8015,7.0419,0.7443,1739.4874,2247.5553,231.3515,9.7145,0.7753
2015-11-28T00:48:59.415Z,1150.9478,1627.2756,231.1191,7.0402,0.7072,1167.85,1558.2896,226.085,6.8918,0.7496,1777.4609,2274.1738,232.2152,9.7931,0.7818
2015-11-28T00:49:59.803Z,1150.943,1622.7019,231.1402,7.0204,0.7087,1177.6481,1573.3241,226.7311,6.9388,0.7486,1769.5614,2275.505,232.3914,9.7916,0.7788
2015-11-28T00:50:59.295Z,1145.9829,1597.409,230.8001,6.9206,0.7172,1208.1376,1617.5033,228.4467,7.0798,0.7469,1737.3927,2267.6585,232.1883,9.766,0.7667
2015-11-28T00:51:59.668Z,1156.7486,1594.2232,230.6779,6.9103,0.7256,1216.8092,1640.2024,229.5991,7.1432,0.7417,1716.5799,2250.0047,231.7688,9.7076,0.7627
2015-11-28T00:52:59.327Z,1173.9036,1602.0604,230.4169,6.9525,0.7321,1213.5569,1632.3461,228.8181,7.1328,0.7437,1720.9743,2236.9116,230.4947,9.7045,0.7697
2015-11-28T00:53:59.351Z,1176.6212,1602.3859,230.564,6.9494,0.7347,1208.6527,1629.9383,228.4852,7.133,0.7418,1714.8347,2222.9409,230.0657,9.6617,0.7708
2015-11-28T00:54:59.726Z,1177.8294,1605.234,230.1754,6.9742,0.7336,1212.8484,1628.2396,228.4978,7.1253,0.7448,1723.3787,2230.8398,230.0353,9.6972,0.7719
2015-11-28T00:55:59.041Z,1211.1778,1625.4145,231.0263,7.0343,0.7453,1187.5017,1625.6651,228.074,7.1274,0.7307,1693.7472,2166.4305,227.5506,9.5205,0.7823
2015-11-28T00:56:59.298Z,1181.5442,1633.7144,231.1996,7.0659,0.723,1187.9,1592.0888,226.7139,7.0219,0.7462,1759.2637,2250.4054,230.6807,9.7543,0.7822
2015-11-28T00:57:59.583Z,1159.9278,1600.8254,230.2808,6.9513,0.7247,1206.3926,1608.0197,227.9133,7.0544,0.7507,1743.3707,2254.8722,231.007,9.7604,0.7734
2015-11-28T00:58:59.027Z,1176.1529,1589.4803,229.9522,6.9111,0.7397,1238.9565,1661.5828,229.7952,7.2306,0.7457,1711.2221,2234.1413,229.8319,9.7203,0.7667
2015-11-28T00:59:59.428Z,1171.7004,1595.6903,231.12,6.9041,0.7341,1221.4158,1662.1397,230.309,7.2167,0.7352,1695.8204,2225.3349,230.3569,9.6597,0.7616
