2015-11-21T00:00:59.592Z,4.8935,102.9613,230.5049,0.4465,0.0482,3.253,93.941,232.9836,0.4032,0.0363,2.4619,92.5419,234.5273,0.3948,0.0263
2015-11-21T00:01:59.357Z,5.1908,105.7578,230.912,0.4579,0.0495,3.3257,93.5666,233.1318,0.4015,0.0354,3.5433,95.3373,235.2476,0.4046,0.0375
2015-11-21T00:02:59.678Z,4.7315,106.5658,229.3774,0.4652,0.0441,3.6745,93.9382,232.3487,0.4045,0.0401,3.4268,93.3214,234.2511,0.3982,0.038
2015-11-21T00:03:59.150Z,2.0017,106.3469,228.9298,0.4642,0.0189,4.4194,93.9926,233.0879,0.4032,0.0463,2.9536,93.9504,234.0389,0.4012,0.0321
2015-11-21T00:04:59.483Z,2.014,104.2308,228.6451,0.4555,0.0197,4.1662,95.5026,233.1611,0.4093,0.0426,2.6433,92.4885,233.3765,0.3957,0.0301
2015-11-21T00:05:59.129Z,3.3917,106.249,227.8027,0.466,0.0313,3.4942,93.7428,231.2797,0.4053,0.0359,3.246,94.5857,232.8968,0.4057,0.0328
2015-11-21T00:06:59.392Z,4.283,105.5157,228.2453,0.4623,0.0412,2.0278,91.2252,229.4939,0.3973,0.0235,2.5761,94.6807,233.3795,0.4054,0.027
2015-11-21T00:07:59.745Z,4.0298,105.7786,227.4126,0.4649,0.0395,3.7477,92.0658,230.3398,0.3997,0.0419,3.4003,93.1993,232.5546,0.3998,0.0358
2015-11-21T00:08:59.048Z,1.5157,104.5232,226.9513,0.4607,0.0144,3.369,92.2767,231.2074,0.399,0.0381,2.8324,94.4594,232.1536,0.4071,0.0299
2015-11-21T00:09:59.325Z,1.7101,104.72,227.2245,0.4603,0.0157,4.5487,93.1256,231.1916,0.4024,0.0466,3.5487,93.2069,233.1051,0.3996,0.038
2015-11-21T00:10:59.723Z,4.1709,105.478,227.8297,0.4624,0.0402,4.1953,95.6554,231.7608,0.4123,0.0446,2.5485,95.3897,233.152,0.4093,0.0276
2015-11-21T00:11:59.070Z,2.8391,107.2793,228.8869,0.4683,0.0264,2.9906,94.9651,232.3699,0.408,0.0321,2.4598,92.5741,232.9131,0.3976,0.0267
2015-11-21T00:12:59.342Z,2.2386,104.9645,228.4237,0.4588,0.0204,4.2916,95.2565,232.0935,0.4104,0.0438,3.718,95.1637,232.7711,0.409,0.0387
2015-11-21T00:13:59.576Z,2.0937,104.7382,228.7991,0.4571,0.0212,3.358,91.9779,232.1307,0.3958,0.041,3.0034,91.8764,232.5242,0.3947,0.0326
2015-11-21T00:14:59.951Z,2.7518,105.6743,229.1009,0.4615,0.0254,3.2564,92.6297,230.9542,0.4009,0.0386,3.3803,94.496,233.0251,0.4057,0.0386
2015-11-21T00:15:59.377Z,3.8299,106.1379,229.9207,0.4612,0.0364,2.6824,94.9393,230.1702,0.4123,0.0286,2.2784,94.7812,234.8404,0.4037,0.0246
2015-11-21T00:16:59.220Z,3.6673,106.0829,229.8379,0.4615,0.036,3.9347,94.1946,231.8741,0.4058,0.0414,3.0886,93.6554,234.2827,0.3996,0.0333
2015-11-21T00:17:59.719Z,4.84,105.1002,228.8287,0.4587,0.0474,2.9368,96.1782,231.8122,0.4149,0.0309,2.8784,91.7142,232.4741,0.3943,0.0311
2015-11-21T00:18:59.833Z,4.9097,105.2024,228.6446,0.4599,0.0484,3.5026,93.8469,232.318,0.4044,0.0381,3.3291,93.0924,232.7019,0.4003,0.0366
2015-11-21T00:19:59.412Z,4.2251,105.1254,228.6048,0.4596,0.0397,3.0429,95.229,233.2786,0.4085,0.0327,2.7545,93.0568,232.7293,0.4,0.03
2015-11-21T00:20:59.759Z,4.3541,104.0767,228.7987,0.4545,0.0415,3.5468,93.9221,233.3092,0.4029,0.0378,3.2579,95.1163,233.2246,0.4082,0.0325
2015-11-21T00:21:59.687Z,1.8159,106.8879,229.141,0.4668,0.0169,4.4051,94.183,233.3805,0.4033,0.0482,2.7131,94.21,233.3223,0.4035,0.0287
2015-11-21T00:22:59.931Z,3.9299,105.1325,229.6891,0.457,0.039,3.6635,94.5055,233.221,0.4052,0.0421,3.2808,92.6338,233.3944,0.3966,0.0366
2015-11-21T00:23:59.164Z,4.9394,105.5624,230.2756,0.4577,0.0479,3.3527,93.0716,233.3863,0.399,0.0346,3.7318,96.2344,233.4436,0.4119,0.0368
2015-11-21T00:24:59.625Z,3.1007,104.9662,230.7179,0.4548,0.0292,3.9636,94.3418,233.794,0.4038,0.0431,3.6016,96.4178,233.8604,0.4118,0.0369
2015-11-21T00:25:59.763Z,4.5007,106.696,230.2708,0.4631,0.0416,3.4862,94.9784,231.5004,0.4103,0.0364,2.5307,95.947,234.2544,0.41,0.0271
2015-11-21T00:26:59.107Z,6.1951,106.2694,230.88,0.4603,0.0584,2.7147,95.2501,231.4739,0.4116,0.0293,3.598,94.4851,234.5152,0.4028,0.0382
2015-11-21T00:27:59.427Z,4.6658,107.6395,230.7101,0.4661,0.0428,3.4216,93.9679,233.7622,0.4023,0.0366,3.6277,93.5002,233.9755,0.3993,0.0399
2015-11-21T00:28:59.585Z,4.03,106.1174,230.1738,0.461,0.0378,3.0868,91.4278,233.3405,0.3922,0.0368,3.462,94.9176,233.64,0.4058,0.0367
2015-11-21T00:29:59.719Z,3.8697,106.3847,230.3053,0.4613,0.0354,3.4048,94.8916,232.7653,0.4077,0.0364,3.2801,94.4271,233.2302,0.4043,0.0365
2015-11-21T00:30:59.043Z,3.8038,108.7283,230.1901,0.4721,0.0346,3.468,95.4072,233.3308,0.4087,0.037,3.0617,95.2662,233.4584,0.4077,0.0326
2015-11-21T00:31:59.402Z,2.7379,106.5788,230.0745,0.4627,0.0257,3.6785,96.2087,233.3709,0.4125,0.0381,3.5932,96.1626,233.5456,0.4113,0.0379
2015-11-21T00:32:59.005Z,3.0407,106.0164,229.6488,0.4613,0.0291,4.1572,95.2156,233.303,0.4077,0.0434,3.4417,94.2989,233.3929,0.4038,0.0366
2015-11-21T00:33:59.704Z,5.5172,107.0153,229.2687,0.4663,0.0509,3.1918,94.7054,233.6503,0.4053,0.0329,3.3315,92.7333,233.7515,0.3965,0.0361
2015-11-21T00:34:59.862Z,4.3636,105.7405,229.8186,0.4604,0.0438,3.621,94.0042,233.7752,0.4026,0.0373,2.8909,93.3154,234.1422,0.3984,0.0287
2015-11-21T00:35:59.043Z,3.5909,105.4074,230.1436,0.4578,0.0349,4.016,94.6931,234.6212,0.4038,0.0422,3.0207,94.7904,234.4591,0.404,0.0314
2015-11-21T00:36:59.359Z,3.4208,107.5491,229.9979,0.4676,0.0319,3.2345,96.1068,233.7156,0.4113,0.0331,2.8476,92.757,234.0497,0.3962,0.0315
2015-11-21T00:37:59.662Z,5.0784,105.3238,229.7898,0.4585,0.0491,2.7643,94.7876,233.6902,0.4049,0.0285,3.6545,93.5152,233.7864,0.3996,0.0408
2015-11-21T00:38:59.017Z,3.8493,107.4108,229.5127,0.4674,0.0373,3.7247,95.0863,232.6406,0.4089,0.0403,2.8484,94.1126,234.2157,0.4013,0.0302
2015-11-21T00:39:59.387Z,3.7934,106.183,230.0274,0.462,0.0368,3.032,95.7243,229.8388,0.4166,0.0313,2.9276,92.5747,234.8898,0.3943,0.0327
2015-11-21T00:40:59.267Z,4.603,104.2841,230.1777,0.4527,0.0442,3.0934,90.9373,231.7588,0.3924,0.0352,3.0401,95.9889,234.4086,0.4093,0.0308
2015-11-21T00:41:59.674Z,5.5065,104.6347,230.0358,0.4547,0.0522,3.1599,96.2767,232.6921,0.4138,0.0327,3.6612,94.0815,233.9811,0.4022,0.0385
2015-11-21T00:42:59.994Z,4.3074,107.8213,231.0264,0.4661,0.0403,4.6929,93.6266,232.9563,0.4022,0.0522,3.054,94.6097,233.9734,0.4045,0.0314
2015-11-21T00:43:59.330Z,3.2911,106.9727,229.7504,0.4652,0.0313,3.8121,94.9406,233.0178,0.4074,0.0409,3.0279,94.6019,233.1496,0.4057,0.0312
2015-11-21T00:44:59.959Z,4.0739,107.3617,229.5262,0.4679,0.0387,3.781,96.0736,233.3758,0.4118,0.04,3.0757,94.243,233.4586,0.4032,0.0321
2015-11-21T00:45:59.829Z,3.5199,106.7607,229.4862,0.4654,0.0337,3.6266,95.9322,233.5867,0.4108,0.0373,2.2601,94.7991,233.7581,0.4056,0.0242
2015-11-21T00:46:59.269Z,5.5404,106.7242,229.352,0.4657,0.053,3.6644,94.2902,233.0327,0.4039,0.0384,4.433,94.4157,233.1627,0.4048,0.0462
2015-11-21T00:47:59.455Z,5.7898,106.8765,230.7063,0.4634,0.0546,3.5473,94.3382,233.5666,0.4037,0.0404,3.3749,92.338,233.4586,0.3951,0.0402
2015-11-21T00:48:59.151Z,4.7513,105.893,231.0607,0.4578,0.0451,3.7147,95.7836,233.8736,0.4098,0.0392,3.3421,94.3875,233.4377,0.4041,0.0363
2015-11-21T00:50:59.206Z,4.112,107.5101,230.9137,0.4655,0.0381,3.8114,96.0397,234.6718,0.4095,0.0406,2.6768,94.892,234.4657,0.4043,0.0285
2015-11-21T00:51:59.503Z,4.6744,106.3355,229.9235,0.4624,0.0446,3.681,95.0177,234.5749,0.4046,0.0393,3.2811,93.0814,234.5284,0.3966,0.0343
2015-11-21T00:52:59.250Z,3.9904,105.4464,230.1238,0.4576,0.0376,2.4323,93.9366,234.6963,0.4005,0.0268,2.7776,95.4222,234.6769,0.4066,0.0285
2015-11-21T00:53:59.520Z,2.9378,106.7832,229.6979,0.4641,0.0273,3.6985,93.2224,234.4746,0.3975,0.0416,3.5304,93.2271,234.3265,0.3977,0.0382
2015-11-21T00:54:59.821Z,4.5098,105.2023,230.6403,0.4565,0.0431,3.1065,94.7482,234.9223,0.4033,0.0337,2.9647,94.9177,234.3625,0.4047,0.0315
2015-11-21T00:55:59.006Z,3.4896,105.3284,229.8537,0.4586,0.0328,3.8567,95.7278,234.3384,0.4087,0.0396,3.555,95.2148,234.2497,0.4061,0.0364
2015-11-21T00:56:59.349Z,2.637,107.0114,229.6901,0.4664,0.0244,4.1242,94.1665,234.1532,0.4019,0.0448,3.1718,94.3922,234.6087,0.4023,0.0329
2015-11-21T00:57:59.351Z,4.2254,104.78,230.2021,0.4552,0.0412,3.7393,95.3979,234.4144,0.4066,0.039,3.8268,93.108,234.8867,0.3964,0.0427
2015-11-21T00:58:59.507Z,4.1473,108.167,229.8587,0.4701,0.0385,4.1852,94.9499,234.1224,0.4057,0.0442,3.598,95.0203,234.4388,0.4057,0.0388
2015-11-21T00:59:59.757Z,3.0474,107.3701,230.4849,0.4651,0.0282,3.3436,94.6313,232.1733,0.4073,0.0366,3.408,94.2129,233.3182,0.4037,0.0375
