2015-11-05T00:00:59.188Z,5.2997,68.8108,230.4501,0.2985,0.0792,2.5675,62.5592,230.063,0.2719,0.0424,1.654,65.1729,233.1421,0.2797,0.0274
2015-11-05T00:01:59.716Z,5.1768,73.187,230.512,0.3177,0.0709,2.1743,66.1863,228.3396,0.2898,0.032,1.7303,65.3502,233.5174,0.2796,0.026
2015-11-05T00:02:59.092Z,4.6528,72.405,230.7821,0.3137,0.0646,2.368,64.8434,230.8172,0.2807,0.0374,0.898,65.0006,232.1853,0.2799,0.0134
2015-11-05T00:03:59.674Z,4.0203,72.7998,230.6365,0.3154,0.0562,3.1707,65.2196,232.4984,0.2808,0.0466,1.7035,65.4613,231.9642,0.2813,0.0256
2015-11-05T00:04:59.869Z,4.72,72.5842,230.3632,0.3155,0.0663,3.1708,64.8195,231.45,0.2796,0.0523,1.5125,64.4412,232.5578,0.2768,0.0253
2015-11-05T00:05:59.179Z,5.3164,74.2674,231.414,0.3206,0.074,2.75,64.5461,229.4082,0.2813,0.0434,1.8278,66.1042,233.2454,0.2836,0.026
2015-11-05T00:06:59.447Z,4.834,73.3558,231.4878,0.3167,0.0658,2.9483,64.646,229.3075,0.2816,0.0465,1.5111,64.7539,233.0745,0.2779,0.0241
2015-11-05T00:07:59.191Z,4.1999,72.8774,231.6147,0.3148,0.0589,2.7659,65.3156,229.2986,0.2848,0.0417,1.4238,64.6213,233.0688,0.2774,0.0226
2015-11-05T00:08:59.735Z,5.0255,74.8002,231.5601,0.3235,0.0695,2.646,63.576,228.8357,0.2779,0.0413,1.1796,64.6707,232.5296,0.2784,0.0174
2015-11-05T00:09:59.022Z,5.2763,74.2687,231.832,0.3207,0.0714,2.6615,64.3701,228.6562,0.2811,0.042,1.2146,65.4291,232.4191,0.2822,0.018
2015-11-05T00:10:59.264Z,4.2012,73.4847,231.8701,0.3167,0.0584,2.5763,65.0591,229.6476,0.2832,0.0388,1.4226,65.3456,232.3109,0.281,0.0219
2015-11-05T00:11:59.610Z,4.4509,71.9048,231.5698,0.3101,0.0618,3.0027,64.4236,231.7332,0.2781,0.0474,1.8464,64.9359,231.6858,0.28,0.0279
2015-11-05T00:12:59.212Z,4.9262,73.6069,231.7298,0.3176,0.0664,2.8729,65.4019,231.9996,0.2819,0.0462,2.2183,64.9764,230.9276,0.2818,0.0334
2015-11-05T00:13:59.373Z,4.5673,74.2799,231.9193,0.3204,0.0627,3.2166,65.6451,229.3866,0.2861,0.049,1.6325,65.253,230.8579,0.2828,0.0258
2015-11-05T00:14:59.609Z,5.054,73.6111,231.506,0.3177,0.0692,2.167,63.7538,229.0778,0.2788,0.034,1.3166,65.292,232.2242,0.2807,0.0204
2015-11-05T00:15:59.946Z,4.4825,73.4229,231.8211,0.3168,0.0631,3.1856,64.9374,229.4448,0.2831,0.0495,1.3102,65.8567,232.821,0.2829,0.0199
2015-11-05T00:16:59.945Z,4.2202,73.4129,231.5959,0.3168,0.057,2.9743,66.9835,232.4203,0.2886,0.0426,1.7148,65.5632,232.3007,0.2823,0.0257
2015-11-05T00:17:59.318Z,5.0129,73.5128,232.3196,0.3159,0.0711,3.5111,65.6071,232.6391,0.282,0.0531,1.8689,65.3892,232.6613,0.281,0.0294
2015-11-05T00:18:59.640Z,4.8298,72.7315,232.3218,0.3129,0.0685,3.0533,65.7466,232.7447,0.2824,0.0473,1.7788,64.271,232.8411,0.276,0.0285
2015-11-05T00:19:59.061Z,5.2744,73.2313,232.607,0.3146,0.0738,2.1964,63.2316,230.0616,0.275,0.0354,1.6152,65.1143,233.5923,0.2786,0.0269
2015-11-05T00:20:59.736Z,4.275,73.9978,232.9907,0.317,0.0585,2.6395,66.122,229.955,0.2874,0.0395,1.4762,64.1747,233.3377,0.2748,0.0229
2015-11-05T00:21:59.541Z,3.8177,73.594,231.9973,0.3167,0.0522,3.1502,64.8984,231.5221,0.28,0.0495,1.0209,66.1511,233.0171,0.2837,0.0152
2015-11-05T00:22:59.848Z,4.8254,74.0612,232.0356,0.3192,0.0659,2.8334,65.9442,232.1652,0.2844,0.0435,1.8979,65.5741,232.3462,0.2823,0.0284
2015-11-05T00:23:59.078Z,5.4723,72.7741,232.1796,0.3134,0.0769,2.7881,64.9106,231.9076,0.28,0.045,1.8241,63.7816,232.5649,0.2741,0.0296
2015-11-05T00:24:59.606Z,3.893,73.494,232.0022,0.317,0.0538,3.0012,65.7404,231.6383,0.2833,0.046,1.332,66.4863,233.3559,0.285,0.0191
2015-11-05T00:25:59.834Z,4.8059,74.4327,232.1498,0.32,0.0649,2.5137,63.4981,228.9088,0.2771,0.04,1.2007,65.3612,234.0695,0.2791,0.0175
2015-11-05T00:26:59.210Z,5.0092,73.4422,232.1929,0.3158,0.0696,2.7202,64.8158,229.7871,0.2818,0.0423,1.582,65.3273,233.8339,0.279,0.0249
2015-11-05T00:27:59.110Z,5.1347,74.1704,232.3688,0.319,0.0703,3.3705,65.2733,232.181,0.2818,0.0514,1.8713,65.5459,232.9025,0.2813,0.0285
2015-11-05T00:28:59.444Z,4.0175,72.1549,233.0713,0.3098,0.058,2.7902,64.6341,232.2399,0.278,0.0419,1.8414,65.7515,231.1253,0.2846,0.0276
2015-11-05T00:29:59.658Z,3.9693,74.2916,232.9137,0.318,0.0543,3.0485,65.2984,232.2836,0.2811,0.0488,1.2547,64.3408,231.9452,0.2773,0.021
2015-11-05T00:30:59.972Z,5.0401,73.3323,232.6646,0.3151,0.0688,2.8609,65.1665,231.3191,0.2817,0.0437,2.242,66.1897,233.4666,0.2835,0.0347
2015-11-05T00:31:59.311Z,5.1081,72.7808,232.903,0.3125,0.0712,2.3067,64.2908,228.9619,0.2804,0.037,1.7188,65.2682,234.2993,0.2787,0.0245
2015-11-05T00:32:59.052Z,4.4935,73.7691,232.8854,0.3167,0.0626,2.9991,65.3941,230.6036,0.2836,0.0457,1.0222,65.8131,233.6631,0.2813,0.0158
2015-11-05T00:33:59.406Z,4.6368,73.9115,232.3815,0.3176,0.0627,3.0298,63.7941,231.6725,0.2762,0.0514,1.6225,64.6645,232.1955,0.2788,0.0276
2015-11-05T00:34:59.767Z,5.0616,74.12,231.8852,0.3201,0.0695,3.6164,65.9585,231.9678,0.2845,0.0552,1.6302,65.1952,232.6671,0.2799,0.0277
2015-11-05T00:35:59.003Z,4.3931,73.7119,232.187,0.318,0.0617,2.9274,66.2763,231.5282,0.2859,0.0444,1.5541,65.932,232.835,0.2828,0.0229
2015-11-05T00:36:59.424Z,4.2937,73.4719,232.3609,0.3162,0.0592,2.7215,65.6907,229.508,0.2863,0.0438,1.5291,65.4614,233.5542,0.2807,0.0224
2015-11-05T00:37:59.774Z,4.8501,73.8115,232.6153,0.3171,0.0659,2.3562,65.217,228.9463,0.2842,0.0368,1.1999,64.9901,233.961,0.2774,0.018
2015-11-05T00:38:59.921Z,4.817,73.0037,232.3491,0.3144,0.0689,2.9268,65.498,231.4584,0.2831,0.0459,2.0186,65.8209,233.1196,0.2823,0.0293
2015-11-05T00:39:59.146Z,4.6425,73.2729,232.4472,0.3152,0.0649,2.7372,63.893,231.7507,0.2757,0.0475,2.1101,64.4578,233.2983,0.2763,0.0337
2015-11-05T00:40:59.496Z,4.2805,75.0036,232.5863,0.323,0.0577,3.0017,65.6146,231.9985,0.2829,0.046,1.7668,65.741,233.3049,0.2812,0.0251
2015-11-05T00:41:59.772Z,3.9329,73.9788,232.4781,0.318,0.0549,2.6504,65.3002,232.1009,0.2811,0.0419,1.7632,65.916,233.7312,0.282,0.0251
2015-11-05T00:42:59.158Z,4.666,72.6553,232.5674,0.3128,0.0649,2.6398,65.8361,230.2883,0.2861,0.0393,1.5921,65.625,234.0543,0.2807,0.0243
2015-11-05T00:43:59.485Z,5.0595,73.4535,232.8821,0.3152,0.0692,2.2698,65.061,229.323,0.284,0.0353,1.3126,66.1203,234.1066,0.2818,0.0213
2015-11-05T00:44:59.021Z,4.4134,73.6786,232.2818,0.3167,0.0613,3.0301,64.9348,231.9239,0.2798,0.0487,1.892,64.765,233.3856,0.2778,0.0303
2015-11-05T00:45:59.534Z,4.7443,73.2712,232.3264,0.3151,0.0655,2.6543,64.2507,232.242,0.2767,0.0418,1.7198,65.8545,233.2477,0.2821,0.0258
2015-11-05T00:46:59.811Z,4.0999,72.4975,232.1695,0.3123,0.057,2.846,64.7045,232.176,0.2793,0.0436,1.2479,66.8704,233.352,0.2864,0.0187
2015-11-05T00:47:59.623Z,4.6103,73.3988,232.1993,0.3157,0.0636,2.8347,64.5103,232.4254,0.2774,0.0474,1.2465,65.6359,233.3699,0.2814,0.0208
2015-11-05T00:48:59.974Z,4.3723,73.4404,232.3302,0.316,0.0611,2.9848,64.9597,231.0264,0.2811,0.0463,1.7225,64.8615,233.6164,0.2777,0.0267
2015-11-05T00:49:59.189Z,4.8707,73.8387,232.2158,0.3179,0.0666,2.7132,66.1081,228.9197,0.2887,0.0417,1.8369,67.1159,234.2889,0.2864,0.027
2015-11-05T00:50:59.958Z,4.6002,73.3486,232.5343,0.3154,0.0635,3.4612,65.3502,232.0607,0.2815,0.0529,1.0693,65.1567,233.9252,0.2785,0.0164
2015-11-05T00:51:59.265Z,4.6314,73.5467,232.3122,0.3166,0.0623,2.8036,66.7994,231.8907,0.2874,0.0426,1.4298,66.8389,233.6449,0.2863,0.0196
2015-11-05T00:52:59.544Z,4.4901,74.5311,232.1436,0.3211,0.062,3.2547,64.8634,231.8426,0.2796,0.0492,0.9812,64.8302,233.42,0.2784,0.0151
2015-11-05T00:53:59.830Z,4.5904,72.0618,232.1916,0.3101,0.0642,3.3266,65.4751,231.6482,0.2825,0.0522,1.9203,64.0325,232.6986,0.2751,0.0302
2015-11-05T00:54:59.172Z,4.2161,73.5363,232.3077,0.3167,0.0583,2.6901,66.7354,231.7368,0.2884,0.0408,1.7824,65.0268,232.8236,0.2791,0.0273
2015-11-05T00:55:59.550Z,4.0518,72.3873,232.6249,0.3114,0.0558,2.8875,65.885,229.3451,0.2871,0.0448,2.0478,65.5777,233.1742,0.2812,0.0311
2015-11-05T00:56:59.666Z,4.6469,73.4444,232.3373,0.316,0.0647,2.6552,64.4313,229.2762,0.2809,0.0422,1.9245,65.6602,233.5885,0.2809,0.0296
2015-11-05T00:57:59.888Z,4.6667,73.5866,232.0598,0.3168,0.0646,2.9978,66.0658,231.8722,0.2849,0.0451,1.4162,65.5432,232.2664,0.2825,0.0219
2015-11-05T00:58:59.384Z,4.928,72.5557,231.8162,0.3129,0.0714,2.3093,63.7301,231.4189,0.2749,0.0384,1.3634,64.5857,232.183,0.2787,0.0213
2015-11-05T00:59:59.633Z,3.3915,73.7442,231.5641,0.3186,0.0475,3.4048,64.1672,231.5122,0.2775,0.0532,1.5878,65.186,232.3451,0.2804,0.0254
