2015-12-04T00:00:59.243Z,3.8626,114.4937,231.406,0.4944,0.0335,3.7579,102.9955,231.2546,0.4452,0.0374,3.2736,101.793,232.6502,0.4371,0.0319
2015-12-04T00:01:59.369Z,5.3674,118.1405,231.4642,0.5099,0.0455,3.416,102.1202,231.4667,0.4413,0.0401,3.4958,102.5167,232.8798,0.44,0.0326
2015-12-04T00:02:59.583Z,2.9358,118.131,232.3849,0.508,0.0244,3.8702,102.486,231.4935,0.443,0.038,2.7292,102.3697,232.9926,0.4393,0.0257
2015-12-04T00:03:59.819Z,4.294,118.1149,232.272,0.5084,0.038,3.8764,102.1513,231.2429,0.4414,0.0371,3.4308,105.4715,233.2132,0.4523,0.0335
2015-12-04T00:04:59.204Z,4.2712,118.6102,231.8536,0.5108,0.0349,3.5643,104.1411,231.6574,0.4497,0.0338,3.1058,102.7752,233.2097,0.4408,0.0304
2015-12-04T00:05:59.471Z,3.8356,116.1741,231.8864,0.5005,0.0335,3.337,101.3796,231.5013,0.4386,0.0332,2.7663,103.8552,233.5197,0.4452,0.0255
2015-12-04T00:06:59.908Z,4.4374,117.5545,231.2353,0.5085,0.0388,3.827,99.5884,231.7101,0.4298,0.0379,3.669,103.4073,233.5577,0.4433,0.0378
2015-12-04T00:07:59.104Z,3.9624,118.8093,230.8828,0.5147,0.0327,3.6391,104.2481,231.5701,0.4498,0.0354,3.7902,104.0691,233.5462,0.4451,0.0371
2015-12-04T00:08:59.360Z,4.7034,119.2426,230.8991,0.5165,0.0395,3.8592,103.9099,231.7496,0.448,0.0366,3.3725,103.3474,233.6878,0.4427,0.0337
2015-12-04T00:09:59.618Z,3.9031,119.0431,230.8945,0.5156,0.0331,3.2188,103.7255,232.0331,0.4474,0.0303,3.0199,104.3607,233.3533,0.4468,0.0289
2015-12-04T00:10:59.043Z,3.6478,121.2138,231.7658,0.523,0.0317,4.0517,102.6317,229.9237,0.4467,0.039,3.204,105.3101,233.8353,0.4507,0.0299
2015-12-04T00:11:59.461Z,3.6899,116.2305,231.6434,0.5013,0.0314,4.2124,103.3246,229.2408,0.4509,0.0431,3.5974,101.9595,233.8092,0.4367,0.0344
2015-12-04T00:12:59.734Z,4.1951,120.9058,231.6951,0.5212,0.0346,3.4589,102.7129,230.7744,0.4453,0.0332,2.9124,104.072,233.7256,0.4444,0.0264
2015-12-04T00:13:59.987Z,5.0166,119.5832,231.1383,0.5171,0.0422,3.5217,102.2983,232.0393,0.4409,0.0348,3.0705,102.8973,233.3082,0.4413,0.03
2015-12-04T00:14:59.250Z,4.371,119.3821,231.4064,0.5156,0.0357,3.9878,104.2078,231.7231,0.4496,0.0374,2.9073,104.7392,233.1681,0.4487,0.0265
2015-12-04T00:15:59.463Z,4.319,119.4009,231.8058,0.5143,0.0376,4.0173,103.2393,230.5596,0.4478,0.0387,3.3208,103.8082,233.5922,0.444,0.0327
2015-12-04T00:16:59.704Z,3.1937,116.9586,231.6762,0.5047,0.0281,4.2102,99.1198,228.7225,0.4333,0.0463,3.1367,104.8584,234.3084,0.447,0.0334
2015-12-04T00:17:59.877Z,3.7797,119.8033,230.9013,0.5184,0.0334,3.8647,101.8408,231.0811,0.4403,0.0388,3.6453,103.3347,233.3151,0.4427,0.0363
2015-12-04T00:18:59.103Z,4.3696,118.6809,230.7276,0.5143,0.0359,4.4991,103.7738,232.1683,0.4471,0.0453,3.1616,103.867,232.7343,0.4461,0.0294
2015-12-04T00:19:59.429Z,4.6492,118.4075,230.9627,0.5124,0.0388,4.0335,101.6731,232.0196,0.4382,0.0397,2.6163,103.6776,232.8307,0.4449,0.0267
2015-12-04T00:20:59.764Z,4.4676,118.5168,231.2392,0.5122,0.0371,4.8918,104.8603,232.8216,0.4501,0.0474,3.39,104.7335,233.4767,0.4481,0.0325
2015-12-04T00:21:59.030Z,5.5922,118.8132,231.6422,0.5127,0.0482,3.4671,101.3409,233.3102,0.4347,0.0333,3.2622,101.7522,234.4546,0.4341,0.0329
2015-12-04T00:22:59.339Z,4.8584,116.5148,232.1466,0.5016,0.0428,4.0078,103.5724,233.4183,0.4434,0.0388,3.6372,104.8248,234.2118,0.4473,0.0347
2015-12-04T00:23:59.527Z,4.8047,117.0814,231.8489,0.5053,0.041,3.8616,102.4925,233.7271,0.4381,0.0388,3.5104,107.9984,234.9378,0.4595,0.0316
2015-12-04T00:24:59.867Z,4.889,119.3816,231.9984,0.5141,0.0412,3.7318,104.4496,233.1745,0.4477,0.0354,3.6841,104.6047,234.9031,0.4456,0.0343
2015-12-04T00:25:59.132Z,3.9993,117.6816,231.947,0.5071,0.0324,4.0786,104.8274,233.5113,0.4488,0.0402,2.9359,106.6539,235.3233,0.4531,0.0281
2015-12-04T00:26:59.531Z,4.0495,118.407,231.5293,0.5108,0.0347,3.8296,104.6992,233.4357,0.4486,0.0351,3.1527,104.8384,235.3107,0.4453,0.0309
2015-12-04T00:27:59.768Z,4.0907,117.8122,231.6527,0.5088,0.0342,4.195,106.7785,233.5197,0.4571,0.0399,3.2402,105.2907,235.2136,0.4472,0.0316
2015-12-04T00:28:59.070Z,4.4666,117.6936,231.3764,0.5083,0.0379,3.7156,103.9118,233.1739,0.4453,0.036,3.1809,106.7706,235.1611,0.4541,0.0297
2015-12-04T00:29:59.491Z,4.4358,120.0334,231.4474,0.5175,0.0374,4.76,105.3669,232.4324,0.4526,0.0463,3.4682,103.549,234.8373,0.4409,0.0332
2015-12-04T00:30:59.790Z,5.4648,116.7881,232.2257,0.503,0.0471,4.059,104.9418,232.9985,0.4507,0.0409,3.1873,102.7966,234.8459,0.4379,0.03
2015-12-04T00:31:59.188Z,4.1117,116.9711,232.0811,0.5041,0.0356,3.5457,102.5452,232.8998,0.4399,0.0368,2.9229,104.0302,234.8077,0.4429,0.0301
2015-12-04T00:32:59.552Z,4.1449,118.7877,232.354,0.5107,0.0351,4.2608,103.471,233.1016,0.4433,0.0414,3.5122,104.376,235.0331,0.4438,0.0345
2015-12-04T00:33:59.771Z,4.6972,121.2288,232.2888,0.5214,0.0392,3.9168,103.3615,233.1851,0.4435,0.0382,2.7977,104.7227,234.8611,0.446,0.0279
2015-12-04T00:34:59.086Z,4.5917,119.571,231.8594,0.5156,0.0388,3.8239,101.9911,233.1444,0.437,0.0371,3.0969,106.2374,234.6976,0.4528,0.0299
2015-12-04T00:35:59.372Z,4.3998,119.0791,231.7659,0.5136,0.0364,4.2865,103.8714,232.9552,0.4462,0.0417,2.6033,103.9171,234.8395,0.4427,0.0264
2015-12-04T00:36:59.676Z,3.9951,118.1009,231.9171,0.5089,0.0342,4.0881,105.6629,232.3646,0.4547,0.0395,3.9008,104.5596,233.9909,0.4471,0.0382
2015-12-04T00:37:59.930Z,5.109,119.6548,232.3731,0.5145,0.0419,3.6825,104.5796,232.7501,0.4488,0.0349,3.4842,105.8873,234.2919,0.4521,0.0331
2015-12-04T00:38:59.166Z,4.4088,120.1049,231.649,0.5184,0.0374,3.3928,104.804,232.7399,0.4501,0.0322,3.0733,104.0524,234.2298,0.444,0.0296
2015-12-04T00:39:59.326Z,3.7116,117.4,230.6923,0.5085,0.0319,4.5781,106.4353,233.4337,0.4562,0.0427,4.0498,102.7033,234.2973,0.4385,0.0391
2015-12-04T00:40:59.581Z,4.9959,116.7804,230.2118,0.5073,0.0453,4.0936,103.1813,232.8003,0.4435,0.0414,3.5234,105.2046,234.3013,0.4489,0.0319
2015-12-04T00:41:59.860Z,4.4512,118.4748,230.3784,0.5139,0.0383,3.7247,103.7221,231.8195,0.4472,0.0365,3.3759,103.8924,234.2589,0.4437,0.0311
2015-12-04T00:42:59.266Z,4.6273,117.2519,230.3671,0.5088,0.0407,3.5897,105.6072,231.7304,0.4552,0.0341,2.7721,102.6847,234.1878,0.4389,0.026
2015-12-04T00:43:59.571Z,2.8893,118.1952,231.481,0.51,0.0253,3.9835,104.9557,232.4193,0.4513,0.0385,3.6279,104.3307,234.9402,0.444,0.0338
2015-12-04T00:44:59.854Z,5.0882,120.3097,232.3618,0.5174,0.0418,4.2193,105.9773,232.4955,0.456,0.0393,2.6012,104.8784,234.7962,0.4466,0.0243
2015-12-04T00:45:59.153Z,4.1572,119.5989,231.7817,0.5153,0.035,4.4851,104.4554,232.0881,0.4507,0.0449,2.2627,104.1728,234.4936,0.4438,0.0228
2015-12-04T00:46:59.408Z,3.7074,120.2396,232.2799,0.5175,0.0303,4.6688,103.6226,232.0964,0.4459,0.0456,3.183,107.9359,234.7178,0.4596,0.0295
2015-12-04T00:47:59.666Z,4.2484,119.1679,232.066,0.5134,0.0362,3.4932,101.1265,232.4593,0.4347,0.0333,3.4224,108.2015,235.0326,0.4605,0.031
2015-12-04T00:48:59.015Z,4.6962,120.7644,232.4086,0.5194,0.0396,3.8979,105.8683,232.4548,0.455,0.0371,3.0169,104.565,234.852,0.4454,0.028
2015-12-04T00:49:59.497Z,4.2454,118.7179,232.4262,0.5101,0.0352,4.6867,106.9972,232.1396,0.4607,0.0442,2.8693,104.0435,234.6492,0.4435,0.0285
2015-12-04T00:50:59.939Z,3.9974,118.161,232.4144,0.5079,0.0331,4.0638,104.8034,231.9909,0.4515,0.0377,3.0467,103.8726,234.9767,0.4426,0.031
2015-12-04T00:51:59.212Z,3.9506,119.7148,232.5424,0.5142,0.0339,3.1876,103.1863,231.853,0.4447,0.0313,3.4818,103.1073,234.8313,0.4392,0.0343
2015-12-04T00:52:59.442Z,3.3604,119.0318,232.6612,0.5115,0.0286,3.5174,104.2392,232.1342,0.4489,0.0347,3.739,105.5275,234.0563,0.4501,0.0342
2015-12-04T00:53:59.707Z,4.3558,121.1822,233.175,0.5198,0.0366,3.4978,106.0548,232.0765,0.4568,0.0327,3.2839,100.8497,233.7635,0.4315,0.0313
2015-12-04T00:54:59.978Z,4.8209,121.0958,233.303,0.519,0.0396,4.1933,104.4144,231.9956,0.4501,0.0384,2.8815,103.841,233.6292,0.4442,0.0288
2015-12-04T00:55:59.381Z,4.3083,117.3039,232.7164,0.5038,0.0364,3.5726,101.4663,232.7807,0.4359,0.0412,4.0312,102.8089,233.7429,0.4396,0.04
2015-12-04T00:56:59.626Z,5.0438,119.1589,232.7549,0.5118,0.0421,3.6479,105.1162,232.711,0.4516,0.034,2.9604,104.3909,234.4405,0.4454,0.0296
2015-12-04T00:57:59.927Z,4.8046,118.3934,232.2472,0.5098,0.0415,3.1958,103.4623,232.9067,0.4439,0.0292,4.2773,106.3879,234.8045,0.453,0.0403
2015-12-04T00:58:59.226Z,3.7625,121.558,232.6972,0.5224,0.0306,5.1839,103.2145,233.193,0.4426,0.0482,2.4475,103.4626,235.0516,0.4407,0.0242
2015-12-04T00:59:59.574Z,4.9593,119.1432,232.9165,0.5111,0.0433,3.6825,107.4142,233.4354,0.4602,0.0345,3.6836,104.4993,234.7593,0.4454,0.0348
2015-12-04T01:00:59.011Z,4.8364,114.5841,233.0791,0.491,0.0434,3.2336,103.4804,233.8414,0.4426,0.031,3.6963,105.7438,235.2154,0.4493,0.034
2015-12-04T01:01:59.191Z,4.309,119.2454,232.9322,0.5121,0.0364,4.0422,102.0626,233.746,0.4365,0.0404,3.047,104.1678,235.4012,0.4423,0.0291
2015-12-04T01:02:59.520Z,4.241,118.4666,233.072,0.5084,0.0346,4.2178,105.5976,233.622,0.4521,0.0403,4.1845,106.0937,235.2285,0.4511,0.04
2015-12-04T01:03:59.752Z,3.3196,117.7832,232.2141,0.5074,0.0271,4.3431,102.0773,231.8293,0.4405,0.0427,3.2799,103.3649,233.6664,0.4427,0.0303
2015-12-04T01:04:59.893Z,3.8037,118.1219,231.1911,0.5107,0.0341,4.0723,103.8198,230.8684,0.4499,0.0388,3.7979,103.4313,231.9668,0.446,0.0368
2015-12-04T01:05:59.164Z,4.8092,118.0159,231.4247,0.5098,0.0406,3.3539,102.6782,230.3546,0.446,0.0371,3.1596,101.0692,231.9236,0.4359,0.0321
2015-12-04T01:06:59.400Z,4.0984,119.8122,231.5375,0.5176,0.0351,3.8726,102.8388,229.9493,0.4474,0.0379,3.2616,101.1099,231.7236,0.4362,0.0337
2015-12-04T01:07:59.725Z,3.6557,118.1428,231.8196,0.5095,0.03,4.303,103.5604,230.1878,0.4501,0.0408,3.2579,102.2405,231.7585,0.4414,0.0329
2015-12-04T01:08:59.173Z,3.9864,118.0222,231.8691,0.5086,0.0341,4.3013,103.2223,230.0067,0.4488,0.0422,2.9206,103.9587,231.4092,0.4491,0.0281
2015-12-04T01:09:59.361Z,3.9658,117.2442,230.9413,0.5073,0.0337,4.1756,103.604,229.6663,0.4507,0.0424,3.0251,101.5553,231.7379,0.4385,0.0299
2015-12-04T01:10:59.618Z,4.3384,116.421,230.8827,0.5045,0.0374,3.4221,103.086,229.4157,0.4495,0.0333,2.5627,103.7613,232.2597,0.4462,0.0237
2015-12-04T01:11:59.051Z,4.7208,119.3873,230.8777,0.5166,0.0384,3.1631,104.2387,230.0371,0.4534,0.0321,2.9767,103.195,232.4386,0.444,0.0289
2015-12-04T01:12:59.501Z,5.4328,117.8093,230.9349,0.5101,0.0472,4.3461,102.5593,230.0566,0.4452,0.0416,3.3076,102.8041,232.4555,0.4424,0.0336
2015-12-04T01:13:59.962Z,2.9064,117.891,231.0854,0.5102,0.0253,4.361,104.1752,230.2259,0.4527,0.0416,2.7264,103.9438,232.6098,0.4465,0.0267
2015-12-04T01:14:59.240Z,4.7622,118.5113,231.3908,0.5117,0.0409,3.5123,99.3276,230.5377,0.4311,0.0387,3.3336,103.7042,233.1976,0.4442,0.0323
2015-12-04T01:15:59.447Z,4.1885,116.9474,231.4779,0.5049,0.0365,3.8851,102.7947,231.0304,0.4443,0.0399,2.8367,101.0018,233.1918,0.4326,0.0291
2015-12-04T01:16:59.717Z,3.691,117.4553,231.3462,0.507,0.0315,4.9384,103.714,230.9282,0.4493,0.0486,2.9887,102.5243,232.4735,0.4414,0.031
2015-12-04T01:17:59.145Z,4.4114,115.4262,231.4566,0.4983,0.0379,4.042,104.0652,231.0064,0.4502,0.0394,3.5286,104.1759,232.0389,0.4488,0.0331
2015-12-04T01:18:59.590Z,4.2304,116.8584,232.6191,0.502,0.0366,3.5856,103.9816,231.4271,0.4489,0.0346,3.3134,103.4097,230.1848,0.4487,0.0321
2015-12-04T01:19:59.777Z,4.8195,117.97,231.9531,0.5084,0.0416,4.4876,106.3099,231.9657,0.4586,0.0425,2.9643,104.1634,233.2716,0.4464,0.0286
2015-12-04T01:20:59.163Z,5.3323,118.0262,231.7273,0.5091,0.0456,4.0467,102.8716,231.8356,0.4441,0.0421,2.1659,102.0704,232.7173,0.4388,0.0229
2015-12-04T01:21:59.457Z,3.1334,117.868,231.9442,0.5078,0.0267,4.9388,102.8584,231.8087,0.4436,0.0486,2.5149,102.3845,233.2079,0.4388,0.0275
2015-12-04T01:22:59.644Z,4.1346,119.6697,232.1859,0.5151,0.0345,4.7166,103.0649,231.8452,0.4445,0.0453,2.7218,102.7588,233.2511,0.4403,0.0274
2015-12-04T01:23:59.863Z,2.6732,118.6624,231.9963,0.5119,0.0229,3.8263,104.8644,231.6763,0.4525,0.0371,3.061,102.3727,233.2143,0.4391,0.0305
2015-12-04T01:24:59.132Z,3.4338,118.774,231.5758,0.5124,0.0296,4.7207,105.4879,231.7707,0.4548,0.0452,2.4469,105.0503,233.3202,0.4499,0.0241
2015-12-04T01:25:59.374Z,3.8742,119.211,231.6209,0.5147,0.0321,4.1025,104.2356,231.7863,0.4498,0.0396,3.2904,103.7084,233.2565,0.4446,0.0312
2015-12-04T01:26:59.667Z,5.2333,117.9049,231.6936,0.5086,0.0442,4.8075,102.0096,231.5961,0.4405,0.0462,2.212,104.7971,233.589,0.4484,0.0225
2015-12-04T01:27:59.915Z,3.4223,118.869,231.8541,0.5122,0.0298,3.7697,102.9824,231.8229,0.4442,0.0359,3.1881,103.8597,233.5066,0.4448,0.0305
2015-12-04T01:28:59.071Z,4.3539,118.2704,231.5737,0.5109,0.0368,3.9908,104.4331,231.1791,0.4516,0.0382,2.8352,102.495,232.9037,0.4403,0.0266
2015-12-04T01:29:59.566Z,4.381,117.6863,231.0951,0.5087,0.0377,3.5981,101.9737,230.8351,0.4416,0.0359,3.0553,103.4038,232.0293,0.4455,0.0288
2015-12-04T01:30:59.042Z,3.4988,117.5253,231.4749,0.508,0.0303,4.0038,101.591,230.6073,0.4403,0.0399,3.2046,102.7954,231.9403,0.4432,0.031
2015-12-04T01:31:59.187Z,4.8484,118.1592,231.6136,0.5102,0.0414,2.9251,101.6514,231.0056,0.4398,0.0289,3.451,104.1976,232.4058,0.4478,0.0345
2015-12-04T01:32:59.456Z,4.5497,117.6487,231.511,0.5076,0.0382,3.5176,102.2042,230.9272,0.4427,0.0357,4.0146,104.1985,232.2047,0.4485,0.0387
2015-12-04T01:33:59.966Z,5.0305,117.1792,231.4918,0.5062,0.0433,3.9453,102.6371,230.7437,0.4444,0.0376,3.1382,103.6687,232.2133,0.4466,0.0302
2015-12-04T01:34:59.101Z,3.661,118.4459,231.1902,0.5118,0.0306,4.1044,98.8662,230.7269,0.4279,0.0469,3.3837,100.7473,232.2761,0.4341,0.0322
2015-12-04T01:35:59.279Z,4.1515,117.3189,231.2179,0.5071,0.0353,4.4966,101.39,229.9202,0.4411,0.043,3.4234,100.2846,232.6673,0.4314,0.034
2015-12-04T01:36:59.575Z,4.0249,118.8593,230.7204,0.5147,0.0341,3.4575,104.9963,229.7059,0.4573,0.0334,2.449,102.2593,232.5086,0.44,0.0223
2015-12-04T01:37:59.805Z,4.7213,118.9254,230.4395,0.5165,0.0399,4.235,102.4979,229.685,0.4463,0.0435,2.5821,102.4011,232.1741,0.4409,0.0264
2015-12-04T01:38:59.090Z,5.5885,118.5751,230.2696,0.5147,0.0485,3.0411,100.459,229.3836,0.4376,0.0307,3.69,105.6319,232.4958,0.4543,0.0329
2015-12-04T01:39:59.303Z,3.7682,118.3526,230.4848,0.5133,0.0314,4.3814,102.4571,229.7225,0.446,0.0449,3.2478,99.8507,232.5647,0.4297,0.0311
2015-12-04T01:40:59.608Z,3.7462,117.7625,230.8034,0.51,0.0318,4.1924,102.2158,229.988,0.4445,0.0431,2.5126,104.034,233.3519,0.4457,0.0234
2015-12-04T01:41:59.225Z,4.8619,118.0403,230.614,0.5117,0.0417,4.1704,103.5821,230.2907,0.4501,0.0384,3.4686,107.3524,233.781,0.459,0.0318
2015-12-04T01:42:59.430Z,5.8298,118.1941,230.5729,0.5122,0.0511,3.3516,101.7934,230.6596,0.4416,0.034,2.9438,104.2057,233.3515,0.4464,0.0286
2015-12-04T01:43:59.654Z,3.116,118.2878,230.6055,0.5129,0.0254,4.8164,102.349,230.9518,0.4431,0.0471,2.646,103.013,233.2537,0.4418,0.0244
2015-12-04T01:44:59.962Z,4.1234,116.6088,230.6363,0.5049,0.0349,4.357,102.4369,230.6548,0.4436,0.0448,3.7518,103.0979,233.0958,0.4427,0.0358
2015-12-04T01:45:59.266Z,3.1369,117.9874,231.05,0.5104,0.0253,4.4441,103.2023,230.8601,0.4467,0.0429,3.1488,103.8499,233.2792,0.445,0.0307
2015-12-04T01:46:59.487Z,4.2992,117.4903,230.5944,0.5099,0.0362,4.5647,105.5849,230.348,0.458,0.042,3.1875,104.3419,233.0764,0.4481,0.0295
2015-12-04T01:47:59.772Z,4.8282,117.4658,230.7721,0.5086,0.0412,3.0749,103.1285,230.6332,0.4474,0.0291,3.5214,104.1393,232.9885,0.4467,0.0346
2015-12-04T01:48:59.043Z,3.802,117.4654,230.8612,0.5087,0.0331,4.2965,103.0264,230.7557,0.4467,0.0427,2.5353,104.6534,232.9979,0.4494,0.0244
2015-12-04T01:49:59.375Z,4.3266,117.0768,231.1166,0.5066,0.0384,4.2914,104.941,230.4026,0.4555,0.0402,2.9253,106.0704,233.1633,0.4542,0.0276
2015-12-04T01:50:59.656Z,4.2786,118.0052,231.4793,0.5093,0.037,3.5282,102.789,230.5953,0.4454,0.0367,3.0158,102.9636,233.408,0.4408,0.0305
2015-12-04T01:51:59.993Z,3.866,118.1893,231.1264,0.5112,0.0319,4.6204,102.5678,230.9244,0.4442,0.0469,2.7863,103.5725,232.8558,0.4448,0.0269
2015-12-04T01:52:59.181Z,4.8502,116.8513,231.1932,0.5052,0.0422,3.8991,102.4297,231.4214,0.4426,0.0384,3.1224,104.8734,233.2248,0.4497,0.0297
2015-12-04T01:53:59.556Z,5.2196,117.6208,231.394,0.5081,0.0453,3.9233,106.2743,231.1895,0.4595,0.0374,2.436,103.4808,233.653,0.443,0.0231
2015-12-04T01:54:59.853Z,4.0182,119.4432,231.6617,0.5153,0.0343,3.3998,102.9723,231.3862,0.4451,0.0327,3.2961,104.211,233.6257,0.4461,0.0316
2015-12-04T01:55:59.120Z,4.7146,118.327,231.0543,0.5116,0.0411,3.2607,105.7921,230.7582,0.4588,0.0317,3.3157,104.1255,232.8463,0.4467,0.031
2015-12-04T01:56:59.419Z,2.9193,119.1397,230.5358,0.5166,0.0252,4.2057,104.525,230.1171,0.4542,0.0385,3.0045,103.0784,232.279,0.4439,0.0298
2015-12-04T01:57:59.672Z,4.1324,117.4989,230.4209,0.5096,0.0345,3.9132,103.5164,230.1543,0.4499,0.0378,3.0222,103.1197,232.2584,0.4436,0.0298
2015-12-04T01:58:59.092Z,4.789,117.5692,230.0789,0.511,0.0427,3.787,102.9311,229.9538,0.4479,0.0374,2.4509,105.0161,232.2603,0.4522,0.0218
2015-12-04T01:59:59.365Z,3.891,118.3836,230.4468,0.5136,0.0337,4.4159,101.7426,229.956,0.4419,0.0433,2.0313,102.8495,232.3526,0.4422,0.0202
