2015-11-25T00:00:59.165Z,1139.2575,1586.7953,229.96,6.8999,0.7175,1217.7629,1605.752,228.0588,7.0401,0.7588,1763.8171,2286.8452,230.9463,9.9012,0.7706
2015-11-25T00:01:59.418Z,1156.5222,1566.9916,229.3704,6.8306,0.738,1252.5536,1671.1016,230.2937,7.2557,0.7494,1706.6847,2247.4942,229.9531,9.7732,0.7599
2015-11-25T00:02:59.704Z,281.5676,458.7307,230.3526,1.9963,0.206,299.0076,473.2972,231.6643,2.0531,0.2104,514.8849,686.8442,230.5279,2.9977,0.5868
2015-11-25T00:03:59.990Z,3.3638,110.3329,230.0843,0.4789,0.0322,4.4149,96.7981,231.9058,0.4171,0.0486,2.6849,98.3389,232.8659,0.4223,0.0312
2015-11-25T00:04:59.227Z,3.8679,111.678,230.1072,0.4846,0.0349,3.9227,99.4302,231.5079,0.4293,0.0386,3.4628,99.314,232.7834,0.4267,0.0334
2015-11-25T00:05:59.385Z,5.5455,110.5742,230.0314,0.4802,0.0503,3.1876,99.7953,231.7911,0.4301,0.0316,3.7241,100.1411,232.9811,0.4298,0.0368
2015-11-25T00:06:59.635Z,5.4595,111.722,229.7526,0.4859,0.0477,2.9649,98.0591,230.7091,0.4252,0.0299,3.0932,100.9497,233.0551,0.433,0.0307
2015-11-25T00:07:59.056Z,5.3661,112.7936,229.5581,0.4913,0.0487,4.6476,99.7389,230.7191,0.4322,0.0456,3.9016,98.099,232.613,0.4213,0.0386
2015-11-25T00:08:59.362Z,3.1315,109.5117,229.3616,0.4778,0.0286,3.6411,96.6885,230.7217,0.4193,0.0391,3.0963,96.4248,232.2435,0.4152,0.0324
2015-11-25T00:09:59.759Z,6.2202,109.5982,229.7281,0.4767,0.0565,3.0015,98.9271,230.7119,0.4288,0.0295,3.2488,97.3502,232.8755,0.4182,0.0333
2015-11-25T00:10:59.022Z,4.9422,108.4951,229.205,0.4732,0.0469,4.5386,99.7168,230.975,0.4314,0.0451,2.9356,101.6101,233.2372,0.4358,0.0298
2015-11-25T00:11:59.403Z,2.6136,110.8142,229.54,0.482,0.0236,4.7827,99.0304,231.0956,0.4286,0.0473,3.3819,100.8196,233.5078,0.432,0.0343
2015-11-25T00:12:59.727Z,3.8882,109.789,230.1008,0.4767,0.0352,2.842,102.1165,231.6772,0.4409,0.0289,2.9421,97.1503,231.8832,0.4185,0.029
2015-11-25T00:13:59.985Z,3.6388,111.838,230.4318,0.4854,0.0326,3.9184,98.1141,231.9345,0.4236,0.0401,4.0653,98.2197,231.4097,0.4244,0.0401
2015-11-25T00:14:59.316Z,3.459,111.4323,230.1683,0.484,0.0317,3.7507,99.0049,232.0784,0.426,0.0363,2.6124,97.2592,232.5991,0.4189,0.0258
2015-11-25T00:15:59.506Z,5.3104,109.0541,229.6942,0.4743,0.0493,3.8184,97.8858,232.4527,0.4208,0.0376,3.0754,97.8634,233.8055,0.4184,0.0318
2015-11-25T00:16:59.855Z,4.7842,111.5968,228.9237,0.4874,0.0426,3.739,100.7308,233.7365,0.4307,0.0363,47.941,126.4378,234.6624,0.5387,0.2834
2015-11-25T00:17:59.050Z,4.2478,109.5713,228.9274,0.4782,0.0383,4.3452,100.0083,233.1571,0.4289,0.0453,19.6538,107.7172,234.4684,0.4591,0.1246
2015-11-25T00:18:59.244Z,3.619,110.3319,229.2049,0.4814,0.0326,4.1335,101.1223,232.5446,0.4348,0.0408,2.9958,100.2956,234.4527,0.4273,0.0315
2015-11-25T00:19:59.532Z,3.7665,110.8777,229.4581,0.4837,0.0345,4.5695,98.8466,233.217,0.4241,0.0466,2.336,100.3718,234.8879,0.4276,0.0225
2015-11-25T00:20:59.889Z,3.551,109.828,229.3305,0.4785,0.0324,3.8471,100.9996,233.159,0.4329,0.0376,2.2788,98.3918,234.7143,0.4196,0.0233
2015-11-25T00:21:59.214Z,4.1064,110.6457,229.3659,0.482,0.0382,4.0802,98.411,232.6224,0.4226,0.0408,2.6381,96.6377,234.7407,0.4117,0.0264
2015-11-25T00:22:59.656Z,4.5626,111.8522,229.3273,0.4877,0.0404,4.147,99.2071,233.0955,0.4249,0.042,3.494,98.9271,234.2142,0.4227,0.0357
2015-11-25T00:23:59.955Z,3.6781,109.1498,229.3529,0.4754,0.0346,3.5509,98.0476,232.7686,0.421,0.0389,3.0726,97.4531,233.5997,0.4166,0.0326
2015-11-25T00:24:59.408Z,4.4646,109.9798,229.7711,0.479,0.0399,3.9942,102.448,233.128,0.4389,0.0393,2.9987,98.3569,233.0164,0.4223,0.0312
2015-11-25T00:25:59.740Z,3.6674,110.6447,229.5941,0.4815,0.0343,3.448,98.5525,233.2652,0.422,0.0349,2.6566,101.4671,234.5493,0.4325,0.0267
2015-11-25T00:26:59.925Z,5.1979,110.431,229.1557,0.4816,0.0471,3.569,99.1456,233.559,0.4248,0.0353,64.364,138.6716,234.5995,0.5909,0.3744
2015-11-25T00:27:59.184Z,3.2687,110.7919,229.4043,0.483,0.0299,4.2302,99.9899,232.8994,0.4296,0.0461,2.8913,100.297,234.6907,0.4273,0.0293
2015-11-25T00:28:59.395Z,4.1963,108.398,230.1335,0.4708,0.039,3.7451,96.7546,232.8926,0.4155,0.0421,3.0387,99.3333,234.896,0.423,0.0332
2015-11-25T00:29:59.696Z,3.6022,110.9488,230.7455,0.4804,0.0331,3.3918,96.1816,231.5866,0.4153,0.0352,2.8849,99.558,234.0703,0.4253,0.028
2015-11-25T00:30:59.846Z,4.8453,112.4113,230.6271,0.487,0.0442,4.1091,100.0053,231.579,0.4318,0.0408,3.6379,99.2248,233.8014,0.424,0.0352
2015-11-25T00:31:59.183Z,3.7047,109.6519,230.2169,0.4766,0.0342,4.3712,100.1717,231.7278,0.432,0.0439,3.5922,99.2479,233.4701,0.4253,0.0349
2015-11-25T00:32:59.536Z,5.2016,108.5881,230.1075,0.4715,0.0473,3.3743,98.5349,231.7592,0.4254,0.0351,3.2603,99.9091,233.2259,0.4278,0.0336
2015-11-25T00:33:59.973Z,5.5036,109.6839,228.7052,0.4798,0.0504,3.0572,98.7086,232.4137,0.4247,0.0309,2.7327,98.5258,233.3934,0.4222,0.028
2015-11-25T00:34:59.282Z,5.627,110.581,229.1894,0.4822,0.0507,3.9728,100.8098,232.6207,0.433,0.0381,2.6151,98.3933,233.8464,0.4209,0.0261
2015-11-25T00:35:59.403Z,5.6089,109.2356,230.0953,0.4749,0.0509,3.0675,98.8748,232.2349,0.4263,0.0284,2.7166,99.1365,232.5486,0.4262,0.0273
2015-11-25T00:36:59.973Z,4.6262,109.7696,228.8539,0.479,0.0421,3.9154,99.3274,231.8908,0.4282,0.0414,54.1286,131.3913,233.2521,0.563,0.317
2015-11-25T00:37:59.238Z,4.8342,107.7737,229.1693,0.4703,0.0455,3.9216,99.5345,232.3522,0.4282,0.0412,13.9591,103.9207,233.4675,0.4454,0.0969
2015-11-25T00:38:59.529Z,4.359,110.3853,228.7837,0.4823,0.039,4.3065,99.2271,231.2516,0.4289,0.044,3.1171,99.2975,233.1346,0.4259,0.0326
2015-11-25T00:39:59.817Z,6.0538,111.2536,229.0365,0.4851,0.0543,3.7087,100.4958,232.0249,0.4335,0.0366,2.8736,99.6688,233.0418,0.4275,0.0286
2015-11-25T00:40:59.109Z,3.6459,110.6952,229.576,0.4821,0.0324,3.3491,99.0506,232.1698,0.426,0.0337,3.1357,99.502,233.5958,0.4264,0.0348
2015-11-25T00:41:59.524Z,3.1077,109.1976,229.0401,0.476,0.0292,4.2043,98.3312,231.8357,0.4246,0.0421,3.1531,100.129,233.3932,0.4288,0.0297
2015-11-25T00:42:59.762Z,5.2272,109.586,229.3317,0.4777,0.0488,3.3489,99.1947,232.0611,0.4274,0.0337,3.3265,99.9785,232.3239,0.4303,0.0321
2015-11-25T00:43:59.041Z,5.0846,111.097,228.9635,0.4852,0.0471,3.0654,100.6619,232.4024,0.4336,0.0301,3.4155,97.4712,232.4417,0.4189,0.0331
2015-11-25T00:44:59.226Z,3.1643,111.257,229.78,0.484,0.0273,3.8879,98.4183,231.6889,0.4248,0.0396,2.8868,100.2773,231.8292,0.4328,0.0284
2015-11-25T00:45:59.570Z,3.8869,112.4562,231.4351,0.4855,0.0347,4.0111,99.3304,231.9089,0.4276,0.0415,3.3285,98.0427,231.0335,0.4248,0.0343
2015-11-25T00:46:59.967Z,4.1404,112.2416,231.4392,0.4848,0.0375,3.5678,100.1944,231.8131,0.4326,0.037,21.8074,110.644,232.1058,0.477,0.1364
2015-11-25T00:47:59.202Z,2.7343,112.869,232.6453,0.4849,0.024,3.3452,98.1341,229.8092,0.4271,0.0349,47.3934,126.1454,233.8384,0.5398,0.2856
2015-11-25T00:48:59.477Z,5.1404,111.5309,230.8462,0.4829,0.0476,3.7921,96.5054,230.9203,0.4177,0.0409,2.6033,97.6236,234.6127,0.4162,0.0282
2015-11-25T00:49:59.654Z,3.7365,111.4602,232.6885,0.4788,0.0349,3.3959,99.5844,232.8918,0.4278,0.0345,3.5437,98.1954,233.7631,0.4199,0.037
2015-11-25T00:50:59.041Z,3.9011,112.06,232.6369,0.4817,0.0352,3.6032,102.1021,232.8873,0.438,0.0367,3.172,99.8317,233.244,0.428,0.0304
2015-11-25T00:51:59.283Z,5.6996,112.6637,232.7339,0.4838,0.0497,4.5562,99.927,233.3326,0.4283,0.0461,2.7161,100.6237,234.1398,0.4296,0.0257
2015-11-25T00:52:59.533Z,4.7997,112.7803,232.7945,0.4843,0.0435,3.5788,99.6288,232.7397,0.4284,0.0337,3.0032,99.8686,234.0321,0.4265,0.0296
2015-11-25T00:53:59.870Z,3.5295,110.1838,232.4693,0.4735,0.0322,4.0969,98.8738,231.5985,0.4269,0.0416,2.9036,98.7747,234.1224,0.4216,0.0289
2015-11-25T00:54:59.086Z,4.8136,112.5931,232.388,0.4839,0.0436,3.8978,98.5021,231.8132,0.4246,0.0392,3.3748,100.3919,234.14,0.4291,0.033
2015-11-25T00:55:59.375Z,4.1272,113.0115,231.5213,0.4882,0.0379,3.9427,100.92,232.1493,0.4345,0.0383,2.6384,99.5747,233.3851,0.4266,0.0254
2015-11-25T00:56:59.535Z,3.6278,112.1465,232.7563,0.4814,0.0322,3.8344,99.5197,231.5319,0.4293,0.0392,2.6123,99.4846,232.8792,0.427,0.0241
2015-11-25T00:57:59.059Z,3.8889,110.4504,232.8887,0.4738,0.0374,3.8841,99.3978,232.1496,0.4279,0.04,65.3091,138.3679,233.8827,0.5916,0.3787
2015-11-25T00:58:59.285Z,3.5171,114.3387,232.649,0.4916,0.0295,3.8171,102.1684,232.8068,0.4387,0.0382,3.1547,99.8603,234.0721,0.4259,0.0309
2015-11-25T00:59:59.600Z,2.8884,113.0593,232.7534,0.4852,0.0248,4.8163,101.3033,232.277,0.436,0.0478,2.7754,99.9801,234.4377,0.4265,0.0275
