2015-12-21T00:00:59.957Z,3.2111,113.157,231.4507,0.4888,0.0291,4.4592,99.4403,230.9479,0.4305,0.0477,81.5693,126.5358,231.7725,0.5457,0.6476
2015-12-21T00:01:59.313Z,3.6359,115.3219,230.9227,0.4987,0.031,3.7002,99.3036,230.8594,0.4303,0.0371,82.8499,129.1283,232.0987,0.5564,0.6449
2015-12-21T00:02:59.565Z,4.5922,115.7552,231.0712,0.5007,0.0402,3.9059,99.6227,230.7991,0.4318,0.0398,82.3284,129.8174,232.2029,0.5589,0.6374
2015-12-21T00:03:59.778Z,5.2896,117.0303,230.3335,0.5079,0.0461,3.2012,97.5249,230.1309,0.4235,0.0332,83.1486,129.6437,232.8982,0.5565,0.6451
2015-12-21T00:04:59.082Z,5.4328,116.9478,230.1669,0.5078,0.0457,3.8304,96.13,229.8171,0.4187,0.0401,82.0162,129.1784,232.3692,0.5563,0.638
2015-12-21T00:05:59.377Z,4.3587,113.657,229.7099,0.4945,0.0374,4.3823,96.5157,230.1785,0.419,0.0439,82.9743,127.4848,232.3007,0.5489,0.6558
2015-12-21T00:06:59.698Z,4.7168,115.7121,230.5852,0.5014,0.0411,3.3857,99.0332,229.5236,0.4311,0.0354,83.0971,130.8202,232.6734,0.5621,0.6386
2015-12-21T00:07:59.917Z,3.3532,116.3137,230.6191,0.5043,0.03,4.086,100.1382,229.383,0.4362,0.0393,83.9158,129.4577,233.127,0.5549,0.6507
2015-12-21T00:08:59.130Z,3.3578,116.1531,231.0112,0.5028,0.0288,4.0318,101.0359,230.0164,0.4393,0.0421,83.3962,131.2779,233.7798,0.5612,0.6371
2015-12-21T00:09:59.411Z,5.3942,116.6098,231.3801,0.504,0.0459,4.1137,100.542,230.0343,0.4369,0.0403,83.1767,129.3433,233.8511,0.553,0.6465
2015-12-21T00:10:59.651Z,3.8775,115.787,231.5283,0.5,0.0343,3.9026,98.1225,229.7949,0.4268,0.0415,84.8313,130.8746,234.3743,0.5584,0.6511
2015-12-21T00:11:59.933Z,3.8776,116.9951,231.7295,0.5048,0.0327,3.8393,100.4707,230.35,0.4363,0.0377,84.2391,130.1866,234.4929,0.5548,0.6491
2015-12-21T00:12:59.175Z,4.4991,114.2084,231.3631,0.4931,0.0388,3.4862,99.6106,229.9973,0.433,0.0364,84.3353,131.2209,234.4702,0.5594,0.6457
2015-12-21T00:13:59.597Z,4.4915,118.8623,231.9366,0.512,0.0373,3.0326,98.521,226.9743,0.434,0.0322,84.6897,131.994,235.5266,0.5602,0.6427
2015-12-21T00:14:59.155Z,5.2897,114.5431,231.5176,0.4948,0.0469,3.612,98.3459,228.6193,0.4306,0.0377,84.8379,132.1971,235.1694,0.5617,0.6456
2015-12-21T00:15:59.420Z,3.9128,114.9549,231.0207,0.4974,0.0348,3.0908,98.2503,231.0362,0.4252,0.0328,85.1435,130.0142,234.3358,0.5548,0.6585
2015-12-21T00:16:59.820Z,3.7467,117.0905,231.2245,0.5064,0.0322,4.1684,103.121,231.3832,0.4458,0.0414,84.5202,129.6376,234.6676,0.5521,0.6544
2015-12-21T00:17:59.990Z,3.0456,117.0403,230.9456,0.5066,0.0247,4.3645,99.5697,230.866,0.4308,0.0454,83.6452,130.106,233.8601,0.5565,0.6453
2015-12-21T00:18:59.256Z,3.0681,114.7657,230.8342,0.4971,0.0258,3.9457,98.7492,230.389,0.4282,0.0398,84.4722,130.7148,234.0779,0.5579,0.6492
2015-12-21T00:19:59.610Z,5.03,115.9981,231.1384,0.5016,0.044,3.7631,98.5087,230.3318,0.4277,0.0378,84.2341,131.1455,234.4531,0.5593,0.6453
2015-12-21T00:20:59.817Z,4.1364,117.0705,231.1879,0.5058,0.0355,3.2921,97.5572,229.2866,0.4253,0.0333,84.1582,132.506,234.686,0.565,0.638
2015-12-21T00:21:59.153Z,3.9971,114.9193,231.1153,0.4973,0.0349,3.7481,98.6583,229.4979,0.4298,0.0385,84.8469,131.9961,234.7913,0.5626,0.6452
2015-12-21T00:22:59.363Z,4.4941,117.1898,231.9947,0.5045,0.0384,3.8691,99.9004,228.8116,0.436,0.0372,84.6279,129.726,234.5101,0.5527,0.6549
2015-12-21T00:23:59.582Z,4.1442,116.7848,231.9608,0.5029,0.0354,3.4973,99.2025,229.1798,0.4326,0.0346,84.0876,130.6681,233.8846,0.5588,0.6455
2015-12-21T00:24:59.870Z,4.542,115.7997,232.4322,0.4975,0.0384,3.4984,100.1637,226.5053,0.4425,0.0341,83.5791,128.1916,233.7898,0.5486,0.6548
2015-12-21T00:25:59.186Z,5.1418,118.7341,231.9514,0.5117,0.044,4.503,96.7681,226.5783,0.4274,0.0462,83.012,130.1307,233.2928,0.5578,0.6401
2015-12-21T00:26:59.499Z,4.997,115.7107,231.1574,0.5002,0.0431,3.0733,99.9842,229.5562,0.4356,0.0297,82.7101,129.7497,232.2942,0.5584,0.6396
2015-12-21T00:27:59.764Z,4.7387,117.5973,231.5196,0.5078,0.0412,3.1662,98.3928,229.4699,0.4291,0.0317,82.745,131.2674,232.4003,0.565,0.6327
2015-12-21T00:28:59.032Z,3.5135,118.3807,231.057,0.5121,0.0296,3.9863,100.8783,229.5338,0.4393,0.0415,83.1624,129.2582,232.2747,0.5561,0.646
2015-12-21T00:29:59.321Z,4.3977,116.8904,232.2421,0.5032,0.038,4.0221,96.8275,229.6984,0.4215,0.0437,82.9335,130.2503,232.7772,0.5598,0.6413
2015-12-21T00:30:59.621Z,3.4102,117.9859,232.0666,0.5081,0.028,3.8627,102.5533,229.5238,0.4466,0.0384,83.5663,131.7907,232.5553,0.5666,0.637
2015-12-21T00:31:59.915Z,5.8151,118.0329,232.1769,0.5076,0.0508,4.0773,101.0085,229.6995,0.4398,0.042,82.6404,130.5762,232.4956,0.5614,0.6363
2015-12-21T00:32:59.103Z,3.9244,117.9793,231.946,0.5087,0.0333,4.5057,100.9282,229.8077,0.4387,0.0439,82.3076,127.014,232.6976,0.5456,0.6492
2015-12-21T00:33:59.408Z,4.6755,118.7305,231.8936,0.5118,0.0398,4.6295,100.0085,229.5641,0.4357,0.0446,83.067,130.013,232.9186,0.5577,0.6419
2015-12-21T00:34:59.582Z,5.3734,115.5496,231.6882,0.4987,0.0473,3.4431,97.9856,230.9133,0.4248,0.0357,83.0801,129.7884,232.5579,0.5582,0.6459
2015-12-21T00:35:59.884Z,3.5365,116.2566,232.3142,0.5,0.0312,4.2439,101.6063,230.9926,0.4397,0.0423,83.3879,127.9336,232.6959,0.5498,0.6541
2015-12-21T00:36:59.283Z,4.5024,119.7578,232.181,0.5158,0.0376,3.2186,104.7439,230.978,0.4538,0.0329,82.9464,130.4819,232.7501,0.5604,0.6373
2015-12-21T00:37:59.587Z,4.0859,122.7364,232.2082,0.5284,0.0342,3.6359,107.5085,231.137,0.4651,0.0331,83.4793,134.269,232.8998,0.5759,0.6247
2015-12-21T00:38:59.858Z,3.6301,121.9363,232.0234,0.5249,0.0296,3.9766,105.101,231.0046,0.4553,0.0396,83.9296,133.2126,232.6641,0.5719,0.6331
2015-12-21T00:39:59.211Z,3.5327,119.5009,231.8998,0.5144,0.0278,3.9411,102.5287,229.9183,0.4458,0.0406,83.75,134.5089,233.1606,0.577,0.628
2015-12-21T00:40:59.590Z,4.5992,122.9154,232.1279,0.529,0.0377,4.5444,105.4234,230.1016,0.4578,0.0432,83.5164,133.1931,233.4027,0.5703,0.6287
2015-12-21T00:41:59.887Z,4.1196,123.6955,232.0924,0.5324,0.0336,3.1768,106.5873,230.5143,0.4621,0.0314,83.7598,134.8557,233.8293,0.5766,0.6226
2015-12-21T00:42:59.134Z,4.3704,121.4255,231.9212,0.5228,0.0355,4.2501,105.5548,230.6215,0.4579,0.0385,84.3822,134.5026,234.4047,0.5744,0.6297
2015-12-21T00:43:59.511Z,4.5962,121.6175,232.3214,0.523,0.0386,3.1257,104.8459,227.8387,0.46,0.0328,83.8321,133.3297,234.6857,0.5676,0.6328
2015-12-21T00:44:59.685Z,3.8811,122.1614,232.4647,0.5254,0.0318,3.3219,107.0393,229.4245,0.4667,0.0308,84.9269,134.8967,234.8424,0.5744,0.6316
2015-12-21T00:45:59.901Z,4.4145,121.8546,232.3134,0.5246,0.0355,4.3627,107.0918,231.3338,0.4635,0.0402,84.1405,135.2463,234.3787,0.5768,0.6249
2015-12-21T00:46:59.134Z,4.3064,123.4599,232.5846,0.5311,0.0347,4.7252,105.5803,231.3808,0.4562,0.0453,84.2728,136.0714,234.5981,0.58,0.6229
2015-12-21T00:47:59.361Z,5.0316,120.6099,232.5066,0.5185,0.0423,4.4381,103.3934,231.7403,0.446,0.0438,83.7704,134.5413,234.8547,0.5729,0.6254
2015-12-21T00:48:59.655Z,4.4822,123.4196,232.7723,0.53,0.0368,3.9545,107.9427,231.0377,0.4674,0.0355,84.5902,133.8205,233.8713,0.5718,0.6338
2015-12-21T00:49:59.867Z,5.0831,120.9174,232.2827,0.5201,0.0424,4.5486,101.3477,230.4662,0.44,0.0464,83.2568,135.5909,233.4414,0.5808,0.6202
2015-12-21T00:50:59.178Z,4.1219,123.5251,232.4194,0.5312,0.034,3.8319,107.7004,230.5922,0.4669,0.0349,83.043,135.9223,233.2382,0.5828,0.6134
2015-12-21T00:51:59.494Z,4.4137,123.019,232.3077,0.529,0.0355,3.7604,103.0267,230.1467,0.4467,0.0377,83.1282,132.7775,232.9281,0.57,0.6278
2015-12-21T00:52:59.771Z,5.1854,121.6095,231.0302,0.5265,0.0416,4.4773,105.1724,230.5717,0.4562,0.0405,82.2639,133.2096,231.5439,0.5749,0.6195
2015-12-21T00:53:59.133Z,4.2939,121.9663,230.3703,0.5292,0.0342,3.2633,105.3048,230.452,0.4563,0.0312,83.0409,132.1604,231.9374,0.5694,0.633
2015-12-21T00:54:59.399Z,3.8899,119.5843,230.4198,0.5191,0.0318,3.8943,104.0623,230.3539,0.4512,0.0362,82.6055,133.008,232.7464,0.5717,0.623
2015-12-21T00:55:59.792Z,3.3624,121.1496,230.201,0.5262,0.0263,4.4599,105.6614,230.4276,0.4587,0.0427,83.4229,134.2319,232.4386,0.5773,0.6245
2015-12-21T00:56:59.014Z,4.5224,120.163,230.549,0.5206,0.0383,4.4756,104.9663,229.9549,0.456,0.0426,82.9553,131.9648,232.2194,0.5684,0.6311
2015-12-21T00:57:59.253Z,5.318,121.5702,230.4549,0.527,0.0429,3.1111,104.4075,228.5944,0.457,0.0285,83.4667,136.1327,232.8441,0.584,0.6155
2015-12-21T00:58:59.570Z,4.8356,120.8181,230.4264,0.5236,0.0404,4.2976,102.0195,228.0152,0.4477,0.0419,82.6107,135.2122,232.5354,0.5812,0.6126
2015-12-21T00:59:59.763Z,4.7499,121.3588,231.2359,0.5241,0.0407,3.7795,100.585,229.1514,0.439,0.0372,83.4109,131.822,232.6257,0.5664,0.6378
2015-12-21T01:00:59.138Z,5.9036,117.4724,231.2967,0.508,0.0508,3.8208,103.5306,230.0344,0.4499,0.0378,83.7811,135.4349,233.2343,0.5804,0.6217
2015-12-21T01:01:59.562Z,4.3288,122.8714,231.4029,0.5305,0.0352,3.4507,104.2954,230.1887,0.453,0.0333,83.457,135.8747,233.1387,0.5825,0.6174
2015-12-21T01:02:59.853Z,4.957,121.5224,231.2313,0.5253,0.0429,3.7356,104.7138,229.4707,0.456,0.0373,82.6131,132.3998,233.1315,0.568,0.6259
2015-12-21T01:03:59.057Z,4.7828,122.6134,231.1278,0.5303,0.0397,3.6104,103.5745,229.2254,0.4511,0.036,83.3487,132.1843,232.9937,0.5673,0.6311
2015-12-21T01:04:59.479Z,4.5501,122.9866,231.5688,0.5308,0.0371,3.9227,105.1353,228.3403,0.46,0.0364,83.7936,133.6433,233.7754,0.5717,0.6295
2015-12-21T01:05:59.720Z,3.921,122.4605,231.1724,0.5297,0.0319,3.8475,103.9416,225.9122,0.4604,0.0368,84.8934,134.9587,234.0904,0.5762,0.63
2015-12-21T01:06:59.958Z,5.5176,122.4571,231.3479,0.5285,0.0448,3.7407,102.8421,227.2018,0.4524,0.0356,83.4697,134.3733,233.2999,0.5765,0.624
2015-12-21T01:07:59.130Z,4.7488,121.3893,230.8494,0.5257,0.04,3.2134,103.1824,228.3096,0.4518,0.031,83.1024,135.1864,233.0568,0.5803,0.6173
2015-12-21T01:08:59.434Z,5.282,121.0337,231.2447,0.5236,0.0442,3.8604,103.6401,228.313,0.4533,0.0366,83.7852,133.7434,233.1047,0.574,0.6289
2015-12-21T01:09:59.811Z,4.6292,122.4853,231.4263,0.5295,0.0388,3.4151,100.9773,228.8715,0.4407,0.0324,82.9526,132.5187,232.9954,0.5689,0.6305
2015-12-21T01:10:59.143Z,4.3806,121.4891,231.2466,0.5248,0.0364,4.1888,105.2036,229.9549,0.4578,0.0397,83.438,134.6713,232.7312,0.5783,0.6222
2015-12-21T01:11:59.418Z,4.2549,120.7302,231.6088,0.521,0.0358,4.464,106.0572,229.9846,0.4608,0.043,83.5107,133.7637,232.6811,0.5748,0.626
2015-12-21T01:12:59.603Z,4.4708,122.3469,231.7999,0.5276,0.0378,3.5633,103.0627,230.0936,0.4482,0.0345,83.5322,135.6134,233.0088,0.5821,0.6185
2015-12-21T01:13:59.825Z,3.9316,118.8379,231.1186,0.5136,0.0322,4.0026,102.0467,229.8679,0.4435,0.0397,82.7905,135.0286,232.3984,0.5808,0.6167
2015-12-21T01:14:59.098Z,4.2423,121.5037,231.7316,0.524,0.036,4.1199,104.6193,229.3396,0.4557,0.0393,83.0132,132.6918,232.7539,0.5704,0.6273
2015-12-21T01:15:59.360Z,4.4668,120.2732,231.6364,0.519,0.0373,3.2553,103.6716,228.8482,0.4533,0.032,83.042,134.5689,232.7465,0.5775,0.6198
2015-12-21T01:16:59.650Z,4.1898,121.062,231.5987,0.5221,0.0345,3.7342,102.8588,228.7486,0.45,0.0364,83.0578,133.9137,232.7857,0.5755,0.6216
2015-12-21T01:17:59.929Z,3.9549,121.6702,231.4711,0.5246,0.0324,4.0142,101.1085,228.3878,0.4426,0.0378,83.3218,136.203,233.0673,0.5847,0.6135
2015-12-21T01:18:59.198Z,4.2041,120.2087,230.9288,0.5202,0.0351,4.2524,103.0167,228.6132,0.4503,0.0464,82.5578,131.2197,232.8131,0.5638,0.6324
2015-12-21T01:19:59.445Z,4.5627,119.5115,231.2323,0.5169,0.0377,3.8184,103.5113,228.7492,0.4522,0.0379,82.6271,133.3356,232.8745,0.5727,0.6249
2015-12-21T01:20:59.664Z,3.8112,120.563,230.86,0.5222,0.032,4.1058,105.4029,228.5478,0.4611,0.0401,83.2524,134.6086,232.9441,0.5774,0.621
2015-12-21T01:21:59.893Z,4.2136,120.7089,231.0005,0.5222,0.0346,4.1671,102.2359,228.4837,0.4472,0.0399,83.1303,133.4058,233.0632,0.5725,0.6252
2015-12-21T01:22:59.146Z,3.4607,122.1894,231.2238,0.5288,0.0281,4.2146,104.0319,228.7594,0.4552,0.0404,83.5511,134.8655,233.0945,0.578,0.6224
2015-12-21T01:23:59.318Z,3.7077,120.2445,231.0551,0.5198,0.0287,3.7897,101.9645,229.1716,0.4451,0.0402,83.7036,133.946,233.5435,0.5735,0.6325
2015-12-21T01:24:59.657Z,4.3238,120.2328,231.7665,0.5188,0.0358,3.8934,104.4603,229.4321,0.4552,0.0383,82.3612,133.9447,232.1712,0.5772,0.6187
2015-12-21T01:25:59.971Z,4.8319,121.8185,230.9391,0.5269,0.0401,3.9618,104.6167,230.2831,0.4543,0.0382,82.2854,133.7041,231.5076,0.5771,0.6192
2015-12-21T01:26:59.190Z,3.8783,121.8654,230.4062,0.5281,0.0304,4.4988,105.253,230.1554,0.4569,0.0404,83.6699,135.6843,233.575,0.581,0.6204
2015-12-21T01:27:59.459Z,4.1465,120.2771,230.5263,0.5214,0.034,3.7678,106.0278,229.8962,0.4609,0.0375,83.2963,133.3893,233.5555,0.5711,0.6271
2015-12-21T01:28:59.769Z,4.5044,120.3812,230.0402,0.5227,0.0369,4.0876,105.9511,230.6743,0.4592,0.0402,83.3982,132.6324,232.9829,0.5692,0.6346
2015-12-21T01:29:59.951Z,3.8565,120.4108,230.2932,0.5227,0.0325,4.5093,103.2082,231.1921,0.446,0.0455,82.771,131.9929,232.3279,0.5679,0.6307
2015-12-21T01:30:59.218Z,4.3221,118.042,230.2001,0.5129,0.0363,4.3292,102.5623,231.5736,0.4429,0.0428,82.4001,134.0214,232.9013,0.5756,0.6194
2015-12-21T01:31:59.461Z,5.6805,119.7422,230.3507,0.5195,0.0474,2.952,106.5267,231.8045,0.4591,0.0273,84.057,132.6468,233.1838,0.5686,0.6349
2015-12-21T01:32:59.754Z,5.0542,120.2512,230.816,0.5205,0.0427,3.3695,105.3177,230.8785,0.4563,0.0346,83.6996,133.2484,233.4491,0.5708,0.6311
2015-12-21T01:33:59.030Z,4.5385,121.1611,231.2209,0.524,0.0372,4.0835,103.1596,230.1612,0.448,0.04,83.6176,132.5216,233.6433,0.5666,0.634
2015-12-21T01:34:59.312Z,4.6966,121.5526,231.065,0.5262,0.0385,4.2401,104.2807,229.6804,0.4541,0.0398,83.4464,134.3415,233.4923,0.5753,0.623
2015-12-21T01:35:59.622Z,3.7756,120.0346,230.8166,0.5198,0.032,4.4812,104.3612,230.2649,0.4533,0.0431,83.6362,134.176,233.4411,0.5744,0.6267
2015-12-21T01:36:59.948Z,2.9571,119.0424,230.3508,0.5165,0.0243,4.7165,104.6703,230.5721,0.4537,0.0451,82.5902,132.0831,232.8957,0.567,0.6267
2015-12-21T01:37:59.312Z,3.7134,120.7989,230.5148,0.5237,0.0302,4.241,104.9522,230.6754,0.4549,0.0417,83.3282,135.3948,232.9158,0.5807,0.6174
2015-12-21T01:38:59.573Z,3.773,117.5922,230.1332,0.5109,0.0325,3.354,101.2932,230.0962,0.44,0.0335,82.8537,133.766,232.2685,0.5757,0.6247
2015-12-21T01:39:59.753Z,3.7601,121.1753,229.31,0.5278,0.0311,4.3586,102.5411,229.5088,0.4466,0.0426,83.064,133.7109,231.9881,0.5759,0.6231
2015-12-21T01:40:59.930Z,4.4168,117.9298,228.0582,0.5163,0.0376,3.6074,105.4414,230.0602,0.4585,0.035,82.3517,131.0295,231.6673,0.5652,0.6308
2015-12-21T01:41:59.409Z,4.6032,117.0447,228.2213,0.513,0.038,3.6526,106.1008,229.6804,0.4622,0.0377,82.7663,132.5552,231.7897,0.5714,0.6259
2015-12-21T01:42:59.748Z,4.5367,119.5512,228.5505,0.5232,0.0367,4.3936,103.5757,229.68,0.4508,0.0423,82.0095,131.4391,231.8171,0.5673,0.6303
2015-12-21T01:43:59.005Z,3.8091,119.0582,228.4837,0.5206,0.0312,4.944,105.1071,230.2707,0.4567,0.047,81.6179,128.7074,231.7059,0.5561,0.6364
2015-12-21T01:44:59.299Z,4.3998,117.6943,228.1822,0.5155,0.0386,3.8652,105.4226,230.4605,0.4575,0.0377,81.9175,130.8602,231.7447,0.5644,0.6286
2015-12-21T01:45:59.475Z,4.3513,118.0881,228.5897,0.5165,0.0377,3.649,104.7113,230.494,0.454,0.0371,82.4866,134.9968,232.0511,0.5811,0.6138
2015-12-21T01:46:59.810Z,5.6078,118.7268,228.8082,0.5189,0.0475,4.6264,106.2178,230.2184,0.4612,0.0437,82.0009,132.5907,231.9338,0.5723,0.6204
2015-12-21T01:47:59.151Z,4.3163,118.9966,228.9503,0.5191,0.0373,3.7675,105.0965,230.5937,0.4555,0.0371,83.2615,133.2738,232.183,0.5742,0.6264
2015-12-21T01:48:59.355Z,3.2508,119.0352,228.6954,0.52,0.028,4.3669,106.0102,230.6705,0.4592,0.0424,83.2459,133.8037,231.8947,0.5774,0.6235
2015-12-21T01:49:59.565Z,5.5809,119.8587,228.6087,0.5242,0.0452,4.5675,102.3217,231.0172,0.4428,0.0441,82.5184,132.0017,232.3955,0.5683,0.6263
2015-12-21T01:50:59.805Z,3.8582,119.3744,229.1675,0.5208,0.0325,4.0274,104.669,230.8668,0.4532,0.0376,83.2669,133.0874,233.1378,0.5714,0.6289
2015-12-21T01:51:59.207Z,4.3842,119.5216,229.1072,0.5214,0.037,3.7589,106.5911,229.9146,0.4637,0.0351,83.2744,133.9476,233.2941,0.5738,0.6232
2015-12-21T01:52:59.438Z,4.7026,117.0252,229.1885,0.5103,0.0398,4.1552,99.8475,230.7266,0.4329,0.0415,83.3862,131.69,232.8488,0.5653,0.6388
2015-12-21T01:53:59.749Z,3.9775,118.0738,229.1023,0.5146,0.0353,4.1603,104.0074,230.5238,0.451,0.0414,82.3635,131.4511,232.6765,0.5649,0.6302
2015-12-21T01:54:59.028Z,4.596,118.7118,230.8388,0.5143,0.0382,4.162,103.6006,229.8556,0.4508,0.0399,82.4642,132.5333,232.9224,0.5694,0.6234
2015-12-21T01:55:59.299Z,4.7216,121.1735,231.3601,0.5241,0.0379,4.3297,103.7346,229.603,0.4515,0.0422,82.967,130.8422,233.0146,0.5618,0.6368
2015-12-21T01:56:59.559Z,5.2702,117.3232,230.8079,0.5083,0.0451,3.476,98.7162,229.5766,0.4302,0.0355,83.6326,134.4105,233.6348,0.5753,0.6248
2015-12-21T01:57:59.818Z,4.6973,117.0638,231.0389,0.5066,0.04,3.2563,102.8688,229.5099,0.448,0.0315,83.4102,132.8588,234.0066,0.5677,0.63
2015-12-21T01:58:59.257Z,4.4764,118.0189,231.0506,0.5106,0.0386,4.0708,102.5263,229.9328,0.4463,0.0394,83.8234,132.4754,233.8161,0.5666,0.6348
2015-12-21T01:59:59.431Z,5.0376,118.6953,230.9514,0.5136,0.0427,3.5793,104.9401,230.0834,0.4559,0.0343,83.8426,133.9625,233.4666,0.5735,0.6285
2015-12-21T02:00:59.782Z,4.6822,114.0397,230.8288,0.494,0.0404,3.2723,105.497,230.2818,0.4582,0.0322,82.5424,133.073,232.7748,0.5721,0.6234
2015-12-21T02:01:59.085Z,5.1076,116.5181,230.8251,0.5047,0.0452,4.1136,103.0086,230.8776,0.4463,0.0396,83.1997,132.8172,232.3756,0.5714,0.6283
2015-12-21T02:02:59.384Z,4.1665,119.6681,230.4903,0.5191,0.0338,3.9962,105.6354,230.8769,0.4576,0.0396,82.8462,131.4422,232.5197,0.5653,0.6321
2015-12-21T02:03:59.692Z,4.631,118.8875,230.6923,0.5153,0.0388,4.4302,104.9475,230.9845,0.4545,0.0443,82.0897,130.3864,232.6258,0.5603,0.6305
2015-12-21T02:04:59.961Z,4.4709,117.4247,230.4426,0.5097,0.037,3.5336,104.5889,230.89,0.4527,0.0358,83.3677,130.4698,232.5162,0.5619,0.6401
2015-12-21T02:05:59.353Z,3.4779,118.4718,230.7881,0.5129,0.0291,3.6807,105.1898,230.214,0.4569,0.0369,82.8932,130.2658,232.84,0.5594,0.6373
2015-12-21T02:06:59.706Z,4.409,118.8225,231.0098,0.514,0.0384,3.9495,101.471,229.2901,0.4426,0.0401,83.4298,134.0684,233.1685,0.5752,0.6253
2015-12-21T02:07:59.968Z,4.9967,119.142,230.52,0.5165,0.042,3.5032,102.3575,229.2844,0.4465,0.0335,82.7873,133.1777,233.0581,0.5714,0.6232
2015-12-21T02:08:59.231Z,5.2192,119.1848,230.8811,0.5162,0.043,3.9132,101.7126,229.347,0.4432,0.0373,83.3519,133.6794,233.1821,0.5734,0.6249
2015-12-21T02:09:59.527Z,4.7635,117.8507,230.5838,0.5109,0.0382,4.3276,102.6474,229.5316,0.447,0.0412,82.5738,132.1709,232.9838,0.567,0.6262
2015-12-21T02:10:59.819Z,3.5818,118.4759,230.9935,0.513,0.0318,4.064,102.5893,229.7318,0.4471,0.039,83.4873,133.4677,233.0637,0.5724,0.6267
2015-12-21T02:11:59.074Z,3.8357,118.117,231.1924,0.5109,0.0326,4.7998,102.3985,229.5985,0.446,0.05,81.8494,130.349,233.0246,0.5593,0.6324
2015-12-21T02:12:59.440Z,4.9382,117.2125,231.0588,0.507,0.0435,3.6515,104.9542,229.3424,0.4574,0.0366,83.6691,129.9213,232.8727,0.5572,0.6459
2015-12-21T02:13:59.697Z,4.5886,118.8903,231.2964,0.5138,0.0387,3.3125,104.1312,229.1536,0.4541,0.0313,83.2401,130.9251,232.9966,0.5621,0.6374
2015-12-21T02:14:59.943Z,4.4546,118.2644,231.1088,0.511,0.0364,3.7436,102.5054,229.0188,0.448,0.0373,82.4252,132.2957,232.4833,0.5695,0.6248
2015-12-21T02:15:59.117Z,4.669,120.8493,231.6368,0.5214,0.04,3.9844,101.7743,229.3153,0.4437,0.0392,83.5538,134.9152,232.9531,0.579,0.6208
2015-12-21T02:16:59.352Z,5.0905,117.9868,231.6187,0.5092,0.0434,2.9764,101.9512,228.2812,0.4467,0.0307,84.1444,134.5521,233.9777,0.5752,0.6279
2015-12-21T02:17:59.673Z,5.1178,118.1557,231.664,0.5097,0.0425,3.4631,101.041,226.9263,0.4449,0.0334,83.4397,129.7979,234.0035,0.5546,0.6463
2015-12-21T02:18:59.950Z,3.7603,120.9403,231.8821,0.5214,0.0308,4.3997,104.3853,229.9349,0.4545,0.0443,83.1118,132.7167,232.3798,0.5708,0.6282
2015-12-21T02:19:59.391Z,5.1624,119.6656,232.0166,0.5158,0.0439,4.0377,102.5243,231.4542,0.4423,0.0404,82.7794,132.7503,231.5963,0.573,0.6261
2015-12-21T02:20:59.606Z,4.7907,119.0142,231.6107,0.5137,0.0408,3.9921,101.1729,231.2921,0.4373,0.0404,83.6112,133.4445,233.0595,0.5725,0.6295
2015-12-21T02:21:59.915Z,5.7743,118.2824,231.9929,0.5105,0.0502,3.9657,100.9773,230.6931,0.4379,0.038,83.5508,130.0145,233.6145,0.5569,0.6466
2015-12-21T02:22:59.335Z,3.453,117.4264,231.4553,0.5072,0.03,4.7628,100.8841,230.5587,0.4372,0.0471,83.0263,130.9543,233.6336,0.5602,0.6369
2015-12-21T02:23:59.620Z,4.6754,119.0752,231.5116,0.5144,0.0393,4.4785,102.9071,230.1526,0.447,0.0433,83.6576,134.9148,233.6824,0.5779,0.6236
2015-12-21T02:24:59.823Z,4.6526,120.4363,231.6507,0.5199,0.0384,4.393,103.01,229.5717,0.4486,0.0426,84.5965,133.4027,234.3102,0.5691,0.6357
2015-12-21T02:25:59.065Z,3.8456,119.159,231.501,0.5144,0.0338,3.5648,104.3061,229.5379,0.4544,0.036,83.619,132.2501,233.9624,0.5649,0.6333
2015-12-21T02:26:59.295Z,3.883,118.2244,231.1223,0.5112,0.0325,3.826,102.1293,229.884,0.4442,0.0377,83.959,132.4237,233.9388,0.566,0.6387
2015-12-21T02:27:59.492Z,4.2303,115.9877,230.7905,0.5022,0.0366,3.6477,101.5722,229.5487,0.4423,0.0361,84.1685,133.1468,233.9487,0.5687,0.6368
2015-12-21T02:28:59.684Z,3.6535,119.3952,230.8573,0.5171,0.0297,4.5063,101.5613,229.3141,0.4431,0.0444,84.1182,133.3543,234.02,0.5697,0.6338
2015-12-21T02:29:59.930Z,3.9716,117.8556,230.7487,0.5101,0.0334,3.2643,102.2423,229.3877,0.4456,0.0315,83.7742,135.0301,233.6363,0.578,0.6227
2015-12-21T02:30:59.184Z,3.3274,117.859,230.3673,0.5114,0.0273,3.7539,101.3276,229.334,0.442,0.0374,83.4636,131.2707,233.1217,0.5629,0.6367
2015-12-21T02:31:59.534Z,3.8963,118.142,230.2734,0.5129,0.0334,4.0602,103.4137,229.0995,0.4515,0.0389,83.7881,133.0051,232.9523,0.571,0.6333
2015-12-21T02:32:59.820Z,3.9691,118.98,230.29,0.5165,0.0334,4.2568,100.7051,228.9542,0.4405,0.0431,82.7129,131.5332,233.2738,0.5637,0.631
2015-12-21T02:33:59.341Z,4.2912,117.0331,230.341,0.5078,0.0368,4.2281,101.7631,229.1644,0.4444,0.0411,82.8416,132.203,233.1863,0.5672,0.6304
2015-12-21T02:34:59.613Z,3.2305,120.6078,231.4874,0.5205,0.0273,4.5418,105.2937,229.4501,0.4588,0.0428,82.1908,129.8678,232.3739,0.5588,0.6342
2015-12-21T02:35:59.922Z,5.0224,119.5488,230.8415,0.5177,0.0435,3.3653,102.8478,229.7971,0.447,0.0331,83.1447,133.6992,232.5284,0.5745,0.6251
2015-12-21T02:36:59.140Z,3.2013,117.208,230.9309,0.5067,0.0262,4.5317,102.9629,230.7147,0.4464,0.0442,81.8888,132.1708,232.0014,0.5693,0.6236
2015-12-21T02:37:59.458Z,4.4005,118.951,231.062,0.5143,0.0369,3.7026,102.3144,230.0364,0.4448,0.0381,81.7432,130.2951,231.9005,0.5615,0.6321
2015-12-21T02:38:59.741Z,4.361,119.8296,230.5046,0.5197,0.0369,3.9036,102.1484,229.8907,0.4441,0.0375,82.1165,132.6327,232.0265,0.5713,0.6227
2015-12-21T02:39:59.071Z,5.0739,118.5451,230.5649,0.5139,0.0437,4.0946,102.9844,229.9083,0.4486,0.0387,82.6024,131.0434,231.9381,0.5649,0.6321
2015-12-21T02:40:59.332Z,3.2777,119.8074,230.6157,0.5187,0.029,4.609,99.8016,229.905,0.4346,0.0453,81.9628,133.547,231.9083,0.5754,0.6162
2015-12-21T02:41:59.587Z,5.8004,119.0035,230.8965,0.5152,0.0487,3.5776,102.6255,230.5446,0.4448,0.0331,82.7953,130.9921,232.1325,0.5647,0.6348
2015-12-21T02:42:59.029Z,5.1354,118.4213,230.8428,0.5126,0.0434,3.3242,102.7756,230.7391,0.4453,0.0333,81.7179,131.37,232.0206,0.5662,0.6259
2015-12-21T02:43:59.311Z,4.7655,120.0088,231.0723,0.5188,0.0399,3.8203,104.8929,230.8755,0.4543,0.0356,82.0088,133.6466,231.7749,0.5766,0.6162
2015-12-21T02:44:59.653Z,4.4193,119.3655,231.8687,0.5148,0.0383,4.0297,102.7645,231.1543,0.4445,0.0382,82.3635,130.8176,232.2839,0.5628,0.6315
2015-12-21T02:45:59.010Z,3.0597,118.4333,231.2309,0.5117,0.0272,4.2281,105.9528,231.3429,0.458,0.0412,82.7722,132.3891,231.6669,0.5711,0.6273
2015-12-21T02:46:59.227Z,3.6697,116.6396,231.2638,0.5042,0.0309,3.2177,103.4496,231.5183,0.4466,0.0332,82.1478,130.9273,231.8898,0.5641,0.6307
2015-12-21T02:47:59.605Z,4.8649,118.829,231.418,0.5135,0.0404,3.7485,101.5537,231.3045,0.439,0.0365,83.3167,132.0357,232.5076,0.568,0.6335
2015-12-21T02:48:59.896Z,3.8573,119.0679,231.1246,0.5147,0.0319,3.8709,101.4712,231.2841,0.4387,0.0378,82.969,130.6322,232.4041,0.5618,0.6377
2015-12-21T02:49:59.187Z,4.5373,118.4117,231.5,0.5107,0.0382,3.9308,102.6999,231.6646,0.4429,0.0386,82.8586,133.0779,232.05,0.5739,0.6243
2015-12-21T02:50:59.451Z,3.4784,119.7382,231.4988,0.5169,0.0281,4.301,103.8654,231.3222,0.4489,0.042,82.4942,130.09,232.0602,0.5604,0.637
2015-12-21T02:51:59.666Z,4.6372,117.9109,230.8353,0.5105,0.0395,3.9427,102.124,231.6134,0.4403,0.0411,81.6413,129.1622,231.8928,0.5565,0.6378
2015-12-21T02:53:59.246Z,3.9239,119.1751,231.199,0.5149,0.0321,3.7193,103.3952,231.2399,0.447,0.035,82.9042,132.2152,232.2293,0.5692,0.6293
2015-12-21T02:54:59.573Z,3.2342,117.1274,231.5382,0.5055,0.0274,4.9007,104.9114,230.2199,0.4564,0.0464,82.5629,130.7818,232.6038,0.5625,0.6335
2015-12-21T02:55:59.027Z,5.5343,117.862,232.0101,0.5077,0.0469,3.5749,100.3893,227.9,0.4406,0.0349,84.4769,131.5246,233.2766,0.5642,0.645
2015-12-21T02:56:59.346Z,4.2576,118.3198,231.0929,0.5115,0.0352,3.1197,102.4782,230.0765,0.4452,0.0338,82.4738,129.5876,232.1379,0.5579,0.6396
2015-12-21T02:57:59.583Z,249.9655,489.3411,230.6298,2.131,0.2044,242.193,452.9071,229.6705,1.9776,0.201,549.2245,749.6031,231.6356,3.2513,0.7501
2015-12-21T02:58:59.791Z,927.5834,1382.3106,229.341,6.0272,0.6709,942.522,1420.4576,228.7444,6.2093,0.6639,1460.6732,2032.9274,229.7842,8.8464,0.719
2015-12-21T02:59:59.218Z,944.071,1397.8711,229.1661,6.0996,0.6751,958.58,1427.6263,228.386,6.2502,0.6712,1485.3384,2047.2283,229.6129,8.9154,0.7254
2015-12-21T03:00:59.791Z,1026.1144,1457.3819,229.4102,6.3524,0.7044,1048.6278,1504.955,228.2361,6.593,0.6972,1550.5464,2099.0691,229.0957,9.162,0.7391
2015-12-21T03:01:59.006Z,1002.6345,1439.4675,229.0908,6.2828,0.6964,1045.6172,1498.3116,228.5388,6.5553,0.6976,1544.9328,2100.6251,229.2153,9.1643,0.7357
2015-12-21T03:02:59.423Z,1009.2037,1451.6183,229.5057,6.3249,0.6954,1041.8877,1498.0779,228.4372,6.5579,0.6957,1547.2922,2099.7328,229.2489,9.1584,0.7376
2015-12-21T03:03:59.648Z,1019.1384,1463.0201,229.8317,6.3658,0.6968,1046.2839,1507.2424,228.6123,6.5928,0.6941,1550.8933,2100.0044,229.3673,9.1553,0.7387
2015-12-21T03:04:59.073Z,1022.1719,1462.6117,229.6145,6.3697,0.6983,1059.308,1514.1517,228.5142,6.6255,0.6999,1561.1919,2110.4191,229.3484,9.2012,0.7397
2015-12-21T03:05:59.309Z,1034.5014,1467.1591,230.1501,6.3747,0.7057,1058.7496,1517.9338,228.143,6.6533,0.6974,1554.1422,2092.9246,228.598,9.1548,0.7424
2015-12-21T03:06:59.618Z,1055.0284,1483.6567,230.4548,6.4372,0.7108,1079.5922,1545.4751,228.5344,6.7619,0.6982,1561.2561,2100.5014,228.7712,9.1811,0.743
2015-12-21T03:07:59.972Z,1030.364,1468.766,230.6873,6.3663,0.7012,1061.2824,1532.1656,228.825,6.6962,0.6918,1544.3349,2095.5961,229.6009,9.1267,0.7374
2015-12-21T03:08:59.195Z,987.1693,1431.5026,230.8022,6.2016,0.6896,1008.0174,1498.2652,229.164,6.5374,0.6727,1481.9573,2038.3975,229.6129,8.877,0.7274
2015-12-21T03:09:59.554Z,990.358,1437.6407,230.6156,6.2338,0.6888,1007.4416,1490.3409,228.8701,6.5114,0.6762,1494.2541,2044.3912,229.6891,8.9002,0.7307
2015-12-21T03:10:59.803Z,986.0279,1426.368,230.5274,6.1867,0.6913,1024.834,1502.4133,229.0922,6.5574,0.6823,1494.6766,2050.5942,229.5132,8.9346,0.7293
2015-12-21T03:11:59.142Z,1002.5042,1442.9782,230.4316,6.2619,0.6951,1037.6714,1511.0706,229.0828,6.5963,0.6868,1516.8335,2068.1731,229.9514,8.9933,0.7328
2015-12-21T03:12:59.447Z,998.246,1438.9777,230.547,6.2407,0.6934,1033.2043,1508.9669,229.1338,6.5844,0.6848,1507.3583,2059.886,229.8863,8.9603,0.7317
2015-12-21T03:13:59.702Z,1007.1896,1449.5084,230.4757,6.2882,0.6948,1034.6683,1504.9136,228.9887,6.5721,0.6872,1522.036,2066.1749,229.7903,8.9909,0.7367
2015-12-21T03:14:59.076Z,1010.9194,1468.5375,230.4183,6.373,0.6888,1030.7701,1476.3146,227.2967,6.4944,0.6987,1562.1803,2088.274,230.1143,9.0746,0.7471
2015-12-21T03:15:59.420Z,1018.0769,1479.5199,230.538,6.4172,0.6883,1022.9846,1460.7294,225.9208,6.4658,0.7002,1578.7287,2088.6036,230.2531,9.071,0.7559
2015-12-21T03:16:59.708Z,1030.8648,1480.9618,230.3316,6.4291,0.6961,1046.1131,1488.7032,226.9153,6.5602,0.7037,1575.9417,2092.0264,229.863,9.1004,0.7532
2015-12-21T03:17:59.014Z,1042.1598,1472.8089,229.8784,6.4064,0.7075,1067.7572,1525.1757,228.6097,6.6713,0.7001,1550.3884,2076.841,229.31,9.0561,0.7461
2015-12-21T03:18:59.453Z,1047.142,1469.693,229.6385,6.3998,0.7123,1096.9734,1547.9743,229.0623,6.7575,0.7087,1564.4293,2101.8608,229.6702,9.151,0.7441
2015-12-21T03:19:59.760Z,1032.3876,1465.4523,229.4603,6.3861,0.7043,1095.5017,1537.4104,229.0559,6.7111,0.7127,1573.4411,2122.4287,230.5379,9.2057,0.7407
2015-12-21T03:20:59.117Z,1052.3802,1472.2874,229.6477,6.4106,0.7148,1127.6527,1576.7243,229.5099,6.8693,0.7151,1575.3772,2131.0255,230.473,9.2456,0.7399
2015-12-21T03:21:59.468Z,1038.7847,1465.9329,230.1472,6.3694,0.7088,1118.2036,1574.7081,229.8798,6.8502,0.7102,1564.6336,2130.4044,231.1516,9.2164,0.7342
2015-12-21T03:22:59.685Z,1042.5291,1463.5262,230.0568,6.3613,0.7123,1112.2854,1568.7481,229.7117,6.8288,0.709,1561.2139,2115.6833,230.1253,9.1929,0.7386
2015-12-21T03:23:59.940Z,1045.2554,1464.4413,230.4931,6.3533,0.7133,1098.5912,1560.0683,229.3561,6.8019,0.7042,1546.9144,2090.874,229.4928,9.11,0.7396
2015-12-21T03:24:59.274Z,1067.5784,1480.1417,230.43,6.423,0.7217,1120.069,1578.2887,229.1745,6.8864,0.7097,1564.3294,2101.9609,229.1993,9.1703,0.7436
2015-12-21T03:25:59.552Z,1080.0561,1492.9118,230.7649,6.4697,0.7236,1114.0309,1582.0599,229.4984,6.8929,0.7047,1561.2353,2092.0839,228.8818,9.1393,0.7466
2015-12-21T03:26:59.917Z,1069.5641,1489.8237,230.8978,6.4514,0.7183,1099.7004,1566.8947,229.3242,6.8326,0.7019,1557.929,2087.838,229.0912,9.1129,0.7464
2015-12-21T03:27:59.187Z,1088.6528,1505.8809,230.4811,6.534,0.7227,1121.9633,1576.3985,229.27,6.8753,0.7116,1588.3517,2112.6528,228.9876,9.2256,0.752
2015-12-21T03:28:59.730Z,1072.1225,1491.1295,230.0831,6.4807,0.7198,1107.6751,1558.6889,229.1699,6.8012,0.7104,1578.953,2101.8875,228.9397,9.1807,0.7511
2015-12-21T03:29:59.020Z,1089.6155,1495.3583,228.5584,6.5431,0.7285,1134.8103,1562.0988,228.8568,6.8253,0.7261,1611.5516,2120.2602,227.8456,9.3057,0.7598
2015-12-21T03:30:59.354Z,1067.0386,1470.7777,228.7929,6.4279,0.7256,1131.1101,1562.5303,228.8409,6.8278,0.7242,1590.6006,2111.0608,228.0447,9.2567,0.7531
2015-12-21T03:31:59.696Z,1123.3673,1529.2098,230.3462,6.6384,0.7352,1126.513,1570.8363,227.701,6.8983,0.7174,1610.9883,2097.6986,227.0091,9.2388,0.7681
2015-12-21T03:32:59.002Z,1129.4357,1522.631,230.673,6.6002,0.742,1109.4051,1577.3606,228.3447,6.9078,0.7038,1566.9854,2046.9244,225.5444,9.0754,0.766
2015-12-21T03:33:59.259Z,1125.5712,1541.0068,230.4156,6.6878,0.7307,1140.8467,1589.9377,228.8732,6.9464,0.718,1624.2934,2128.9078,228.5168,9.3158,0.7623
2015-12-21T03:34:59.737Z,1108.3007,1530.7558,230.032,6.654,0.7241,1122.6907,1567.6094,229.0454,6.8439,0.7162,1619.2723,2124.7414,228.7561,9.2883,0.7616
2015-12-21T03:35:59.142Z,1133.1971,1547.1624,229.737,6.7342,0.7324,1148.7096,1585.111,228.7167,6.9294,0.7246,1639.6288,2140.3422,228.5844,9.3627,0.7664
2015-12-21T03:36:59.526Z,1120.6761,1538.2622,229.9789,6.6887,0.7283,1131.9106,1572.4067,228.5192,6.88,0.7199,1626.495,2128.5536,228.6987,9.3074,0.7632
2015-12-21T03:37:59.788Z,1163.5516,1571.7558,230.5148,6.8181,0.7403,1146.1961,1602.5667,228.8404,7.0028,0.7151,1629.7501,2117.1652,227.7571,9.2952,0.7696
2015-12-21T03:38:59.035Z,1159.9403,1565.1311,230.4111,6.7926,0.7409,1132.4801,1591.1697,228.3443,6.9681,0.7117,1616.2528,2094.8514,227.3973,9.2115,0.7714
2015-12-21T03:39:59.128Z,1181.6913,1593.6471,230.826,6.904,0.7419,1137.6859,1595.2603,227.8481,7.001,0.7131,1643.8701,2114.8971,227.704,9.287,0.7779
2015-12-21T03:40:59.328Z,1166.447,1574.2326,230.7398,6.8222,0.7404,1143.4067,1599.9737,228.0393,7.0152,0.715,1630.298,2110.4609,227.6121,9.2713,0.7721
2015-12-21T03:41:59.909Z,1154.9103,1568.3418,230.9956,6.7892,0.7364,1132.5349,1585.6813,227.7591,6.962,0.7147,1629.0539,2110.0249,227.8859,9.2583,0.7712
2015-12-21T03:42:59.352Z,1150.9738,1563.1873,230.734,6.7742,0.7367,1136.4936,1588.3672,228.168,6.9606,0.7152,1631.0996,2114.6802,227.7816,9.2834,0.7708
2015-12-21T03:43:59.848Z,1169.5207,1575.8403,230.8857,6.8248,0.7417,1129.5947,1590.483,227.786,6.9818,0.7103,1621.0692,2094.3399,227.3196,9.213,0.774
2015-12-21T03:44:59.152Z,1180.1689,1584.8458,231.1452,6.8565,0.7449,1132.7287,1601.5274,228.1139,7.0202,0.7076,1615.8251,2083.7418,226.8324,9.1858,0.7757
2015-12-21T03:45:59.395Z,1168.7018,1603.7416,231.2508,6.9349,0.7288,1105.8538,1537.8951,225.2538,6.8269,0.7192,1674.8853,2120.3572,227.4907,9.32,0.7898
2015-12-21T03:46:59.712Z,1175.9277,1615.6804,231.6716,6.9733,0.7281,1099.5387,1534.5417,225.1606,6.815,0.7168,1678.3813,2119.6898,227.4682,9.3183,0.7908
2015-12-21T03:47:59.019Z,1179.3281,1621.5651,231.5111,7.0044,0.7276,1100.4933,1529.9519,224.8538,6.8038,0.7192,1691.6969,2129.0908,227.7353,9.3485,0.7948
2015-12-21T03:48:59.284Z,1188.9119,1613.7114,230.7567,6.9929,0.7369,1111.5358,1547.6204,225.6061,6.859,0.718,1670.7246,2107.6847,226.635,9.2991,0.7938
2015-12-21T03:49:59.597Z,1193.3542,1601.0674,230.4828,6.946,0.7454,1129.2292,1577.2144,226.7233,6.9562,0.7162,1644.9923,2090.7679,226.4577,9.2317,0.788
2015-12-21T03:50:59.892Z,1207.1866,1609.0792,230.1878,6.9902,0.7498,1159.8479,1594.6429,226.1316,7.0523,0.7273,1672.9462,2122.845,226.822,9.3588,0.7888
2015-12-21T03:51:59.185Z,1229.1072,1635.1153,230.6394,7.0888,0.7518,1175.031,1614.0252,226.3778,7.1301,0.7278,1692.5521,2139.7296,226.8911,9.4298,0.7908
2015-12-21T03:52:59.526Z,1202.8412,1612.7648,230.5194,6.9957,0.746,1143.9719,1582.7286,225.9778,7.0033,0.7228,1671.4042,2118.9532,226.9551,9.3351,0.7891
2015-12-21T03:53:59.802Z,1195.506,1604.7383,230.5919,6.9589,0.7457,1140.9767,1585.8973,226.5341,7.0002,0.7199,1659.1227,2109.5622,226.927,9.2957,0.7872
2015-12-21T03:54:59.088Z,1200.4164,1607.9903,230.6168,6.9719,0.747,1141.8965,1585.5108,226.384,7.0033,0.7203,1658.9515,2107.1303,226.5832,9.2985,0.7885
2015-12-21T03:55:59.435Z,1199.6597,1606.2062,230.3644,6.9718,0.7466,1144.6826,1585.2802,226.4502,7,0.7222,1664.9871,2115.7016,226.7988,9.3279,0.7879
2015-12-21T03:56:59.739Z,1192.5766,1600.325,230.4501,6.9442,0.7452,1139.3691,1578.695,226.2067,6.9789,0.7218,1655.1779,2102.7518,226.5117,9.2826,0.7874
2015-12-21T03:57:59.025Z,1202.6513,1611.6845,230.2078,7.0006,0.746,1144.1211,1574.9219,225.4617,6.9846,0.7263,1679.9092,2122.4953,226.8561,9.3556,0.7907
2015-12-21T03:58:59.271Z,1187.7332,1605.3837,229.7202,6.988,0.7392,1134.0251,1556.086,225.4678,6.9011,0.7287,1683.2087,2126.4334,227.1339,9.3619,0.7911
2015-12-21T03:59:59.422Z,1198.0381,1612.8397,229.6702,7.022,0.7421,1152.5597,1572.5081,225.8336,6.9627,0.7331,1698.2482,2145.5555,227.3316,9.4376,0.7916
2015-12-21T04:00:59.595Z,1190.0664,1598.2163,229.6941,6.9573,0.7451,1159.2599,1576.1682,226.1178,6.9707,0.7357,1687.6899,2140.0052,227.3362,9.4129,0.7889
2015-12-21T04:01:59.820Z,1212.0268,1599.2999,228.9204,6.9859,0.7572,1180.2558,1592.7001,225.4437,7.0647,0.7412,1689.5509,2128.9684,226.0076,9.4196,0.7936
2015-12-21T04:02:59.181Z,1205.8344,1572.7239,228.6913,6.8769,0.767,1186.3157,1611.2901,225.8101,7.1354,0.7362,1648.1533,2093.6656,225.1196,9.2999,0.7881
2015-12-21T04:03:59.570Z,1212.0168,1577.1247,228.3929,6.9052,0.7682,1212.6384,1630.0052,226.3067,7.2029,0.7438,1670.136,2125.812,225.5316,9.425,0.7854
2015-12-21T04:04:59.004Z,1189.2087,1566.2451,228.8962,6.842,0.759,1196.6481,1617.0592,226.5522,7.1378,0.7403,1660.9294,2125.4839,226.3127,9.3916,0.7809
2015-12-21T04:05:59.283Z,1211.873,1590.2033,228.9863,6.9444,0.762,1210.5939,1628.0576,226.4437,7.1896,0.7434,1685.8093,2144.8176,226.4929,9.4683,0.7866
2015-12-21T04:06:59.513Z,1193.4949,1571.145,229.048,6.8592,0.76,1202.4141,1623.9047,226.7567,7.161,0.7406,1667.5099,2133.4884,226.6182,9.4136,0.7807
2015-12-21T04:07:59.858Z,1206.7617,1587.9254,228.5654,6.9467,0.7601,1218.8983,1626.6708,226.5816,7.1788,0.7497,1699.6602,2160.7146,226.6983,9.5308,0.7872
2015-12-21T04:08:59.124Z,1187.4257,1578.8811,228.2239,6.9176,0.752,1192.8294,1593.5641,226.251,7.0433,0.749,1699.6774,2159.5911,226.9883,9.5133,0.7876
2015-12-21T04:09:59.367Z,1210.9266,1605.7147,228.5909,7.0238,0.7543,1206.2358,1606.7051,226.1334,7.1046,0.7502,1723.7208,2178.9061,227.1467,9.5922,0.7907
2015-12-21T04:10:59.544Z,1194.8536,1594.7123,228.7357,6.9718,0.7498,1189.7193,1593.8721,226.2112,7.0454,0.7468,1708.0107,2165.6764,227.3143,9.5267,0.7892
2015-12-21T04:11:59.864Z,1215.4411,1602.5019,228.5054,7.0124,0.7586,1218.3217,1622.5257,226.2001,7.1726,0.751,1717.3908,2174.5749,227.1331,9.5736,0.7897
2015-12-21T04:12:59.128Z,1218.0924,1590.6061,229.112,6.9418,0.7657,1212.52,1635.7485,226.4647,7.2222,0.7413,1672.4078,2128.6739,225.8871,9.4231,0.7855
2015-12-21T04:13:59.375Z,1224.7784,1595.1047,228.2798,6.9866,0.7674,1233.7208,1644.2382,226.5442,7.2577,0.7503,1702.119,2157.6632,225.9343,9.5494,0.7893
2015-12-21T04:14:59.704Z,1227.2973,1603.6331,229.064,7.0003,0.7649,1199.7348,1616.7488,225.4034,7.1719,0.7424,1689.5159,2127.8333,225.2588,9.4459,0.794
2015-12-21T04:15:59.016Z,1222.1389,1622.2116,228.3022,7.105,0.7534,1192.6691,1570.9894,223.2218,7.0376,0.7595,1758.0002,2181.9306,226.0952,9.6497,0.8064
2015-12-21T04:16:59.352Z,1220.6189,1617.7061,228.4168,7.0818,0.7547,1180.103,1560.4131,223.065,6.9947,0.7559,1742.7129,2162.3129,225.6331,9.5833,0.8067
2015-12-21T04:17:59.681Z,1233.8821,1624.4317,228.1401,7.1197,0.7591,1201.5158,1580.2056,223.0629,7.0834,0.7601,1750.6311,2168.1257,225.2442,9.6259,0.8078
2015-12-21T04:18:59.957Z,1222.0657,1622.1596,228.1377,7.1106,0.7533,1181.1499,1557.9486,222.8607,6.9906,0.7577,1753.7426,2169.7104,225.6948,9.6124,0.8091
2015-12-21T04:19:59.138Z,1244.9746,1649.9892,228.5922,7.2174,0.7548,1179.7393,1557.3017,222.1703,7.0091,0.7578,1773.6837,2179.3785,225.8409,9.6496,0.8136
2015-12-21T04:20:59.547Z,1236.8926,1637.33,228.8138,7.1554,0.7561,1183.7911,1566.007,222.5349,7.0371,0.7561,1751.1357,2164.3743,225.7857,9.5856,0.8094
2015-12-21T04:21:59.823Z,1238.8772,1637.1529,228.8158,7.154,0.7572,1203.6403,1585.4939,222.8582,7.1138,0.7589,1764.6137,2185.8276,226.2799,9.6591,0.8073
2015-12-21T04:22:59.303Z,1223.1913,1633.9318,228.6934,7.1438,0.7487,1191.1391,1569.9009,222.9471,7.041,0.7589,1770.4308,2194.4444,226.8369,9.6731,0.8073
2015-12-21T04:23:59.559Z,1224.6563,1636.7692,228.2742,7.17,0.7478,1198.0023,1562.3841,222.3382,7.0267,0.7667,1793.5016,2216.7949,227.0938,9.7606,0.8089
2015-12-21T04:24:59.880Z,1246.994,1646.8384,228.7104,7.1996,0.7572,1188.7297,1573.0707,222.4773,7.071,0.7554,1762.0693,2169.9571,225.5637,9.6193,0.8122
2015-12-21T04:25:59.202Z,1257.7227,1655.5394,228.6808,7.2393,0.7595,1191.7843,1576.1876,222.0172,7.0991,0.7557,1766.5792,2172.0938,225.9327,9.6134,0.8127
2015-12-21T04:26:59.453Z,1250.9496,1654.2993,229.1484,7.2189,0.756,1201.2606,1591.4084,223.1498,7.1313,0.7549,1765.1431,2185.3348,226.645,9.6413,0.8083
2015-12-21T04:27:59.830Z,1254.8667,1650.5154,229.375,7.1954,0.7604,1208.1963,1607.2271,223.7923,7.1812,0.7517,1754.0007,2177.3452,226.3428,9.6191,0.8053
2015-12-21T04:28:59.058Z,1261.4653,1644.1369,228.3789,7.1983,0.7675,1222.1763,1617.4026,224.0604,7.2184,0.7558,1749.5273,2173.3785,225.7339,9.6272,0.8045
2015-12-21T04:29:59.397Z,1233.6322,1615.2579,226.9727,7.1153,0.7631,1233.7881,1608.6639,223.8377,7.1858,0.7667,1762.8487,2200.7609,226.6638,9.7091,0.801
2015-12-21T04:30:59.706Z,1239.0734,1601.9341,226.1027,7.0851,0.7737,1263.2933,1634.0019,224.1827,7.2889,0.7728,1754.5398,2195.7078,225.6786,9.7287,0.7993
2015-12-21T04:31:59.014Z,1247.055,1607.0825,226.6124,7.091,0.7764,1250.5115,1635.386,224.4056,7.287,0.7657,1735.5024,2168.4987,225.0166,9.6365,0.8006
2015-12-21T04:32:59.301Z,1288.5324,1640.5673,227.9073,7.1981,0.786,1252.9933,1658.4883,224.6126,7.3831,0.7554,1723.4062,2141.6619,223.6046,9.5766,0.8042
2015-12-21T04:33:59.487Z,1274.9429,1623.1559,227.5706,7.1322,0.7851,1250.2552,1654.0436,224.3512,7.3723,0.756,1708.9294,2128.6006,223.4459,9.5244,0.8037
2015-12-21T04:34:59.984Z,1266.0144,1633.5814,228.1563,7.1594,0.7753,1257.2219,1648.5582,224.5466,7.3412,0.7627,1751.8957,2183.688,224.951,9.707,0.802
2015-12-21T04:35:59.217Z,1249.3234,1634.3375,229.0283,7.1355,0.7648,1238.9416,1636.8704,225.0781,7.2724,0.7566,1750.2715,2192.951,226.2083,9.6933,0.7982
2015-12-21T04:36:59.590Z,1278.8169,1657.542,229.1646,7.2326,0.7718,1252.8476,1656.8992,225.3448,7.3523,0.7562,1757.0217,2190.8567,225.6046,9.711,0.8013
2015-12-21T04:37:59.788Z,1263.4727,1652.4819,229.1543,7.2109,0.7647,1228.6724,1627.2859,224.592,7.2449,0.7542,1757.5961,2187.2322,225.981,9.678,0.8031
2015-12-21T04:38:59.005Z,1273.3892,1659.1184,228.5526,7.259,0.7677,1248.6238,1635.7044,224.3556,7.2907,0.7633,1784.5072,2213.7552,226.1239,9.7898,0.8067
2015-12-21T04:39:59.460Z,1259.1713,1650.1147,228.8536,7.2103,0.763,1231.6978,1623.2736,224.5174,7.2296,0.7587,1766.1472,2196.4118,226.0753,9.7146,0.8036
2015-12-21T04:40:59.732Z,1276.8789,1657.1423,228.5344,7.2514,0.7703,1260.2493,1648.1046,224.2822,7.3481,0.7651,1780.028,2211.6758,226.0234,9.7846,0.8049
2015-12-21T04:41:59.895Z,1259.0373,1641.1057,228.2533,7.1893,0.7674,1242.6796,1628.1501,224.2289,7.2611,0.7631,1766.3496,2194.3557,225.6754,9.7222,0.8048
2015-12-21T04:42:59.094Z,1282.2755,1669.4177,228.1119,7.3177,0.7682,1240.7655,1609.0358,221.9995,7.2474,0.7706,1808.4599,2213.8505,225.1416,9.8325,0.8175
2015-12-21T04:43:59.352Z,1255.7103,1640.8914,227.8446,7.201,0.7657,1231.5303,1592.3814,221.8871,7.1768,0.7729,1793.5944,2205.0114,224.8734,9.8049,0.812
2015-12-21T04:44:59.640Z,1280.0756,1652.911,227.4531,7.2662,0.774,1262.8212,1629.7861,222.7466,7.3163,0.7749,1797.7276,2214.6829,224.7294,9.8541,0.8106
2015-12-21T04:45:59.914Z,1255.0141,1626.1189,226.869,7.167,0.7717,1252.7457,1618.065,223.1111,7.252,0.7733,1777.6676,2201.5244,224.9873,9.7844,0.8086
2015-12-21T04:46:59.312Z,1278.4025,1647.6922,227.0383,7.2566,0.7766,1271.7564,1636.2276,222.978,7.3378,0.7776,1800.1209,2220.3485,224.9929,9.8679,0.8103
2015-12-21T04:47:59.513Z,1252.5656,1617.7396,226.9897,7.1263,0.7741,1266.066,1634.8209,223.5518,7.3133,0.774,1772.6868,2202.2677,224.8554,9.7933,0.8049
2015-12-21T04:48:59.760Z,1259.9556,1634.853,226.1976,7.2271,0.7704,1283.2573,1632.0898,223.4066,7.3056,0.7863,1822.5827,2254.7561,225.9688,9.9775,0.8087
2015-12-21T04:49:59.040Z,1278.1861,1646.3334,227.4255,7.2383,0.7757,1249.0425,1624.3769,223.9057,7.2542,0.7694,1778.038,2191.8195,223.9493,9.7866,0.8105
2015-12-21T04:50:59.207Z,1279.725,1650.5399,226.6712,7.2809,0.776,1275.0061,1640.058,224.1907,7.3153,0.7773,1807.6034,2230.665,224.7523,9.9244,0.8103
2015-12-21T04:51:59.467Z,1222.7322,1595.7089,225.3539,7.0797,0.7663,1286.5734,1627.4957,223.9393,7.267,0.7911,1806.3378,2260.2971,226.4888,9.9789,0.7987
2015-12-21T04:52:59.009Z,1218.0972,1573.1974,223.8899,7.0263,0.7743,1339.812,1667.2843,224.4157,7.4289,0.8034,1827.0838,2296.2963,226.9946,10.1154,0.7962
2015-12-21T04:53:59.173Z,1197.2775,1559.0436,224.1465,6.9552,0.7678,1322.1347,1654.3944,224.7921,7.3591,0.7992,1807.1725,2286.3519,227.2683,10.0593,0.7911
2015-12-21T04:54:59.492Z,1216.0971,1586.573,224.7538,7.0584,0.7669,1328.5494,1663.2379,225.0873,7.3888,0.7985,1832.464,2309.9816,228.0378,10.1283,0.7922
2015-12-21T04:55:59.688Z,1200.3658,1587.7473,224.9238,7.0592,0.7558,1302.3548,1633.8275,224.7591,7.2691,0.7978,1836.6812,2315.6562,229.0694,10.1079,0.7925
2015-12-21T04:56:59.964Z,1224.5047,1607.0935,224.5185,7.1573,0.7622,1306.216,1632.122,223.6972,7.2957,0.8002,1858.4617,2319.3116,228.3728,10.1555,0.8015
2015-12-21T04:57:59.141Z,1216.9539,1587.9551,224.2224,7.0816,0.767,1304.5483,1632.6511,223.5336,7.3032,0.7991,1829.2716,2288.7155,227.2728,10.0701,0.7994
2015-12-21T04:58:59.298Z,1235.6682,1613.0529,225.2739,7.1597,0.7661,1305.3403,1637.2875,223.7866,7.3162,0.7979,1848.09,2298.2188,226.8662,10.1296,0.8039
2015-12-21T04:59:59.488Z,1222.1741,1618.1013,225.167,7.1859,0.7552,1280.2319,1601.7151,223.3051,7.1727,0.7992,1869.7065,2316.0045,227.6981,10.1709,0.8084
2015-12-21T05:00:59.724Z,1260.2355,1636.496,225.3671,7.2609,0.7701,1285.6437,1616.3598,222.7007,7.2578,0.7953,1851.2691,2275.4692,225.702,10.0812,0.8138
2015-12-21T05:01:59.022Z,1262.9098,1638.9774,225.3518,7.2731,0.7701,1278.748,1617.6955,222.5028,7.2702,0.7906,1839.7847,2259.0781,225.6893,10.0089,0.8161
2015-12-21T05:02:59.264Z,1244.3887,1630.7092,226.4688,7.2001,0.7633,1302.4194,1651.7231,224.8716,7.3448,0.7887,1840.8166,2301.4974,228.1371,10.0873,0.8008
2015-12-21T05:03:59.499Z,1242.5854,1627.9891,225.8704,7.2069,0.7627,1306.082,1655.4551,224.9962,7.3573,0.7889,1840.4439,2306.4273,228.813,10.0796,0.7975
2015-12-21T05:04:59.812Z,1258.1024,1642.0769,226.1244,7.2618,0.7663,1299.4066,1661.9909,225.3123,7.3756,0.7817,1825.6096,2287.399,228.6023,10.0053,0.7973
2015-12-21T05:05:59.059Z,1265.7908,1658.4551,226.4107,7.3247,0.7632,1286.2723,1639.8141,223.6171,7.3316,0.7846,1844.0768,2289.2229,228.368,10.0243,0.8051
2015-12-21T05:06:59.500Z,1257.9862,1682.7894,227.1863,7.4067,0.7484,1246.9339,1584.0192,220.9427,7.1689,0.7876,1888.0518,2312.5766,229.4172,10.0787,0.8172
2015-12-21T05:07:59.811Z,1263.1394,1694.5073,227.4539,7.4497,0.7453,1250.7535,1585.2694,221.4099,7.1589,0.7885,1903.3235,2331.1545,229.739,10.1467,0.8182
2015-12-21T05:08:59.131Z,1250.5224,1685.1289,227.3874,7.41,0.7421,1242.3689,1573.1791,221.5478,7.1008,0.7898,1905.8406,2335.2299,229.8993,10.1572,0.8148
2015-12-21T05:09:59.734Z,1285.3649,1684.758,227.2896,7.4118,0.763,1278.947,1642.8924,224.03,7.332,0.7783,1852.6106,2289.4809,228.1344,10.0347,0.8088
2015-12-21T05:10:59.095Z,1289.6219,1663.5201,226.613,7.3406,0.775,1287.5244,1665.9784,225.3083,7.394,0.7726,1801.3573,2239.1937,226.4473,9.8885,0.8045
2015-12-21T05:11:59.398Z,1306.0798,1674.0148,226.8673,7.3776,0.7806,1301.664,1676.1551,224.5922,7.4616,0.7769,1813.4141,2244.598,225.7041,9.9441,0.8077
2015-12-21T05:12:59.686Z,1302.584,1691.654,227.4047,7.4388,0.77,1255.8627,1622.362,222.6073,7.2878,0.7739,1829.6552,2237.6256,225.8282,9.9082,0.8191
2015-12-21T05:13:59.076Z,1314.753,1694.5886,226.8718,7.4688,0.776,1283.2411,1646.0215,222.5847,7.3945,0.7795,1836.1322,2245.6709,225.5619,9.9552,0.8185
2015-12-21T05:14:59.304Z,1294.9531,1668.8199,226.882,7.3552,0.7758,1282.7458,1657.4668,224.2444,7.3904,0.7743,1805.579,2233.093,225.767,9.8901,0.8079
2015-12-21T05:15:59.538Z,1292.4944,1649.5997,225.8397,7.3039,0.7829,1332.5049,1705.1271,225.9264,7.5465,0.7809,1810.2693,2261.2703,226.0247,10.0044,0.8002
2015-12-21T05:16:59.673Z,1263.1026,1621.6837,225.3492,7.1961,0.7791,1323.4042,1689.7928,226.532,7.4586,0.7836,1801.6836,2265.1668,226.5636,9.9979,0.7959
2015-12-21T05:17:59.906Z,1271.7198,1651.1677,225.5975,7.319,0.7702,1318.4584,1657.5336,223.9626,7.4005,0.7957,1868.3706,2313.3263,227.3308,10.1757,0.8091
2015-12-21T05:18:59.131Z,1259.5465,1649.9642,226.3895,7.2877,0.7644,1287.4964,1633.4736,223.9374,7.2938,0.7884,1849.5276,2292.378,227.6347,10.07,0.8075
2015-12-21T05:19:59.384Z,1307.1879,1693.3676,228.031,7.4253,0.7721,1305.1888,1688.056,225.5694,7.4827,0.773,1833.6917,2278.7439,227.5598,10.0131,0.8042
2015-12-21T05:20:59.640Z,1300.2647,1677.2783,228.5533,7.3382,0.7746,1295.8408,1703.8914,226.9163,7.5086,0.7603,1783.5821,2237.8234,227.1678,9.8503,0.7976
2015-12-21T05:21:59.779Z,1323.6842,1688.6573,228.6916,7.3836,0.7836,1323.9549,1731.4408,226.7664,7.6347,0.7647,1793.5587,2242.1337,226.0721,9.9172,0.7999
2015-12-21T05:22:59.954Z,1305.6797,1696.4206,229.0436,7.4056,0.7693,1268.484,1660.2048,224.1262,7.4068,0.7641,1812.9646,2239.6327,226.7841,9.8752,0.808
2015-12-21T05:23:59.156Z,1309.3232,1704.2545,228.0124,7.4742,0.7681,1288.6233,1656.3391,223.1782,7.4214,0.7782,1856.0978,2279.7674,227.2676,10.0307,0.8143
2015-12-21T05:24:59.235Z,1297.0167,1676.4816,228.0497,7.3511,0.774,1284.4819,1675.2269,224.87,7.4492,0.7667,1798.9562,2233.5697,226.414,9.8639,0.8054
2015-12-21T05:25:59.607Z,1321.7961,1700.5774,228.0641,7.4562,0.7779,1305.0956,1691.2874,224.8416,7.5217,0.7718,1825.905,2263.1542,226.8538,9.9759,0.8069
2015-12-21T05:26:59.851Z,1297.1702,1666.71,227.7431,7.3182,0.7778,1301.6643,1692.6231,225.5084,7.5054,0.7693,1792.3079,2236.4614,226.4011,9.8776,0.8007
2015-12-21T05:27:59.228Z,1315.4395,1688.7738,227.5505,7.4209,0.7788,1313.1103,1687.6081,223.858,7.5384,0.778,1834.8109,2266.8532,226.5716,10.0041,0.8091
2015-12-21T05:28:59.739Z,1288.7743,1672.7781,227.5349,7.3511,0.7703,1281.499,1641.9717,222.8024,7.3696,0.7808,1838.776,2264.0453,226.3556,10.0016,0.812
2015-12-21T05:29:59.128Z,1356.309,1735.6642,228.5489,7.5936,0.7813,1268.4212,1649.5157,222.4352,7.4158,0.7693,1835.768,2222.5153,223.8623,9.9276,0.826
2015-12-21T05:30:59.395Z,1298.9806,1708.3576,228.2589,7.4838,0.7602,1251.0604,1615.0372,222.6911,7.2519,0.7751,1861.9021,2274.6933,227.0379,10.0184,0.8188
2015-12-21T05:31:59.691Z,1291.4074,1700.1083,228.2442,7.4482,0.7594,1284.3402,1633.2251,223.0796,7.3207,0.7861,1887.9949,2315.5281,227.342,10.1844,0.8156
2015-12-21T05:32:59.088Z,1278.407,1700.7444,228.3548,7.4474,0.7517,1257.2586,1603.1851,222.9635,7.1895,0.784,1892.9877,2318.9236,228.0692,10.1668,0.8167
2015-12-21T05:33:59.464Z,1287.7662,1703.5063,227.9594,7.4728,0.756,1277.6894,1620.4739,222.9761,7.2672,0.7887,1903.3961,2328.9799,227.8035,10.2228,0.8185
2015-12-21T05:34:59.744Z,1280.8139,1699.5702,228.165,7.4485,0.7534,1261.1473,1605.4187,222.4452,7.2166,0.7857,1893.9162,2316.6985,228.0842,10.1572,0.8181
2015-12-21T05:35:59.911Z,1280.1785,1696.3027,227.4936,7.4564,0.7545,1283.1431,1621.408,223.0034,7.27,0.7912,1910.2549,2343.3809,228.7545,10.2437,0.8152
2015-12-21T05:36:59.205Z,1282.0222,1706.8668,227.6241,7.4977,0.7516,1255.5348,1593.831,222.1426,7.174,0.7879,1908.573,2325.7002,228.2645,10.1885,0.8201
2015-12-21T05:37:59.430Z,1286.2551,1702.6831,227.2761,7.4919,0.7556,1276.6955,1611.9516,222.6102,7.2406,0.7916,1908.0458,2332.3246,228.0094,10.2284,0.8194
2015-12-21T05:38:59.686Z,1285.8514,1700.5113,226.6652,7.5018,0.7561,1264.1497,1595.3032,222.0524,7.1833,0.7924,1911.2169,2325.3827,227.7627,10.209,0.8203
2015-12-21T05:39:59.051Z,1290.7901,1714.7158,226.682,7.5637,0.7531,1255.4982,1582.6548,221.4439,7.1466,0.793,1925.4794,2333.6199,227.9655,10.2364,0.825
2015-12-21T05:40:59.533Z,1305.4429,1714.9208,226.807,7.5606,0.7615,1258.6434,1598.0478,221.8704,7.2022,0.7883,1899.688,2301.5878,226.8436,10.1454,0.8253
2015-12-21T05:41:59.837Z,1299.1552,1706.8297,226.5555,7.5331,0.7609,1263.1211,1600.0097,221.8161,7.2131,0.79,1901.8198,2307.6983,227.0151,10.1645,0.8236
2015-12-21T05:42:59.071Z,1308.7138,1708.6669,225.9727,7.5608,0.7659,1270.9542,1602.3192,221.3513,7.2381,0.7932,1900.7353,2301.1448,226.5295,10.1584,0.8266
2015-12-21T05:43:59.297Z,1297.4501,1703.7574,226.088,7.5356,0.7607,1265.16,1587.8894,220.6805,7.1955,0.7964,1912.8481,2315.0743,227.1799,10.1898,0.8274
2015-12-21T05:44:59.636Z,1302.5218,1714.5491,226.593,7.5656,0.7599,1275.8802,1603.7463,221.1834,7.2502,0.7956,1920.1696,2328.5639,227.5352,10.2337,0.8246
2015-12-21T05:45:59.881Z,1287.1431,1693.1534,226.5051,7.4745,0.7597,1273.0113,1603.0963,221.6969,7.2301,0.7945,1903.6996,2317.49,227.2983,10.1952,0.8208
2015-12-21T05:46:59.096Z,1291.3887,1684.5556,226.2013,7.4464,0.7667,1301.5678,1634.1985,222.421,7.3474,0.7964,1901.9701,2328.8125,227.2497,10.2471,0.8179
2015-12-21T05:47:59.271Z,1284.671,1679.8258,226.0817,7.4305,0.7647,1290.7769,1621.1305,222.5047,7.2856,0.7959,1891.8913,2316.321,227.0172,10.2028,0.8184
2015-12-21T05:48:59.673Z,1290.9829,1671.9157,225.6504,7.4087,0.772,1330.6983,1671.3672,224.5819,7.4407,0.7969,1886.6403,2331.3022,227.3334,10.2543,0.8098
2015-12-21T05:49:59.872Z,1282.6636,1661.7599,225.6404,7.364,0.7715,1318.4163,1664.6828,224.8127,7.4043,0.7918,1868.0343,2308.821,226.7843,10.1799,0.8087
2015-12-21T05:50:59.074Z,1291.5147,1686.5801,226.0962,7.4592,0.7652,1318.4438,1648.5199,223.4613,7.3761,0.7999,1907.6137,2340.2191,226.6695,10.3238,0.8156
2015-12-21T05:51:59.338Z,1268.3597,1674.4533,226.5212,7.3915,0.7577,1292.1059,1619.7832,222.9334,7.2653,0.7978,1905.603,2338.8857,227.316,10.2883,0.8143
2015-12-21T05:52:59.527Z,1287.8906,1690.9696,225.9801,7.4826,0.7603,1306.6113,1626.721,222.438,7.3126,0.8031,1932.6544,2359.7494,227.4763,10.3735,0.8188
2015-12-21T05:53:59.775Z,1248.8422,1675.5305,227.3439,7.3693,0.7458,1295.7692,1626.6425,224.3943,7.2485,0.7969,1917.3712,2376.3241,229.368,10.3597,0.8067
2015-12-21T05:54:59.140Z,1286.7405,1716.3102,227.6516,7.5379,0.7508,1297.0628,1634.3907,224.0377,7.2947,0.7939,1938.8744,2382.3397,229.2395,10.3917,0.8136
2015-12-21T05:55:59.497Z,1274.9664,1674.6564,226.6494,7.3879,0.7624,1310.6212,1667.8854,226.4825,7.3636,0.7858,1876.6161,2337.641,228.3969,10.2344,0.803
2015-12-21T05:56:59.749Z,1294.2473,1688.1787,226.9578,7.4381,0.7667,1337.2706,1696.5356,226.8892,7.4766,0.7879,1888.6476,2351.9775,228.0321,10.3138,0.8022
2015-12-21T05:57:59.013Z,1272.0366,1691.7537,228.1037,7.4161,0.7525,1296.3549,1650.6624,225.9952,7.3028,0.7851,1896.078,2351.6302,228.5921,10.2874,0.8056
2015-12-21T05:58:59.249Z,1298.3625,1728.2858,229.0223,7.5463,0.7515,1305.3648,1657.5889,224.7225,7.3755,0.7869,1929.8295,2376.6244,229.1435,10.3711,0.8107
2015-12-21T05:59:59.757Z,1284.9782,1721.5437,229.0507,7.5152,0.7463,1265.3224,1610.9837,223.3584,7.2121,0.7855,1922.8603,2352.9171,228.6481,10.2901,0.8174
2015-12-21T06:00:59.998Z,1305.582,1743.7081,228.6711,7.6249,0.7483,1276.7537,1610.5749,222.1892,7.248,0.7926,1958.6403,2375.2958,228.4716,10.3963,0.8242
2015-12-21T06:01:59.271Z,1291.5832,1723.361,229.2305,7.5179,0.7495,1273.1938,1625.2582,224.1767,7.2492,0.7833,1914.3656,2349.8879,228.9583,10.2632,0.8136
2015-12-21T06:02:59.588Z,1310.5455,1731.9294,228.3937,7.583,0.7567,1304.2706,1651.7016,224.4135,7.3601,0.7897,1934.6594,2369.5319,228.697,10.36,0.8178
2015-12-21T06:03:59.787Z,1293.8849,1698.7292,227.5671,7.4644,0.7612,1296.854,1640.7528,223.6946,7.3343,0.7911,1899.0658,2329.8449,227.6221,10.2352,0.8151
2015-12-21T06:04:59.093Z,1303.6847,1739.5148,228.4161,7.6147,0.7494,1291.1343,1614.3977,222.0793,7.2686,0.7992,1967.7159,2388.1053,228.429,10.4538,0.8251
2015-12-21T06:05:59.362Z,1287.7171,1718.9207,227.361,7.5601,0.7491,1266.417,1578.5657,220.6474,7.1535,0.8027,1958.1912,2365.9864,227.853,10.3835,0.8283
2015-12-21T06:06:59.620Z,1306.9998,1724.1722,226.9075,7.5982,0.7583,1295.6209,1602.2131,220.057,7.2806,0.8092,1971.6818,2378.7189,227.584,10.4513,0.8291
2015-12-21T06:07:59.091Z,1293.7735,1693.4343,226.6986,7.4698,0.7641,1303.7326,1631.9336,222.6983,7.3278,0.799,1911.9057,2340.4364,227.4458,10.2889,0.8184
2015-12-21T06:08:59.375Z,1299.1927,1695.5475,225.9323,7.504,0.7669,1328.6355,1651.7926,223.1911,7.4007,0.8044,1933.6189,2366.3442,227.5124,10.4006,0.8174
2015-12-21T06:09:59.847Z,1280.2906,1683.047,226.4456,7.4317,0.7611,1315.4892,1644.7711,223.4924,7.3594,0.8004,1916.0611,2354.2696,227.8542,10.3318,0.8127
2015-12-21T06:10:59.237Z,1293.3019,1723.7473,226.6548,7.605,0.7507,1289.9178,1592.8015,220.6156,7.2195,0.8094,1983.9459,2398.9151,228.4049,10.502,0.8273
2015-12-21T06:11:59.508Z,1281.0315,1732.3965,227.3447,7.6193,0.7395,1260.5481,1563.4456,220.1697,7.1013,0.8069,1989.8043,2401.6278,229.196,10.4778,0.829
2015-12-21T06:12:59.736Z,1300.7246,1758.1435,227.8372,7.7166,0.7394,1256.8151,1560.4151,219.4418,7.1103,0.8061,2002.3012,2406.0266,229.1676,10.4985,0.8322
2015-12-21T06:13:59.988Z,1307.4787,1754.6349,228.0782,7.6927,0.7455,1251.7042,1571.561,220.2179,7.1353,0.7967,1975.0769,2372.0199,228.1938,10.3925,0.833
2015-12-21T06:14:59.333Z,1357.0809,1756.5492,228.6377,7.6829,0.7728,1291.4169,1651.0139,223.0463,7.4009,0.7822,1899.5786,2298.1083,225.2052,10.2037,0.8274
2015-12-21T06:15:59.769Z,1295.4869,1703.7776,227.2533,7.4973,0.7601,1320.3409,1661.502,224.4037,7.4035,0.7951,1920.3716,2364.165,228.4476,10.3482,0.8133
2015-12-21T06:16:59.992Z,1298.2342,1710.6276,227.3381,7.5244,0.7592,1317.0272,1647.1324,223.4762,7.3704,0.7988,1935.5075,2370.572,228.0651,10.3939,0.8172
2015-12-21T06:17:59.337Z,1295.0465,1701.7392,226.9005,7.4993,0.7606,1315.7488,1646.6608,223.0285,7.3827,0.7994,1932.6414,2365.051,227.678,10.3876,0.8184
2015-12-21T06:18:59.851Z,1275.437,1729.9302,228.3638,7.5749,0.7374,1287.2117,1602.508,221.9946,7.2183,0.8033,1988.3045,2424.9188,230.1581,10.5351,0.8215
2015-12-21T06:19:59.136Z,1276.6644,1727.697,229.0664,7.542,0.739,1300.1102,1628.3715,223.0724,7.2991,0.7985,1972.1613,2423.1616,230.6614,10.5049,0.8131
2015-12-21T06:20:59.392Z,1282.6165,1730.544,228.858,7.5612,0.741,1291.3119,1618.267,222.5481,7.2713,0.7982,1968.7305,2409.9768,230.4593,10.4564,0.8178
2015-12-21T06:21:59.589Z,1295.8361,1748.1625,228.8908,7.6371,0.7411,1286.2351,1607.7556,221.7239,7.2503,0.7999,1979.9912,2409.8344,229.9201,10.4807,0.8213
2015-12-21T06:22:59.913Z,1287.7109,1702.6584,227.9768,7.4682,0.7565,1323.6786,1667.6538,224.1612,7.4386,0.7932,1914.8795,2366.9249,228.8728,10.3411,0.81
2015-12-21T06:23:59.115Z,1312.5901,1712.8737,228.0748,7.5098,0.7661,1335.9353,1691.6684,224.2849,7.5426,0.7897,1909.0569,2353.6544,228.1324,10.3164,0.8106
2015-12-21T06:24:59.280Z,399.562,604.487,229.2841,2.6447,0.2595,398.8797,580.2642,226.2657,2.5754,0.2644,678.0275,860.8418,230.1212,3.7626,0.6318
2015-12-21T06:25:59.617Z,5.2202,124.48,230.1381,0.5409,0.0434,3.0108,104.6889,225.1963,0.4643,0.0288,3.1971,107.316,232.1355,0.4622,0.0291
2015-12-21T06:26:59.740Z,4.6978,121.0857,230.3042,0.5252,0.04,3.6375,103.376,224.3397,0.4611,0.036,3.6726,104.7055,232.1441,0.4511,0.0352
2015-12-21T06:27:59.048Z,3.6549,122.0674,230.7573,0.5283,0.0308,4.0064,104.1278,224.8433,0.4632,0.0388,2.466,105.8604,231.3768,0.4577,0.0243
2015-12-21T06:28:59.639Z,4.6187,121.9053,230.3984,0.5286,0.0376,3.6336,106.3392,227.3934,0.4677,0.0348,3.2742,106.288,230.7297,0.4609,0.0314
2015-12-21T06:29:59.853Z,3.1156,122.6848,230.0499,0.5329,0.0251,3.6412,104.4986,226.6298,0.4609,0.0367,3.3732,109.6791,231.4976,0.4734,0.0307
2015-12-21T06:30:59.030Z,2.9491,119.9896,229.2986,0.523,0.0241,4.017,104.2596,226.3752,0.4608,0.0364,3.6649,109.0123,231.3567,0.4706,0.0328
2015-12-21T06:31:59.345Z,4.0243,121.3985,229.2273,0.5298,0.0335,3.9874,102.6616,224.0509,0.4577,0.0395,3.512,107.3164,232.2526,0.4618,0.0324
2015-12-21T06:32:59.897Z,3.8088,120.4759,228.8045,0.5266,0.03,2.814,103.9199,223.6918,0.4642,0.025,3.4371,108.6779,232.4164,0.4676,0.0326
2015-12-21T06:33:59.208Z,4.7665,120.0766,228.5402,0.5251,0.0396,3.5601,102.5165,222.5683,0.4602,0.0338,3.2143,106.7475,232.4496,0.4591,0.0289
2015-12-21T06:34:59.391Z,5.2864,121.3984,228.8229,0.5299,0.0453,2.4198,102.5608,222.6607,0.4607,0.0231,2.2893,107.5111,231.7786,0.4635,0.0227
2015-12-21T06:35:59.757Z,4.3682,121.618,228.732,0.5317,0.0358,3.253,105.9479,224.1753,0.4727,0.0307,2.7498,106.9913,231.402,0.4621,0.0266
2015-12-21T06:36:59.099Z,3.8613,122.2098,227.6245,0.5365,0.0326,3.7024,101.6022,224.4779,0.4525,0.0385,2.5828,105.3593,231.2816,0.4551,0.0258
2015-12-21T06:37:59.600Z,4.5412,122.2409,228.1264,0.5354,0.036,3.3798,103.4835,223.9447,0.4617,0.0354,3.7261,107.2954,231.702,0.4633,0.035
2015-12-21T06:38:59.815Z,3.8571,121.5211,226.7844,0.5357,0.0319,3.0438,105.7729,224.4001,0.471,0.0277,3.3066,110.223,232.1062,0.4749,0.0314
2015-12-21T06:39:59.047Z,4.293,119.7079,226.7752,0.5277,0.0363,3.3331,105.8388,225.3051,0.4697,0.0306,3.4342,108.2841,232.4492,0.4657,0.0327
2015-12-21T06:40:59.325Z,3.3886,118.5535,225.7499,0.5255,0.0292,3.3702,104.3237,226.3236,0.4608,0.0307,3.2971,103.2704,232.2367,0.4443,0.033
2015-12-21T06:41:59.573Z,3.8471,119.2879,224.5592,0.531,0.0325,3.2543,105.0505,226.3733,0.464,0.0321,3.59,106.1716,232.4864,0.4569,0.033
2015-12-21T06:42:59.013Z,4.4439,117.3732,224.929,0.5211,0.0384,2.891,106.2542,226.2873,0.4698,0.0327,2.7512,106.7689,233.491,0.4568,0.0243
2015-12-21T06:43:59.266Z,4.9391,120.2363,224.673,0.5354,0.0413,4.2441,105.8574,229.5132,0.4611,0.0392,3.0748,108.4549,233.0646,0.4654,0.0289
2015-12-21T06:44:59.520Z,4.2845,118.5837,225.5181,0.5253,0.0357,3.3309,107.5857,229.833,0.468,0.0307,3.2651,107.2111,233.0422,0.4603,0.0311
2015-12-21T06:45:59.979Z,3.9835,120.0889,227.4639,0.528,0.0332,4.4745,105.1076,228.1691,0.4611,0.0404,2.4383,107.0176,233.8525,0.4575,0.024
2015-12-21T06:46:59.274Z,4.7921,122.4419,228.2729,0.5362,0.0382,4.3749,105.3097,225.5896,0.4667,0.041,3.7392,108.736,234.5231,0.4636,0.0356
2015-12-21T06:47:59.662Z,4.5475,121.1435,227.4349,0.5321,0.0378,3.5398,103.6295,225.3582,0.4597,0.033,2.7003,107.3771,233.5541,0.4602,0.0254
2015-12-21T06:48:59.880Z,3.9244,121.1427,225.9224,0.5363,0.0323,3.9213,105.354,225.9654,0.4663,0.039,3.2502,109.7484,233.0073,0.4709,0.0304
2015-12-21T06:49:59.130Z,3.8101,121.3929,225.4069,0.5388,0.0325,4.0587,107.1693,228.4992,0.4692,0.0371,3.082,108.3793,232.3767,0.4665,0.0292
2015-12-21T06:50:59.340Z,4.0016,121.6634,225.9558,0.5384,0.0338,4.6275,105.7573,229.1805,0.4611,0.0436,3.2821,108.1057,232.479,0.4652,0.0302
2015-12-21T06:51:59.720Z,5.0212,118.7809,225.8536,0.5257,0.0408,3.7221,106.4954,228.8973,0.4653,0.0357,2.8587,107.7721,232.9915,0.4626,0.028
2015-12-21T06:52:59.058Z,4.1023,118.6144,226.3306,0.5234,0.0351,3.6054,105.519,226.2573,0.4661,0.0354,3.5794,108.9962,233.507,0.4659,0.0316
2015-12-21T06:53:59.383Z,5.483,121.3248,227.3873,0.5334,0.0451,3.9071,104.9438,227.1547,0.4615,0.0364,3.0582,107.3342,234.7181,0.4575,0.0284
2015-12-21T06:54:59.686Z,4.4726,121.9196,227.413,0.5364,0.0353,3.8568,106.0709,228.6403,0.4637,0.0359,3.1056,108.8377,234.7389,0.4638,0.0298
2015-12-21T06:55:59.072Z,3.5329,122.0956,227.5141,0.5361,0.0298,3.7696,106.8724,230.5232,0.4633,0.0351,2.8303,107.0792,234.6906,0.4562,0.0276
2015-12-21T06:56:59.361Z,3.8238,118.2508,227.753,0.5191,0.0321,3.736,106.5786,231.3949,0.4601,0.039,3.6556,107.4775,235.3071,0.4566,0.0338
2015-12-21T06:57:59.548Z,3.4988,121.3332,226.1614,0.5359,0.0284,4.1901,108.314,231.1474,0.4687,0.039,3.036,108.2085,235.1633,0.4601,0.0309
2015-12-21T06:58:59.855Z,3.8155,120.8398,226.6071,0.5329,0.0316,3.3725,104.3367,227.7741,0.4579,0.0305,3.64,108.5011,235.2162,0.4611,0.0332
2015-12-21T06:59:59.079Z,4.4343,120.7472,227.4269,0.5308,0.0363,3.2134,107.6742,225.9563,0.4764,0.0281,3.3894,108.4579,235.0625,0.4612,0.0303
2015-12-21T07:00:59.673Z,4.387,117.9366,227.7037,0.518,0.0379,4.2524,103.1247,226.9508,0.4545,0.0392,3.8724,111.6276,235.2797,0.474,0.0359
2015-12-21T07:01:59.981Z,5.0259,121.761,227.3675,0.5348,0.0403,3.3277,105.3723,229.2123,0.4601,0.0327,2.3679,108.4045,233.3407,0.4643,0.0238
2015-12-21T07:02:59.290Z,4.4347,120.6333,227.982,0.5286,0.0373,3.7678,106.2637,228.8391,0.4644,0.0372,3.3633,109.4344,233.6634,0.468,0.031
2015-12-21T07:03:59.782Z,4.4609,122.328,228.5432,0.5348,0.0356,4.0657,108.3556,229.367,0.4725,0.0389,3.7177,106.5413,233.5479,0.4559,0.0336
2015-12-21T07:04:59.966Z,4.7715,121.4002,228.7849,0.5301,0.0398,3.6038,107.8133,228.6337,0.4713,0.0354,2.7965,108.2032,233.3152,0.4642,0.026
2015-12-21T07:05:59.281Z,5.3254,123.0419,228.8288,0.5372,0.042,3.717,105.2371,226.9567,0.464,0.0344,2.7357,108.4456,233.6,0.4642,0.0248
2015-12-21T07:06:59.492Z,3.6922,119.9208,228.3216,0.5249,0.0305,4.2502,102.9951,227.5654,0.4526,0.044,2.7724,106.7658,233.4816,0.4569,0.028
2015-12-21T07:07:59.735Z,3.7847,120.5856,227.863,0.5286,0.0313,4.3478,104.8918,230.5337,0.4545,0.0397,3.3042,107.0501,233.1873,0.4585,0.0304
2015-12-21T07:08:59.375Z,4.8005,121.653,227.6684,0.5341,0.0385,4.167,104.5901,227.8335,0.4592,0.039,3.4803,109.2131,234.0958,0.4666,0.0309
2015-12-21T07:09:59.086Z,3.2972,119.5009,228.7571,0.5216,0.0276,3.9631,107.4402,227.0962,0.473,0.0382,3.541,108.8767,234.7273,0.4639,0.0337
2015-12-21T07:10:59.330Z,4.9645,122.2343,228.5149,0.5346,0.0415,3.8399,107.8592,229.8021,0.4692,0.0351,3.8811,108.349,233.8664,0.4631,0.0357
2015-12-21T07:11:59.461Z,3.6048,120.9216,228.916,0.5282,0.0301,4.0697,104.8969,229.0866,0.4576,0.0391,3.3168,104.4466,232.1886,0.4496,0.0334
2015-12-21T07:12:59.867Z,5.5571,121.0293,227.7037,0.531,0.0449,2.4949,103.294,226.8022,0.455,0.025,2.2959,106.4865,235.0629,0.4526,0.0215
2015-12-21T07:13:59.179Z,5.0978,121.3561,227.3373,0.5339,0.0418,3.7713,107.9983,228.0989,0.4731,0.0343,2.8479,106.7846,234.0053,0.4565,0.0263
2015-12-21T07:14:59.471Z,4.8368,121.2909,227.9232,0.5318,0.041,3.8497,107.6225,229.3459,0.4689,0.0377,3.6048,109.2175,233.5775,0.4676,0.0321
2015-12-21T07:15:59.777Z,4.5663,119.051,228.4062,0.521,0.0412,4.3523,104.783,229.5487,0.4564,0.0468,3.6729,105.9766,233.7798,0.4533,0.0374
2015-12-21T07:16:59.928Z,4.7123,119.5295,228.0785,0.524,0.0409,4.0077,104.6558,229.9288,0.4551,0.0392,2.8698,107.1287,234.3177,0.4574,0.0255
2015-12-21T07:17:59.149Z,3.7189,120.0513,228.1488,0.5257,0.0307,4.342,106.3501,229.7371,0.4627,0.0401,4.3572,107.5571,234.1218,0.4589,0.0399
2015-12-21T07:18:59.467Z,4.6733,121.4972,228.2683,0.5318,0.0388,3.4692,106.132,230.7536,0.4595,0.0325,3.5284,103.671,234.1091,0.4422,0.0343
2015-12-21T07:19:59.827Z,4.4082,122.2896,228.936,0.534,0.0353,3.2703,104.3953,227.371,0.4595,0.0314,3.5043,108.0927,235.2708,0.4593,0.0323
2015-12-21T07:20:59.078Z,4.6153,120.1531,228.3447,0.5263,0.0399,3.7363,104.726,229.2578,0.4569,0.0368,3.5196,108.2514,234.8132,0.4611,0.0341
2015-12-21T07:21:59.398Z,4.6985,119.6826,228.0777,0.5246,0.0386,4.1747,108.5775,231.0743,0.4702,0.0402,3.6708,106.7369,234.7742,0.4542,0.0349
2015-12-21T07:22:59.670Z,4.0821,121.8187,227.0801,0.5359,0.034,3.4377,103.9262,231.193,0.4497,0.0349,3.4341,110.7332,234.8186,0.4715,0.0305
2015-12-21T07:23:59.955Z,4.9335,121.2297,227.4914,0.533,0.0436,3.6884,107.7279,231.0099,0.4659,0.0358,4.2713,108.0765,234.6509,0.4607,0.0388
2015-12-21T07:24:59.142Z,3.5459,121.5758,228.515,0.5316,0.0307,4.3032,109.1813,230.5781,0.4734,0.04,3.3279,107.8327,234.7939,0.4596,0.0309
2015-12-21T07:25:59.395Z,4.6291,120.3447,227.167,0.5295,0.039,4.4018,109.1486,230.38,0.4737,0.0396,3.3804,108.1691,234.0696,0.4622,0.0314
2015-12-21T07:26:59.591Z,4.679,117.2305,227.1534,0.5154,0.0382,3.5446,104.4941,228.7788,0.4567,0.0359,3.5879,106.1952,234.5949,0.4521,0.0354
2015-12-21T07:27:59.944Z,4.8824,121.7311,227.8115,0.5344,0.042,3.5641,107.9613,226.6926,0.4757,0.0335,3.6868,108.1642,234.8849,0.4607,0.0341
2015-12-21T07:28:59.223Z,3.4049,118.7753,227.71,0.5213,0.0262,3.8082,104.8052,225.7773,0.464,0.0346,3.0859,109.7802,235.2272,0.467,0.0268
2015-12-21T07:29:59.535Z,3.6626,119.0923,227.892,0.5222,0.0303,4.0284,104.5605,227.1655,0.4601,0.0382,3.4144,109.6995,234.5686,0.4673,0.0314
2015-12-21T07:30:59.924Z,4.391,120.9965,227.4557,0.5311,0.0361,4.2555,108.3055,229.3045,0.4723,0.039,3.4717,105.8775,233.1699,0.4545,0.0315
2015-12-21T07:31:59.150Z,4.8163,119.6621,227.3527,0.5262,0.0391,3.4058,107.4687,229.5704,0.468,0.0316,3.2481,108.2528,233.1749,0.4639,0.0282
2015-12-21T07:32:59.404Z,4.224,121.3112,227.0593,0.5342,0.0338,4.6127,106.2698,229.591,0.463,0.0426,3.6889,108.0658,234.1681,0.4611,0.0345
2015-12-21T07:33:59.672Z,4.4323,120.6634,225.9175,0.534,0.037,4.0376,107.7138,229.1604,0.47,0.0365,3.1155,107.9059,233.7382,0.4612,0.0288
2015-12-21T07:34:59.099Z,4.9579,121.8622,225.636,0.5394,0.0414,4.1124,107.2396,228.4459,0.4692,0.0366,3.5176,105.1656,233.2198,0.4516,0.0328
2015-12-21T07:35:59.337Z,3.4648,119.0758,225.0947,0.5284,0.0285,4.3518,102.8247,228.548,0.4503,0.0424,2.9275,106.7312,233.2887,0.4575,0.0289
2015-12-21T07:36:59.570Z,4.1931,120.3486,225.8051,0.5324,0.0337,4.3145,104.544,228.3159,0.458,0.0422,3.1597,110.4534,233.3526,0.4731,0.0286
2015-12-21T07:37:59.920Z,3.169,121.8021,225.6356,0.5398,0.026,3.8541,105.2512,229.0457,0.4595,0.0365,3.4011,108.4267,234.3143,0.4624,0.0318
2015-12-21T07:38:59.104Z,4.1478,118.244,226.75,0.5217,0.036,3.7437,106.7496,228.2541,0.4678,0.036,3.7033,110.024,234.8916,0.4683,0.0349
2015-12-21T07:39:59.349Z,3.7268,121.0692,226.8759,0.5331,0.0312,3.8837,102.3922,223.963,0.4566,0.037,3.3676,109.1381,236.1837,0.462,0.0301
2015-12-21T07:40:59.696Z,4.6645,120.2158,227.0084,0.5296,0.0396,3.1949,105.7486,225.1289,0.4698,0.0329,3.5335,109.0431,235.4663,0.4634,0.034
2015-12-21T07:41:59.923Z,4.066,119.0691,226.6993,0.5248,0.0348,4.366,104.4803,226.7984,0.4608,0.041,4.1277,107.7433,235.4595,0.4585,0.0388
2015-12-21T07:42:59.164Z,3.8467,121.6951,226.8112,0.5366,0.0314,3.3059,104.6273,226.0562,0.4627,0.0309,3.9358,106.9608,234.8153,0.4556,0.0373
2015-12-21T07:43:59.365Z,4.3974,121.4634,226.108,0.5368,0.0357,3.8996,104.5464,226.3967,0.4621,0.0356,2.819,107.5553,234.0292,0.4598,0.0269
2015-12-21T07:44:59.784Z,2.9616,119.5954,225.3796,0.5303,0.0236,4.3121,106.1227,227.3491,0.467,0.0426,4.0777,109.8754,233.9727,0.4698,0.0371
2015-12-21T07:45:59.085Z,4.1217,118.2658,225.4348,0.5241,0.0332,4.337,104.2133,227.3279,0.4579,0.0433,3.675,107.0924,234.0066,0.4574,0.0307
2015-12-21T07:46:59.281Z,4.4736,119.1703,225.3358,0.5284,0.0382,3.6742,105.5995,228.444,0.4631,0.0341,3.4055,106.6885,233.2315,0.4575,0.033
2015-12-21T07:47:59.503Z,4.8626,119.1911,226.0804,0.527,0.0409,3.63,106.9836,228.8363,0.4674,0.0353,2.8725,107.0291,232.9705,0.4593,0.027
2015-12-21T07:48:59.693Z,4.0346,121.9118,227.6316,0.5352,0.0324,3.6844,105.1135,229.446,0.4579,0.0385,3.0336,108.0257,232.8605,0.4647,0.0288
2015-12-21T07:49:59.225Z,3.6599,122.0349,229.1901,0.5322,0.0294,3.716,105.5739,227.5039,0.4641,0.036,3.9297,107.1148,233.5477,0.4582,0.0378
2015-12-21T07:50:59.488Z,4.3429,120.7412,228.2734,0.5289,0.036,2.3676,104.5774,226.4908,0.4621,0.0234,2.8875,108.9524,234.4242,0.4647,0.0274
2015-12-21T07:51:59.697Z,3.4271,121,227.9465,0.5307,0.0293,3.3957,107.3091,230.1498,0.4667,0.0296,3.3902,107.6357,233.2054,0.4618,0.0307
2015-12-21T07:52:59.986Z,4.0093,119.2477,228.1705,0.5225,0.0337,4.2503,107.3922,229.6404,0.4678,0.0404,2.8085,108.7408,233.393,0.4665,0.0257
2015-12-21T07:53:59.297Z,3.9318,120.6093,228.9643,0.5266,0.033,3.47,104.9183,228.5209,0.4589,0.0344,3.6764,108.3128,232.7003,0.4652,0.0339
2015-12-21T07:54:59.765Z,4.172,122.9,229.0428,0.5365,0.0343,3.4247,105.5999,228.8168,0.462,0.0337,3.2837,108.3389,231.9832,0.4672,0.0307
2015-12-21T07:55:59.088Z,5.8557,119.6929,229.1013,0.5224,0.0487,3.7653,106.9644,229.2813,0.4664,0.0375,3.614,106.3919,232.2443,0.4579,0.0347
2015-12-21T07:56:59.395Z,4.6228,121.6857,229.9203,0.5291,0.0391,3.6123,106.132,228.3491,0.4645,0.0336,3.5057,107.4011,232.8268,0.4611,0.034
2015-12-21T07:57:59.746Z,5.0674,122.6177,229.8949,0.533,0.0435,2.9266,104.1452,228.2324,0.4558,0.0301,4.1913,108.8709,232.0654,0.4691,0.0379
2015-12-21T07:58:59.065Z,3.8656,121.4174,229.9307,0.528,0.033,4.149,109.0688,227.4931,0.4793,0.038,3.8955,107.2333,232.5883,0.4609,0.0374
2015-12-21T07:59:59.723Z,3.7114,123.398,230.6968,0.534,0.0308,4.2283,105.5011,227.7462,0.4635,0.0407,3.6037,108.592,232.4448,0.467,0.0322
