2015-11-03T00:00:59.596Z,3.8066,71.6637,229.9509,0.3117,0.054,3.5801,64.0117,229.903,0.2782,0.0574,1.7666,64.0256,229.7518,0.2783,0.0282
2015-11-03T00:01:59.987Z,3.7099,73.0476,229.946,0.3173,0.0524,2.8055,65.2289,230.2467,0.283,0.0449,1.6317,65.5647,229.8873,0.2851,0.0245
2015-11-03T00:02:59.209Z,4.5937,72.7121,229.7133,0.3166,0.0655,3.4361,63.1889,229.5816,0.2754,0.0554,1.4364,66.1289,230.7313,0.2866,0.0219
2015-11-03T00:03:59.496Z,4.7469,72.4585,230.1262,0.3151,0.0679,2.5432,64.1392,227.6286,0.2816,0.0403,1.3487,66.0708,231.2299,0.2853,0.0198
2015-11-03T00:04:59.930Z,3.9741,71.531,229.7455,0.311,0.0553,3.1938,64.5985,227.7061,0.2834,0.0486,1.6348,63.6259,230.6713,0.2755,0.0265
2015-11-03T00:05:59.795Z,4.859,72.7034,229.8926,0.3164,0.0664,2.9801,65.9169,226.9524,0.2902,0.0455,1.4379,64.0996,230.571,0.2777,0.0236
2015-11-03T00:06:59.052Z,4.8902,73.539,229.9611,0.3196,0.068,3.2055,64.8624,229.2843,0.283,0.0516,1.5454,64.7351,230.1167,0.2815,0.0228
2015-11-03T00:07:59.880Z,4.3067,73.5512,230.0286,0.3198,0.0592,2.634,64.0234,229.5393,0.2787,0.0434,1.6135,65.095,230.376,0.2826,0.0243
2015-11-03T00:08:59.589Z,4.511,73.4484,230.3651,0.3189,0.0616,3.2885,64.7388,229.1212,0.2827,0.0531,1.583,64.381,230.2382,0.2797,0.0269
2015-11-03T00:09:59.933Z,5.1354,73.4698,229.984,0.319,0.0713,3.7944,64.0357,229.3327,0.279,0.0588,1.4013,65.0881,230.2789,0.2827,0.0226
2015-11-03T00:10:59.158Z,4.4688,74.1718,229.9053,0.3229,0.0611,3.7153,64.5094,229.655,0.2806,0.0567,1.2788,65.0959,230.1929,0.2831,0.0198
2015-11-03T00:11:59.460Z,4.6638,73.5157,230.1321,0.3195,0.0646,2.9864,67.0219,230.1231,0.291,0.0463,1.8213,64.2078,230.1626,0.2786,0.0279
2015-11-03T00:12:59.232Z,4.2149,71.4895,230.008,0.3107,0.0613,3.3675,63.4989,230.5777,0.2763,0.0531,1.693,65.5104,230.7838,0.2838,0.0253
2015-11-03T00:13:59.413Z,4.4263,72.7682,230.2214,0.3166,0.0621,3.5419,64.4877,230.6222,0.2796,0.057,1.5727,63.2077,231.147,0.2732,0.0258
2015-11-03T00:14:59.686Z,4.9142,74.0468,230.0689,0.322,0.0673,3.0909,66.7014,230.8937,0.2888,0.0464,1.497,64.5665,231.2133,0.2793,0.0233
2015-11-03T00:15:59.041Z,4.067,73.2333,229.9662,0.3181,0.055,3.4326,65.2457,230.3648,0.2829,0.0537,1.57,65.4344,231.2982,0.2831,0.024
2015-11-03T00:16:59.583Z,4.309,72.8896,230.2442,0.3164,0.059,2.8277,64.5964,227.7518,0.2838,0.044,1.2563,66.1676,232.1221,0.2848,0.0189
2015-11-03T00:17:59.813Z,4.6978,73.1652,229.5857,0.3185,0.0651,3.4424,66.62,230.1014,0.2893,0.0526,1.5405,65.1974,231.0704,0.2819,0.0227
2015-11-03T00:18:59.251Z,4.6384,72.895,229.6404,0.3176,0.0647,2.661,65.0202,230.5534,0.2823,0.041,1.4328,65.9343,230.7461,0.2857,0.0207
2015-11-03T00:19:59.666Z,4.8645,73.8347,229.5645,0.321,0.0666,3.4007,65.9562,230.4493,0.2863,0.0531,1.4612,64.5674,230.5605,0.2803,0.0209
2015-11-03T00:20:59.927Z,4.1995,72.0796,229.6809,0.3137,0.0584,2.9802,65.6828,230.6871,0.2847,0.0446,1.8777,65.311,230.7272,0.2828,0.0299
2015-11-03T00:21:59.853Z,4.0236,72.7611,229.9748,0.3164,0.0552,3.1951,65.724,230.4834,0.2847,0.0485,1.6079,64.0762,230.9846,0.277,0.0251
2015-11-03T00:22:59.205Z,4.4685,73.4013,229.8489,0.3189,0.0624,3.1927,65.9035,230.5822,0.2856,0.0489,1.4516,66.5964,230.8967,0.288,0.022
2015-11-03T00:23:59.860Z,4.5368,73.944,229.8491,0.3218,0.0612,3.4459,64.7865,230.1721,0.2813,0.0553,1.9013,65.2761,231.0349,0.2826,0.0279
2015-11-03T00:24:59.313Z,3.8011,73.0384,229.8017,0.318,0.0521,3.0248,63.374,230.2282,0.2748,0.0469,1.5694,66.1916,231.136,0.2866,0.0248
2015-11-03T00:25:59.787Z,4.6446,74.4773,229.9982,0.3233,0.0635,3.3934,66.1235,230.2698,0.2871,0.0525,1.3755,63.9166,231.1277,0.2765,0.0215
2015-11-03T00:26:59.002Z,4.5736,73.9678,230.3667,0.3207,0.0637,2.5176,64.9446,230.6933,0.2818,0.0388,0.8796,66.0468,232.0272,0.285,0.0139
2015-11-03T00:27:59.323Z,4.8511,72.262,230.1719,0.314,0.0698,3.1799,65.3073,231.3112,0.2816,0.0493,1.772,64.4304,231.9301,0.2777,0.0276
2015-11-03T00:28:59.767Z,4.1005,73.8786,230.0616,0.321,0.0564,3.3939,64.6884,230.3402,0.2804,0.0534,1.4546,64.0959,231.6785,0.2766,0.0232
2015-11-03T00:29:59.988Z,5.3301,72.57,229.6789,0.3153,0.0741,3.1942,65.2167,229.6859,0.2837,0.0496,1.7205,65.0988,231.4088,0.2816,0.0264
2015-11-03T00:30:59.260Z,5.1503,73.1297,229.3619,0.3189,0.071,2.6428,65.3708,229.5316,0.2848,0.0407,1.412,65.5202,231.2844,0.2827,0.0223
2015-11-03T00:31:59.636Z,4.334,73.7645,229.8548,0.3207,0.0591,3.6065,64.2218,229.8416,0.2791,0.0571,1.7396,66.3748,231.4755,0.2867,0.0249
2015-11-03T00:32:59.916Z,3.7787,72.4122,230.174,0.3145,0.0523,2.3041,62.3361,227.3182,0.2738,0.0412,0.5448,64.799,231.7934,0.2793,0.0097
2015-11-03T00:33:59.014Z,4.7328,71.7919,229.7565,0.3122,0.0667,2.5953,64.8337,229.2713,0.2827,0.0424,0.9136,65.8008,230.9183,0.2854,0.0147
2015-11-03T00:34:59.535Z,4.3961,73.9629,230.0197,0.3214,0.0601,3.4476,64.7988,229.4999,0.2823,0.0521,1.5829,65.6733,231.0092,0.2838,0.0252
2015-11-03T00:35:59.835Z,4.9438,73.1046,229.8345,0.318,0.0686,2.8803,64.3662,229.5962,0.2802,0.0455,1.3807,65.1734,231.1711,0.2819,0.0209
2015-11-03T00:36:59.108Z,4.5973,73.2349,231.2531,0.3168,0.0637,2.923,66.1173,230.215,0.2877,0.0443,2.2069,65.2053,228.5938,0.2849,0.0331
2015-11-03T00:37:59.579Z,3.647,72.5174,230.62,0.3142,0.0508,3.0755,65.0566,230.2711,0.2823,0.0481,1.3797,64.8395,230.6921,0.2811,0.0213
2015-11-03T00:38:59.293Z,4.5175,73.868,230.1356,0.3204,0.0625,3.1353,65.668,230.4981,0.2849,0.049,1.5109,64.3782,231.271,0.2784,0.0224
2015-11-03T00:39:59.625Z,4.9398,74.4141,230.4289,0.3225,0.0671,3.6271,64.974,230.7609,0.2813,0.0567,1.4743,65.8812,231.1075,0.2852,0.021
2015-11-03T00:40:59.140Z,4.8563,73.0864,230.209,0.3172,0.0674,3.1592,65.7416,230.7253,0.2852,0.0482,1.567,65.0519,230.9589,0.2816,0.0274
2015-11-03T00:41:59.507Z,4.3986,73.604,230.6033,0.3192,0.0611,3.5299,64.2816,230.7298,0.2786,0.0545,1.3262,65.0077,230.795,0.282,0.0203
2015-11-03T00:42:59.725Z,4.9648,72.5759,230.8012,0.3148,0.0693,2.8633,64.7303,230.2649,0.2812,0.0466,1.9932,66.034,231.1326,0.286,0.0288
2015-11-03T00:43:59.093Z,4.9601,72.5692,230.568,0.3144,0.0683,2.9,65.5972,230.0377,0.2853,0.0471,1.348,65.3544,230.8896,0.2829,0.0203
2015-11-03T00:44:59.322Z,4.7021,74.0527,231.1409,0.3208,0.0646,3.5879,64.8429,229.4427,0.2823,0.0534,1.7997,65.5885,231.1291,0.2838,0.0263
2015-11-03T00:45:59.717Z,3.8526,73.5938,230.9021,0.3193,0.0523,2.8638,64.6782,229.7538,0.2812,0.0441,1.641,64.8851,231.0351,0.2805,0.0254
2015-11-03T00:46:59.277Z,4.2371,73.4246,231.1623,0.3172,0.0573,3.2617,65.111,230.6107,0.2823,0.051,1.5321,65.2066,231.0768,0.2823,0.0232
2015-11-03T00:47:59.604Z,4.8449,74.5547,230.3231,0.3234,0.0676,3.4819,66.1956,230.2635,0.2875,0.0537,1.1926,65.2884,231.0076,0.2824,0.019
2015-11-03T00:48:59.856Z,4.6685,73.1008,229.9009,0.3182,0.0641,3.0828,64.8305,230.1783,0.2811,0.047,1.3436,64.9532,231.0498,0.2805,0.0198
2015-11-03T00:49:59.055Z,4.6678,74.4057,230.5919,0.323,0.0649,3.0396,65.0912,229.9392,0.2831,0.0472,1.583,65.123,231.4016,0.2816,0.0244
2015-11-03T00:50:59.351Z,4.5763,73.312,230.4863,0.3182,0.0641,3.1724,65.0682,230.3276,0.2823,0.0482,1.3222,65.8863,231.5297,0.2847,0.0193
2015-11-03T00:51:59.484Z,4.7956,73.8623,230.7362,0.3198,0.0658,3.2213,65.4626,230.2933,0.284,0.0493,1.6763,65.4918,231.4411,0.2832,0.0241
2015-11-03T00:52:59.845Z,4.5225,72.8129,230.962,0.3147,0.0627,3.2603,64.1371,230.0492,0.2785,0.0542,1.4065,65.1082,231.4348,0.2816,0.0234
2015-11-03T00:53:59.296Z,4.261,73.283,230.9532,0.3176,0.0574,3.201,64.3098,227.3079,0.2832,0.0491,1.5074,66.3263,231.6568,0.2859,0.0216
2015-11-03T00:54:59.584Z,4.2554,74.0322,231.514,0.3197,0.0585,3.2898,62.7524,227.3474,0.2762,0.0517,1.5283,64.6954,231.6675,0.2792,0.0241
2015-11-03T00:55:59.089Z,4.5941,73.5223,230.8557,0.318,0.0633,3.9193,64.9844,228.9232,0.2838,0.0617,1.3351,65.7878,231.2539,0.2836,0.0197
2015-11-03T00:56:59.635Z,5.0485,72.0653,231.082,0.3118,0.0711,3.3098,64.6664,228.9829,0.2824,0.051,1.4292,65.3282,231.4567,0.2825,0.0217
2015-11-03T00:57:59.471Z,4.4451,73.8922,231.3817,0.3191,0.0606,2.9702,64.2159,228.7508,0.2808,0.0467,1.0233,65.2874,231.8819,0.2818,0.0163
2015-11-03T00:58:59.699Z,4.3341,74.0396,231.3473,0.3202,0.0603,3.5157,65.4414,228.4747,0.2864,0.054,1.3258,66.2533,232.0231,0.2855,0.0178
2015-11-03T00:59:59.006Z,4.4379,74.0137,231.279,0.3199,0.0618,3.0649,66.7822,228.464,0.2918,0.0446,1.7631,64.8619,231.6763,0.2801,0.0264
2015-11-03T01:00:59.428Z,3.9178,72.1767,231.2205,0.3117,0.0561,3.475,63.6209,230.0353,0.2767,0.0561,1.599,65.0867,231.1837,0.2812,0.0261
2015-11-03T01:01:59.832Z,3.7347,72.5869,231.5965,0.3133,0.0532,3.5826,65.3436,230.3991,0.2837,0.0553,0.9951,65.6097,231.9413,0.2831,0.017
2015-11-03T01:02:59.237Z,4.1861,72.2923,231.3416,0.3128,0.0594,2.6548,63.0122,229.3587,0.2749,0.0419,1.0922,64.9577,232.2372,0.2801,0.0191
2015-11-03T01:03:59.507Z,4.6392,73.8215,231.6069,0.3185,0.0646,3.2868,64.0887,226.6893,0.2819,0.053,1.1921,67.0981,233.0174,0.2884,0.0179
2015-11-03T01:04:59.833Z,5.0264,75.0215,231.9583,0.3233,0.0674,3.5066,64.5239,227.9952,0.2828,0.0549,1.1913,66.016,233.0021,0.283,0.0175
2015-11-03T01:05:59.305Z,4.2369,72.9024,231.5113,0.3152,0.0583,3.7727,65.8032,229.8233,0.2866,0.0567,1.3988,66.7294,232.54,0.2864,0.0213
2015-11-03T01:06:59.567Z,4.6962,73.537,231.619,0.3172,0.0646,3.4542,65.5316,229.6315,0.286,0.0532,1.0556,64.7828,232.6104,0.2781,0.0168
2015-11-03T01:07:59.110Z,4.5829,72.7001,231.5796,0.3139,0.0639,3.0959,64.2166,229.4878,0.2801,0.0483,1.2314,66.0601,232.455,0.2841,0.0209
2015-11-03T01:08:59.472Z,5.3003,73.1074,230.5595,0.3165,0.0734,3.241,65.7704,229.3508,0.2868,0.0522,2.014,64.4586,232.168,0.2778,0.0313
2015-11-03T01:09:59.832Z,4.1373,72.4142,230.8177,0.3133,0.0584,3.4877,64.1305,228.5466,0.2805,0.0549,1.4859,66.0295,232.6698,0.2839,0.0226
2015-11-03T01:10:59.474Z,4.0623,73.3714,230.5407,0.318,0.0566,2.8933,64.0539,228.592,0.2798,0.0457,1.2134,65.1286,232.4564,0.2802,0.0199
2015-11-03T01:11:59.866Z,5.2473,73.577,230.6163,0.3188,0.0716,3.1614,65.1853,228.5377,0.2849,0.0491,2.0516,66.395,232.1415,0.2861,0.0307
2015-11-03T01:12:59.171Z,4.2469,73.5549,230.8354,0.3185,0.0579,3.4655,64.1624,229.272,0.2797,0.0534,1.4406,65.304,232.2882,0.2818,0.0226
2015-11-03T01:13:59.693Z,3.9968,72.7767,230.6428,0.3154,0.0549,3.5502,65.6576,230.0876,0.2853,0.0547,1.5342,65.6899,231.8273,0.2835,0.0227
2015-11-03T01:14:59.126Z,3.8141,71.6247,230.6241,0.3104,0.0538,3.8239,66.7998,230.5351,0.2896,0.0588,2.1002,65.5967,231.7726,0.2837,0.0321
2015-11-03T01:15:59.411Z,4.8277,73.2916,230.5854,0.3177,0.0674,3.7195,65.5029,230.5854,0.2841,0.0584,1.1422,66.0585,231.6851,0.2851,0.0166
2015-11-03T01:16:59.948Z,4.5253,72.4379,231.1988,0.3132,0.063,2.8045,63.0389,229.2588,0.2755,0.0482,1.6488,62.8815,231.9834,0.2705,0.0297
2015-11-03T01:17:59.685Z,4.6823,73.0745,231.4422,0.3152,0.0665,3.462,65.144,227.7926,0.2859,0.0531,1.1527,65.2441,232.0197,0.2812,0.0181
2015-11-03T01:18:59.924Z,4.9263,72.7512,230.4974,0.3156,0.0681,2.6811,65.4456,230.1778,0.2846,0.0422,1.0071,65.6915,230.7759,0.2844,0.016
2015-11-03T01:19:59.129Z,4.4873,73.6201,230.9448,0.3191,0.0624,3.2573,65.3528,229.952,0.2837,0.0498,1.4587,66.3004,230.9646,0.2871,0.0217
2015-11-03T01:20:59.676Z,4.6499,74.4411,231.3679,0.3217,0.0626,3.2388,65.9504,229.5217,0.2866,0.0482,1.6337,65.1267,230.2726,0.283,0.0247
2015-11-03T01:21:59.899Z,4.7168,73.8596,231.5099,0.319,0.0637,2.8065,62.3918,227.2697,0.2743,0.048,1.5623,66.284,230.7381,0.2874,0.0237
2015-11-03T01:22:59.250Z,4.6434,72.9236,231.4134,0.3151,0.0653,2.2361,62.9964,227.2107,0.2769,0.0391,0.812,64.0598,230.1934,0.2784,0.0119
2015-11-03T01:23:59.770Z,4.9396,73.6646,231.3564,0.3183,0.0678,3.2426,65.0948,227.1867,0.2864,0.05,1.1515,63.5321,230.1653,0.2752,0.0182
2015-11-03T01:24:59.410Z,3.7531,74.7048,231.8143,0.3227,0.0487,2.5818,64.7378,227.3906,0.2846,0.0409,1.5094,64.7363,230.5482,0.2812,0.0228
2015-11-03T01:25:59.943Z,4.1103,73.3905,231.9467,0.3165,0.0564,3.0061,64.8179,227.7261,0.2839,0.0477,1.2003,66.4773,230.8661,0.2876,0.0185
2015-11-03T01:26:59.875Z,4.6586,73.3432,231.3687,0.3168,0.0641,3.213,65.0643,229.482,0.2833,0.0509,1.2756,64.1362,230.9862,0.2771,0.0199
2015-11-03T01:27:59.206Z,4.7358,72.9156,231.2637,0.3156,0.0656,3.3409,65.4108,230.4429,0.2838,0.0517,1.9477,64.3702,230.6212,0.2792,0.0306
2015-11-03T01:28:59.479Z,4.2062,72.5051,230.9745,0.3133,0.0596,3.4486,65.7077,230.4474,0.2855,0.0536,1.4699,66.0056,230.7869,0.2862,0.0227
2015-11-03T01:29:59.956Z,3.7823,72.6312,231.359,0.3141,0.0528,2.5399,66.2243,228.2993,0.2899,0.0376,1.5741,64.4626,231.0992,0.2791,0.0245
2015-11-03T01:30:59.509Z,4.3014,72.5996,230.854,0.3144,0.059,2.833,63.3917,227.8062,0.2782,0.044,1.0918,64.4887,231.6176,0.2779,0.017
2015-11-03T01:31:59.757Z,4.9816,72.5931,230.5362,0.3152,0.0697,3.1586,63.498,228.4303,0.2778,0.0522,1.0668,65.0865,231.5764,0.2807,0.0189
2015-11-03T01:32:59.143Z,4.44,73.6272,230.7853,0.3194,0.0604,3.5462,64.5529,229.8871,0.2807,0.0557,1.7314,65.9657,231.323,0.2847,0.0273
2015-11-03T01:33:59.502Z,3.5892,73.5514,231.0751,0.3183,0.0488,4.0398,65.2001,229.1613,0.284,0.0613,1.6785,64.1028,231.284,0.2775,0.0259
2015-11-03T01:34:59.516Z,4.2467,73.2768,231.1165,0.3165,0.0593,3.6625,64.8751,229.0645,0.2833,0.0562,1.5296,66.7068,230.9603,0.2889,0.0236
2015-11-03T01:35:59.788Z,4.3742,74.1296,231.0025,0.3209,0.0614,3.2775,63.5836,227.9056,0.2792,0.0516,1.6185,64.497,230.9793,0.2793,0.0251
2015-11-03T01:36:59.961Z,4.4662,73.1793,230.6279,0.317,0.062,3.3319,62.9826,226.4575,0.278,0.0543,1.6223,66.0482,231.5677,0.2849,0.0252
2015-11-03T01:37:59.413Z,4.6037,73.0649,230.223,0.3179,0.063,2.9762,63.8883,227.1232,0.2813,0.0453,1.8081,65.4433,231.499,0.2831,0.0274
2015-11-03T01:38:59.683Z,5.1027,74.0171,229.7426,0.3218,0.0695,3.0392,65.2182,230.1934,0.2833,0.0467,1.5965,65.3289,231.2464,0.2823,0.0244
2015-11-03T01:39:59.219Z,5.2053,73.6036,230.7425,0.3196,0.0707,2.8023,64.4045,230.4931,0.2792,0.0445,1.5927,65.4903,231.8211,0.2826,0.0237
2015-11-03T01:40:59.874Z,4.3109,74.2496,231.2741,0.3205,0.0585,3.2843,64.2157,230.403,0.279,0.0522,1.7666,66.9514,231.4641,0.2893,0.0272
2015-11-03T01:41:59.516Z,4.1851,72.1633,230.5492,0.3129,0.0582,3.0464,63.9878,229.8738,0.2781,0.0518,1.2856,64.5879,230.6363,0.28,0.0211
2015-11-03T01:42:59.066Z,3.3899,72.7299,230.7264,0.3152,0.0458,3.0952,64.9761,228.9473,0.2839,0.048,1.1856,65.2527,231.4324,0.2817,0.018
2015-11-03T01:43:59.431Z,4.7353,73.0487,230.5824,0.3163,0.0672,2.7704,63.8296,227.1953,0.2811,0.0436,1.204,64.9051,231.8004,0.2805,0.0175
2015-11-03T01:44:59.211Z,4.8098,73.0819,230.2472,0.3169,0.0669,2.7377,64.1044,228.2629,0.2806,0.0432,1.0092,66.3119,231.3617,0.287,0.0172
2015-11-03T01:45:59.023Z,4.5987,73.0285,230.3381,0.3174,0.0631,3.1902,65.8897,229.827,0.2864,0.049,1.0952,64.8516,230.8895,0.2809,0.0196
2015-11-03T01:46:59.211Z,4.8268,74.1637,230.5316,0.322,0.0663,2.8423,64.9297,230.0101,0.2824,0.0445,2.1092,65.2448,230.7922,0.2829,0.0314
2015-11-03T01:47:59.652Z,4.6975,72.938,230.9333,0.3155,0.065,3.5936,65.121,229.5168,0.2837,0.0572,0.9326,65.1575,230.5927,0.2828,0.0151
2015-11-03T01:48:59.941Z,4.653,72.863,231.0025,0.3149,0.0659,3.1695,65.1935,229.623,0.2844,0.0488,0.9513,64.4335,230.8935,0.2789,0.0158
2015-11-03T01:49:59.307Z,4.8476,72.507,230.6569,0.3142,0.068,2.7858,66.3788,230.1544,0.2889,0.0414,1.4769,65.4186,231.0202,0.283,0.0231
2015-11-03T01:50:59.774Z,4.5755,73.7497,231.2738,0.3188,0.0621,2.7347,64.2512,227.5733,0.282,0.0443,1.2603,65.7511,231.8185,0.2837,0.018
2015-11-03T01:51:59.156Z,4.3824,72.9263,231.2379,0.3151,0.0608,3.2406,64.4748,229.0398,0.2817,0.0523,1.1414,65.3053,231.7938,0.2817,0.0181
2015-11-03T01:52:59.511Z,4.5879,72.4963,230.9547,0.3139,0.0649,3.3689,65.1001,231.7683,0.2809,0.0523,1.7386,65.84,230.8595,0.2849,0.0263
2015-11-03T01:53:59.113Z,4.6867,74.7039,230.6329,0.3237,0.0642,3.5521,66.8364,232.1771,0.2883,0.0531,1.3307,65.1604,231.0732,0.282,0.0203
2015-11-03T01:54:59.468Z,4.5876,74.671,230.3249,0.324,0.0611,3.8085,66.5878,231.9802,0.2868,0.0561,1.5459,64.8132,231.1533,0.28,0.0235
2015-11-03T01:55:59.777Z,5.241,73.0649,230.669,0.3164,0.0734,3.1631,65.0633,231.8436,0.2807,0.0509,1.9101,64.9766,231.0174,0.2808,0.0304
2015-11-03T01:56:59.591Z,4.3697,72.4664,230.8415,0.3138,0.0603,2.6833,64.0991,229.323,0.2796,0.0429,1.1011,65.5281,231.5954,0.2832,0.0187
2015-11-03T01:57:59.048Z,5.1158,73.5458,231.0191,0.3176,0.0709,2.5892,65.7546,229.2764,0.2873,0.0401,1.51,65.1764,232.0739,0.2811,0.0241
2015-11-03T01:58:59.344Z,4.8296,73.6384,230.672,0.319,0.0658,3.4231,65.7158,231.3249,0.2835,0.0523,1.1633,64.5115,231.5382,0.2788,0.0174
2015-11-03T01:59:59.272Z,4.5946,73.3358,230.302,0.3179,0.0634,3.6788,67.4405,231.4471,0.2911,0.054,1.7379,65.6415,231.8441,0.2835,0.0267
2015-11-03T02:00:59.783Z,4.162,70.2817,230.3857,0.3051,0.0607,2.2857,63.6726,231.1833,0.2749,0.0353,1.1747,64.4538,231.5647,0.2786,0.0184
2015-11-03T02:01:59.703Z,3.8849,73.5078,230.4866,0.3191,0.0537,3.4727,66.0041,232.1509,0.2844,0.0518,1.5496,66.4134,231.627,0.2868,0.0234
2015-11-03T02:02:59.982Z,4.7121,73.3327,230.3413,0.3185,0.064,3.1459,65.8228,232.3674,0.2833,0.0485,1.8123,65.7407,231.2758,0.2838,0.0278
2015-11-03T02:03:59.356Z,4.7787,73.3346,230.2856,0.3182,0.0664,2.5766,65.437,231.5956,0.2828,0.0402,1.5752,64.9688,231.2273,0.281,0.0233
2015-11-03T02:04:59.509Z,4.6045,72.7959,230.5515,0.3157,0.0642,3.2763,64.4485,229.319,0.2809,0.0521,0.9588,64.7138,231.8262,0.2791,0.0156
2015-11-03T02:05:59.862Z,5.4126,72.1189,230.279,0.3135,0.0763,3.3256,64.3332,230.7784,0.2789,0.0548,1.3191,64.0537,230.9138,0.2769,0.023
2015-11-03T02:06:59.106Z,5.1363,72.4738,230.2796,0.3142,0.0711,2.96,66.4783,232.4888,0.2862,0.0444,1.9654,65.7376,230.5774,0.2849,0.0308
2015-11-03T02:07:59.496Z,4.3671,73.5834,230.3004,0.3196,0.0585,3.1076,64.4493,232.0924,0.2775,0.0485,1.8365,64.9302,230.4857,0.2818,0.0276
2015-11-03T02:08:59.232Z,3.8079,73.4496,230.8649,0.3175,0.0536,2.9427,65.4437,231.6577,0.2827,0.0468,1.3467,66.207,230.5245,0.287,0.021
2015-11-03T02:09:59.606Z,4.8634,74.3536,230.6102,0.3224,0.0663,3.0536,65.1944,231.478,0.2816,0.0475,1.5241,65.0333,230.6099,0.2816,0.0234
2015-11-03T02:10:59.776Z,4.7612,73.2525,231.1092,0.3171,0.0665,3.1382,65.571,231.6573,0.2827,0.0469,1.1727,65.2713,230.854,0.283,0.0182
2015-11-03T02:11:59.574Z,4.6256,73.6241,231.2647,0.3186,0.0643,3.2036,64.5914,231.7933,0.278,0.05,1.2654,64.7914,231.0049,0.2803,0.018
2015-11-03T02:12:59.981Z,4.4243,73.1841,231.4259,0.316,0.0601,3.791,65.3825,231.3599,0.2827,0.0598,1.4098,65.6058,231.0271,0.2833,0.0216
2015-11-03T02:13:59.207Z,4.0192,73.1856,232.2693,0.3146,0.054,2.4382,63.329,229.5111,0.2756,0.0388,0.8885,65.7765,232.8994,0.2825,0.0137
2015-11-03T02:14:59.837Z,4.413,73.8634,231.968,0.3186,0.0596,3.4745,64.736,230.8584,0.2802,0.0532,1.4291,66.3296,232.1179,0.2862,0.022
2015-11-03T02:15:59.138Z,5.0653,72.9686,231.6657,0.3149,0.0704,3.1412,65.7236,232.3719,0.2828,0.052,1.3621,64.2409,231.5959,0.2778,0.0212
2015-11-03T02:16:59.742Z,4.358,74.281,231.8055,0.3205,0.0595,3.4037,67.1436,232.3864,0.2892,0.0539,42.5683,85.5299,231.5733,0.3695,0.4117
2015-11-03T02:17:59.038Z,4.7752,73.2059,231.2859,0.3164,0.0656,3.1686,65.9701,232.0373,0.2841,0.0477,80.9192,103.9241,230.9126,0.4499,0.7799
2015-11-03T02:18:59.250Z,4.796,72.9386,231.9184,0.3147,0.066,3.9131,66.3456,232.0677,0.2859,0.0578,80.7844,103.0936,231.4066,0.4455,0.784
2015-11-03T02:19:59.609Z,4.3629,72.8181,231.8625,0.3132,0.0605,3.23,64.713,232.4934,0.2785,0.0514,81.0314,103.9267,231.6296,0.4487,0.7813
2015-11-03T02:20:59.898Z,3.8016,72.6757,231.8611,0.3134,0.0526,3.2354,64.108,232.4115,0.2759,0.0522,81.2779,103.9425,232.0697,0.4476,0.7849
2015-11-03T02:21:59.669Z,4.5102,74.6348,232.11,0.3216,0.0604,3.1932,65.6183,232.2381,0.2826,0.051,80.3072,103.6309,231.2776,0.4479,0.7758
2015-11-03T02:22:59.960Z,4.3834,73.7777,232.1434,0.3177,0.0601,3.6386,66.6473,232.3421,0.2868,0.0557,80.2333,103.0849,230.7102,0.4468,0.7789
2015-11-03T02:23:59.277Z,4.3899,74.9836,232.2298,0.3227,0.059,3.6727,66.1928,231.6813,0.2856,0.0547,80.6937,102.9085,231.5117,0.4445,0.7847
2015-11-03T02:24:59.757Z,4.5832,74.6966,232.3899,0.3215,0.0608,3.1165,63.8295,229.0577,0.2787,0.0498,81.1073,104.8061,233.1064,0.449,0.7749
2015-11-03T02:25:59.146Z,3.9077,74.0032,232.004,0.3193,0.0542,2.8031,66.7308,229.2391,0.2914,0.0439,81.6376,104.7783,232.7094,0.4506,0.78
2015-11-03T02:26:59.871Z,4.3463,74.569,232.0325,0.3213,0.0599,3.6597,65.3295,231.3057,0.2824,0.0578,80.6249,103.0866,231.9296,0.4442,0.7837
2015-11-03T02:27:59.197Z,4.4423,74.2564,231.5631,0.3208,0.0611,3.2849,66.2358,231.3701,0.2862,0.051,80.2837,103.6534,231.6431,0.4476,0.7751
2015-11-03T02:28:59.833Z,4.2408,73.9252,231.0401,0.3198,0.0586,2.9528,65.3801,230.7087,0.2837,0.0418,80.1189,102.9295,230.8737,0.4457,0.7801
2015-11-03T02:29:59.209Z,4.6019,73.3884,230.7943,0.3176,0.0644,2.9908,65.5488,230.3784,0.2839,0.0441,79.6457,102.88,230.6314,0.4456,0.7752
2015-11-03T02:30:59.501Z,5.1298,73.1466,231.1229,0.3159,0.0718,3.0138,66.4804,230.528,0.288,0.0455,80.0818,103.0547,231.0453,0.4462,0.7777
2015-11-03T02:31:59.856Z,4.6299,72.9071,231.3271,0.3152,0.0643,3.2377,64.7784,230.6816,0.2801,0.0501,80.1783,103.7646,230.7697,0.4497,0.7745
2015-11-03T02:32:59.208Z,4.7656,72.6356,230.7036,0.3149,0.0658,3.2061,64.9284,229.9728,0.2827,0.0508,79.445,102.6122,230.2232,0.4461,0.7752
2015-11-03T02:33:59.021Z,3.4479,73.3803,230.9042,0.3176,0.0472,3.6674,65.3587,229.8006,0.2844,0.0559,79.0711,101.6201,229.9248,0.442,0.7782
2015-11-03T02:34:59.269Z,4.3831,73.8165,230.8784,0.3191,0.0589,3.4735,64.0081,228.7046,0.2793,0.0551,79.7987,102.7156,229.2925,0.4476,0.7781
2015-11-03T02:35:59.702Z,4.5667,74.2661,231.0699,0.3217,0.0612,3.2826,63.9266,228.8828,0.2795,0.051,78.5343,102.0936,229.6275,0.4439,0.771
2015-11-03T02:36:59.287Z,4.8282,73.6064,231.3267,0.3178,0.0656,3.0366,64.0644,229.5498,0.2788,0.0501,79.4134,102.3791,229.7192,0.4459,0.7771
2015-11-03T02:37:59.639Z,3.5186,73.4197,231.6963,0.3167,0.0496,3.2782,63.2032,229.8016,0.2752,0.0514,79.3552,103.6385,230.0247,0.4507,0.7675
2015-11-03T02:38:59.981Z,3.888,73.8478,232.2409,0.3176,0.0538,3.1407,64.1777,227.1386,0.2831,0.0486,80.0046,102.1891,230.9203,0.4426,0.7836
2015-11-03T02:39:59.407Z,4.2189,73.5242,232.2812,0.3163,0.058,2.7376,63.0134,227.6062,0.2771,0.0434,79.5918,102.8786,230.5457,0.4457,0.775
2015-11-03T02:40:59.813Z,4.4302,73.7115,231.6487,0.3184,0.0607,3.2208,64.4818,229.2892,0.2811,0.0501,79.174,102.4684,229.7489,0.446,0.7743
2015-11-03T02:41:59.103Z,4.3536,75.3962,231.852,0.3247,0.0573,3.3046,65.5099,229.0773,0.2856,0.051,79.4473,102.2998,230.1062,0.4454,0.778
2015-11-03T02:42:59.837Z,3.6797,73.5204,231.2777,0.3177,0.0511,3.7685,66.0715,230.9303,0.2858,0.0566,79.8955,103.0592,231.14,0.4461,0.7763
2015-11-03T02:43:59.027Z,5.207,73.5878,231.0053,0.3181,0.0712,3.31,64.7967,230.4974,0.2818,0.0516,79.7837,102.5242,230.5684,0.445,0.7793
2015-11-03T02:44:59.337Z,4.6889,73.6612,231.2997,0.3184,0.0657,3.4958,64.4031,229.5885,0.2805,0.0563,79.5976,102.6397,230.6148,0.4455,0.7769
2015-11-03T02:45:59.705Z,4.5309,73.401,231.5564,0.3166,0.0618,3.2397,64.4498,228.922,0.2816,0.051,79.8796,102.6448,230.1165,0.4459,0.7798
2015-11-03T02:46:59.209Z,3.8016,74.6899,231.7728,0.3221,0.0512,3.5114,66.2069,228.7417,0.2894,0.0537,79.482,101.5027,230.1402,0.4417,0.7836
2015-11-03T02:47:59.537Z,4.5227,73.4516,231.3826,0.3174,0.0613,3.5949,63.9267,229.1969,0.2797,0.0546,79.362,101.6655,229.7179,0.4426,0.7818
2015-11-03T02:48:59.925Z,4.7592,73.5468,231.6338,0.3176,0.0657,3.0321,64.7668,229.1071,0.2821,0.0483,79.5914,102.3914,229.8314,0.4452,0.7791
2015-11-03T02:49:59.275Z,4.224,71.7497,231.6297,0.309,0.0598,3.7806,63.4641,228.4767,0.2778,0.061,79.996,102.4682,230.3257,0.4452,0.7828
2015-11-03T02:50:59.595Z,3.6242,73.3763,231.2929,0.3167,0.0498,3.1754,65.2515,228.0779,0.2856,0.0504,79.5258,102.4571,230.2458,0.4447,0.7775
2015-11-03T02:51:59.548Z,3.5774,70.4191,231.3277,0.3045,0.0505,2.7933,60.4795,227.6535,0.2656,0.0459,79.2302,101.5142,229.7119,0.4419,0.7833
2015-11-03T02:52:59.766Z,4.4585,73.2574,230.6856,0.3175,0.062,3.5814,65.1901,229.4776,0.2844,0.0533,79.9874,102.81,230.23,0.4468,0.7796
2015-11-03T02:53:59.405Z,4.1348,73.9122,230.0066,0.321,0.0565,3.4176,64.8647,229.5688,0.2829,0.0526,79.0667,101.9393,229.7042,0.4441,0.7767
2015-11-03T02:54:59.928Z,4.816,72.3191,229.9468,0.3147,0.0663,3.1232,64.0704,229.551,0.2791,0.048,79.0707,101.7203,229.9465,0.4427,0.7788
2015-11-03T02:55:59.212Z,4.4141,72.3671,228.9388,0.3156,0.0607,3.4277,65.0737,228.8521,0.2839,0.0526,79.3558,102.2323,230.1621,0.4449,0.7772
2015-11-03T02:56:59.357Z,4.3469,72.9063,229.2089,0.3185,0.0612,3.4534,65.4675,228.7946,0.2862,0.0512,79.3451,102.0745,230.314,0.4427,0.7781
2015-11-03T02:57:59.950Z,4.184,73.5134,229.4428,0.3205,0.0571,3.3012,64.7148,229.1139,0.283,0.053,79.8439,102.5974,230.4605,0.4453,0.7795
2015-11-03T02:58:59.290Z,3.9807,72.2254,230.1641,0.3137,0.055,2.7614,63.0471,226.8563,0.2778,0.0433,81.135,103.47,231.8821,0.4464,0.7853
2015-11-03T02:59:59.165Z,4.3523,72.5285,230.1803,0.3149,0.062,3.1025,66.4321,228.4505,0.2904,0.0459,81.0701,103.5319,231.7219,0.4463,0.7844
2015-11-03T03:00:59.459Z,4.8391,70.4548,229.6789,0.3067,0.0708,3.3668,63.5608,229.704,0.2773,0.0543,80.127,102.4773,231.2501,0.4431,0.7836
2015-11-03T03:01:59.789Z,4.4936,72.6168,229.9554,0.3156,0.0618,2.7168,64.5884,229.551,0.2813,0.0425,80.3769,103.4091,231.2852,0.4477,0.7788
2015-11-03T03:02:59.775Z,4.723,74.5493,231.9771,0.3211,0.0632,3.1471,65.2012,231.072,0.2823,0.0498,80.0199,104.3092,231.0198,0.4515,0.7679
2015-11-03T03:03:59.002Z,4.6568,73.769,231.541,0.3183,0.0634,3.614,64.8927,230.7179,0.2817,0.0549,79.7618,103.0962,230.9881,0.4461,0.7746
2015-11-03T03:04:59.303Z,4.3537,72.6881,230.7577,0.3154,0.0592,3.1207,64.8032,230.3724,0.2813,0.0499,79.6087,103.4633,230.1831,0.4496,0.7704
2015-11-03T03:05:59.618Z,3.9341,72.9057,230.3825,0.3163,0.0551,3.5785,64.0592,230.6896,0.2774,0.0565,79.3035,104.499,229.7196,0.4548,0.7607
2015-11-03T03:06:59.375Z,3.7226,73.8491,230.5509,0.3197,0.0499,3.0917,65.5661,230.7283,0.2842,0.0454,79.513,102.4471,229.2549,0.4469,0.7773
2015-11-03T03:07:59.548Z,4.5715,73.2213,230.4769,0.318,0.0632,3.0468,63.8136,230.2633,0.2766,0.0473,78.961,102.1109,229.2838,0.4452,0.7744
2015-11-03T03:08:59.012Z,4.4267,72.5732,230.3937,0.315,0.0612,3.7618,64.4896,230.1928,0.2803,0.0581,78.8807,102.9856,229.3788,0.449,0.7683
2015-11-03T03:09:59.247Z,4.5947,72.9555,230.8491,0.316,0.0632,2.7999,64.9303,230.3073,0.2822,0.0443,79.571,101.3346,229.7709,0.4414,0.7864
2015-11-03T03:10:59.565Z,3.6051,74.3759,230.6997,0.3222,0.0486,3.617,64.7251,230.3997,0.2809,0.0551,79.4027,102.0584,229.7947,0.4441,0.7788
2015-11-03T03:11:59.844Z,3.852,74.6595,231.2933,0.3232,0.0509,3.3415,66.1444,230.6544,0.2867,0.0509,80.4034,102.8286,231.5133,0.4441,0.7825
2015-11-03T03:12:59.074Z,5.1308,73.6789,231.2192,0.3189,0.0702,3.3583,65.9386,230.2482,0.2867,0.0518,79.8374,102.3411,231.2162,0.4428,0.7809
2015-11-03T03:13:59.037Z,4.828,72.8303,230.6847,0.3164,0.0675,3.0123,65.8786,230.2178,0.2865,0.0464,80.1507,103.4437,230.8526,0.4486,0.7758
2015-11-03T03:14:59.364Z,4.3937,72.7084,230.7633,0.3149,0.0626,3.5475,63.8802,229.231,0.2785,0.0557,79.663,102.3499,230.0868,0.4453,0.7797
2015-11-03T03:15:59.111Z,4.4626,73.7445,230.0504,0.3203,0.0608,3.0731,65.463,229.0501,0.286,0.0476,78.593,100.9692,228.8578,0.4412,0.7791
2015-11-03T03:16:59.385Z,4.5008,73.5079,229.8734,0.3197,0.0615,3.0968,65.2012,229.2056,0.2848,0.0484,78.8384,101.9035,228.5808,0.4454,0.7748
2015-11-03T03:17:59.815Z,4.7973,73.9057,229.8611,0.3211,0.0647,3.3946,65.0838,229.1344,0.2837,0.0509,78.229,101.0364,228.5643,0.4427,0.7751
2015-11-03T03:18:59.891Z,4.3384,71.4625,229.299,0.3114,0.0625,3.2951,64.9192,229.2726,0.2831,0.053,78.939,100.9411,228.5008,0.4415,0.7844
2015-11-03T03:19:59.160Z,4.5986,73.216,228.814,0.3197,0.064,3.2029,64.1144,228.4891,0.2804,0.0512,78.7976,101.6021,228.7038,0.4437,0.7773
2015-11-03T03:20:59.351Z,4.8764,72.6149,229.7543,0.3162,0.0667,2.8856,65.1301,227.1537,0.287,0.0438,79.4629,101.1448,230.4687,0.4385,0.7859
2015-11-03T03:21:59.880Z,4.57,72.9989,229.9693,0.3176,0.0638,3.4836,65.1871,230.0973,0.2837,0.0529,79.0429,102.4978,230.356,0.4447,0.7725
2015-11-03T03:22:59.666Z,4.4046,72.407,230.9101,0.313,0.0619,3.3364,66.4002,231.3771,0.2866,0.05,80.2756,102.6989,230.7845,0.4452,0.7822
2015-11-03T03:23:59.905Z,4.6635,72.289,230.6191,0.3133,0.0653,3.5922,64.2835,231.5881,0.2776,0.0584,79.5609,101.8212,230.9803,0.4406,0.7832
2015-11-03T03:24:59.047Z,4.959,72.3738,230.2536,0.3134,0.0693,3.9203,65.468,230.7624,0.2834,0.059,79.8123,102.6204,230.2821,0.446,0.7792
2015-11-03T03:25:59.244Z,4.6975,72.3686,229.9126,0.3147,0.0654,3.2119,63.9399,230.2584,0.2776,0.05,79.8467,103.4042,230.64,0.4487,0.7731
2015-11-03T03:26:59.916Z,3.5387,73.0491,229.2423,0.3185,0.048,3.5235,65.0014,229.4121,0.2834,0.0547,80.4315,103.2898,230.8834,0.4472,0.7798
2015-11-03T03:27:59.369Z,3.9059,73.037,229.3251,0.3184,0.0541,3.3672,64.899,229.5646,0.2822,0.0524,80.1238,102.6121,230.8343,0.4449,0.7814
2015-11-03T03:28:59.894Z,3.8729,72.9334,229.254,0.3184,0.0525,3.4735,64.7649,229.6514,0.2816,0.0547,79.8321,102.7378,230.8099,0.4456,0.7779
2015-11-03T03:29:59.242Z,5.2647,72.0568,230.0959,0.3131,0.0737,3.4008,66.0489,230.146,0.2869,0.051,80.1867,102.5643,230.8834,0.4442,0.7821
2015-11-03T03:30:59.666Z,4.2213,74.0889,230.7539,0.3209,0.0577,3.7891,64.7834,230.236,0.2814,0.0595,80.0446,102.2066,231.0802,0.4422,0.7835
2015-11-03T03:31:59.882Z,5.4896,73.0853,230.4343,0.3166,0.0744,2.7822,64.737,230.7334,0.2807,0.042,80.1573,103.2018,230.6936,0.4473,0.7781
2015-11-03T03:32:59.290Z,4.8473,73.7148,230.8307,0.3191,0.0657,3.2348,65.4132,230.507,0.2838,0.0499,79.8844,103.4628,230.7192,0.4484,0.7738
2015-11-03T03:33:59.577Z,3.9102,73.1537,230.7195,0.3166,0.0552,3.2968,64.0891,230.5292,0.2784,0.0524,167.5296,197.454,230.717,0.8565,0.8277
2015-11-03T03:34:59.954Z,919.7407,1358.6813,229.5106,5.9204,0.6736,929.2118,1407.9178,228.9041,6.1519,0.6473,1393.1873,1937.6472,226.0557,8.573,0.7214
2015-11-03T03:35:59.218Z,1022.8597,1422.5458,229.949,6.1861,0.719,1012.9812,1489.5129,228.1791,6.5281,0.6798,1475.4184,1999.2103,225.3374,8.8709,0.738
2015-11-03T03:36:59.461Z,1043.7396,1457.0264,229.8702,6.3386,0.7172,1045.1467,1496.8031,227.3793,6.5826,0.6982,1538.1633,2053.9527,226.4842,9.0689,0.7497
2015-11-03T03:37:59.123Z,1034.3756,1445.5142,229.9474,6.2861,0.716,1043.9962,1502.9427,227.7227,6.5994,0.6947,1522.0167,2043.5811,226.5855,9.019,0.7448
2015-11-03T03:38:59.871Z,1049.7169,1451.6342,229.6598,6.3208,0.7237,1057.3356,1508.1593,227.2758,6.6356,0.7011,1529.5117,2041.4539,225.8134,9.0401,0.7492
2015-11-03T03:39:59.123Z,1044.7863,1442.6908,229.3481,6.29,0.7244,1077.7524,1526.8913,228.047,6.6958,0.7058,1530.6528,2056.4461,226.2779,9.0879,0.7442
2015-11-03T03:40:59.407Z,1046.6051,1442.4389,229.1192,6.2954,0.7256,1094.1507,1540.5476,228.5951,6.7396,0.7106,1538.6616,2069.56,226.5461,9.1349,0.7427
2015-11-03T03:41:59.316Z,1051.5547,1448.3116,229.117,6.3211,0.7261,1102.7391,1551.4029,229.0083,6.7744,0.7109,1543.3576,2078.548,226.9727,9.1576,0.7418
2015-11-03T03:42:59.655Z,1062.3543,1449.9433,229.339,6.3227,0.7324,1111.5932,1566.3004,228.9151,6.8416,0.7099,1533.0033,2066.2266,226.6838,9.1147,0.7411
2015-11-03T03:43:59.043Z,1066.3044,1451.6627,229.0712,6.3373,0.7346,1114.9713,1565.7326,228.7707,6.8443,0.7125,1537.2766,2064.956,226.4357,9.1193,0.7444
2015-11-03T03:44:59.482Z,1065.5701,1460.3242,228.7644,6.3832,0.7296,1098.1229,1536.4691,227.7748,6.7449,0.7143,1554.7383,2066.0739,226.3059,9.1296,0.7529
2015-11-03T03:45:59.205Z,1067.2918,1462.0237,228.6073,6.3951,0.7304,1086.9104,1521.93,227.1154,6.7007,0.714,1553.5126,2052.7521,226.03,9.0813,0.7581
2015-11-03T03:46:59.856Z,1065.2767,1473.8397,229.2879,6.4277,0.7229,1046.4364,1491.1886,226.1229,6.5944,0.702,1541.1503,2023.8264,226.0979,8.9514,0.762
2015-11-03T03:47:59.191Z,1005.7472,1419.891,229.404,6.1897,0.7081,1002.7509,1453.3022,225.9426,6.4318,0.6902,1488.1198,1983.4602,226.4986,8.7569,0.7497
2015-11-03T03:48:59.502Z,996.6852,1406.7529,229.6312,6.1263,0.7082,1016.4074,1466.4262,226.1968,6.4829,0.6927,1479.6526,1987.6168,226.8519,8.7611,0.744
2015-11-03T03:49:59.893Z,992.7266,1409.5014,229.9316,6.1301,0.705,1018.818,1474.6487,227.1023,6.4929,0.6911,1479.6984,1998.868,227.662,8.7791,0.7396
2015-11-03T03:50:59.206Z,989.74,1401.251,229.7107,6.1,0.7065,1034.4925,1495.1934,228.1762,6.5526,0.6916,1471.2219,2004.5485,228.0384,8.79,0.7336
2015-11-03T03:51:59.397Z,999.0122,1415.8216,229.7869,6.1611,0.706,1040.2279,1495.2421,228.1003,6.555,0.6951,1491.9367,2022.148,228.4156,8.8527,0.7392
2015-11-03T03:52:59.728Z,993.0357,1414.5964,229.5817,6.1611,0.7017,1044.7403,1486.0019,227.8139,6.5227,0.7028,1510.5887,2040.2928,228.3682,8.9339,0.7401
2015-11-03T03:53:59.185Z,981.2958,1405.5811,228.9537,6.1385,0.6984,1048.2265,1473.7727,227.3073,6.4834,0.7112,1523.1713,2053.7229,228.7801,8.9763,0.7416
2015-11-03T03:54:59.540Z,983.1803,1443.542,229.4438,6.2911,0.6816,1017.4604,1419.9917,224.9296,6.313,0.7169,1578.2564,2081.6937,229.9112,9.0544,0.7581
2015-11-03T03:55:59.931Z,1011.5907,1444.666,229.3781,6.2979,0.7002,1030.6529,1453.6618,225.9596,6.4329,0.7091,1545.6562,2041.8238,228.1713,8.9482,0.7567
2015-11-03T03:56:59.248Z,1021.084,1437.1789,228.7595,6.2824,0.7108,1065.1567,1488.0207,227.3401,6.5455,0.7157,1546.3292,2055.7616,228.1534,9.0102,0.7524
2015-11-03T03:57:59.877Z,1030.5312,1449.8276,228.9279,6.3332,0.711,1069.0564,1489.8318,227.0679,6.5613,0.7179,1559.2493,2065.1466,228.5416,9.0364,0.7554
2015-11-03T03:58:59.010Z,1027.3292,1436.6592,228.5719,6.2849,0.715,1081.7608,1496.7986,227.0227,6.5931,0.7233,1554.1592,2061.7939,228.0602,9.0401,0.7526
2015-11-03T03:59:59.591Z,1047.5018,1456.8656,228.4651,6.3764,0.7193,1114.2746,1524.0032,227.4304,6.7007,0.7307,1589.0647,2103.1122,228.7057,9.1953,0.7562
