2015-12-29T00:00:59.464Z,4.3408,112.8277,227.6005,0.4955,0.0385,3.4047,99.2219,229.5574,0.4324,0.034,81.0148,128.8048,230.0348,0.5598,0.6323
2015-12-29T00:01:59.870Z,5.8642,115.932,227.0948,0.5101,0.0505,4.1303,99.3738,230.7035,0.4307,0.0402,81.0812,129.2017,229.5167,0.5634,0.6293
2015-12-29T00:02:59.430Z,4.1329,115.1836,228.1752,0.5044,0.0353,4.3853,101.2783,230.8208,0.4388,0.0432,82.1264,128.5601,229.9566,0.5588,0.6412
2015-12-29T00:03:59.681Z,4.1818,115.8466,227.2438,0.5098,0.0357,3.4171,99.6095,231.101,0.4307,0.0351,81.0964,126.8267,230.2856,0.5505,0.6425
2015-12-29T00:04:59.848Z,4.5499,114.6105,227.4852,0.5037,0.0403,3.7444,101.4452,231.1971,0.4385,0.038,82.1631,129.4942,230.8905,0.5605,0.638
2015-12-29T00:05:59.513Z,4.653,115.1392,227.7416,0.5053,0.0406,3.3668,97.4993,230.7001,0.4223,0.0402,82.3684,128.3028,230.6953,0.5562,0.6454
2015-12-29T00:06:59.780Z,3.9575,115.3652,227.0883,0.5077,0.0334,2.4446,101.4458,230.4987,0.4399,0.025,80.5398,128.2628,229.6492,0.5587,0.6314
2015-12-29T00:07:59.392Z,4.605,113.9936,227.4153,0.501,0.0398,4.2163,100.9161,230.1277,0.4384,0.0413,80.3514,128.3611,229.689,0.5583,0.6293
2015-12-29T00:08:59.552Z,3.5168,116.584,227.876,0.5118,0.0311,4.1298,101.0701,230.3903,0.4385,0.0395,81.2125,127.7282,229.9456,0.5548,0.6402
2015-12-29T00:09:59.904Z,3.4649,113.324,227.7086,0.4971,0.0307,3.5627,101.2878,231.1015,0.4384,0.0332,82.1629,129.9399,230.4779,0.5634,0.636
2015-12-29T00:10:59.201Z,3.624,113.4122,228.2983,0.4966,0.0316,4.2966,98.8527,231.5038,0.4274,0.0471,82.4849,128.4968,230.9918,0.5557,0.6454
2015-12-29T00:11:59.104Z,5.5944,114.6046,228.9459,0.5003,0.0487,3.2516,98.8401,231.5391,0.4267,0.0337,81.9893,128.7127,231.5541,0.5559,0.6389
2015-12-29T00:12:59.355Z,4.496,117.0007,228.9247,0.5111,0.0387,4.032,100.058,231.6511,0.432,0.0425,82.4786,129.3277,231.8236,0.5579,0.6405
2015-12-29T00:13:59.755Z,4.943,116.2211,229.1619,0.5067,0.0427,4.0631,100.4097,231.7173,0.434,0.0392,82.3546,128.2689,231.8505,0.553,0.6442
2015-12-29T00:14:59.257Z,4.0242,115.9012,228.6448,0.507,0.0357,4.4281,102.3701,231.9358,0.4416,0.0426,82.3922,128.5736,231.4588,0.5551,0.6427
2015-12-29T00:15:59.534Z,4.761,116.3493,227.7513,0.5107,0.0415,4.2082,100.1292,231.166,0.4328,0.0422,82.3979,129.41,231.4708,0.5587,0.6393
2015-12-29T00:16:59.763Z,5.0422,115.9816,227.6745,0.5085,0.0444,3.499,99.4591,231.1692,0.4305,0.0347,81.4938,129.4895,231.1242,0.5605,0.6342
2015-12-29T00:17:59.031Z,3.5884,113.5908,227.3076,0.4993,0.0323,3.5142,99.2226,230.7367,0.43,0.0372,82.4249,127.9431,231.6301,0.5516,0.6479
2015-12-29T00:18:59.442Z,3.8501,114.6131,227.9266,0.5023,0.0332,4.734,100.9637,230.7205,0.4377,0.0469,82.3,128.8656,231.9413,0.5555,0.642
2015-12-29T00:19:59.843Z,3.7396,114.3009,228.4758,0.4998,0.0331,4.0159,101.6091,232.1155,0.438,0.0386,82.8302,129.2896,231.6525,0.5582,0.6455
2015-12-29T00:20:59.675Z,4.5286,112.7721,228.0723,0.4941,0.0398,3.4022,99.2387,232.3382,0.4275,0.0371,144.1245,183.9391,231.7926,0.7934,0.7537
2015-12-29T00:21:59.181Z,5.0259,116.131,228.9171,0.5069,0.0438,3.3058,103.1038,232.0921,0.4447,0.0308,82.8948,129.4886,231.9416,0.5577,0.644
2015-12-29T00:22:59.495Z,4.1885,117.308,228.9254,0.5123,0.0362,2.9808,102.2297,231.6688,0.4418,0.0313,83.1091,128.6805,232.2585,0.5541,0.6482
2015-12-29T00:23:59.744Z,3.654,114.9305,230.1337,0.4996,0.0302,4.0199,100.3953,230.8888,0.4346,0.0396,82.3641,128.5044,231.6913,0.5542,0.6441
2015-12-29T00:24:59.253Z,4.3563,118.0586,230.1811,0.5124,0.0358,3.7673,100.6093,230.027,0.4367,0.0381,82.2052,128.4831,231.127,0.5557,0.643
2015-12-29T00:25:59.511Z,4.4034,115.5874,229.8646,0.503,0.0368,3.0934,99.7601,229.4522,0.4347,0.0321,80.6471,129.0731,230.9759,0.5586,0.6285
2015-12-29T00:26:59.262Z,3.5183,114.6891,229.2139,0.4999,0.0318,4.107,101.7276,229.0931,0.444,0.0403,81.8462,129.056,230.521,0.56,0.6384
2015-12-29T00:27:59.470Z,5.6393,116.5905,228.774,0.5093,0.0495,3.8905,99.6143,227.6946,0.4378,0.0381,82.7513,130.9115,231.9445,0.5642,0.6335
2015-12-29T00:28:59.771Z,3.7161,118.8991,229.2925,0.5182,0.0312,3.5117,96.6124,224.8105,0.4295,0.0363,84.1401,131.5838,233.3863,0.5637,0.6423
2015-12-29T00:29:59.362Z,5.3614,116.642,229.4698,0.5081,0.0471,2.9303,96.2951,227.1874,0.424,0.0292,83.1174,129.19,232.7853,0.5548,0.6462
2015-12-29T00:30:59.006Z,4.2363,116.337,230.0147,0.5056,0.0361,3.4693,99.0091,228.6303,0.4328,0.037,82.9654,129.5006,232.6793,0.5568,0.6459
2015-12-29T00:31:59.160Z,3.6834,116.1443,229.9673,0.5049,0.0322,4.2669,97.9525,228.623,0.4281,0.0442,138.8693,179.3235,232.6701,0.7707,0.7485
2015-12-29T00:32:59.717Z,3.5488,116.2933,230.0514,0.5055,0.0299,4.8636,100.969,228.8127,0.4412,0.0471,87.4475,134.6139,232.4213,0.5793,0.6474
2015-12-29T00:33:59.466Z,2.9863,118.6614,230.3602,0.5148,0.0259,3.8731,98.0549,228.5613,0.4293,0.0398,83.6184,130.3999,232.8547,0.5608,0.6428
2015-12-29T00:35:59.024Z,3.7151,116.5852,229.8272,0.5067,0.0313,4.0198,98.5524,228.5902,0.4313,0.0412,83.4735,131.0551,232.7271,0.5628,0.6413
2015-12-29T00:36:59.297Z,5.3357,118.7421,229.1248,0.518,0.0459,3.8907,100.1233,228.591,0.4382,0.0376,82.6273,131.2259,232.5622,0.5643,0.6328
2015-12-29T00:37:59.559Z,5.0948,116.3066,229.1658,0.5073,0.0446,3.7693,102.1991,229.204,0.4459,0.0349,82.4189,130.3669,231.7756,0.5626,0.6344
2015-12-29T00:38:59.946Z,5.3022,116.7352,230.3208,0.5066,0.0467,2.504,99.4205,229.1327,0.4338,0.0263,82.6549,131.9253,232.374,0.568,0.6309
2015-12-29T00:39:59.811Z,4.3026,115.1798,230.4709,0.4999,0.0374,2.9119,98.3887,229.1154,0.429,0.0314,82.6515,128.1977,233.2327,0.5496,0.647
2015-12-29T00:40:59.124Z,3.8893,117.4593,230.6862,0.5088,0.0333,3.2306,101.7577,229.3456,0.4434,0.0327,83.0773,130.1811,233.1702,0.558,0.6421
2015-12-29T00:41:59.432Z,4.7141,116.0301,230.4936,0.5031,0.0409,4.008,102.0089,229.9899,0.4438,0.0395,144.7667,186.7918,233.3382,0.801,0.747
2015-12-29T00:42:59.075Z,3.4942,119.8259,230.6214,0.5193,0.0293,3.7127,99.474,229.3577,0.4342,0.0379,83.9426,131.0464,233.1218,0.5621,0.643
2015-12-29T00:43:59.368Z,4.0139,118.4988,230.4253,0.5139,0.034,2.6255,98.2763,230.1449,0.4272,0.0288,82.8693,131.807,232.6304,0.5666,0.6318
2015-12-29T00:44:59.570Z,4.978,117.7676,230.3044,0.5114,0.0427,3.9818,104.2168,230.5308,0.4524,0.0382,83.254,128.9327,232.1785,0.5549,0.6481
2015-12-29T00:45:59.804Z,4.5226,116.2426,230.0043,0.5052,0.0379,3.8807,97.6978,229.7655,0.4248,0.0422,82.6224,129.0412,232.0923,0.556,0.6444
2015-12-29T00:46:59.123Z,5.1892,115.8249,229.5339,0.5043,0.0452,3.489,100.6017,229.5,0.438,0.0354,82.197,129.9856,231.635,0.5614,0.6353
2015-12-29T00:47:59.904Z,4.3022,118.1414,230.6236,0.5123,0.0376,3.7483,102.7483,229.1921,0.4483,0.0367,81.9842,129.5918,231.0618,0.5608,0.6348
2015-12-29T00:48:59.597Z,3.5893,116.1927,230.4948,0.5042,0.0299,3.843,102.571,229.663,0.447,0.0403,82.0847,131.1944,231.1781,0.5674,0.6271
2015-12-29T00:49:59.011Z,4.6477,115.3389,230.2501,0.5007,0.04,3.0848,96.842,230.4424,0.4208,0.0344,81.898,128.7153,231.2913,0.5559,0.6384
2015-12-29T00:50:59.306Z,5.6683,117.4447,230.6468,0.5086,0.0478,4.2334,97.7165,230.4329,0.4242,0.0441,82.2389,128.0166,231.1646,0.5537,0.647
2015-12-29T00:51:59.626Z,2.9832,116.5913,230.1195,0.5064,0.0256,3.884,100.8463,230.6696,0.4369,0.0391,81.6663,127.37,231.1237,0.5511,0.6425
2015-12-29T00:52:59.294Z,4.3947,116.6382,230.4776,0.5061,0.0388,3.1841,100.1693,230.4989,0.4346,0.0331,81.9008,127.4396,230.9643,0.5516,0.6459
2015-12-29T00:53:59.564Z,3.1509,116.554,230.3863,0.5055,0.0276,3.8675,98.8265,230.4372,0.4291,0.04,81.8171,128.7721,230.8488,0.558,0.6378
2015-12-29T00:54:59.779Z,2.5471,115.3477,230.7195,0.5002,0.0235,3.2198,98.741,230.1467,0.4292,0.0365,82.6173,129.0299,230.9368,0.5588,0.6469
2015-12-29T00:55:59.326Z,4.0714,118.1698,230.0376,0.5133,0.035,3.6414,101.8476,229.3837,0.4444,0.0348,93.4229,137.9202,229.8932,0.5998,0.6657
2015-12-29T00:56:59.939Z,3.9738,115.4529,230.7123,0.5002,0.034,3.8811,98.6335,228.2684,0.4322,0.0389,129.7828,172.6888,229.8352,0.7513,0.7199
2015-12-29T00:57:59.668Z,4.5478,118.2376,230.8962,0.5118,0.0387,2.9584,100.8419,228.3798,0.4416,0.0299,81.2854,130.1628,230.3044,0.5654,0.6264
2015-12-29T00:58:59.074Z,4.7719,117.1076,230.8077,0.5072,0.0407,3.3199,98.8804,228.2193,0.4332,0.0338,82.4798,129.1724,231.8962,0.5568,0.6422
2015-12-29T00:59:59.384Z,3.2497,115.1486,231.7755,0.4967,0.0271,5.0365,97.0524,227.3964,0.427,0.0521,81.1242,127.7397,230.2463,0.5544,0.6402
