2015-11-10T00:00:59.540Z,4.0722,71.7296,230.1255,0.3116,0.0584,3.1482,64.4684,230.7536,0.2789,0.0489,1.4115,63.2477,231.1162,0.2737,0.023
2015-11-10T00:01:59.577Z,3.8959,72.7414,230.0696,0.3162,0.0545,3.4637,62.8945,230.7785,0.2721,0.0552,1.744,64.6286,231.3497,0.2795,0.0282
2015-11-10T00:02:59.905Z,4.9395,73.1326,230.0904,0.3174,0.0682,3.7227,64.903,230.0959,0.2825,0.059,1.5856,64.2793,231.3736,0.2775,0.0254
2015-11-10T00:03:59.353Z,4.6906,74.472,230.1779,0.3233,0.0641,2.9981,65.7284,230.6286,0.2851,0.0457,1.2024,65.9943,231.2012,0.2854,0.0187
2015-11-10T00:04:59.789Z,4.3397,73.0362,229.6693,0.3178,0.0602,2.5135,65.563,230.6523,0.2842,0.0385,1.6862,65.6887,231.0452,0.2836,0.025
2015-11-10T00:05:59.049Z,3.6796,73.31,229.7281,0.3193,0.0509,3.5649,65.6824,230.442,0.2849,0.0535,1.8562,65.9116,231.0816,0.2851,0.0272
2015-11-10T00:06:59.793Z,3.9304,73.7601,229.3799,0.3213,0.0546,2.3189,62.8369,228.0395,0.2756,0.0381,1.1344,63.2173,231.3344,0.2729,0.0174
2015-11-10T00:07:59.056Z,4.6625,73.2652,229.6696,0.3188,0.0648,3.0916,63.7526,228.2381,0.2794,0.0484,1.3549,65.2417,232.259,0.2808,0.0217
2015-11-10T00:08:59.423Z,4.9704,74.0077,229.7402,0.3222,0.0688,3.5053,65.318,231.1589,0.2823,0.0533,1.5355,65.2378,231.5646,0.2822,0.0245
2015-11-10T00:09:59.863Z,3.4489,72.6789,229.7358,0.3162,0.0479,2.7719,64.8655,231.0192,0.281,0.0427,2.0645,65.1331,231.4145,0.2815,0.0303
2015-11-10T00:10:59.279Z,4.6259,73.2397,230.799,0.317,0.065,3.174,65.6008,230.2212,0.285,0.0478,1.5263,65.6572,232.3464,0.2824,0.0241
2015-11-10T00:11:59.341Z,5.1115,73.9059,230.87,0.3196,0.0702,3.3126,63.3484,230.717,0.2749,0.0531,1.3288,65.1054,232.2044,0.28,0.0209
2015-11-10T00:12:59.502Z,4.794,73.7229,231.6867,0.3179,0.0655,3.3323,64.4321,231.1489,0.2786,0.0513,2.1235,64.6143,230.9033,0.2796,0.0329
2015-11-10T00:13:59.782Z,3.7422,74.2331,232.039,0.3196,0.0514,3.6343,64.76,231.0841,0.2802,0.0562,1.5919,66.3934,230.7167,0.2875,0.0233
2015-11-10T00:14:59.718Z,4.6322,73.76,231.8934,0.3184,0.0644,3.1345,65.2905,231.0473,0.2833,0.049,1.4997,66.2622,230.748,0.2871,0.0214
2015-11-10T00:15:59.139Z,5.2504,74.0953,231.623,0.3196,0.0717,2.9568,63.8282,231.0673,0.2766,0.049,1.563,64.2572,231.6323,0.2774,0.0242
2015-11-10T00:16:59.595Z,4.5234,73.401,231.5101,0.317,0.0618,3.0436,66.0873,231.0038,0.2863,0.0455,1.2929,64.8308,231.717,0.2798,0.0212
2015-11-10T00:18:59.389Z,4.0847,74.5553,231.3744,0.3224,0.0549,3.3704,66.2583,231.1708,0.2865,0.0511,1.4105,64.895,231.6082,0.2799,0.0215
2015-11-10T00:19:59.570Z,4.9054,73.85,231.1255,0.3193,0.0671,2.7651,64.8663,231.3338,0.2801,0.0423,1.6013,67.1482,231.5685,0.29,0.0241
2015-11-10T00:20:59.287Z,4.4593,73.9511,231.5879,0.3197,0.0615,3.0737,65.1566,231.3071,0.2819,0.048,1.834,65.5932,231.9735,0.2824,0.0293
2015-11-10T00:21:59.267Z,4.2603,71.8182,231.3434,0.3104,0.0608,3.3282,64.1779,231.0571,0.2773,0.0544,1.5111,62.2109,231.4257,0.269,0.0244
2015-11-10T00:22:59.575Z,4.5487,74.3976,230.7552,0.3227,0.0623,3.2838,64.6443,231.0129,0.2803,0.0502,1.4887,65.9091,231.0536,0.2851,0.0225
2015-11-10T00:23:59.034Z,4.9336,73.9349,230.5803,0.3207,0.068,3.3716,65.9708,231.018,0.2852,0.0526,1.2709,65.3944,230.7996,0.2836,0.0199
2015-11-10T00:24:59.299Z,4.6362,72.5054,230.2115,0.3148,0.0651,3.1771,65.6804,230.99,0.284,0.0492,1.6049,64.9384,231.4597,0.281,0.0246
2015-11-10T00:25:59.998Z,3.9345,73.1947,231.129,0.3166,0.0536,3.5052,65.6864,231.7127,0.2831,0.0567,1.5693,64.4918,231.2175,0.2788,0.024
2015-11-10T00:26:59.297Z,5.1512,72.3559,230.9769,0.3134,0.0732,2.682,63.9161,231.2033,0.2762,0.0421,1.8999,64.6594,230.8394,0.28,0.0308
2015-11-10T00:27:59.494Z,4.4955,73.3827,230.5858,0.3182,0.0632,2.8879,65.2374,228.5561,0.2847,0.0454,1.6229,64.4853,231.4496,0.279,0.0264
2015-11-10T00:28:59.118Z,4.3291,72.936,231.1676,0.3153,0.06,2.3728,63.8121,228.2831,0.2791,0.0383,1.5504,65.4977,231.7317,0.2828,0.0232
2015-11-10T00:29:59.450Z,3.3708,73.661,231.0208,0.3184,0.0468,3.0678,66.4096,230.0191,0.2888,0.0465,2.082,66.6632,231.4784,0.2878,0.0309
2015-11-10T00:30:59.220Z,3.8556,72.6171,231.048,0.3146,0.0546,2.8266,64.1996,230.6449,0.2784,0.0452,1.7579,65.2667,231.4933,0.2816,0.0273
2015-11-10T00:31:59.494Z,4.8065,73.2903,231.0715,0.3167,0.0667,2.856,66.2545,231.0312,0.2866,0.0436,1.4754,65.3997,230.9659,0.2834,0.0222
2015-11-10T00:32:59.218Z,4.5168,73.6612,231.0052,0.3198,0.0619,2.95,64.1904,231.1768,0.2771,0.0451,1.8677,65.9313,231.0159,0.2857,0.0276
2015-11-10T00:33:59.731Z,3.7166,74.0807,231.3005,0.3197,0.0511,3.0564,64.6238,231.3376,0.2791,0.0482,1.0787,65.5947,231.326,0.2838,0.0157
2015-11-10T00:34:59.263Z,4.4109,74.3218,231.3193,0.321,0.0598,3.2129,65.156,231.5782,0.2815,0.05,1.2454,66.0289,231.7031,0.2844,0.0176
2015-11-10T00:35:59.550Z,4.7155,73.4199,231.0449,0.3176,0.0658,3.6647,63.5715,231.633,0.2745,0.0584,2.0946,65.7369,231.8365,0.2834,0.0343
2015-11-10T00:36:59.155Z,4.3367,74.9952,231.6629,0.3237,0.0586,2.547,65.4494,230.9762,0.2832,0.0387,2.3322,66.2738,231.8678,0.2857,0.0353
2015-11-10T00:37:59.793Z,4.0896,73.2016,231.4259,0.3159,0.0551,2.6166,65.4855,229.1753,0.2855,0.039,1.2935,65.8555,232.942,0.2829,0.0187
2015-11-10T00:38:59.290Z,4.4619,73.6367,231.7168,0.3177,0.0623,3.181,67.3942,231.3058,0.2914,0.0464,2.1408,65.6999,232.4537,0.283,0.032
2015-11-10T00:39:59.481Z,4.5069,74.2882,231.2513,0.3211,0.0612,2.8256,65.6682,231.8278,0.2834,0.0448,1.8744,66.8164,232.5138,0.2875,0.027
2015-11-10T00:40:59.789Z,4.7122,74.905,230.9223,0.3245,0.0648,2.7101,63.7503,232.0668,0.2745,0.0427,1.1485,65.532,232.4664,0.2821,0.0173
2015-11-10T00:41:59.418Z,4.0914,72.2681,231.1206,0.312,0.0564,3.3079,66.3256,231.8039,0.286,0.051,1.5421,65.7282,232.7249,0.2822,0.0236
2015-11-10T00:42:59.210Z,4.078,73.8325,230.8179,0.3199,0.0556,2.9615,63.4387,231.2485,0.2743,0.0488,1.7327,65.5144,232.5362,0.2814,0.0254
2015-11-10T00:43:59.590Z,4.7116,73.5857,231.0404,0.3187,0.0643,3.2914,65.2918,231.8032,0.2819,0.0519,2.0952,66.367,232.1656,0.2858,0.0307
2015-11-10T00:44:59.373Z,4.7595,75.0898,231.5073,0.3247,0.0644,3.1576,66.6595,231.9808,0.2877,0.0495,1.6545,65.1376,232.4722,0.2803,0.0255
2015-11-10T00:45:59.966Z,4.6777,73.8728,231.6443,0.3182,0.0633,3.2691,66.7058,232.2815,0.2873,0.0496,1.3322,64.8945,232.7208,0.2784,0.0205
2015-11-10T00:46:59.130Z,4.5143,73.0452,231.4494,0.3146,0.0633,2.9406,65.6189,232.0819,0.2827,0.0428,1.7275,66.5171,232.6217,0.2858,0.0256
2015-11-10T00:47:59.875Z,4.6159,73.5242,231.3373,0.3174,0.0636,2.8745,65.9837,231.6322,0.2851,0.0446,1.2812,65.9385,232.2287,0.2841,0.0192
2015-11-10T00:48:59.096Z,3.9579,73.6227,231.826,0.3177,0.0551,3.2832,65.8334,230.5048,0.2857,0.0498,1.7011,65.1948,232.8687,0.2799,0.0256
2015-11-10T00:49:59.647Z,4.2849,73.9529,231.9805,0.3186,0.0599,3.0053,66.0317,230.825,0.2854,0.0455,2.0329,65.567,232.8688,0.2816,0.0309
2015-11-10T00:50:59.924Z,4.9975,74.1754,231.8352,0.3198,0.0656,2.6807,64.5381,227.7298,0.283,0.041,1.7893,65.9433,233.3086,0.2825,0.028
2015-11-10T00:51:59.348Z,4.7993,73.9139,231.7412,0.3189,0.067,3.208,65.0013,229.3723,0.2833,0.0496,1.4132,65.8954,232.4883,0.2831,0.0213
2015-11-10T00:52:59.676Z,4.1185,74.089,231.3809,0.321,0.0563,3.2972,65.527,230.4845,0.2848,0.0496,1.1446,65.1459,231.8073,0.281,0.018
2015-11-10T00:53:59.647Z,4.2437,74.0374,230.533,0.3211,0.0573,3.3636,64.9968,230.3962,0.2816,0.0532,1.8088,66.3622,231.47,0.287,0.0287
2015-11-10T00:54:59.875Z,5.0642,73.0815,230.4276,0.3173,0.0708,3.2441,64.2384,229.9563,0.2791,0.0515,1.2867,64.3671,231.3498,0.2782,0.0187
2015-11-10T00:55:59.357Z,4.6246,71.9952,229.8347,0.3133,0.0654,3.1048,65.0743,230.4274,0.2827,0.0487,1.6557,64.9369,231.2499,0.2807,0.0264
2015-11-10T00:56:59.599Z,4.5005,73.6763,230.8343,0.319,0.0621,3.2736,65.134,230.1945,0.2827,0.0495,1.8482,64.9012,231.3811,0.2808,0.0279
2015-11-10T00:57:59.950Z,4.1526,75.4325,230.7292,0.3271,0.0564,3.5379,65.6815,230.1746,0.285,0.0538,1.5745,64.656,231.2828,0.2798,0.0242
2015-11-10T00:58:59.277Z,4.6872,74.6402,230.6981,0.3231,0.0627,2.891,65.4203,230.3696,0.2841,0.0459,1.9477,65.0728,231.2109,0.2812,0.0301
2015-11-10T00:59:59.803Z,4.5662,74.4589,231.3159,0.3219,0.0621,3.0229,65.9074,230.643,0.2859,0.0473,1.6431,65.9603,231.8388,0.2843,0.0255
