2015-12-14T00:00:59.451Z,5.0582,116.8841,231.0793,0.5055,0.0438,3.8577,107.6869,233.1358,0.4618,0.0359,83.2254,133.0473,234.2887,0.5677,0.6286
2015-12-14T00:01:59.934Z,4.2439,121.9764,231.1242,0.5273,0.0348,4.4977,105.6816,232.3773,0.4546,0.0415,83.7689,136.0413,234.1253,0.581,0.6185
2015-12-14T00:02:59.187Z,3.7444,120.3069,231.1372,0.5197,0.031,4.2652,108.797,232.4984,0.4681,0.0396,83.0206,135.4034,234.2698,0.578,0.6146
2015-12-14T00:03:59.355Z,4.5647,121.7031,231.0582,0.526,0.039,3.6471,107.9433,232.4993,0.4637,0.0354,83.4113,134.7413,234.3273,0.5751,0.6198
2015-12-14T00:04:59.572Z,4.2796,120.9692,231.408,0.5224,0.0356,3.7848,107.0908,232.0787,0.4614,0.0355,83.5882,134.7756,233.8699,0.5763,0.6243
2015-12-14T00:05:59.743Z,4.4403,120.4443,231.0777,0.521,0.0359,4.6371,105.1447,232.0333,0.4529,0.0435,83.7532,134.5221,233.7552,0.5755,0.6245
2015-12-14T00:06:59.144Z,4.1111,120.5882,231.2221,0.5211,0.0344,3.3254,106.3789,232.3681,0.4582,0.0321,83.6635,135.3411,233.6117,0.5792,0.6211
2015-12-14T00:07:59.487Z,4.5766,121.5934,231.2441,0.5254,0.0376,3.4425,107.2522,232.4655,0.4612,0.0309,83.6396,135.0171,233.7204,0.5779,0.622
2015-12-14T00:08:59.727Z,4.4468,120.37,230.6007,0.5211,0.0384,4.0445,105.3168,233.1973,0.4513,0.0384,83.4859,133.2598,234.0355,0.5692,0.6289
2015-12-14T00:09:59.082Z,3.7702,117.6039,228.7397,0.5139,0.0332,4.6039,106.3122,233.0357,0.4562,0.0458,82.804,133.9378,233.6923,0.5732,0.6236
2015-12-14T00:10:59.327Z,4.974,119.3914,228.7698,0.5213,0.0424,4.5242,105.3037,232.5916,0.4531,0.0425,82.7151,134.7914,233.8771,0.5764,0.6164
2015-12-14T00:11:59.676Z,3.9326,118.4348,228.8438,0.5174,0.0353,3.7268,105.0069,232.551,0.4516,0.0358,83.949,135.0612,234.087,0.5775,0.6234
2015-12-14T00:12:59.922Z,4.0128,120.9472,228.9641,0.5278,0.0339,4.7205,106.6073,232.6949,0.4582,0.0432,84.1147,133.9166,234.3573,0.5713,0.6299
2015-12-14T00:13:59.279Z,4.5951,119.102,229.1147,0.519,0.0385,4.0639,104.3365,233.2329,0.4474,0.0392,84.0027,134.6743,235.0689,0.5726,0.6267
2015-12-14T00:14:59.664Z,3.8962,118.6862,229.4882,0.5167,0.0328,4.2074,105.2736,233.3189,0.4515,0.0437,84.7461,135.4113,235.0312,0.5764,0.6287
2015-12-14T00:15:59.999Z,4.3935,120.2678,229.7169,0.5225,0.036,5.3234,106.832,232.7059,0.4587,0.0478,85.5029,137.0038,235.5521,0.5818,0.6257
2015-12-14T00:16:59.376Z,3.2489,117.9943,229.5053,0.5136,0.0276,4.753,106.1828,232.6536,0.4562,0.0448,84.6019,135.3662,235.3806,0.5749,0.6259
2015-12-14T00:17:59.588Z,3.467,120.8447,229.1813,0.5267,0.0282,4.5229,105.5366,233.0341,0.4526,0.0427,84.2876,135.763,235.2852,0.577,0.623
2015-12-14T00:18:59.847Z,4.3937,120.0301,228.6715,0.5245,0.0369,4.4563,106.0265,232.9155,0.4549,0.0411,84.7518,136.2531,234.9123,0.5799,0.6242
2015-12-14T00:19:59.133Z,4.4202,118.0221,228.6127,0.5162,0.0397,3.5541,104.935,232.4322,0.4522,0.034,83.4089,134.107,234.3957,0.5719,0.6274
2015-12-14T00:20:59.338Z,3.1657,117.5029,228.5795,0.5141,0.0266,4.6515,106.204,231.949,0.4577,0.0425,84.6966,136.0741,234.924,0.5791,0.6242
2015-12-14T00:21:59.583Z,4.9442,119.9657,228.2145,0.5255,0.0411,4.312,104.8373,231.932,0.4517,0.0422,84.5099,135.3824,235.3852,0.5747,0.6266
2015-12-14T00:22:59.842Z,5.2768,120.8644,229.0785,0.5276,0.0434,3.7601,106.3627,232.684,0.4569,0.034,85.126,136.8677,235.421,0.5815,0.624
2015-12-14T00:23:59.224Z,3.4723,118.4671,229.2648,0.5162,0.0284,4.6597,104.633,233.0148,0.4494,0.0462,84.2126,136.4383,235.3807,0.5798,0.6219
2015-12-14T00:24:59.488Z,4.0716,119.5541,228.1534,0.5237,0.0336,4.8741,105.8466,233.4446,0.4535,0.0477,84.7918,137.3509,235.5784,0.5827,0.6205
2015-12-14T00:25:59.781Z,3.6453,120.0375,227.4312,0.5276,0.0308,3.6103,106.387,234.0252,0.4541,0.0348,84.9531,135.5818,235.2462,0.5766,0.6292
2015-12-14T00:26:59.965Z,4.681,119.7456,227.5699,0.5251,0.0401,4.1741,106.6238,234.3052,0.4554,0.0405,84.3404,136.6818,235.0068,0.5819,0.6197
2015-12-14T00:27:59.307Z,4.7078,117.6109,227.9719,0.516,0.0394,3.9993,107.5433,234.2689,0.4592,0.0374,84.44,134.8639,234.7382,0.5739,0.6276
2015-12-14T00:28:59.509Z,4.3926,120.3201,228.0759,0.5275,0.0374,4.2998,103.4966,233.8126,0.4425,0.0433,84.1016,133.6581,234.4507,0.5696,0.6324
2015-12-14T00:29:59.788Z,4.5677,118.3384,227.8916,0.5189,0.0388,3.6587,106.9292,234.1211,0.457,0.0336,83.4367,133.9871,234.2699,0.5722,0.6253
2015-12-14T00:30:59.010Z,5.2744,119.9912,227.8742,0.5262,0.0433,3.2911,106.5429,233.6611,0.456,0.0299,84.1411,135.6755,234.0444,0.5797,0.6218
2015-12-14T00:31:59.500Z,4.2507,118.4212,227.1489,0.5209,0.0367,4.0359,108.4707,233.509,0.4645,0.0352,83.6533,132.9936,234.0991,0.5676,0.6307
2015-12-14T00:32:59.777Z,4.17,119.7305,226.9998,0.5271,0.0343,4.2323,105.8922,233.2245,0.4544,0.0396,83.757,135.7725,234.4078,0.5795,0.6196
2015-12-14T00:33:59.168Z,4.5288,118.0211,226.7546,0.5199,0.0382,3.4788,104.9638,233.368,0.4498,0.0353,83.5681,134.0509,234.2358,0.5721,0.6281
2015-12-14T00:34:59.606Z,4.4488,117.9084,226.8497,0.5195,0.0377,3.459,105.1916,232.929,0.4516,0.0325,83.6891,134.4152,234.1609,0.5746,0.6253
2015-12-14T00:35:59.777Z,4.2321,118.1545,227.2156,0.5197,0.0364,3.7422,104.7854,233.0016,0.4498,0.0335,84.6995,134.2459,235.0241,0.5711,0.6333
2015-12-14T00:36:59.045Z,4.7561,116.2299,227.1209,0.5119,0.0428,4.0135,106.4853,233.4776,0.4561,0.0391,85.3069,135.8653,234.8443,0.578,0.6294
2015-12-14T00:37:59.275Z,5.3271,118.5148,228.0813,0.5189,0.043,3.4711,107.6152,233.0093,0.4614,0.0332,84.7847,135.5536,234.6813,0.5779,0.627
2015-12-14T00:38:59.656Z,4.4084,117.5688,229.1664,0.5132,0.0381,4.0114,104.4274,232.8909,0.4479,0.0401,84.3422,135.5634,234.8153,0.5767,0.6273
2015-12-14T00:39:59.109Z,3.7037,119.3623,229.0776,0.5209,0.0314,4.093,108.4078,232.9839,0.4652,0.0383,84.4799,136.4298,234.9137,0.581,0.6214
2015-12-14T00:40:59.386Z,3.8231,120.8416,230.7541,0.5233,0.0316,3.7355,106.973,233.0859,0.459,0.0363,85.7021,136.9796,235.5107,0.5819,0.6286
2015-12-14T00:41:59.714Z,3.9756,118.5697,231.0108,0.5125,0.0337,4.3349,105.1958,233.6595,0.4503,0.0413,85.6497,136.9936,236.0857,0.5796,0.6275
2015-12-14T00:42:59.017Z,4.8807,119.9664,230.1566,0.521,0.0414,4.6237,107.4297,234.0284,0.4587,0.043,84.9751,136.5746,235.826,0.5791,0.6242
2015-12-14T00:43:59.240Z,5.0573,118.2969,230.2231,0.5137,0.0421,4.1522,106.7448,233.7597,0.4564,0.0386,84.9681,137.7968,235.4805,0.5849,0.6186
2015-12-14T00:44:59.750Z,4.3476,120.8072,231.3392,0.5218,0.0375,4.2811,104.821,233.6858,0.4485,0.0411,84.854,134.649,235.8052,0.5711,0.6301
2015-12-14T00:45:59.985Z,4.6764,122.3608,231.4515,0.5285,0.0401,4.2113,107.2916,233.6152,0.459,0.0393,85.0924,136.3026,235.9553,0.578,0.6247
2015-12-14T00:46:59.215Z,4.9738,121.7839,231.4027,0.5262,0.0422,3.7856,106.2617,233.5546,0.4553,0.0358,84.4697,136.1306,235.6122,0.5778,0.6228
2015-12-14T00:47:59.448Z,3.4368,119.2379,231.89,0.5141,0.0281,4.952,105.0455,233.0178,0.451,0.0486,84.5955,136.2775,235.8996,0.5775,0.6229
2015-12-14T00:48:59.889Z,3.7067,120.7309,230.9375,0.5222,0.031,3.648,105.9204,230.2525,0.4596,0.0346,83.866,133.4419,233.6388,0.5709,0.63
2015-12-14T00:49:59.148Z,3.8606,119.6669,230.363,0.5191,0.0322,3.431,106.3779,230.3968,0.4613,0.0312,83.6088,133.8174,233.7361,0.5724,0.627
2015-12-14T00:50:59.414Z,3.5495,121.0482,230.2236,0.5257,0.0288,4.6554,104.1884,231.321,0.4498,0.0463,84.2852,135.3523,233.921,0.5784,0.6244
2015-12-14T00:51:59.725Z,3.3235,121.0211,231.1272,0.5235,0.0268,4.8367,105.2529,230.8004,0.4558,0.0448,83.2716,133.297,233.6272,0.5712,0.6271
2015-12-14T00:52:59.102Z,3.5862,118.8382,231.5815,0.5128,0.0312,4.0646,103.8796,230.6694,0.4506,0.0416,83.8104,133.759,233.4997,0.5722,0.6292
2015-12-14T00:53:59.236Z,5.1021,122.1883,231.8965,0.5271,0.0416,3.8513,104.315,228.1328,0.4573,0.0376,83.6847,132.9103,234.0154,0.568,0.6318
2015-12-14T00:54:59.495Z,4.6351,119.7544,231.4012,0.5175,0.0385,3.8208,103.7527,228.104,0.4553,0.0353,83.2315,134.8051,233.2069,0.578,0.6199
2015-12-14T00:55:59.730Z,3.8453,119.9686,230.8652,0.5191,0.0309,4.4254,102.2268,229.7786,0.4448,0.0425,82.763,133.3281,231.9393,0.5741,0.6223
2015-12-14T00:56:59.087Z,3.4562,119.031,230.6389,0.516,0.0293,4.2352,104.8816,230.198,0.4551,0.0402,83.3544,134.1824,232.1902,0.5776,0.6231
2015-12-14T00:57:59.343Z,4.3291,119.8185,229.9478,0.5212,0.0351,4.0765,102.5899,229.7743,0.447,0.0431,82.4537,131.4367,231.8104,0.5667,0.6304
2015-12-14T00:58:59.581Z,3.2986,117.8138,229.8918,0.5124,0.0272,4.5435,101.8563,229.5395,0.4437,0.0479,82.917,132.5167,231.9184,0.5714,0.6297
2015-12-14T00:59:59.016Z,4.2104,119.015,230.274,0.5169,0.0361,4.2367,103.9122,229.7642,0.4519,0.0414,82.7401,132.7786,232.403,0.5718,0.6246
2015-12-14T01:00:59.438Z,4.2835,117.0282,230.7424,0.5068,0.0351,4.6532,103.7602,229.4205,0.4525,0.0464,83.1227,133.7304,232.5969,0.5752,0.6235
2015-12-14T01:01:59.748Z,5.4297,119.9508,230.4468,0.5201,0.044,4.5326,104.7397,228.7299,0.4575,0.0445,83.047,134.3852,233.1431,0.5763,0.621
2015-12-14T01:02:59.977Z,3.317,120.5748,229.8997,0.5242,0.0278,4.264,103.1999,228.5155,0.452,0.0398,82.7788,133.6412,232.9399,0.5731,0.6207
2015-12-14T01:03:59.434Z,4.1654,119.4034,229.9301,0.5192,0.0344,3.6306,103.0082,229.1521,0.4497,0.0343,82.3493,131.9592,232.905,0.5664,0.6266
2015-12-14T01:04:59.768Z,3.1531,118.6049,229.7887,0.5159,0.0269,3.3651,102.6934,229.209,0.4481,0.0335,82.2777,134.3293,232.8214,0.577,0.6148
2015-12-14T01:05:59.960Z,5.5947,121.8064,230.2649,0.5286,0.0458,3.889,101.0782,229.1179,0.4409,0.0396,83.5555,134.9549,233.0691,0.5791,0.6212
2015-12-14T01:06:59.227Z,5.0589,120.5487,230.5499,0.5221,0.0427,4.4527,105.3651,230.0131,0.4579,0.0426,83.8818,132.5283,233.8291,0.5666,0.6342
2015-12-14T01:07:59.441Z,4.382,120.4169,230.7179,0.5213,0.036,3.5829,104.1321,230.1353,0.4524,0.032,83.4201,134.2191,233.2114,0.5755,0.6244
2015-12-14T01:08:59.767Z,4.7902,119.3954,231.2393,0.5163,0.0396,3.7565,102.5397,230.1841,0.4459,0.0377,83.3492,132.9311,233.4778,0.5692,0.6309
2015-12-14T01:09:59.929Z,4.0667,119.5323,230.8564,0.5176,0.0351,3.8434,103.6699,230.3697,0.4497,0.0367,82.6558,133.9448,233.3156,0.5738,0.6188
2015-12-14T01:10:59.210Z,3.9347,119.2534,231.1702,0.5151,0.0317,3.9675,103.5282,230.3581,0.4496,0.0384,83.3517,132.54,233.674,0.5671,0.6304
2015-12-14T01:11:59.426Z,3.9943,118.7181,230.7101,0.5138,0.0348,4.392,104.9385,230.3671,0.4553,0.0424,83.3603,133.3836,233.4154,0.5715,0.628
2015-12-14T01:12:59.751Z,5.6605,117.1035,230.7858,0.5074,0.0476,4.0508,104.8122,231.0321,0.4542,0.0377,83.1449,134.6033,233.2514,0.5771,0.6209
2015-12-14T01:13:59.081Z,5.2378,118.8598,231.0334,0.5143,0.0439,4.1299,103.0599,230.9881,0.4461,0.0398,83.2064,134.3632,233.3321,0.5759,0.6223
2015-12-14T01:14:59.361Z,3.2674,121.1227,230.8582,0.5243,0.0263,4.2338,105.4641,230.9429,0.4565,0.0421,82.7407,132.8979,233.1685,0.5699,0.6252
2015-12-14T01:15:59.784Z,4.2341,121.2354,231.3871,0.5236,0.0348,4.1553,105.2768,230.134,0.4573,0.0411,82.2802,132.4551,233.4105,0.5678,0.623
2015-12-14T01:16:59.037Z,3.3633,119.2193,231.0998,0.5156,0.0292,4.1203,104.4693,227.7226,0.4589,0.039,83.8366,133.0428,234.2784,0.5674,0.6323
2015-12-14T01:17:59.203Z,4.6863,117.22,230.8041,0.5081,0.0409,3.3499,102.9665,229.8053,0.4487,0.0376,83.263,132.2293,233.3367,0.5675,0.6343
2015-12-14T01:18:59.372Z,4.1955,120.3778,230.7448,0.5218,0.0356,4.0625,104.4875,230.4593,0.4532,0.039,82.2246,133.3642,233.4202,0.5711,0.6181
2015-12-14T01:19:59.746Z,4.2142,119.8284,230.5483,0.5193,0.0353,3.8965,103.9442,230.786,0.4505,0.037,82.6472,132.7041,233.0002,0.5699,0.6248
2015-12-14T01:20:59.040Z,3.8477,120.9096,230.6729,0.5239,0.0318,4.5539,103.8513,230.5287,0.45,0.042,83.1928,131.9011,232.7171,0.5668,0.6318
2015-12-14T01:21:59.370Z,5.1266,120.5012,229.8578,0.5235,0.0421,3.9041,103.5492,229.6945,0.4505,0.0384,81.7284,132.4742,231.6653,0.5713,0.6188
2015-12-14T01:22:59.660Z,3.493,118.852,229.0905,0.5189,0.0312,3.9156,101.9782,229.0086,0.4458,0.0392,81.9115,131.3492,231.2382,0.5679,0.6266
2015-12-14T01:23:59.927Z,3.388,115.5017,228.7768,0.5046,0.0292,3.8896,101.1039,228.765,0.4421,0.0371,82.4788,129.8587,231.4807,0.5613,0.6378
2015-12-14T01:24:59.314Z,3.063,117.6299,227.6248,0.5164,0.0264,4.5252,105.0383,229.7037,0.457,0.0442,82.1264,132.0015,231.7694,0.5698,0.6248
2015-12-14T01:25:59.596Z,4.6104,117.0187,227.8203,0.5132,0.0389,3.9302,104.0945,229.6387,0.4534,0.0371,81.8647,130.1229,231.5014,0.5618,0.6293
2015-12-14T01:26:59.747Z,3.9593,117.7227,228.7607,0.5136,0.0334,3.4086,104.0073,229.9389,0.4523,0.0332,80.9751,131.7821,230.4434,0.5715,0.6177
2015-12-14T01:27:59.009Z,4.5909,119.2456,229.4906,0.5194,0.039,4.7768,105.1772,229.8352,0.4577,0.0446,80.8608,131.0176,230.46,0.5689,0.6188
2015-12-14T01:28:59.321Z,5.6244,117.8165,228.542,0.5148,0.0488,3.5244,102.9612,229.9804,0.4476,0.0355,81.3677,130.4535,231.1275,0.5645,0.6255
2015-12-14T01:29:59.607Z,3.7836,118.7501,228.6469,0.5195,0.0316,3.6123,104.692,230.1501,0.4548,0.0353,81.9898,130.8745,231.6947,0.5645,0.6277
2015-12-14T01:30:59.906Z,3.7612,117.7853,228.5177,0.5151,0.0334,3.333,102.7827,229.9266,0.4466,0.0338,81.755,133.0208,231.6354,0.5742,0.6193
2015-12-14T01:31:59.212Z,3.4707,119.4121,229.2424,0.5207,0.0293,4.4127,104.1297,229.0482,0.4547,0.0436,81.4382,130.4822,231.6054,0.5624,0.6263
2015-12-14T01:32:59.596Z,4.2757,120.0972,229.6239,0.5229,0.0346,3.8032,103.1118,229.6209,0.4488,0.0395,82.1357,133.4813,232.076,0.5753,0.6167
2015-12-14T01:33:59.915Z,3.6986,117.381,230.4209,0.5092,0.0327,4.2716,101.6303,229.8759,0.4421,0.0432,81.9443,133.1049,232.4919,0.5723,0.6192
2015-12-14T01:34:59.268Z,3.3457,120.9072,230.034,0.5253,0.0288,4.0781,104.5971,230.151,0.4548,0.0387,83.0068,131.9959,232.5218,0.5678,0.6301
2015-12-14T01:35:59.593Z,3.2276,119.7779,229.8307,0.5208,0.0266,4.0636,104.4836,230.116,0.4538,0.037,83.5645,134.1197,232.649,0.5764,0.6248
2015-12-14T01:36:59.878Z,3.6605,119.6902,229.7817,0.5207,0.0313,3.8314,101.8921,229.6286,0.4438,0.0377,83.0042,132.9115,232.8988,0.5708,0.6266
2015-12-14T01:37:59.238Z,2.9889,117.3152,229.5424,0.5107,0.0266,3.7594,101.4668,229.8361,0.4413,0.0404,82.7414,130.4651,232.8393,0.5601,0.6398
2015-12-14T01:38:59.669Z,4.0298,119.6276,230.0063,0.5201,0.0335,3.757,105.3446,229.6307,0.4588,0.039,81.9054,133.232,232.4429,0.573,0.6166
2015-12-14T01:39:59.860Z,4.4475,122.1221,230.5446,0.5296,0.0352,4.1954,103.0642,229.4734,0.449,0.0413,82.3684,131.9227,232.7196,0.5667,0.6258
2015-12-14T01:40:59.074Z,3.5888,119.8773,230.0472,0.5208,0.029,4.2667,103.7406,229.3111,0.4519,0.0428,82.324,135.056,233.0687,0.5799,0.6114
2015-12-14T01:41:59.317Z,4.511,118.7801,230.7448,0.5141,0.0375,4.3107,104.2613,229.4654,0.4543,0.0401,82.9992,132.259,233.5819,0.5657,0.6314
2015-12-14T01:42:59.841Z,4.8608,117.0651,230.1351,0.5086,0.0416,4.3289,103.8513,229.7459,0.4523,0.0391,83.1872,133.5648,233.854,0.5711,0.6253
2015-12-14T01:43:59.186Z,3.8356,119.8448,230.1865,0.5202,0.0318,4.0322,106.7667,229.8894,0.4646,0.0382,83.5834,131.7406,233.3152,0.5646,0.6367
2015-12-14T01:44:59.411Z,4.0321,119.1002,230.8341,0.5157,0.0333,4.2283,101.9927,229.947,0.444,0.0424,83.1778,135.0067,233.3291,0.5782,0.6198
2015-12-14T01:45:59.728Z,3.181,118.5854,230.7033,0.5136,0.0262,4.1746,104.7341,230.0236,0.4551,0.0403,83.577,133.7495,233.2257,0.5734,0.6278
2015-12-14T01:46:59.032Z,4.7566,118.6326,230.8994,0.5132,0.0402,3.1323,101.0881,229.3272,0.4412,0.0329,83.5702,132.6352,233.3888,0.5688,0.6317
2015-12-14T01:47:59.201Z,4.7524,116.6405,230.4419,0.5063,0.0418,3.7756,100.0079,229.509,0.4355,0.0379,82.5911,131.3159,233.3521,0.5629,0.6338
2015-12-14T01:48:59.598Z,4.1784,120.378,229.9078,0.5234,0.036,3.9999,104.3329,228.5159,0.4568,0.0388,82.3935,132.0416,232.3449,0.5685,0.6267
2015-12-14T01:49:59.991Z,3.3976,120.7348,230.4051,0.524,0.0279,3.6479,101.4953,228.7218,0.4443,0.0364,83.044,133.6588,232.6897,0.5745,0.6229
2015-12-14T01:50:59.335Z,3.189,119.0352,230.3231,0.516,0.0266,4.1152,106.3035,229.7199,0.4634,0.0384,82.5904,132.5247,232.9481,0.569,0.6245
2015-12-14T01:51:59.618Z,2.7948,118.9651,230.4758,0.5164,0.0235,4.5974,102.3914,229.5448,0.446,0.0468,83.3653,132.9763,233.1421,0.5704,0.6303
2015-12-14T01:52:59.957Z,3.5925,116.9082,230.3626,0.5074,0.0293,3.6808,101.5321,227.641,0.446,0.0354,82.8968,131.5141,233.6956,0.5625,0.6326
2015-12-14T01:53:59.290Z,3.9326,120.3061,230.7109,0.5218,0.034,3.647,101.342,226.9516,0.4466,0.0367,83.6772,133.5292,233.6053,0.5713,0.6307
2015-12-14T01:54:59.539Z,3.6227,119.1489,230.6644,0.5167,0.0312,4.4019,101.7358,229.8078,0.4426,0.0437,83.1502,136.2235,233.1845,0.5843,0.6143
2015-12-14T01:55:59.703Z,3.8014,120.2484,230.904,0.5205,0.0325,3.5221,103.0224,230.0314,0.4477,0.0346,82.6993,133.597,233.043,0.5732,0.6219
2015-12-14T01:56:59.036Z,4.3422,119.6758,231.0231,0.5178,0.037,4.7291,103.8607,229.484,0.4527,0.0469,82.4952,133.4829,232.6673,0.5738,0.6201
2015-12-14T01:57:59.363Z,3.8056,118.2365,230.8709,0.512,0.0314,3.9499,102.944,229.5068,0.4486,0.0385,81.7019,132.8957,232.6463,0.5707,0.6192
2015-12-14T01:58:59.551Z,3.9665,120.3653,230.9679,0.5204,0.0326,4.3278,103.2483,229.6764,0.4488,0.0418,81.8099,132.3616,232.9028,0.5677,0.62
2015-12-14T01:59:59.795Z,4.222,117.8943,231.2162,0.51,0.0358,4.3216,105.7397,229.6575,0.4604,0.0416,82.8941,132.6752,233.2237,0.5688,0.6278
2015-12-14T02:00:59.068Z,2.8328,117.5772,231.1048,0.5089,0.0233,4.9261,104.9125,229.0744,0.4578,0.0485,83.5519,131.1298,233.1834,0.5624,0.6391
2015-12-14T02:01:59.539Z,5.5736,117.9197,232.1343,0.508,0.0484,3.8953,104.8558,230.2157,0.455,0.0376,83.4662,133.2059,232.8715,0.5718,0.6291
2015-12-14T02:02:59.806Z,5.1527,120.5074,232.7485,0.5173,0.0433,4.551,101.9573,230.3864,0.4423,0.0475,81.616,130.3613,230.8357,0.5646,0.6324
2015-12-14T02:03:59.003Z,5.512,120.8112,231.337,0.5218,0.0462,3.3382,102.0946,229.6498,0.4449,0.0329,82.1202,132.2482,232.9101,0.5676,0.6222
2015-12-14T02:04:59.166Z,5.706,120.4891,231.3305,0.5209,0.0478,4.389,101.4749,230.0376,0.4414,0.0436,82.5825,130.2851,232.8419,0.5598,0.6348
2015-12-14T02:05:59.455Z,3.8015,120.2374,231.0796,0.5204,0.0313,4.1736,102.9734,230.4524,0.447,0.0405,82.2104,132.1197,232.3716,0.5689,0.6247
2015-12-14T02:06:59.809Z,4.8362,119.2192,231.5201,0.5147,0.0414,3.7327,105.3293,230.3842,0.4573,0.0354,82.2252,130.1233,231.6882,0.5614,0.6342
2015-12-14T02:07:59.070Z,4.1746,118.5959,231.015,0.5127,0.0362,3.3844,105.6227,230.0714,0.4591,0.032,82.1091,132.6126,231.6831,0.5721,0.6203
2015-12-14T02:08:59.341Z,4.9248,120.2545,230.8218,0.521,0.042,3.5951,104.6677,230.4701,0.4547,0.0355,82.7481,132.1349,231.8182,0.5701,0.6279
2015-12-14T02:09:59.553Z,4.5169,119.8847,231.2844,0.5178,0.0366,3.776,103.5014,230.6208,0.4489,0.0354,82.2321,133.6601,232.0163,0.5758,0.6173
2015-12-14T02:10:59.853Z,3.2496,118.3086,230.9465,0.5116,0.0287,3.7597,102.8489,230.8034,0.4448,0.0382,82.3587,132.0478,232.144,0.5685,0.6248
2015-12-14T02:11:59.136Z,4.1979,119.3936,229.7468,0.5198,0.0346,3.6711,105.0866,230.8081,0.4553,0.0373,81.7769,129.4639,231.8652,0.5582,0.6332
2015-12-14T02:12:59.452Z,4.477,116.9388,228.7625,0.511,0.0396,3.6334,103.3589,230.0189,0.4493,0.0356,81.5522,131.9158,231.2871,0.57,0.6199
2015-12-14T02:13:59.724Z,2.7213,118.1025,228.999,0.5153,0.0227,4.1748,103.5225,230.1684,0.4501,0.0411,80.6889,130.5828,230.723,0.5659,0.6203
2015-12-14T02:14:59.212Z,4.0747,120.4727,231.1329,0.521,0.0323,4.2177,102.2319,230.574,0.4436,0.0409,82.0624,132.3913,231.1713,0.5731,0.623
2015-12-14T02:15:59.757Z,4.2609,118.854,230.6556,0.5149,0.0362,4.3301,105.0298,229.8131,0.4567,0.0413,80.5999,131.18,230.6155,0.569,0.6167
2015-12-14T02:16:59.065Z,5.0078,119.2698,229.9851,0.518,0.0428,3.75,101.7934,229.0209,0.4439,0.0358,81.2164,129.2373,230.1028,0.5609,0.6317
2015-12-14T02:17:59.324Z,4.9126,118.3366,230.4154,0.5131,0.0413,4.0916,103.0442,228.9492,0.4503,0.0388,80.4498,129.5754,230.3699,0.5619,0.6229
2015-12-14T02:18:59.591Z,4.3626,119.2387,230.3775,0.5175,0.0362,3.7589,103.3912,229.3793,0.4508,0.0377,80.9121,130.2572,230.3917,0.5661,0.6222
2015-12-14T02:19:59.855Z,4.9542,118.8566,230.8592,0.514,0.0421,4.1141,102.4184,229.6296,0.4454,0.0408,80.9593,132.6229,230.8651,0.574,0.6131
2015-12-14T02:20:59.124Z,3.652,118.5487,230.8171,0.5135,0.0316,3.9954,104.2063,229.5144,0.4543,0.0378,80.6725,130.5085,230.4545,0.5662,0.6207
2015-12-14T02:21:59.423Z,5.4136,117.3217,231.2635,0.5068,0.047,3.24,99.9138,226.5897,0.4412,0.0327,80.338,130.0233,229.868,0.5658,0.6227
2015-12-14T02:22:59.879Z,4.927,120.5684,230.7411,0.5226,0.041,3.6689,101.5167,228.4964,0.4438,0.0354,80.5749,130.4108,231.0352,0.5643,0.6213
2015-12-14T02:23:59.047Z,4.4052,118.3971,229.806,0.5149,0.0372,3.7239,102.2792,229.2624,0.4463,0.0379,81.7285,130.6978,230.5608,0.5671,0.6282
2015-12-14T02:24:59.416Z,2.5957,118.5228,230.3726,0.5139,0.0236,4.7797,103.8563,229.5117,0.4518,0.0449,82.0648,130.9943,230.7374,0.5674,0.6285
2015-12-14T02:25:59.701Z,3.9029,117.8193,230.6998,0.5104,0.0335,3.7642,103.2838,229.908,0.4499,0.0358,82.2169,131.3697,231.0704,0.5685,0.6273
2015-12-14T02:26:59.954Z,4.6222,118.3846,230.8855,0.5121,0.0384,3.8587,102.6799,230.4073,0.4455,0.0396,81.8086,130.5171,230.9705,0.5647,0.6286
2015-12-14T02:27:59.227Z,4.9093,116.4853,230.9176,0.5047,0.0416,3.8509,103.9642,230.3307,0.4511,0.0353,81.6078,130.6384,232.138,0.5624,0.6276
2015-12-14T02:28:59.552Z,4.7175,118.4302,230.648,0.5124,0.0395,4.9784,104.804,230.1093,0.4557,0.0479,82.6246,130.9977,232.4322,0.5637,0.6329
2015-12-14T02:29:59.858Z,4.188,118.4523,230.8512,0.513,0.0359,3.9676,104.0017,230.4109,0.4512,0.0383,83.1172,132.5878,232.8376,0.5693,0.6282
2015-12-14T02:30:59.144Z,3.8631,119.5224,230.9297,0.5167,0.0333,4.5165,104.2956,230.1872,0.4533,0.0446,81.7087,131.3778,232.5401,0.5648,0.6237
2015-12-14T02:31:59.452Z,3.227,117.7166,230.633,0.5101,0.0285,4.2083,103.1515,230.1882,0.4478,0.04,82.6749,130.3589,232.0276,0.5621,0.6359
2015-12-14T02:32:59.699Z,4.9458,118.4654,230.5648,0.5138,0.0429,4.1601,104.5111,230.2042,0.4535,0.0397,82.3522,132.2914,231.9641,0.5702,0.6249
2015-12-14T02:33:59.986Z,4.7397,119.5968,229.532,0.5207,0.0397,3.7776,103.0926,229.1155,0.4497,0.0365,81.5115,130.3658,231.3078,0.5636,0.6263
2015-12-14T02:34:59.349Z,3.1867,115.8753,229.5368,0.5042,0.0282,3.7901,103.57,229.0323,0.452,0.039,81.4977,130.5042,231.5298,0.5642,0.6272
2015-12-14T02:35:59.595Z,4.27,120.7832,230.5648,0.5231,0.0365,4.1645,103.6709,230.8181,0.4493,0.0408,82.8403,132.6503,232.3829,0.5707,0.6264
2015-12-14T02:36:59.917Z,4.8437,119.2923,229.7027,0.5191,0.0411,3.5572,104.2692,230.6095,0.4515,0.0341,82.4361,132.274,232.3723,0.5689,0.6248
2015-12-14T02:37:59.269Z,3.438,118.4064,229.1556,0.5162,0.029,3.6972,102.2858,229.9742,0.445,0.0401,81.7588,130.7012,231.7923,0.5634,0.6291
2015-12-14T02:38:59.539Z,3.4067,116.5291,228.8879,0.5093,0.0279,4.3333,104.0241,230.0467,0.4524,0.0427,81.5471,129.3498,231.4707,0.5584,0.6342
2015-12-14T02:39:59.792Z,3.0586,118.4397,229.4803,0.5159,0.0251,4.726,103.8068,230.1857,0.4511,0.0446,81.5427,129.8823,231.8225,0.5601,0.6307
2015-12-14T02:40:59.026Z,4.4038,117.2108,229.3557,0.5108,0.0383,3.8897,103.2463,229.9167,0.449,0.036,81.6981,132.0577,232.0469,0.5691,0.6217
2015-12-14T02:41:59.235Z,4.4035,116.0093,229.6646,0.5049,0.0378,3.8147,100.8447,229.7218,0.4387,0.041,82.7836,131.4221,232.6311,0.5649,0.6341
2015-12-14T02:42:59.414Z,4.859,119.3035,230.1244,0.5182,0.0404,3.5114,102.4368,229.152,0.4467,0.0338,82.9533,131.6668,232.2429,0.5669,0.6332
2015-12-14T02:43:59.723Z,3.6467,119.628,230.0187,0.5197,0.03,3.6516,102.7448,228.3147,0.4498,0.0375,81.9052,132.774,231.8788,0.5725,0.6195
2015-12-14T02:44:59.024Z,4.3429,119.2831,229.8362,0.5186,0.0367,3.9802,102.311,228.3043,0.4483,0.0374,81.2999,131.109,231.483,0.5664,0.6223
2015-12-14T02:45:59.250Z,3.1537,118.4232,230.7509,0.5129,0.0268,4.5473,102.4165,227.4905,0.4502,0.0447,81.0405,131.3287,231.2315,0.5676,0.6203
2015-12-14T02:46:59.488Z,3.2709,120.3886,230.4311,0.5224,0.0278,3.9183,101.5879,227.6142,0.4464,0.0399,81.2037,129.1805,231.1342,0.5591,0.6317
2015-12-14T02:47:59.731Z,4.6482,118.1353,230.9503,0.5113,0.0387,3.8134,101.4015,227.7377,0.4447,0.0373,82.5831,130.9054,231.4864,0.5656,0.6321
2015-12-14T02:48:59.028Z,3.2502,117.7479,231.1018,0.509,0.0271,4.2452,101.2394,227.7439,0.4449,0.0412,81.343,130.0544,231.672,0.5616,0.6279
2015-12-14T02:49:59.293Z,3.4585,120.3746,230.8474,0.5213,0.0278,3.7989,101.3502,227.4341,0.4458,0.0377,81.914,132.1202,231.3815,0.5708,0.6221
2015-12-14T02:50:59.585Z,4.506,118.4934,230.421,0.5138,0.0382,3.4052,104.701,227.4115,0.4601,0.0329,81.0669,131.0633,230.9253,0.5676,0.622
2015-12-14T02:51:59.984Z,3.4517,116.1674,230.6073,0.5035,0.0276,4.3037,103.078,227.3627,0.4535,0.0409,81.247,130.4741,230.6473,0.5654,0.6274
2015-12-14T02:52:59.572Z,4.0399,117.1849,230.9468,0.5066,0.0341,4.3168,101.8262,226.9944,0.4489,0.0433,80.6188,131.0879,231.0293,0.5673,0.6166
2015-12-14T02:53:59.735Z,3.6323,119.0379,231.2026,0.5147,0.0308,3.7307,102.4587,226.9073,0.4514,0.0337,82.2405,132.6688,231.5009,0.5729,0.623
2015-12-14T02:55:59.285Z,4.5203,118.6473,231.1493,0.5129,0.0382,4.4178,102.6939,227.4356,0.4515,0.0434,82.0706,130.9114,231.8227,0.5645,0.6297
2015-12-14T02:56:59.648Z,3.2777,119.0223,230.539,0.5156,0.0287,4.0989,103.2958,227.5095,0.4544,0.0402,81.8384,130.0979,231.3807,0.5621,0.6314
2015-12-14T02:57:59.879Z,4.6479,119.4292,231.0786,0.5163,0.0389,4.4626,103.3607,228.521,0.4518,0.0435,115.0509,161.3702,231.7287,0.696,0.6851
2015-12-14T02:58:59.097Z,748.4522,1162.0113,229.5297,5.0709,0.5511,771.4771,1168.8051,227.4461,5.1461,0.5598,1274.398,1759.8794,229.3238,7.6835,0.7409
2015-12-14T02:59:59.306Z,924.9332,1366.0473,228.6814,5.973,0.6769,968.019,1414.9392,226.7253,6.2406,0.6847,1472.6879,2037.6541,228.821,8.9048,0.7216
2015-12-14T03:00:59.656Z,985.4161,1415.9567,228.8146,6.1878,0.6957,1029.555,1464.2238,226.4992,6.4639,0.7027,1531.9577,2084.6781,228.949,9.1051,0.7346
2015-12-14T03:01:59.906Z,1014.1332,1443.7523,228.5253,6.3169,0.7024,1056.1843,1482.9567,226.4662,6.548,0.7126,1568.4196,2108.6961,228.7471,9.2178,0.7432
2015-12-14T03:02:59.202Z,1012.0147,1445.3519,228.7815,6.3178,0.7006,1042.8483,1474.2174,226.1338,6.5185,0.7073,1559.3356,2093.3449,228.5011,9.1611,0.7451
2015-12-14T03:03:59.516Z,1008.9481,1470.3182,229.3077,6.4118,0.6867,1021.8762,1427.0902,223.7998,6.3756,0.7161,1607.2424,2117.9109,228.8053,9.2553,0.7583
2015-12-14T03:04:59.752Z,1014.6273,1484.5601,229.3269,6.4738,0.6832,1017.8747,1416.4439,223.2267,6.3454,0.7186,1626.0198,2125.807,228.9959,9.2828,0.7647
2015-12-14T03:05:59.958Z,1027.1567,1463.5223,229.2427,6.3841,0.7018,1057.0082,1483.0122,225.7542,6.5687,0.7128,1579.2449,2105.0901,228.5457,9.2104,0.7508
2015-12-14T03:06:59.174Z,1029.0952,1460.2856,229.0201,6.3757,0.7048,1063.7938,1490.8286,226.1801,6.5913,0.7134,1575.6763,2102.7961,228.4472,9.2043,0.7495
2015-12-14T03:07:59.395Z,1031.9329,1464.1412,229.6382,6.3757,0.705,1070.9847,1501.5348,226.3952,6.6324,0.7133,1572.4299,2104.3937,228.4802,9.21,0.7479
2015-12-14T03:08:59.691Z,1021.2448,1460.4632,229.7872,6.3551,0.6998,1047.797,1488.9933,226.7513,6.5654,0.704,1557.9209,2087.1746,228.6904,9.1259,0.7464
2015-12-14T03:09:59.951Z,982.2068,1421.8882,229.2721,6.202,0.6911,1003.622,1446.8568,226.4598,6.3882,0.6937,1511.1644,2033.6308,227.8001,8.9268,0.7436
2015-12-14T03:10:59.315Z,990.5683,1430.476,229.2227,6.2399,0.6918,995.6933,1435.4554,225.8971,6.3544,0.6937,1516.9717,2028.4101,227.5599,8.9138,0.7485
2015-12-14T03:11:59.651Z,996.6498,1433.9921,228.5578,6.2738,0.6948,1001.8643,1434.8467,226.2896,6.3401,0.6987,1526.7331,2032.1739,227.546,8.93,0.7512
2015-12-14T03:12:59.917Z,999.9517,1432.684,228.3193,6.2744,0.6984,1011.9077,1443.9904,226.6459,6.371,0.7008,1531.9998,2040.9186,227.7134,8.9617,0.7504
2015-12-14T03:13:59.199Z,1008.5997,1437.0095,228.4686,6.2895,0.7015,1022.0035,1454.6167,226.5515,6.4206,0.7027,1531.6817,2037.6574,227.4381,8.9583,0.751
2015-12-14T03:14:59.535Z,1020.5792,1442.7036,228.485,6.3134,0.7076,1034.0993,1465.3436,226.4297,6.4713,0.7058,1535.875,2040.6079,227.4464,8.9717,0.7517
2015-12-14T03:15:59.837Z,1026.94,1444.4658,228.4576,6.3224,0.7109,1046.1836,1475.9756,226.0809,6.5279,0.7086,1540.9978,2046.0163,227.6651,8.9863,0.7531
2015-12-14T03:16:59.165Z,1029.2884,1444.33,228.4488,6.3218,0.7128,1060.0082,1490.4039,226.4984,6.5798,0.7112,1544.2883,2054.573,227.8102,9.0181,0.7509
2015-12-14T03:17:59.399Z,1017.5581,1429.3662,228.2652,6.2616,0.7114,1051.4018,1480.241,226.3848,6.5383,0.7102,1529.9674,2040.9312,227.5381,8.9688,0.7501
2015-12-14T03:18:59.761Z,1039.6631,1457.0553,228.2604,6.3826,0.7139,1066.3101,1479.8877,225.424,6.5641,0.721,1574.1856,2073.1953,227.8147,9.0998,0.7588
2015-12-14T03:19:59.992Z,1019.3716,1463.4994,228.2891,6.4103,0.6961,1028.383,1423.1608,223.7531,6.3601,0.7221,1601.5351,2084.9532,228.5039,9.1238,0.7687
2015-12-14T03:20:59.274Z,1040.4053,1468.5585,228.604,6.4234,0.7088,1075.0355,1488.6955,226.2259,6.5795,0.7225,1592.7953,2101.8067,228.638,9.1928,0.758
2015-12-14T03:21:59.537Z,1029.6581,1445.7917,227.7609,6.347,0.7118,1077.9097,1490.056,226.6918,6.5731,0.7232,1572.4726,2087.8296,228.1818,9.1493,0.7528
2015-12-14T03:22:59.860Z,1054.9761,1464.8108,227.8692,6.4274,0.72,1100.0211,1514.7809,226.8421,6.6776,0.7263,1589.2122,2100.3657,228.2243,9.2027,0.7569
2015-12-14T03:23:59.077Z,1054.6425,1465.006,227.8084,6.4304,0.72,1085.717,1500.7075,226.1792,6.6346,0.7238,1584.1515,2084.7634,228.0967,9.1393,0.76
2015-12-14T03:24:59.296Z,1076.6831,1487.473,227.9157,6.5257,0.7235,1099.3158,1509.2948,225.7019,6.6861,0.7283,1606.3944,2098.8817,228.0885,9.2013,0.7658
2015-12-14T03:25:59.492Z,1076.6614,1486.4667,228.0671,6.5176,0.7239,1098.6944,1510.7506,225.7389,6.6921,0.7271,1599.7201,2092.8092,228.1512,9.172,0.7641
2015-12-14T03:26:59.975Z,1091.5922,1500.3214,228.0598,6.5781,0.7278,1110.0165,1522.4971,225.7333,6.7438,0.7291,1615.1873,2106.4485,228.1977,9.23,0.7684
2015-12-14T03:27:59.197Z,1082.3586,1493.9234,227.9241,6.5541,0.7247,1107.8167,1517.7352,225.9394,6.717,0.7303,1612.7077,2106.635,228.0906,9.2356,0.7658
2015-12-14T03:28:59.453Z,1094.1677,1511.6208,228.3184,6.6206,0.724,1113.2458,1526.31,226.1588,6.7484,0.7292,1626.3521,2119.2252,228.2858,9.2829,0.7688
2015-12-14T03:29:59.713Z,1095.5713,1511.9688,228.7119,6.6099,0.7248,1125.8794,1542.8287,226.9002,6.7989,0.73,1626.2164,2128.7012,228.6284,9.3101,0.7642
2015-12-14T03:30:59.935Z,1091.3974,1508.873,228.8217,6.5936,0.7233,1107.9319,1526.6952,226.3139,6.7456,0.7258,1615.7261,2111.4071,228.3404,9.2457,0.7657
2015-12-14T03:31:59.176Z,1093.1628,1513.558,229.2611,6.6017,0.7216,1103.1386,1526.0792,226.4731,6.7378,0.7231,1612.8214,2106.3645,228.3951,9.2218,0.7658
2015-12-14T03:32:59.456Z,1113.3512,1539.6072,228.9322,6.725,0.7233,1107.9896,1514.0243,225.4682,6.7146,0.7317,1652.7326,2130.959,228.1947,9.338,0.7752
2015-12-14T03:33:59.729Z,1127.3999,1563.6558,229.27,6.8197,0.7204,1112.9631,1517.7511,225.2167,6.7381,0.734,1680.6512,2154.2533,228.8424,9.413,0.78
2015-12-14T03:34:59.239Z,1107.9558,1543.8162,229.1937,6.7351,0.7182,1098.597,1505.9317,225.4516,6.6794,0.7299,1658.7858,2135.7309,228.7219,9.3372,0.7778
2015-12-14T03:35:59.502Z,1107.3,1542.3654,229.1446,6.7307,0.7181,1100.0253,1504.8464,225.1313,6.6836,0.7311,1658.6188,2136.4126,228.8229,9.3361,0.7764
2015-12-14T03:36:59.769Z,1099.7263,1530.0912,228.6089,6.6927,0.7188,1115.0433,1510.5871,225.081,6.7107,0.7388,1665.6141,2148.4266,228.9792,9.3818,0.7751
2015-12-14T03:37:59.115Z,1090.2141,1517.1068,228.048,6.6523,0.718,1132.565,1520.1024,225.541,6.7391,0.7453,1673.3793,2169.8211,229.581,9.4503,0.7711
2015-12-14T03:38:59.367Z,1095.436,1516.1088,227.5843,6.6617,0.722,1133.9987,1518.9163,225.4749,6.7359,0.7474,1671.1964,2160.3961,228.9492,9.4356,0.7731
2015-12-14T03:39:59.731Z,1093.2536,1515.2947,227.7913,6.652,0.7217,1126.6736,1516.643,225.5992,6.7224,0.7429,1662.562,2152.1574,228.998,9.3976,0.7718
2015-12-14T03:40:59.155Z,1109.8494,1532.3245,228.1061,6.7171,0.7251,1139.9849,1534.1782,225.6187,6.7997,0.7429,1673.4478,2163.8655,229.3839,9.4331,0.7734
2015-12-14T03:41:59.785Z,1097.3962,1521.0373,228.0022,6.6709,0.7209,1132.7678,1521.4426,225.4181,6.7491,0.7442,1670.9666,2159.7419,229.1449,9.4243,0.7731
2015-12-14T03:42:59.997Z,1117.7754,1555.9929,228.2117,6.818,0.7182,1127.0797,1513.3746,225.206,6.7197,0.7446,1702.3231,2180.1782,229.5021,9.4997,0.7801
2015-12-14T03:43:59.281Z,1119.2074,1565.0558,228.6635,6.8439,0.7151,1103.3553,1498.7679,225.2573,6.6529,0.7357,1694.6053,2166.9813,229.7592,9.4312,0.7815
2015-12-14T03:44:59.498Z,1118.2033,1550.151,227.9801,6.7986,0.7208,1148.3014,1530.2311,225.9748,6.7713,0.7504,1710.5596,2202.2031,229.8387,9.5808,0.7771
2015-12-14T03:45:59.713Z,1092.496,1540.0972,227.863,6.7587,0.7097,1124.4057,1489.376,224.3021,6.6391,0.7552,1722.4761,2207.8189,230.2741,9.5873,0.7788
2015-12-14T03:46:59.983Z,1105.7657,1553.6392,228.1474,6.8091,0.7119,1145.1484,1509.2242,224.6952,6.7163,0.7588,1740.8668,2229.6857,230.3304,9.6798,0.7808
2015-12-14T03:47:59.222Z,1100.9166,1522.3241,227.9543,6.6776,0.7234,1162.9299,1557.1122,227.5058,6.8441,0.7467,1681.1045,2192.315,229.8108,9.5392,0.7677
2015-12-14T03:48:59.675Z,1132.1503,1544.6423,228.5663,6.7569,0.7328,1193.2544,1599.2539,228.2079,7.0073,0.7461,1686.7696,2201.571,229.6231,9.5869,0.7666
2015-12-14T03:49:59.025Z,1108.9662,1511.491,228.1047,6.6262,0.733,1197.1226,1601.819,228.6888,7.0037,0.7481,1660.3302,2189.1969,229.3922,9.5434,0.7591
2015-12-14T03:50:59.368Z,1130.0029,1526.0828,227.6462,6.7036,0.7404,1216.9798,1613.189,228.0652,7.0726,0.7536,1687.8417,2208.7488,229.2923,9.6324,0.7638
2015-12-14T03:51:59.601Z,1105.6153,1500.4963,226.8557,6.6138,0.7367,1208.8434,1600.6616,228.5429,7.0038,0.7558,1671.2507,2198.2386,229.2484,9.5884,0.7602
2015-12-14T03:52:59.969Z,1132.913,1529.8939,226.6821,6.749,0.7401,1218.3268,1601.4831,228.0056,7.023,0.7609,1705.244,2217.0973,228.9037,9.6852,0.7694
2015-12-14T03:53:59.238Z,1123.2566,1525.1082,227.152,6.7134,0.7369,1196.2676,1585.8191,227.7785,6.9618,0.7543,1685.9842,2195.6148,228.8694,9.5928,0.7685
2015-12-14T03:54:59.443Z,1148.2111,1543.3717,226.935,6.8012,0.7439,1221.7833,1608.3007,227.6687,7.0641,0.7593,1707.4826,2212.8234,228.7987,9.6711,0.7708
2015-12-14T03:55:59.711Z,1128.574,1523.0762,226.9963,6.7099,0.7406,1208.1003,1596.1499,227.55,7.0142,0.757,1688.1712,2198.1039,228.7884,9.6073,0.7681
2015-12-14T03:56:59.949Z,1146.5068,1537.3067,226.9678,6.7726,0.7451,1236.8491,1623.6357,227.9626,7.1213,0.7614,1711.6441,2223.8091,228.8751,9.7158,0.7698
2015-12-14T03:57:59.275Z,1153.0364,1540.1562,227.8056,6.7606,0.7486,1210.0077,1612.6886,227.6094,7.0852,0.7503,1676.451,2175.6867,227.8734,9.5474,0.7699
2015-12-14T03:58:59.664Z,1172.3279,1572.5888,228.4946,6.8819,0.7454,1212.7667,1602.719,226.0019,7.0909,0.7564,1720.8162,2206.147,228.2058,9.6666,0.7805
2015-12-14T03:59:59.896Z,1124.5628,1532.5353,227.4763,6.7361,0.7343,1182.3776,1553.0833,225.2443,6.8946,0.7611,1710.7658,2198.0849,228.3374,9.626,0.7792
2015-12-14T04:00:59.351Z,1139.4176,1544.2764,227.5396,6.7862,0.738,1188.6648,1557.7802,225.0173,6.9227,0.7631,1721.7937,2202.0807,228.1409,9.6516,0.7816
2015-12-14T04:01:59.621Z,1145.361,1540.7059,226.6153,6.7981,0.7433,1185.0653,1550.7059,224.2344,6.9148,0.7639,1716.8476,2183.593,227.3853,9.6024,0.7871
2015-12-14T04:02:59.060Z,1170.9129,1550.0633,226.2037,6.8522,0.7552,1220.2507,1591.5624,225.3315,7.0622,0.7667,1718.1276,2187.6419,226.6669,9.6508,0.7849
2015-12-14T04:03:59.337Z,1167.9901,1533.9587,225.9418,6.7884,0.7611,1228.4884,1608.9902,226.5306,7.1022,0.7634,1692.2333,2173.2788,226.233,9.6059,0.7792
2015-12-14T04:04:59.562Z,1174.1773,1537.1674,225.398,6.8191,0.7642,1243.965,1616.4288,226.6117,7.133,0.7693,1707.7577,2184.9938,225.8336,9.6742,0.7804
2015-12-14T04:05:59.928Z,1168.6733,1537.8574,225.7026,6.8132,0.7604,1236.5157,1605.506,226.4128,7.0911,0.77,1712.3753,2189.3331,225.8762,9.6919,0.7817
2015-12-14T04:06:59.293Z,1177.1295,1532.888,225.4943,6.7976,0.7683,1252.4519,1625.3199,226.4484,7.1768,0.7706,1700.7083,2177.9316,225.3837,9.6624,0.7802
2015-12-14T04:07:59.765Z,1184.6115,1542.7089,225.437,6.843,0.7675,1247.5944,1617.3346,225.9537,7.1573,0.7714,1710.8816,2181.888,225.4926,9.676,0.7832
2015-12-14T04:08:59.918Z,1179.9279,1528.1536,224.7835,6.7973,0.7718,1265.4636,1638.0878,226.7461,7.2238,0.772,1698.7854,2179.3057,225.4389,9.6667,0.7797
2015-12-14T04:09:59.231Z,1168.669,1511.1218,223.7125,6.7544,0.7736,1287.8036,1649.7776,227.1969,7.2606,0.7804,1707.8302,2205.3406,226.024,9.7566,0.774
2015-12-14T04:10:59.471Z,1179.5279,1532.3016,224.1277,6.8368,0.7696,1261.0628,1630.9103,226.6727,7.194,0.7727,1705.5504,2188.1508,226.2642,9.6708,0.7798
2015-12-14T04:11:59.909Z,1190.1458,1540.0891,224.043,6.8743,0.7729,1273.1758,1645.6408,226.7813,7.2562,0.7732,1711.8112,2195.892,226.3311,9.7011,0.7797
2015-12-14T04:12:59.453Z,1223.7844,1549.6197,224.4085,6.9054,0.7899,1259.548,1658.7228,227.2518,7.2984,0.7592,1662.3485,2119.0599,223.2676,9.4904,0.7836
2015-12-14T04:13:59.664Z,1210.6986,1572.9516,224.8618,6.995,0.7701,1251.9233,1627.575,226.5102,7.1849,0.7687,1730.4014,2195.5724,225.7249,9.7256,0.7879
2015-12-14T04:15:59.229Z,1185.9711,1557.6743,224.4599,6.9391,0.7614,1257.6926,1618.8869,226.6656,7.1422,0.7772,1745.659,2225.8946,226.8999,9.8096,0.7843
2015-12-14T04:16:59.494Z,1166.7058,1543.6744,224.3959,6.8781,0.7559,1260.8543,1619.792,226.9957,7.1352,0.7787,1743.0801,2238.6102,227.9828,9.8183,0.7787
2015-12-14T04:17:59.903Z,1180.3287,1548.5123,223.6733,6.9228,0.7621,1291.8736,1644.6496,226.9472,7.2469,0.7861,1764.6068,2265.8546,228.3488,9.9218,0.7796
2015-12-14T04:18:59.193Z,1151.2028,1523.5289,223.4121,6.8183,0.7558,1264.444,1616.2481,227.0031,7.1193,0.7817,1739.4431,2241.956,228.1246,9.8272,0.7763
2015-12-14T04:19:59.476Z,1158.6027,1513.5267,223.4117,6.774,0.7656,1276.8507,1642.8414,227.9299,7.2074,0.7773,1708.8458,2213.9094,227.3037,9.7391,0.7707
2015-12-14T04:20:59.785Z,1195.7779,1540.4204,225.3148,6.8359,0.776,1276.215,1672.5728,228.3636,7.3238,0.7629,1681.8157,2176.7651,226.1867,9.6233,0.7719
2015-12-14T04:21:59.096Z,1245.3501,1591.1616,226.8361,7.0139,0.7824,1297.7459,1709.1424,228.3102,7.4858,0.7589,1707.7391,2190.6324,225.6818,9.7067,0.7792
2015-12-14T04:22:59.365Z,1216.4061,1583.8888,227.8539,6.9509,0.7678,1259.9978,1672.7598,228.4603,7.3219,0.7529,1699.479,2187.733,226.5214,9.6572,0.777
2015-12-14T04:23:59.611Z,1201.815,1578.2923,227.2004,6.9458,0.7611,1248.9028,1639.2669,227.2864,7.2114,0.7621,1720.8181,2196.6663,226.3011,9.706,0.7829
2015-12-14T04:24:59.943Z,1189.9546,1599.8721,227.2158,7.0409,0.7437,1207.1699,1565.5136,224.0649,6.9866,0.7712,1780.2243,2233.8114,227.3868,9.8234,0.7972
2015-12-14T04:25:59.168Z,1234.6998,1630.1664,226.7816,7.1878,0.7567,1258.016,1620.8938,225.1576,7.1984,0.7769,1801.0218,2255.8294,226.916,9.9408,0.8002
2015-12-14T04:26:59.390Z,1221.4898,1609.2412,226.9361,7.0908,0.7586,1237.2171,1613.2646,225.3158,7.1589,0.7663,1759.7892,2214.8042,226.6028,9.7737,0.7946
2015-12-14T04:27:59.721Z,1237.4109,1621.1869,226.9576,7.1427,0.7634,1217.2013,1596.9069,224.4254,7.1147,0.7622,1747.8821,2183.7293,225.5654,9.6809,0.8002
2015-12-14T04:28:59.004Z,1270.1349,1631.6926,227.1855,7.182,0.7781,1207.3202,1603.0487,223.9127,7.1591,0.7531,1714.7294,2122.8876,222.9156,9.5227,0.8083
2015-12-14T04:29:59.646Z,1327.0232,1678.8331,227.3198,7.3848,0.7907,1250.4227,1657.3091,224.7217,7.3743,0.7544,1737.6198,2137.342,222.1114,9.6224,0.8119
2015-12-14T04:30:59.389Z,1339.2667,1675.8006,228.5598,7.3317,0.7997,1233.8271,1677.6826,225.7413,7.4307,0.7357,1675.3618,2072.5943,220.9837,9.3783,0.8097
2015-12-14T04:31:59.898Z,1327.2613,1661.3189,228.3786,7.2742,0.7986,1220.7616,1658.8224,225.0492,7.3698,0.7364,1668.0829,2059.0147,220.553,9.3349,0.8111
2015-12-14T04:32:59.238Z,1341.9067,1706.3891,228.1413,7.4784,0.7869,1232.07,1625.1355,222.3956,7.3072,0.7582,1772.9423,2149.9276,222.2408,9.6732,0.8249
2015-12-14T04:33:59.500Z,1300.5644,1673.3457,226.9172,7.3739,0.7766,1218.4122,1594.2278,222.2823,7.1718,0.7648,1772.1159,2159.5531,223.1063,9.679,0.8206
2015-12-14T04:34:59.792Z,1273.6049,1655.2398,227.3459,7.2801,0.7699,1207.5468,1592.5887,223.6731,7.1194,0.7587,1757.5461,2163.7954,224.3913,9.6419,0.8113
2015-12-14T04:35:59.121Z,1270.6413,1677.8587,227.3607,7.3797,0.7577,1242.1248,1596.3103,223.0127,7.1575,0.7782,1847.8434,2273.1863,227.2849,10.0003,0.8125
2015-12-14T04:36:59.374Z,1256.2789,1671.307,227.8127,7.3358,0.7518,1231.1788,1588.5866,223.1682,7.1181,0.7749,1833.2807,2261.3849,227.3867,9.9449,0.8112
2015-12-14T04:37:59.828Z,1244.5032,1661.6111,228.0501,7.2856,0.7489,1206.0554,1566.6736,222.4957,7.0408,0.7689,1811.4386,2234.8817,227.4034,9.8276,0.8102
2015-12-14T04:38:59.035Z,1240.9717,1647.8565,227.2009,7.252,0.7528,1216.4683,1569.0609,222.2453,7.0596,0.7747,1812.9049,2237.2142,227.0655,9.8519,0.8101
2015-12-14T04:39:59.441Z,1239.757,1645.7413,227.2379,7.2418,0.7522,1215.6561,1572.6933,222.6112,7.0652,0.7732,1804.9173,2234.343,227.3332,9.8284,0.8093
2015-12-14T04:40:59.685Z,1248.7517,1650.048,227.4253,7.2556,0.7572,1224.8541,1586.9136,222.9846,7.1166,0.7714,1804.7438,2232.2086,226.9946,9.8336,0.8087
2015-12-14T04:41:59.015Z,1246.8408,1646.169,226.8681,7.2556,0.7578,1224.2484,1576.2025,222.5176,7.0839,0.7767,1811.3462,2232.3688,226.4445,9.8575,0.8113
2015-12-14T04:42:59.434Z,1242.8539,1641.8326,226.6081,7.2448,0.7576,1238.7767,1589.4599,223.3293,7.1167,0.7794,1818.8766,2249.539,226.8594,9.9152,0.8096
2015-12-14T04:43:59.586Z,1249.3663,1669.1643,227.882,7.324,0.749,1201.2192,1556.47,222.1084,7.0059,0.7728,1829.6561,2245.6276,227.3051,9.8788,0.8144
2015-12-14T04:44:59.748Z,1265.7413,1695.9142,228.2704,7.4287,0.7463,1184.2608,1535.0351,220.434,6.9634,0.7718,1846.8064,2240.7547,226.9558,9.8726,0.8237
2015-12-14T04:45:59.129Z,1269.7953,1684.951,228.6111,7.3691,0.7538,1198.0452,1557.2577,220.9315,7.0481,0.7695,1824.1116,2225.7745,226.609,9.8212,0.8184
2015-12-14T04:46:59.416Z,1282.2037,1655.1476,228.2291,7.2517,0.7752,1248.0842,1636.1977,224.0488,7.302,0.7632,1762.6292,2187.4843,225.5114,9.6993,0.8062
2015-12-14T04:47:59.642Z,1283.3413,1634.6392,227.968,7.1703,0.7851,1284.1464,1689.1193,226.2693,7.465,0.76,1729.3744,2176.4651,224.9996,9.6719,0.7946
2015-12-14T04:48:59.892Z,1257.325,1605.7553,227.1548,7.0688,0.7828,1297.5109,1693.0934,226.8834,7.4619,0.7667,1731.7893,2196.1369,225.3956,9.7428,0.7898
2015-12-14T04:49:59.203Z,1260.6561,1617.3842,226.8184,7.1301,0.7796,1288.556,1663.0483,224.7774,7.3976,0.7747,1762.4865,2208.9293,225.2322,9.8067,0.7981
2015-12-14T04:50:59.487Z,1262.732,1635.2997,227.5551,7.1858,0.7721,1259.2713,1628.6046,223.159,7.2972,0.7727,1775.6931,2204.1279,225.1801,9.7876,0.806
2015-12-14T04:51:59.866Z,1252.1788,1629.206,226.7338,7.1846,0.7682,1275.7348,1629.9414,223.3722,7.2968,0.7829,1803.2908,2243.2579,226.1568,9.9182,0.8044
2015-12-14T04:52:59.254Z,1248.0463,1601.6324,226.1852,7.0809,0.7791,1299.0909,1670.3545,225.5656,7.4045,0.7777,1755.7098,2215.8818,225.7757,9.8141,0.7922
2015-12-14T04:53:59.506Z,1264.6872,1607.4158,225.9729,7.1128,0.7869,1321.1291,1704.5834,226.9682,7.5094,0.7751,1748.9443,2213.8507,225.3162,9.8249,0.79
2015-12-14T04:54:59.761Z,1259.8701,1614.5052,226.9518,7.1131,0.7803,1297.7888,1686.6078,226.852,7.4343,0.7691,1748.5974,2211.1532,225.647,9.7989,0.7901
2015-12-14T04:55:59.172Z,1252.7471,1599.2464,225.1349,7.1028,0.784,1315.4311,1671.9048,225.2516,7.4211,0.7875,1780.7471,2235.5924,224.857,9.9417,0.7974
2015-12-14T04:56:59.434Z,1248.814,1601.0017,225.2324,7.1077,0.78,1287.8954,1633.3661,223.2121,7.3172,0.7894,1786.6951,2218.4149,224.0477,9.9006,0.8042
2015-12-14T04:57:59.690Z,1256.9247,1631.3518,227.2692,7.1775,0.7704,1289.9672,1653.4876,224.9235,7.3512,0.7797,1805.137,2254.7354,225.849,9.9831,0.7999
2015-12-14T04:58:59.024Z,1248.2307,1603.459,226.7957,7.0702,0.779,1301.509,1674.6319,225.9575,7.4099,0.7772,1764.2766,2226.1581,225.1531,9.8874,0.7936
2015-12-14T04:59:59.347Z,1282.3827,1612.1379,226.2238,7.1259,0.7956,1331.6498,1714.0748,226.6591,7.5618,0.7773,1749.6453,2204.8406,223.7613,9.8528,0.7937
