2015-12-27T00:00:59.878Z,4.8465,126.0383,234.4355,0.5375,0.0386,3.1727,111.5248,233.0746,0.4784,0.0289,82.1677,135.0757,231.9717,0.5825,0.6111
2015-12-27T00:01:59.683Z,4.8447,123.5334,232.2598,0.5317,0.0387,4.295,111.6526,231.4017,0.4824,0.0399,81.8736,133.6412,230.4603,0.5801,0.6137
2015-12-27T00:02:59.086Z,3.5011,122.1399,231.7742,0.5263,0.0287,3.8214,106.9791,230.6311,0.4639,0.0394,82.7452,133.8882,231.1846,0.5786,0.6214
2015-12-27T00:03:59.733Z,4.4008,124.1718,230.9371,0.5377,0.0363,3.7191,106.0658,230.5575,0.46,0.035,80.9489,135.7514,230.6948,0.5891,0.5998
2015-12-27T00:04:59.158Z,5.3384,122.935,229.6109,0.5352,0.0431,3.8186,108.098,231.1214,0.4678,0.0349,81.3316,134.2338,230.6943,0.5812,0.6097
2015-12-27T00:05:59.374Z,4.4404,118.6886,228.9302,0.518,0.0363,4.0467,108.6712,231.4299,0.4692,0.0362,82.6198,135.3711,231.6236,0.5843,0.6123
2015-12-27T00:06:59.683Z,4.5748,121.8289,228.7348,0.5332,0.0373,4.2411,109.3,231.2156,0.473,0.0391,82.0703,134.5337,231.3393,0.5818,0.6126
2015-12-27T00:07:59.967Z,3.9649,122.1312,229.4319,0.5322,0.0335,4.3476,109.7986,230.6715,0.4759,0.0384,81.7765,134.4064,231.0007,0.582,0.6102
2015-12-27T00:08:59.248Z,4.2347,121.0451,229.2533,0.5272,0.0349,3.6739,108.604,230.3057,0.4716,0.0334,82.1111,135.6838,231.515,0.5853,0.6086
2015-12-27T00:09:59.090Z,4.3059,121.7686,229.1068,0.5314,0.035,3.9969,111.7582,230.6698,0.4846,0.0364,81.829,134.5301,231.3111,0.5816,0.6103
2015-12-27T00:10:59.213Z,3.3913,120.0466,228.8218,0.5248,0.0282,4.3759,107.0414,230.362,0.4647,0.0398,82.6805,135.3025,231.5447,0.5838,0.6142
2015-12-27T00:11:59.712Z,4.8028,119.155,228.473,0.5209,0.04,3.4509,106.5079,229.8696,0.4636,0.0335,81.7911,137.3736,231.8277,0.5924,0.599
2015-12-27T00:12:59.120Z,4.5874,121.9998,228.5118,0.5331,0.038,3.987,108.0114,229.7364,0.4698,0.036,82.6482,135.9106,231.9494,0.5859,0.6106
2015-12-27T00:13:59.534Z,5.6813,124.5421,228.6064,0.5444,0.0453,3.3212,109.6609,230.0718,0.4763,0.0297,82.2598,133.6686,231.5456,0.5773,0.6174
2015-12-27T00:14:59.537Z,4.3803,121.0316,228.3064,0.5295,0.0371,4.5814,108.1685,230.2687,0.469,0.0438,82.0449,133.7285,231.4623,0.5775,0.6147
2015-12-27T00:15:59.175Z,4.3483,123.0899,228.3109,0.5388,0.0336,3.5222,108.1877,230.4638,0.4698,0.0327,81.938,135.0231,231.4402,0.5832,0.6096
2015-12-27T00:16:59.092Z,4.5402,120.8282,227.8764,0.5291,0.0381,3.5389,108.2343,230.2345,0.4701,0.0327,81.7009,133.7935,231.2657,0.5787,0.6162
2015-12-27T00:17:59.007Z,4.5115,121.1684,228.5033,0.5303,0.0388,3.9891,107.4923,230.403,0.4667,0.0385,82.6307,134.4525,231.7821,0.5798,0.619
2015-12-27T00:18:59.602Z,3.9168,121.3814,229.7254,0.5284,0.0316,4.0755,107.167,229.9721,0.466,0.0382,81.9089,134.6651,231.7784,0.5811,0.6126
2015-12-27T00:19:59.210Z,4.2046,122.3449,230.487,0.5303,0.0344,3.5122,105.9004,230.1223,0.4593,0.0332,82.0302,135.0891,231.8405,0.5824,0.6092
2015-12-27T00:20:59.828Z,3.4641,122.5875,231.0076,0.5304,0.0279,4.1399,106.4235,229.8695,0.4626,0.0404,82.7091,136.9441,232.0558,0.5902,0.6075
2015-12-27T00:21:59.082Z,4.0982,122.625,230.5341,0.5316,0.0333,4.0421,107.1431,230.1947,0.4652,0.0376,82.2556,135.438,231.7897,0.5841,0.6091
2015-12-27T00:22:59.797Z,4.4801,121.1498,230.6326,0.5243,0.0364,4.0622,107.0313,230.2065,0.4648,0.0372,82.5168,134.9328,231.5676,0.5822,0.6134
2015-12-27T00:23:59.477Z,3.0996,123.4098,230.8169,0.5346,0.0253,3.9001,109.9402,230.0904,0.4782,0.0361,82.6476,135.9417,231.6623,0.5867,0.6117
2015-12-27T00:24:59.845Z,3.7695,122.0298,230.4914,0.5291,0.0311,4.2212,106.6134,230.2485,0.4629,0.0399,81.5413,136.3459,231.2638,0.5893,0.6008
2015-12-27T00:25:59.257Z,4.048,122.035,230.7994,0.5287,0.0332,3.8481,105.3799,230.0148,0.458,0.0377,81.9426,136.2978,231.6941,0.5883,0.6048
2015-12-27T00:26:59.920Z,3.2248,119.3816,230.8522,0.5171,0.0272,4.279,102.1615,230.6448,0.4427,0.044,83.3745,137.9268,232.1432,0.5938,0.609
2015-12-27T00:27:59.850Z,4.3677,122.4346,230.7197,0.5302,0.0349,3.4478,107.4727,230.3295,0.4668,0.0314,82.8962,137.1552,231.7564,0.5915,0.6077
2015-12-27T00:28:59.219Z,3.7034,123.8483,230.8416,0.5359,0.0302,3.5796,108.0843,230.3568,0.4689,0.0349,82.5307,134.3673,231.5909,0.5801,0.616
2015-12-27T00:29:59.724Z,3.9888,121.0798,230.5215,0.5247,0.0314,3.5208,108.5681,229.5158,0.4731,0.0327,83.1529,136.6532,231.6391,0.5897,0.6121
2015-12-27T00:30:59.831Z,4.2315,124.547,230.9157,0.5388,0.0343,4.2067,109.8101,229.3705,0.4785,0.0387,82.6637,133.9105,231.6425,0.578,0.6186
2015-12-27T00:31:59.287Z,4.495,121.4437,230.4201,0.5266,0.0381,4.4336,107.3603,229.6732,0.4674,0.0392,81.4379,133.2488,230.3893,0.5779,0.6159
2015-12-27T00:32:59.607Z,3.827,124.1253,230.7498,0.538,0.0314,4.7927,108.1686,229.7438,0.4711,0.0448,80.8831,132.1052,230.2576,0.5737,0.6154
2015-12-27T00:33:59.706Z,4.3151,122.4474,230.4286,0.5308,0.0355,3.7759,107.1616,230.0891,0.4655,0.0352,81.2562,133.1322,230.1513,0.5791,0.6119
2015-12-27T00:34:59.220Z,4.3927,122.9131,230.3752,0.5332,0.0362,3.6029,108.4171,230.1219,0.4708,0.0337,81.4648,134.7281,230.1947,0.586,0.6069
2015-12-27T00:35:59.558Z,4.4817,121.5852,230.6521,0.5266,0.0373,3.9853,106.7752,229.4685,0.4647,0.0387,81.4234,135.8357,230.7383,0.5884,0.6017
2015-12-27T00:36:59.973Z,4.154,122.9747,230.4526,0.5332,0.0349,4.0488,106.2741,229.3247,0.4632,0.0397,82.7893,135.7689,231.3696,0.5867,0.6144
2015-12-27T00:37:59.310Z,5.111,122.4272,230.4404,0.5313,0.0416,3.8256,109.8443,230.2472,0.4768,0.0352,82.373,134.7174,230.9788,0.5839,0.6139
2015-12-27T00:38:59.200Z,5.4053,122.272,230.4091,0.5303,0.0454,4.0033,107.1329,230.4223,0.4648,0.0374,82.1285,133.4401,231.3851,0.577,0.6186
2015-12-27T00:39:59.768Z,5.1536,122.8236,229.699,0.5345,0.0407,4.0807,110.1158,230.818,0.4768,0.0375,81.9764,135.4519,231.6157,0.5849,0.6084
2015-12-27T00:40:59.203Z,3.7759,122.0334,229.6666,0.531,0.0314,4.79,108.971,230.6244,0.4721,0.0462,81.8046,134.1453,231.4366,0.5799,0.6137
2015-12-27T00:41:59.603Z,4.8209,121.6666,229.6964,0.5295,0.0397,3.9998,108.2047,231.065,0.468,0.0377,81.3752,133.377,231.6901,0.5753,0.6139
2015-12-27T00:42:59.427Z,4.2289,122.598,229.9444,0.5328,0.0334,4.4234,108.359,231.0739,0.4697,0.042,82.7092,134.4576,232.1626,0.5789,0.6172
2015-12-27T00:43:59.244Z,3.9145,122.8592,229.9248,0.5337,0.0311,3.8441,107.7918,231.1033,0.4667,0.0345,82.3614,135.2388,231.8907,0.5829,0.6119
2015-12-27T00:44:59.179Z,5.1633,121.7489,229.7592,0.5303,0.0433,3.4196,108.1425,231.0462,0.4676,0.0321,82.6846,135.9285,232.0652,0.5856,0.61
2015-12-27T00:45:59.529Z,5.244,120.4492,229.8076,0.524,0.0444,4.0263,106.8484,230.6763,0.4635,0.0369,82.709,135.3137,231.8993,0.5831,0.6136
2015-12-27T00:46:59.039Z,4.595,121.8383,229.8596,0.5296,0.037,3.6853,108.0762,230.9289,0.4679,0.0327,82.6179,135.2494,231.8696,0.5831,0.615
2015-12-27T00:47:59.156Z,3.5169,124.2557,230.6652,0.5384,0.0279,3.4835,108.7632,230.2132,0.4725,0.0323,82.9201,135.2268,231.8171,0.583,0.6158
2015-12-27T00:48:59.502Z,4.6346,122.5449,230.6854,0.531,0.0385,4.1881,106.1064,230.0276,0.461,0.0393,82.3716,135.3019,231.8277,0.584,0.6114
2015-12-27T00:49:59.400Z,4.4959,122.9387,230.9932,0.5312,0.0374,4.0026,108.4074,227.139,0.4774,0.0369,83.1827,137.124,232.7295,0.5891,0.6081
2015-12-27T00:50:59.540Z,4.7944,121.6213,230.8818,0.5265,0.0398,2.9935,109.7935,229.2964,0.4786,0.0273,82.4281,134.9596,232.3144,0.5809,0.613
2015-12-27T00:51:59.944Z,5.0716,119.5705,230.6207,0.518,0.043,4.0578,103.4991,231.4175,0.4472,0.0426,81.6887,135.8701,232.1524,0.5854,0.6052
2015-12-27T00:52:59.712Z,4.1693,122.5121,230.7874,0.5309,0.034,4.1442,107.2399,231.1807,0.464,0.0386,82.7732,134.5228,231.908,0.5801,0.6179
2015-12-27T00:53:59.146Z,4.9077,124.598,231.0176,0.5391,0.0398,3.788,108.6552,231.1299,0.4698,0.0346,82.4037,135.5581,231.9296,0.5843,0.6107
2015-12-27T00:54:59.722Z,4.3698,123.4595,230.6571,0.535,0.0342,4.5748,108.3143,231.0596,0.4687,0.0424,81.8002,134.013,231.3514,0.5791,0.6122
2015-12-27T00:55:59.133Z,5.0953,123.6946,230.5234,0.5364,0.042,4.2816,111.2061,231.4246,0.4803,0.0377,81.5389,133.8631,230.6732,0.5803,0.6102
2015-12-27T00:56:59.895Z,4.426,121.984,229.9992,0.5295,0.0362,4.1248,107.6826,231.1041,0.466,0.0398,81.7852,136.2739,230.662,0.591,0.6035
2015-12-27T00:57:59.294Z,5.0851,125.4021,230.5665,0.5435,0.0399,4.1058,107.9165,231.1318,0.4671,0.0388,81.8613,135.3057,230.9581,0.5854,0.6071
2015-12-27T00:58:59.604Z,3.8478,121.9896,230.3849,0.5297,0.0312,4.0567,107.8312,231.1452,0.4666,0.038,82.0033,136.0432,230.9607,0.5889,0.6066
2015-12-27T00:59:59.133Z,4.1827,121.407,229.9234,0.5276,0.0343,4.662,107.4714,231.279,0.4644,0.0427,82.2412,134.5006,230.5744,0.5834,0.6126
2015-12-27T01:00:59.738Z,3.7872,119.1329,230.0513,0.5176,0.0323,4.8507,109.6949,230.8811,0.4757,0.0445,82.5941,134.222,230.5765,0.5814,0.6192
2015-12-27T01:01:59.040Z,3.436,121.9012,229.9748,0.5297,0.0273,3.9853,102.0016,230.7834,0.4421,0.0417,81.5539,134.4997,230.7483,0.5826,0.6118
2015-12-27T01:02:59.039Z,4.408,122.5762,230.0518,0.5327,0.0363,4.271,104.4309,230.1749,0.454,0.0437,82.3414,135.3918,230.9553,0.5858,0.6102
2015-12-27T01:03:59.706Z,4.1401,124.0234,230.2101,0.5383,0.0326,5.0636,110.3398,230.447,0.4787,0.0457,82.0999,134.4725,230.9312,0.5826,0.6128
2015-12-27T01:04:59.402Z,3.8197,121.8833,230.1518,0.5299,0.0308,3.8687,108.84,230.3803,0.4722,0.0354,82.2704,134.1717,231.3378,0.5806,0.6142
2015-12-27T01:05:59.865Z,4.1857,122.2489,231.454,0.5274,0.034,4.0331,106.8944,230.1784,0.4646,0.0365,82.7273,136.4976,232.0701,0.5881,0.6129
2015-12-27T01:06:59.181Z,3.9724,121.6891,231.4724,0.5257,0.0324,4.1957,106.4816,231.1124,0.4607,0.0393,82.4907,135.8508,231.4776,0.5871,0.6098
2015-12-27T01:07:59.477Z,3.8895,122.6926,230.9813,0.5308,0.0323,4.0599,107.2129,231.3189,0.4636,0.04,81.9729,134.4286,231.4603,0.5809,0.6141
2015-12-27T01:08:59.920Z,3.896,122.717,231.1728,0.531,0.0311,4.0615,107.8047,231.125,0.4661,0.0377,82.6313,135.5451,232.0059,0.5847,0.6121
2015-12-27T01:09:59.557Z,3.9667,121.983,230.9966,0.5277,0.0328,4.1478,109.8444,231.1314,0.4752,0.0376,82.2022,134.2627,231.488,0.58,0.6144
2015-12-27T01:10:59.349Z,3.9314,121.4464,231.4791,0.5241,0.0325,4.5476,108.6624,230.971,0.4704,0.0412,81.9441,133.5401,231.314,0.5771,0.6199
2015-12-27T01:11:59.767Z,4.4342,122.4918,231.6967,0.5281,0.0367,3.9412,107.9085,230.8653,0.4677,0.0371,82.1007,136.0923,231.7886,0.5873,0.6062
2015-12-27T01:12:59.663Z,3.7523,121.5468,231.7459,0.5241,0.031,4.7573,108.0063,231.3901,0.4668,0.0434,82.2684,135.1181,231.6256,0.5836,0.6112
2015-12-27T01:13:59.003Z,3.3772,121.9016,231.9466,0.5251,0.0271,4.4679,106.7118,231.2944,0.4618,0.0422,82.9955,135.95,232.0066,0.5861,0.6134
2015-12-27T01:14:59.229Z,3.4091,120.9898,231.5198,0.5223,0.0267,4.4825,108.2029,231.6372,0.4674,0.0428,81.9225,134.023,231.8433,0.578,0.6176
2015-12-27T01:15:59.738Z,4.7001,120.3347,231.5811,0.5191,0.0398,3.8982,105.0079,231.7277,0.4529,0.0409,82.2766,134.2352,232.1131,0.5784,0.616
2015-12-27T01:16:59.155Z,3.7552,121.3711,231.6711,0.5238,0.0309,3.5754,108.3989,231.0768,0.4688,0.0323,82.7856,135.8357,232.0714,0.5853,0.6116
2015-12-27T01:17:59.542Z,3.8925,125.4429,231.4286,0.5419,0.0309,3.6909,109.6573,231.2371,0.4743,0.0338,82.3023,136.4681,232.1398,0.5877,0.6047
2015-12-27T01:18:59.922Z,3.9853,123.7399,231.4109,0.5343,0.032,4.6158,107.3352,230.7864,0.465,0.0417,81.953,134.5765,231.8573,0.5803,0.611
2015-12-27T01:19:59.132Z,3.7221,124.6704,231.3854,0.5385,0.0293,3.4819,109.8879,230.8979,0.4753,0.0321,82.234,135.8508,231.653,0.5864,0.6072
2015-12-27T01:20:59.591Z,4.6565,119.7779,231.2083,0.5179,0.0387,3.7985,106.9096,230.9039,0.463,0.0362,83.5964,134.414,232.0172,0.5798,0.6276
2015-12-27T01:21:59.967Z,3.8148,119.0658,231.0801,0.5146,0.0314,4.0046,113.7108,231.6833,0.4905,0.0363,82.0946,133.4364,231.3087,0.5773,0.617
2015-12-27T01:22:59.308Z,3.8278,124.6786,231.1306,0.5391,0.0324,4.2577,108.8899,231.6444,0.47,0.0389,82.0949,136.0992,231.8737,0.5878,0.6049
2015-12-27T01:23:59.657Z,3.7563,123.9993,231.1504,0.5362,0.0303,3.6095,107.0453,232.3367,0.4607,0.0328,83.1746,137.4312,232.0342,0.5924,0.6078
2015-12-27T01:24:59.192Z,4.5738,121.1188,230.6691,0.5243,0.0374,3.8213,109.0388,232.1221,0.4697,0.0348,82.5613,132.6718,231.7807,0.5719,0.6241
2015-12-27T01:25:59.815Z,4.1592,122.3654,230.5632,0.5303,0.0343,4.0113,108.3099,231.9686,0.4666,0.0412,82.4334,134.9224,231.8255,0.5816,0.6145
2015-12-27T01:26:59.461Z,5.6248,121.4887,230.506,0.5267,0.0469,3.773,107.137,231.9827,0.4618,0.0343,83.3195,134.2331,231.8059,0.5795,0.6227
2015-12-27T01:27:59.379Z,3.942,121.6858,230.6884,0.5273,0.0324,4.9665,108.8134,232.0174,0.4691,0.0469,82.2069,135.6286,231.4925,0.5856,0.6085
2015-12-27T01:28:59.942Z,4.4858,124.2057,230.6011,0.5382,0.0362,4.4041,110.6128,232.4,0.4762,0.0406,81.5888,133.8019,231.3083,0.5781,0.6127
2015-12-27T01:29:59.045Z,4.0097,120.5436,230.7482,0.522,0.0336,4.0744,108.2521,232.9362,0.4645,0.0391,82.7807,131.9011,232.1411,0.5682,0.6331
2015-12-27T01:30:59.900Z,5.163,121.061,230.8296,0.5238,0.0427,3.6895,109.0721,232.6863,0.4683,0.0339,82.1939,134.1799,231.8672,0.5785,0.6161
2015-12-27T01:31:59.479Z,4.503,123.0526,231.5629,0.531,0.0362,4.1951,107.9338,231.9594,0.4651,0.039,83.1826,136.1679,232.1726,0.5863,0.6131
2015-12-27T01:32:59.990Z,4.9965,123.8079,231.3096,0.5353,0.0401,3.5938,109.3292,231.8902,0.4715,0.0333,82.8179,134.2446,232.2447,0.578,0.619
2015-12-27T01:33:59.598Z,3.7358,122.9021,231.588,0.5308,0.0292,3.7771,108.264,231.2662,0.4678,0.034,82.4489,136.7288,232.552,0.5876,0.6051
2015-12-27T01:34:59.938Z,5.1278,119.7423,231.4287,0.517,0.0427,3.8351,109.0397,230.2254,0.4729,0.036,82.7584,132.9692,232.848,0.5712,0.6301
2015-12-27T01:35:59.414Z,4.4462,121.7578,231.4966,0.5259,0.0358,3.9097,110.3487,229.6264,0.4806,0.0354,83.3227,136.5982,232.8838,0.5863,0.6119
2015-12-27T01:36:59.848Z,3.9726,125.7326,231.4992,0.5427,0.0317,4.3274,106.7003,229.5145,0.4647,0.0399,83.2435,135.1735,233.0938,0.5803,0.6173
2015-12-27T01:37:59.440Z,4.3741,121.3038,231.586,0.523,0.0357,3.4371,106.2231,229.977,0.4618,0.0318,82.0764,137.4273,232.991,0.5902,0.6019
2015-12-27T01:38:59.134Z,5.0254,123.441,231.6122,0.5323,0.0419,3.6261,107.879,230.0029,0.4693,0.0342,82.5897,134.68,232.6507,0.579,0.6152
2015-12-27T01:39:59.885Z,4.4486,121.8347,232.0652,0.5242,0.0353,5.3018,107.0966,231.0358,0.4639,0.0486,83.8825,137.0777,233.3009,0.5873,0.6141
2015-12-27T01:40:59.157Z,3.9873,123.5376,231.8186,0.5328,0.0321,4.7409,111.578,230.9674,0.4829,0.0412,83.445,134.0717,232.9353,0.5758,0.623
2015-12-27T01:41:59.034Z,4.1926,123.9636,232.4457,0.533,0.0333,4.5254,108.7234,230.4138,0.4714,0.0401,84.28,136.453,233.3323,0.585,0.6203
2015-12-27T01:42:59.390Z,4.3646,125.0936,232.4468,0.5379,0.0358,3.8527,105.2318,229.7157,0.4577,0.038,83.2167,137.851,233.3445,0.5908,0.6064
2015-12-27T01:43:59.876Z,4.2302,125.2911,232.5753,0.5379,0.0341,4.4267,106.1156,229.9981,0.4615,0.0409,83.2167,133.6207,232.9874,0.5732,0.6274
2015-12-27T01:44:59.134Z,3.8173,123.1722,232.0324,0.5306,0.0309,4.611,108.917,230.1538,0.4732,0.0408,83.0927,135.4526,232.4903,0.5822,0.615
2015-12-27T01:45:59.333Z,4.0868,123.2397,231.9752,0.5309,0.0329,4.6807,109.3157,230.2074,0.4751,0.0418,82.9315,136.5051,232.4031,0.5871,0.6108
2015-12-27T01:46:59.191Z,4.5892,123.0193,232.0151,0.5306,0.0369,3.6821,106.2538,230.482,0.4612,0.0337,83.2016,134.8145,232.1378,0.581,0.6206
2015-12-27T01:47:59.645Z,4.9925,122.8854,231.7639,0.5299,0.0413,4.2073,109.2563,230.644,0.4739,0.0381,81.6962,134.873,231.8112,0.5819,0.6084
2015-12-27T01:49:59.415Z,4.2577,123.136,231.6763,0.5313,0.0339,4.1891,111.7584,230.5401,0.4849,0.0371,82.3998,134.4159,231.6992,0.5802,0.6163
2015-12-27T01:50:59.787Z,4.2221,124.4681,232.2024,0.5364,0.0332,4.8933,108.8837,227.9746,0.4774,0.0444,83.1092,136.2437,232.2199,0.5865,0.6119
2015-12-27T01:51:59.066Z,3.3144,121.7093,232.298,0.5236,0.028,4.448,104.8646,228.2126,0.4589,0.0421,83.2447,137.065,232.3104,0.5893,0.6102
2015-12-27T01:52:59.212Z,4.2215,124.6908,232.1355,0.5363,0.0342,4.3288,107.3159,230.3042,0.4653,0.0399,82.7956,135.8823,231.7968,0.5858,0.6124
2015-12-27T01:53:59.501Z,4.4457,124.2393,232.1789,0.5356,0.0354,3.9966,108.0885,230.8892,0.4682,0.0356,82.8276,136.6,232.6986,0.5871,0.6091
2015-12-27T01:54:59.890Z,4.087,122.0084,232.5093,0.5246,0.0328,4.4608,108.2413,231.7363,0.4668,0.0403,83.083,136.6049,232.8557,0.5863,0.6124
2015-12-27T01:55:59.633Z,4.2492,122.4861,232.2107,0.5273,0.0346,3.8593,111.2111,233.0251,0.4767,0.0336,83.036,135.5667,232.5342,0.5829,0.6153
2015-12-27T01:56:59.448Z,4.3156,123.9375,232.2634,0.5333,0.0353,3.5764,109.2908,232.9401,0.4693,0.0345,83.5023,138.2548,232.2426,0.5955,0.6076
2015-12-27T01:57:59.873Z,4.3003,125.1245,232.333,0.5387,0.0347,4.0422,111.1769,232.9107,0.4769,0.0355,82.6515,134.0796,232.5773,0.5762,0.6189
2015-12-27T01:58:59.318Z,4.5556,123.4192,232.2236,0.5307,0.0362,4.0267,111.6472,233.4714,0.478,0.0363,82.9329,136.3737,232.8308,0.5857,0.6102
2015-12-27T01:59:59.639Z,4.9354,124.5057,232.2833,0.5358,0.0392,3.7073,109.3485,233.6999,0.468,0.0334,82.9676,134.6127,231.7074,0.5809,0.6192
2015-12-27T02:00:59.491Z,4.0512,120.9288,233.1284,0.5187,0.0345,3.6864,109.4734,234.0535,0.4673,0.0344,81.9381,133.962,231.0734,0.5795,0.6153
2015-12-27T02:01:59.859Z,2.3249,120.696,232.9227,0.5176,0.0178,4.3945,108.5145,234.0604,0.4638,0.0412,84.0765,136.3449,233.3633,0.5844,0.6181
2015-12-27T02:02:59.016Z,3.4403,121.4168,232.6759,0.5217,0.029,3.7967,106.9064,233.8917,0.4571,0.035,83.6793,138.5104,233.2723,0.5936,0.6064
2015-12-27T02:03:59.656Z,4.5992,120.7352,232.3703,0.5196,0.0402,4.3655,106.1116,233.8021,0.4541,0.0401,82.9553,136.3465,233.0651,0.5847,0.613
2015-12-27T02:04:59.016Z,4.1961,123.1279,232.387,0.5299,0.034,4.3101,108.2796,233.8926,0.4631,0.0394,84.0958,138.9926,233.0889,0.5961,0.6102
2015-12-27T02:05:59.353Z,5.0507,123.259,232.1692,0.5304,0.0407,4.2352,108.6251,233.5584,0.4652,0.0396,83.1604,135.6918,232.7732,0.5824,0.6148
2015-12-27T02:06:59.622Z,5.1195,122.9312,231.2709,0.5315,0.0404,3.8593,108.1182,232.2864,0.4652,0.0349,82.7358,137.3554,231.6684,0.5932,0.6057
2015-12-27T02:07:59.934Z,5.1169,121.2129,231.7797,0.5226,0.0434,4.1009,107.2247,232.9723,0.4603,0.0386,82.7942,135.7076,232.1388,0.5847,0.6131
2015-12-27T02:08:59.225Z,4.1037,121.4576,231.6587,0.5238,0.0339,3.4546,106.6571,232.8859,0.458,0.0367,83.5259,136.4893,232.2867,0.5876,0.6163
2015-12-27T02:09:59.738Z,4.0588,123.4284,231.6007,0.5327,0.0348,3.9502,105.0438,232.3637,0.4517,0.0383,82.4848,135.6686,232.6524,0.5836,0.613
2015-12-27T02:10:59.064Z,4.761,123.2329,231.4436,0.5327,0.039,4.018,108.6457,232.0288,0.468,0.0378,83.0978,135.7725,232.7683,0.5831,0.6136
2015-12-27T02:11:59.053Z,4.4015,120.7581,230.9865,0.522,0.0358,3.8669,107.3775,232.8068,0.4611,0.0358,82.9898,135.3392,232.3424,0.5827,0.6154
2015-12-27T02:12:59.589Z,3.8588,123.2609,230.909,0.5337,0.0301,3.9928,109.7852,232.9134,0.4716,0.0351,83.2937,136.8289,232.3998,0.5887,0.6124
2015-12-27T02:13:59.135Z,3.9563,120.7404,230.6941,0.5228,0.032,4.008,107.0533,232.9824,0.4593,0.0394,82.7351,134.7761,232.1706,0.5807,0.618
2015-12-27T02:14:59.930Z,4.6368,123.7779,230.4,0.5368,0.0379,4.3351,109.4915,233.0072,0.47,0.0408,82.1214,135.5664,231.8104,0.5849,0.608
2015-12-27T02:15:59.328Z,5.549,121.2826,230.1683,0.5266,0.0463,3.7047,108.8563,233.2838,0.4664,0.0313,82.3896,136.5901,231.4727,0.5903,0.6067
2015-12-27T02:16:59.696Z,4.267,121.9205,230.6619,0.5284,0.0359,3.4746,107.4022,232.022,0.4623,0.0314,82.5489,135.2168,231.0424,0.5852,0.6123
2015-12-27T02:17:59.371Z,3.7886,123.2038,231.6448,0.5318,0.0323,3.7878,107.6691,232.7087,0.4627,0.0368,82.8936,137.4174,232.3127,0.5921,0.605
2015-12-27T02:18:59.120Z,4.9019,121.9022,231.8904,0.5254,0.041,4.0025,109.6032,233.1257,0.4695,0.0359,82.6002,133.9016,232.0043,0.5771,0.6171
2015-12-27T02:19:59.797Z,4.0855,121.9842,231.2891,0.5274,0.0333,4.3287,107.2511,233.2346,0.4599,0.0395,83.3159,135.5362,232.067,0.5842,0.6168
2015-12-27T02:20:59.153Z,4.9247,124.0467,230.5013,0.5383,0.0391,3.7638,108.8841,233.4931,0.4659,0.0342,82.8133,135.1362,232.0524,0.5817,0.6134
2015-12-27T02:21:59.510Z,3.7904,121.2444,230.3148,0.5267,0.0315,4.0514,107.6165,233.6077,0.4609,0.037,82.8588,136.9503,232.1007,0.5901,0.607
2015-12-27T02:22:59.099Z,4.1761,122.5754,230.2641,0.5319,0.034,3.0802,108.196,233.7793,0.4628,0.0292,83.3376,136.0248,232.5942,0.5847,0.6161
2015-12-27T02:23:59.245Z,3.9023,122.5433,229.5102,0.534,0.032,3.7167,108.8225,233.727,0.4652,0.0395,82.9825,134.808,232.6416,0.5796,0.6212
2015-12-27T02:24:59.288Z,5.4725,121.1775,229.7965,0.5271,0.0466,5.0135,111.9546,233.4531,0.4792,0.0448,82.8619,135.2597,232.8055,0.5807,0.616
2015-12-27T02:25:59.561Z,4.4087,123.9525,230.0641,0.5388,0.0356,4.0477,107.4544,232.9666,0.4613,0.0378,84.2586,138.1898,233.0956,0.5931,0.6121
2015-12-27T02:26:59.135Z,4.3494,120.8948,229.2823,0.5269,0.0358,3.8322,108.3177,232.2948,0.4663,0.0358,82.9828,137.0994,232.4734,0.5897,0.6073
2015-12-27T02:27:59.891Z,5.1305,122.3043,230.2143,0.5311,0.0422,3.3351,108.5453,232.8852,0.4662,0.0303,83.2135,138.1365,233.561,0.5911,0.6049
2015-12-27T02:28:59.029Z,3.679,120.5846,230.0193,0.5239,0.0312,4.0667,108.025,232.6083,0.4649,0.0398,84.0172,136.9513,233.5654,0.5862,0.6154
2015-12-27T02:29:59.375Z,4.8784,121.3645,230.1342,0.5269,0.0393,3.8777,105.4522,232.6484,0.4531,0.0363,83.2446,138.8755,233.3243,0.5954,0.6016
2015-12-27T02:30:59.704Z,4.4264,122.3455,230.3678,0.531,0.0358,4.0441,108.9145,232.8615,0.4684,0.0359,82.9304,136.6043,232.698,0.587,0.6101
2015-12-27T02:31:59.105Z,4.5128,121.5256,230.6678,0.5263,0.0372,3.7444,108.2736,230.131,0.4708,0.033,83.2807,136.2919,233.3722,0.5833,0.615
2015-12-27T02:32:59.459Z,4.468,120.7432,230.4986,0.5233,0.0367,3.731,109.2099,230.5558,0.4731,0.0335,83.364,135.3552,233.0643,0.5807,0.618
2015-12-27T02:33:59.666Z,4.0964,121.3729,231.0967,0.5247,0.0337,3.9604,104.9549,231.662,0.453,0.0387,83.033,136.1721,232.4061,0.5857,0.6138
2015-12-27T02:34:59.801Z,3.7804,122.9078,230.5934,0.5327,0.0311,4.5837,109.3124,232.1644,0.4712,0.0423,83.0853,135.739,232.3167,0.5836,0.616
2015-12-27T02:35:59.180Z,3.5907,120.1096,230.4539,0.5206,0.03,3.6713,107.906,231.856,0.4657,0.035,83.1054,134.8821,232.3639,0.5806,0.6182
2015-12-27T02:36:59.201Z,4.772,120.8663,229.6602,0.5262,0.0404,4.9627,105.9633,231.4156,0.4576,0.0467,82.5088,135.0538,232.0444,0.5821,0.6133
2015-12-27T02:37:59.640Z,3.6845,122.123,230.1511,0.5309,0.0296,4.3314,107.5895,232.3885,0.463,0.0409,83.2232,135.5302,232.5934,0.5832,0.6175
2015-12-27T02:38:59.238Z,4.0731,121.0651,230.8389,0.5244,0.0338,3.2911,108.8857,232.3126,0.4689,0.031,83.6009,134.5854,232.6807,0.5781,0.6224
2015-12-27T02:39:59.630Z,4.4476,122.1056,230.8714,0.5281,0.0368,3.99,110.1723,232.6066,0.4731,0.0362,82.9904,135.4012,232.5016,0.5823,0.6158
2015-12-27T02:40:59.304Z,4.727,123.276,230.8169,0.534,0.0379,4.0775,105.9621,231.7471,0.4573,0.0373,82.7416,134.0114,232.5816,0.5767,0.6186
2015-12-27T02:41:59.042Z,3.9303,122.1154,231.4888,0.5273,0.0328,3.935,106.8176,232.0712,0.4593,0.0352,83.2441,139.352,233.1441,0.598,0.6006
2015-12-27T02:42:59.367Z,4.7566,121.1418,231.017,0.524,0.0384,3.7631,105.8965,232.421,0.4557,0.0387,83.4362,134.7526,232.7502,0.5786,0.6262
2015-12-27T02:43:59.069Z,4.3949,120.7247,230.8686,0.5225,0.0362,2.9744,107.7423,232.8832,0.4626,0.0319,83.2093,132.6238,232.4484,0.571,0.6321
2015-12-27T02:44:59.466Z,3.6289,121.9596,231.198,0.5269,0.0307,4.2544,110.5401,232.9922,0.4744,0.0384,83.4649,135.1713,232.7334,0.581,0.6195
2015-12-27T02:45:59.420Z,4.0065,121.7,231.6188,0.5251,0.0323,3.5451,110.4162,232.7343,0.4747,0.0314,82.7296,137.9353,232.2775,0.5934,0.6025
2015-12-27T02:46:59.234Z,5.1549,120.7243,230.9547,0.5222,0.0423,4.2138,111.2174,232.0053,0.4792,0.0406,83.2869,135.3109,232.2612,0.583,0.6186
2015-12-27T02:47:59.676Z,5.2079,121.699,231.0721,0.5264,0.0423,4.06,106.4309,232.1855,0.4588,0.0376,83.5434,137.3182,233.2748,0.5884,0.6122
2015-12-27T02:48:59.357Z,4.3669,120.8882,231.3703,0.5221,0.0372,4.1007,106.4522,231.1921,0.4603,0.04,83.2342,136.8423,233.4434,0.5862,0.6149
2015-12-27T02:49:59.428Z,3.9841,120.2543,231.1652,0.5199,0.0329,3.7203,103.006,229.0095,0.4498,0.0346,84.1852,136.3527,234.1366,0.5821,0.6211
2015-12-27T02:50:59.977Z,4.7336,121.6504,231.3635,0.5252,0.0391,3.8668,105.7042,232.1552,0.4548,0.0358,83.025,132.0162,233.1288,0.5666,0.6295
2015-12-27T02:51:59.272Z,4.3116,121.4375,231.5912,0.524,0.036,4.0127,104.6844,233.1226,0.4493,0.0389,82.8201,134.9546,232.6955,0.5802,0.6173
2015-12-27T02:52:59.668Z,4.0527,120.5065,231.2979,0.521,0.0338,3.5183,107.8379,233.5264,0.4616,0.0338,83.492,137.1598,232.7386,0.589,0.6117
2015-12-27T02:53:59.752Z,4.3086,121.3314,231.9129,0.5229,0.0359,5.1166,109.5826,232.9784,0.4705,0.0466,83.5105,135.4743,232.9238,0.581,0.6176
2015-12-27T02:54:59.978Z,3.7703,122.0435,231.4108,0.5275,0.0313,4.4368,108.562,232.1163,0.467,0.0378,82.8041,137.7422,232.096,0.5929,0.6045
2015-12-27T02:55:59.181Z,4.137,121.0894,230.7459,0.5251,0.0333,4.4419,108.6743,231.804,0.4688,0.0407,82.068,131.7891,231.8033,0.5687,0.6236
2015-12-27T02:56:59.357Z,4.8437,121.8914,230.4016,0.5284,0.0411,4.131,109.8921,231.9615,0.4741,0.0364,82.4991,135.8286,231.5998,0.5864,0.6102
2015-12-27T02:57:59.747Z,3.72,120.9118,231.2623,0.5224,0.0319,4.277,107.2364,232.2811,0.462,0.0408,82.8484,134.2238,231.8855,0.5791,0.62
2015-12-27T02:58:59.296Z,3.521,121.9764,231.0268,0.5277,0.0297,4.6789,109.6111,233.0081,0.4709,0.0443,82.895,134.0108,231.9012,0.5776,0.6233
2015-12-27T02:59:59.758Z,3.505,121.6489,230.7622,0.5267,0.028,4.1651,108.3442,233.0225,0.4652,0.0377,82.0349,135.47,231.2645,0.5859,0.6092
