2015-11-22T00:00:59.067Z,5.2471,149.8015,229.6123,0.6519,0.0348,4.7796,137.239,230.6207,0.5953,0.0363,83.2472,158.4201,231.7962,0.6833,0.5303
2015-11-22T00:01:59.761Z,4.9299,155.5076,229.2993,0.6779,0.0334,4.0655,140.1382,230.6621,0.6068,0.0297,83.6372,161.7084,231.8342,0.6974,0.5188
2015-11-22T00:02:59.368Z,5.0574,153.2396,229.405,0.6676,0.0344,4.2329,137.433,230.0711,0.5968,0.0306,82.9001,162.1433,232.0386,0.6988,0.5149
2015-11-22T00:03:59.791Z,4.8979,155.0284,229.8764,0.6738,0.0315,6.0507,142.9973,231.3145,0.6185,0.042,82.7557,163.6231,231.7254,0.7063,0.5093
2015-11-22T00:04:59.093Z,6.1616,154.9868,229.9921,0.6737,0.0404,4.834,141.0983,231.8816,0.6086,0.034,84.2321,164.2457,232.3907,0.7064,0.5153
2015-11-22T00:05:59.129Z,3.4633,154.187,229.8026,0.6707,0.0227,4.7132,137.487,231.5474,0.5938,0.0352,83.2155,158.9022,232.149,0.6845,0.5286
2015-11-22T00:06:59.916Z,4.7002,151.7517,229.463,0.6609,0.0313,4.4542,140.715,231.6743,0.6074,0.0318,82.6791,162.4658,231.3597,0.7023,0.5115
2015-11-22T00:07:59.487Z,5.118,154.5061,229.5547,0.6724,0.034,4.8276,138.2608,231.9897,0.596,0.0348,82.6191,162.9797,231.6889,0.7036,0.5114
2015-11-22T00:08:59.024Z,4.8007,156.6147,229.8341,0.6807,0.0296,4.6794,142.2672,231.601,0.6138,0.0334,83.2977,159.8292,231.4538,0.69,0.5221
2015-11-22T00:09:59.458Z,3.9819,154.0759,230.2698,0.6693,0.0254,4.9115,139.1082,231.3375,0.601,0.0342,83.181,160.2953,231.6301,0.6921,0.5213
2015-11-22T00:10:59.788Z,4.3608,154.6565,230.1547,0.6713,0.0281,4.5238,138.5144,231.5903,0.5979,0.0332,83.6458,160.2291,232.0832,0.6901,0.5244
2015-11-22T00:11:59.248Z,4.2761,154.9518,230.5612,0.6718,0.0283,5.0226,137.2056,231.7708,0.5917,0.0361,84.0367,161.9354,232.3783,0.6968,0.5217
2015-11-22T00:12:59.949Z,4.203,153.6739,230.4861,0.6664,0.0263,4.5599,138.1317,231.7909,0.5959,0.0333,83.7613,159.7211,232.1082,0.6883,0.5288
2015-11-22T00:13:59.188Z,5.14,154.2988,230.9316,0.6677,0.0331,4.646,135.8849,232.657,0.5838,0.0337,83.7167,162.8112,232.6491,0.6994,0.5187
2015-11-22T00:14:59.223Z,4.9618,153.3878,231.4838,0.6625,0.0334,4.4853,135.1859,232.166,0.5826,0.0321,83.7833,164.0077,233.4009,0.7026,0.5169
2015-11-22T00:15:59.595Z,5.7205,153.6991,230.8397,0.6656,0.0375,4.5518,143.3242,232.0243,0.6177,0.0321,83.0858,159.8098,232.6021,0.6866,0.5231
2015-11-22T00:16:59.986Z,4.5418,154.6312,230.1505,0.6712,0.0308,4.2068,140.4058,231.8912,0.6048,0.0298,84.1015,159.6099,232.3582,0.6869,0.5285
2015-11-22T00:17:59.546Z,4.7893,157.9857,231.3598,0.6824,0.0298,4.0297,140.8354,232.2244,0.6067,0.0301,83.7442,160.5327,232.3804,0.6909,0.5243
2015-11-22T00:18:59.859Z,4.2216,156.9462,230.9575,0.6791,0.026,4.9614,140.9022,232.5998,0.6061,0.0334,84.4183,163.2626,232.3605,0.7024,0.5199
2015-11-22T00:19:59.164Z,6.5472,154.6147,231.4364,0.6674,0.0428,4.5548,136.1531,232.8126,0.5849,0.0345,85.1403,161.6012,232.7142,0.694,0.5312
2015-11-22T00:20:59.078Z,5.731,154.1289,231.5263,0.6655,0.037,4.946,139.6329,233.3921,0.5986,0.0352,83.6912,160.9203,232.3292,0.6918,0.5266
2015-11-22T00:21:59.382Z,5.6266,151.6122,231.6184,0.6544,0.037,4.1755,133.2354,230.9048,0.5769,0.0309,84.2109,163.158,233.2624,0.6997,0.5211
2015-11-22T00:22:59.922Z,4.1058,154.4392,231.1903,0.6678,0.026,5.5093,136.256,230.5337,0.5908,0.0407,84.5354,162.8938,233.3066,0.6982,0.5212
2015-11-22T00:23:59.512Z,5.2626,154.4543,230.9338,0.6687,0.0334,4.2474,136.6276,231.6989,0.5897,0.032,84.094,164.0756,232.2734,0.7064,0.5147
2015-11-22T00:24:59.875Z,3.3852,155.219,230.4436,0.673,0.0229,5.9845,143.3621,232.0254,0.6177,0.0415,82.7087,163.1838,231.5766,0.7043,0.5098
2015-11-22T00:25:59.495Z,5.6536,154.1973,230.6759,0.6677,0.0356,5.6959,139.8684,232.1784,0.6024,0.0405,82.3663,160.2713,231.4937,0.6922,0.5162
2015-11-22T00:26:59.818Z,5.5651,154.1177,230.4155,0.6678,0.0371,5.2393,139.9824,232.0557,0.6033,0.0365,82.7785,162.909,231.5864,0.7033,0.511
2015-11-22T00:27:59.133Z,5.6763,154.8503,230.5446,0.6707,0.0366,5.0092,140.8231,232.0749,0.6072,0.0354,82.7714,160.0576,231.8603,0.6906,0.5197
2015-11-22T00:28:59.061Z,6.1233,156.7852,230.5026,0.6802,0.0388,6.1556,143.8309,231.4183,0.6216,0.044,82.8469,159.3002,232.1873,0.6857,0.5218
2015-11-22T00:29:59.439Z,4.6918,153.6928,230.4654,0.6663,0.0314,4.9045,137.7173,231.4977,0.5953,0.0376,84.319,161.2803,232.7336,0.6932,0.5259
2015-11-22T00:30:59.827Z,5.216,152.772,230.2635,0.6629,0.034,4.8215,137.7391,231.1088,0.5963,0.0359,83.2159,164.003,232.5659,0.7051,0.5113
2015-11-22T00:31:59.372Z,5.5796,155.4734,230.4092,0.6742,0.0359,4.8777,136.5124,228.3673,0.5976,0.0337,84.4608,164.908,233.4054,0.7061,0.5144
2015-11-22T00:32:59.439Z,4.4018,154.5802,230.0829,0.6718,0.0284,5.0744,136.0463,228.8774,0.5948,0.0356,84.2815,163.2366,232.6325,0.7015,0.5192
2015-11-22T00:33:59.837Z,3.5509,151.4109,230.5486,0.6562,0.0236,5.6426,132.584,231.0563,0.5741,0.0427,83.5997,161.5435,232.7311,0.6946,0.5205
2015-11-22T00:34:59.778Z,4.254,154.0658,230.4066,0.6682,0.0293,3.7173,141.9545,231.809,0.6121,0.0271,83.9331,157.2781,232.3771,0.6768,0.5385
2015-11-22T00:35:59.125Z,4.1146,154.1186,230.0868,0.6692,0.0263,5.4082,136.8076,230.8019,0.593,0.0396,82.3014,161.0663,232.2484,0.6936,0.5139
2015-11-22T00:36:59.662Z,5.1162,154.0674,230.8907,0.6668,0.0327,4.9731,137.7078,231.4566,0.5944,0.0351,82.7323,160.2666,230.8627,0.6943,0.5201
2015-11-22T00:37:59.314Z,3.5943,153.2489,230.3348,0.6653,0.0234,5.0736,134.4216,230.8888,0.582,0.0378,83.0842,159.3865,231.3355,0.6885,0.5243
2015-11-22T00:38:59.926Z,5.889,153.3516,230.597,0.6649,0.0377,4.7375,137.4095,230.9002,0.5945,0.0347,85.1951,160.7574,232.7914,0.6908,0.5325
2015-11-22T00:39:59.588Z,4.5427,152.5278,230.1608,0.6622,0.0298,4.4597,131.9596,230.5203,0.5729,0.0356,83.0568,157.8971,232.4193,0.6791,0.5321
2015-11-22T00:40:59.994Z,4.2437,154.3053,230.5377,0.6688,0.0284,5.1393,136.4375,230.4136,0.5927,0.0377,82.7368,159.2927,232.0023,0.6866,0.5213
2015-11-22T00:41:59.697Z,3.9166,154.8589,230.8688,0.67,0.0237,5.0301,138.4766,231.049,0.5993,0.0366,83.7433,160.9627,231.702,0.6949,0.5236
2015-11-22T00:42:59.741Z,5.9265,155.9187,230.8389,0.6752,0.039,3.7599,137.8843,230.5411,0.5978,0.0293,82.8367,160.2369,231.1973,0.6931,0.5186
2015-11-22T00:43:59.136Z,4.8937,154.2872,230.7071,0.6684,0.0313,5.9153,134.0418,230.6333,0.5809,0.044,81.9829,156.7553,230.8786,0.6789,0.527
2015-11-22T00:44:59.662Z,5.2077,153.2222,230.7559,0.6633,0.0331,5.976,140.8343,231.3456,0.609,0.0423,83.0033,161.5201,231.2568,0.6988,0.5184
2015-11-22T00:45:59.020Z,5.7187,159.2328,231.9363,0.6861,0.0358,4.823,142.7417,232.8063,0.6128,0.0347,83.2351,166.3888,232.9596,0.7133,0.5016
2015-11-22T00:46:59.802Z,4.6772,154.0042,231.8427,0.6637,0.0295,5.785,145.363,233.0723,0.6241,0.0362,84.6675,165.0326,233.243,0.707,0.5155
2015-11-22T00:47:59.367Z,3.94,157.3024,231.6387,0.6784,0.0232,5.1623,144.477,233.0941,0.6193,0.036,83.7761,164.6794,233.0934,0.7062,0.5119
2015-11-22T00:48:59.529Z,4.1524,153.8332,231.3185,0.6651,0.0266,4.0625,137.6685,232.8505,0.5907,0.0304,84.2145,163.7047,233.237,0.7011,0.5215
2015-11-22T00:49:59.167Z,4.7723,154.7396,230.8772,0.6693,0.0308,5.0467,142.509,232.5991,0.6126,0.0368,83.591,164.0358,233.0253,0.7041,0.5147
2015-11-22T00:50:59.723Z,5.5186,156.7713,231.1545,0.6777,0.0353,4.7228,145.7582,231.8809,0.628,0.0325,84.3862,164.4482,232.7212,0.7065,0.5147
2015-11-22T00:51:59.933Z,4.334,155.4582,231.5086,0.6713,0.0263,5.2197,142.248,232.2988,0.6126,0.0358,84.1553,164.7747,233.3653,0.7062,0.5124
2015-11-22T00:52:59.211Z,4.9514,156.6871,231.1757,0.6779,0.032,4.3926,144.558,231.9249,0.6231,0.0321,84.5019,163.7877,233.1357,0.7019,0.5171
2015-11-22T00:53:59.655Z,4.321,156.0941,231.1625,0.6748,0.0273,3.9338,143.2033,231.7096,0.6185,0.0298,85.1069,163.0232,233.2682,0.6985,0.5273
2015-11-22T00:54:59.121Z,4.017,154.1986,230.7563,0.6682,0.0273,5.5468,138.7521,231.1887,0.5998,0.0402,83.5124,162.5156,232.3784,0.6993,0.5203
2015-11-22T00:55:59.437Z,3.7001,157.2598,231.416,0.6788,0.0227,5.9201,138.8973,231.0978,0.6002,0.0426,83.6888,165.3028,232.7756,0.7097,0.5091
2015-11-22T00:56:59.819Z,5.1389,156.2709,231.5192,0.6741,0.0328,5.0492,144.2184,231.5933,0.6229,0.0363,83.2089,163.6635,232.2014,0.7048,0.5118
2015-11-22T00:57:59.074Z,4.8171,155.6552,231.9729,0.6702,0.0298,5.7737,143.2571,232.4368,0.6166,0.041,84.3522,164.3193,232.5264,0.706,0.5147
2015-11-22T00:58:59.436Z,5.4516,154.662,231.6281,0.6675,0.0355,5.0616,141.4967,232.2652,0.6089,0.0352,84.6368,166.9958,232.5258,0.7184,0.5118
2015-11-22T00:59:59.100Z,5.0453,156.9723,232.1754,0.6748,0.0331,5.1997,144.5233,232.8285,0.6201,0.0336,83.6555,165.7175,232.6673,0.7121,0.5092
