2016-02-24T00:00:59.809Z,2.0244,48.7946,232.0241,0.2099,0.0427,3.0418,34.9996,232.4979,0.1508,0.0858,1.7855,36.0426,232.9986,0.1542,0.0513
2016-02-24T00:01:59.951Z,2.5302,50.0115,231.702,0.2163,0.0489,3.4097,31.6189,232.0582,0.136,0.1129,2.0479,36.84,232.4413,0.1589,0.0595
2016-02-24T00:02:59.222Z,2.1609,49.4136,231.5799,0.2134,0.0448,3.2319,32.0827,232.2256,0.1382,0.1061,2.0167,34.7748,232.6023,0.1492,0.0588
2016-02-24T00:03:59.690Z,2.4507,50.0866,231.768,0.216,0.0493,3.493,34.8473,232.6705,0.1499,0.1073,2.1269,35.6664,232.7175,0.1536,0.0701
2016-02-24T00:04:59.049Z,1.7246,49.9529,232.0522,0.2148,0.0337,3.2076,34.5126,232.8993,0.148,0.0977,2.1303,33.9801,233.1891,0.1459,0.0656
2016-02-24T00:05:59.299Z,2.3243,50.1336,232.4226,0.2157,0.0445,2.9769,33.3645,232.971,0.1429,0.0944,2.1538,36.8877,232.9433,0.1581,0.0605
2016-02-24T00:06:59.537Z,2.4618,49.5888,232.3359,0.2133,0.049,3.4746,34.748,232.9226,0.1496,0.104,2.1854,33.8383,232.7107,0.1461,0.0679
2016-02-24T00:07:59.700Z,2.5041,49.5438,232.2709,0.2136,0.0512,3.199,33.4584,232.7946,0.144,0.1019,2.293,36.0474,232.5529,0.1552,0.0667
2016-02-24T00:08:59.003Z,2.4774,49.9202,232.2806,0.2149,0.0484,3.0457,31.5812,231.8204,0.1362,0.101,2.0451,33.9941,231.7909,0.1463,0.068
2016-02-24T00:09:59.219Z,1.8914,50.3531,232.0403,0.217,0.0373,3.4532,34.2091,231.8477,0.1477,0.1048,2.1236,35.0347,231.389,0.1512,0.0668
2016-02-24T00:10:59.429Z,1.907,50.1271,231.9,0.2158,0.0392,3.1716,33.8658,231.9143,0.1462,0.0973,2.4818,33.5314,231.3868,0.1451,0.0766
2016-02-24T00:11:59.658Z,2.59,50.0712,231.8126,0.2159,0.0489,2.8649,32.7943,231.3093,0.1418,0.0951,1.7392,35.6301,231.4635,0.1538,0.0549
2016-02-24T00:12:59.086Z,2.0108,49.7657,230.5445,0.2162,0.0414,2.9069,33.7388,232.2162,0.1455,0.0936,2.2853,35.1351,231.6652,0.1513,0.0637
2016-02-24T00:13:59.372Z,1.5699,50.1096,230.4919,0.2176,0.0297,3.2795,34.1391,231.9888,0.1474,0.1002,1.729,34.9038,231.0109,0.1507,0.0581
2016-02-24T00:14:59.547Z,1.9179,49.7755,230.7774,0.2151,0.0381,3.1412,34.2022,231.3407,0.1481,0.0952,1.7678,34.8122,231.4255,0.1502,0.0558
2016-02-24T00:15:59.783Z,2.2557,49.7305,229.6789,0.2167,0.0456,3.4734,34.6175,231.4964,0.1493,0.1034,2.1292,33.122,232.2407,0.1431,0.0653
2016-02-24T00:16:59.011Z,1.7971,50.1701,229.8932,0.2187,0.0344,2.657,33.7168,231.3953,0.1456,0.0918,2.4902,34.8433,232.4269,0.1502,0.0729
2016-02-24T00:17:59.234Z,2.2619,49.6405,229.7111,0.2163,0.0444,3.2632,32.0301,230.9379,0.1384,0.1011,1.6375,33.6629,232.3635,0.1445,0.0552
2016-02-24T00:18:59.422Z,1.9267,49.469,229.0649,0.2161,0.0382,3.5542,34.3939,230.6822,0.1496,0.1036,2.1149,34.8365,232.1313,0.1499,0.0649
2016-02-24T00:19:59.709Z,2.7314,49.7342,231.5889,0.2149,0.0553,2.721,33.9354,231.0741,0.1468,0.084,2.4442,35.7176,233.39,0.1521,0.0699
2016-02-24T00:20:59.993Z,2.2741,50.2911,232.1834,0.2167,0.0463,3.2854,35.5368,230.9955,0.154,0.0932,1.9899,35.6097,233.4923,0.1525,0.06
2016-02-24T00:21:59.209Z,2.199,50.2462,232.9258,0.2153,0.0438,3.2644,34.9369,232.0704,0.1508,0.0972,2.5368,33.2571,234.2802,0.1416,0.0751
2016-02-24T00:22:59.455Z,2.0237,51.2057,232.7111,0.22,0.0391,3.409,34.4641,231.817,0.1482,0.1059,2.0997,34.6059,233.9207,0.1478,0.0654
2016-02-24T00:23:59.736Z,2.5223,50.7554,231.6533,0.2187,0.0485,3.2358,34.2883,231.06,0.1485,0.0982,2.3234,35.103,233.204,0.1504,0.0764
2016-02-24T00:24:59.903Z,1.9288,49.9559,231.3129,0.2158,0.0377,3.233,32.6309,230.2591,0.1415,0.1047,2.0633,34.5055,232.668,0.1484,0.0653
2016-02-24T00:25:59.186Z,1.8094,49.8963,231.1544,0.2157,0.0368,3.074,33.0023,230.1769,0.1436,0.0964,2.0612,34.534,232.4372,0.1483,0.0628
2016-02-24T00:26:59.426Z,2.0796,49.8821,231.5177,0.2157,0.0418,3.8608,34.6635,231.1081,0.1497,0.1084,2.5509,34.8576,232.8234,0.15,0.0732
2016-02-24T00:27:59.713Z,2.5323,49.6791,231.7389,0.2148,0.0515,2.7578,33.0841,230.6082,0.1433,0.09,2.3538,35.8823,232.7077,0.1543,0.068
2016-02-24T00:28:59.027Z,2.6577,50.0296,231.6948,0.2163,0.0519,3.1381,32.3651,230.755,0.1407,0.1009,1.8534,34.5844,232.6452,0.1487,0.0608
2016-02-24T00:29:59.139Z,1.5725,49.9455,231.741,0.2155,0.0308,3.2754,30.0097,230.833,0.1301,0.114,2.1341,32.1092,232.6467,0.1378,0.0687
2016-02-24T00:30:59.353Z,2.3553,50.0293,231.6895,0.216,0.0472,2.9734,32.5162,230.5864,0.1411,0.0967,2.1241,34.1889,232.4542,0.1472,0.0609
2016-02-24T00:31:59.678Z,1.9931,50.9602,231.4531,0.22,0.0378,3.463,35.9018,230.9796,0.1559,0.1033,2.389,35.8012,232.4538,0.1537,0.0612
2016-02-24T00:32:59.912Z,1.858,50.2002,232.0178,0.2163,0.0371,3.0542,32.5712,231.1524,0.1408,0.103,2.0485,33.6551,232.5785,0.1442,0.0653
2016-02-24T00:33:59.270Z,2.0432,49.8741,231.7424,0.2149,0.0403,2.9896,34.9017,231.1653,0.151,0.0937,2.1962,34.6741,232.3573,0.1494,0.069
2016-02-24T00:34:59.495Z,2.445,49.9943,231.9311,0.2153,0.0485,3.4922,33.4239,231.236,0.1442,0.105,1.6501,34.5457,232.4977,0.1488,0.0522
2016-02-24T00:35:59.689Z,2.5596,49.2762,231.1003,0.2134,0.0518,2.8966,32.9011,230.4597,0.1426,0.0979,2.1743,34.283,231.5814,0.1481,0.0677
2016-02-24T00:36:59.921Z,2.0834,49.9693,231.0465,0.2163,0.0412,3.2016,33.3205,231.1621,0.1441,0.1031,2.0823,33.6544,232.1682,0.1452,0.0671
2016-02-24T00:37:59.338Z,1.8001,50.4039,230.7972,0.2186,0.0351,3.5518,35.7218,231.0668,0.1539,0.1044,2.3056,33.9382,231.9738,0.1464,0.0674
2016-02-24T00:38:59.799Z,2.1567,49.815,230.7743,0.2158,0.0423,2.7186,32.9713,230.5502,0.1433,0.0867,2.1964,33.9827,231.6645,0.1467,0.07
2016-02-24T00:39:59.028Z,2.7943,49.2013,229.9729,0.2133,0.0564,2.7599,32.7664,227.7,0.144,0.0894,1.6848,34.3928,231.5518,0.1484,0.0507
2016-02-24T00:40:59.233Z,2.313,50.0684,229.7491,0.218,0.0465,3.2423,31.362,227.4003,0.1376,0.1055,2.5296,31.5958,232.0098,0.1358,0.0782
2016-02-24T00:41:59.590Z,2.0509,49.9007,229.7695,0.2174,0.0402,3.0174,31.661,229.3889,0.1382,0.1038,2.4205,32.9531,231.5156,0.1429,0.0751
2016-02-24T00:42:59.932Z,1.4541,48.2463,229.9732,0.209,0.0318,2.6347,30.8928,229.3741,0.1349,0.0965,2.3997,31.5841,231.393,0.1364,0.0899
2016-02-24T00:43:59.159Z,2.196,47.6024,230.5698,0.2066,0.0458,3.085,31.5318,229.9096,0.1372,0.1163,2.1696,34.1648,232.1278,0.1471,0.0737
2016-02-24T00:44:59.577Z,2.4765,48.8877,230.6769,0.2113,0.0505,2.756,32.5145,230.4807,0.1408,0.0954,2.0867,31.3792,232.1743,0.1349,0.0709
2016-02-24T00:45:59.203Z,2.0744,49.0191,230.8577,0.2124,0.0431,2.6615,32.2079,230.029,0.1402,0.0919,2.1081,31.0843,232.158,0.1343,0.0734
2016-02-24T00:46:59.555Z,1.493,44.9109,231.6281,0.194,0.033,2.1531,24.3848,230.902,0.1056,0.1149,2.8846,26.1152,232.8626,0.1124,0.1377
2016-02-24T00:47:59.739Z,1.1296,44.3114,231.1752,0.192,0.0249,2.0307,21.9002,230.5657,0.0948,0.1225,3.0336,26.976,232.3196,0.1162,0.1363
2016-02-24T00:48:59.039Z,2.092,44.7412,232.0571,0.1929,0.0476,2.2886,25.3222,231.5591,0.1093,0.1097,2.638,26.399,232.8952,0.1137,0.1204
2016-02-24T00:49:59.332Z,1.9213,44.6688,232.3502,0.192,0.0446,1.737,23.0168,232.4434,0.099,0.1063,3.0618,26.2034,233.5008,0.1116,0.1365
2016-02-24T00:50:59.645Z,1.3429,45.4285,232.8618,0.1949,0.0293,2.4589,22.941,232.8247,0.0981,0.1347,2.7291,27.5956,234.0366,0.1179,0.1199
2016-02-24T00:51:59.735Z,1.5567,45.5418,232.0763,0.196,0.0345,2.1975,24.0948,232.1374,0.1034,0.1174,2.6534,27.7699,233.1332,0.1191,0.116
2016-02-24T00:52:59.064Z,1.5604,45.9844,231.7681,0.1984,0.0351,2.6067,27.8253,232.3109,0.1198,0.1106,2.5429,30.3957,232.9487,0.1299,0.0938
2016-02-24T00:53:59.417Z,2.0824,49.5892,233.1279,0.2133,0.0419,2.9476,31.2915,233.1779,0.1342,0.1036,2.5721,34.009,233.9971,0.1452,0.0787
2016-02-24T00:54:59.675Z,2.2022,50.3466,232.9514,0.2164,0.0428,3.2502,35.5635,232.7843,0.1527,0.0946,2.1546,34.8397,233.5722,0.1492,0.0666
2016-02-24T00:55:59.756Z,1.5373,50.6075,232.5913,0.2177,0.0297,3.1822,30.1766,232.7556,0.1295,0.1093,1.5309,30.5386,233.2642,0.1307,0.0531
2016-02-24T00:56:59.999Z,2.6005,50.4575,233.7143,0.2163,0.051,3.8585,33.4623,233.8027,0.1422,0.1141,2.2426,35.1873,234.793,0.1497,0.0682
2016-02-24T00:57:59.286Z,2.2019,50.6696,233.9037,0.2168,0.0443,3.0973,32.357,234.154,0.1377,0.1022,2.8559,35.3102,235.2518,0.1499,0.0794
2016-02-24T00:58:59.628Z,1.7655,49.8617,232.7604,0.2142,0.0341,3.2361,32.7534,233.0123,0.1402,0.1065,1.7766,35.5316,234.0184,0.1518,0.0565
2016-02-24T00:59:59.958Z,1.5779,50.9149,232.16,0.2193,0.0304,3.5011,34.9371,232.7815,0.1501,0.1025,2.3391,34.2755,233.7519,0.1464,0.0689
