2016-01-19T00:00:59.232Z,999.689,1450.4808,229.4779,6.3203,0.6892,1056.0633,1513.5172,229.8611,6.5842,0.698,1532.3745,2089.4902,230.3263,9.0708,0.7331
2016-01-19T00:01:59.931Z,1025.4299,1470.9577,228.5223,6.4359,0.6974,1088.2908,1527.7408,229.1933,6.6656,0.7117,1576.0559,2124.3192,230.2983,9.2239,0.742
2016-01-19T00:02:59.221Z,1034.2425,1478.653,228.1235,6.4812,0.699,1105.3231,1534.0425,228.7276,6.7066,0.7207,1598.7773,2148.3625,230.3667,9.3252,0.7435
2016-01-19T00:03:59.581Z,1013.1347,1453.052,227.7359,6.38,0.6977,1074.9087,1505.0572,228.2744,6.593,0.714,1564.3108,2104.8338,229.6274,9.1658,0.7432
2016-01-19T00:05:59.334Z,999.7851,1437.0291,227.0402,6.3293,0.6956,1081.922,1500.6332,228.5326,6.566,0.7211,1566.6811,2112.5211,229.4948,9.2047,0.7419
2016-01-19T00:06:59.075Z,1033.6083,1459.0816,226.2089,6.4499,0.7087,1120.7292,1522.9279,228.1957,6.6733,0.7357,1609.6256,2144.6864,228.839,9.3716,0.7509
2016-01-19T00:07:59.784Z,1011.9426,1435.7484,226.3448,6.3425,0.7052,1093.7925,1501.7148,227.7016,6.5949,0.7287,1578.1236,2110.2703,228.6489,9.2291,0.7485
2016-01-19T00:08:59.232Z,1000.4765,1430.9098,227.0344,6.3026,0.6997,1065.1231,1484.0182,227.4987,6.5232,0.7176,1557.9068,2089.1464,229.0447,9.1207,0.7456
2016-01-19T00:09:59.628Z,1025.0576,1455.9257,227.3703,6.4028,0.704,1090.4608,1510.9583,227.8611,6.6307,0.7213,1578.4746,2112.132,229.4439,9.2051,0.747
2016-01-19T00:10:59.051Z,1056.4535,1486.7517,227.8307,6.5252,0.7108,1117.7492,1534.5257,227.8687,6.7342,0.7282,1613.0033,2141.9956,229.6729,9.326,0.7531
2016-01-19T00:11:59.039Z,1034.2292,1466.7406,228.2533,6.4254,0.7052,1101.6513,1534.9045,229.1329,6.6988,0.7173,1574.4744,2119.7116,229.6304,9.2303,0.7429
2016-01-19T00:12:59.367Z,1006.7401,1449.5476,227.9913,6.3573,0.6943,1068.7864,1504.032,229.2138,6.5612,0.7104,1557.303,2103.2782,229.9558,9.146,0.7399
2016-01-19T00:13:59.619Z,1031.0759,1479.1121,228.7219,6.4664,0.6968,1077.2061,1515.7394,229.1442,6.6149,0.7107,1579.2148,2119.4381,230.1529,9.2082,0.7452
2016-01-19T00:14:59.081Z,1067.1817,1506.4579,228.2428,6.5997,0.7082,1112.8472,1542.1178,229.0673,6.7316,0.7216,1614.6337,2146.5538,229.903,9.3367,0.7515
2016-01-19T00:15:59.540Z,1045.6462,1482.9153,228.1889,6.4978,0.7051,1100.4604,1537.4156,229.3244,6.7039,0.7159,1587.8748,2127.8301,230.1046,9.247,0.7459
2016-01-19T00:16:59.863Z,226.0779,414.7745,229.6445,1.8127,0.1834,239.0329,416.669,230.9589,1.8133,0.192,435.3987,598.5898,232.096,2.5963,0.7114
2016-01-19T00:17:59.450Z,324.3745,622.1476,229.1409,2.7221,0.2782,378.2965,689.8755,229.9725,3.0075,0.299,458.9431,762.3748,231.3722,3.3034,0.6546
2016-01-19T00:18:59.886Z,4.5809,121.8848,229.3325,0.5314,0.0364,4.6936,108.4956,230.5415,0.4709,0.0431,250.2651,313.7236,231.7609,1.3548,0.7532
2016-01-19T00:19:59.370Z,901.968,1240.9684,229.2,5.4196,0.5781,963.9044,1354.4965,230.3134,5.8836,0.5809,1433.0904,1870.0097,229.8404,8.1451,0.7831
2016-01-19T00:20:59.593Z,1151.8846,1560.8242,228.9038,6.818,0.7379,1203.1651,1646.938,230.1239,7.1562,0.7306,1659.034,2200.5579,229.236,9.5986,0.7539
2016-01-19T00:21:59.429Z,1137.1169,1551.8073,229.0991,6.7733,0.7328,1189.039,1633.5963,230.0336,7.1012,0.7278,1650.0637,2193.0531,229.4372,9.5578,0.7527
2016-01-19T00:22:59.846Z,1058.4097,1486.3126,228.9926,6.4899,0.7121,1121.5177,1567.9906,229.9464,6.8186,0.7148,1587.9804,2141.9872,229.6507,9.3267,0.7409
2016-01-19T00:23:59.157Z,1007.1584,1447.32,229.5673,6.3045,0.6962,1066.3215,1527.7073,230.3076,6.633,0.699,1531.5643,2095.4887,229.8387,9.1167,0.731
2016-01-19T00:24:59.496Z,988.0541,1421.1129,229.3831,6.195,0.6956,1052.1917,1516.3554,230.4169,6.5806,0.6932,1502.3967,2068.1477,229.4192,9.0143,0.7271
2016-01-19T00:25:59.792Z,988.3579,1414.2713,228.6244,6.1861,0.699,1066.1258,1521.5742,230.5647,6.5991,0.701,1507.5291,2074.0201,229.2818,9.0452,0.7264
2016-01-19T00:26:59.996Z,1034.759,1458.4272,228.6264,6.3786,0.7091,1097.9808,1549.0151,230.217,6.7283,0.7096,1555.827,2113.144,229.5707,9.2044,0.7361
2016-01-19T00:27:59.317Z,1032.6072,1465.6727,228.3253,6.4188,0.7049,1083.9812,1525.6487,229.16,6.6569,0.7103,1567.8614,2112.5159,229.6436,9.1985,0.741
2016-01-19T00:28:59.971Z,992.1151,1422.5745,228.5971,6.2226,0.6975,1059.4829,1515.9866,230.1704,6.5865,0.6992,1512.5791,2076.9899,229.6969,9.0418,0.7284
2016-01-19T00:29:59.343Z,997.4336,1431.3355,228.998,6.2495,0.6965,1061.0068,1526.4633,230.7667,6.614,0.6948,1507.7169,2074.3036,229.7816,9.027,0.7268
2016-01-19T00:30:59.269Z,1035.3716,1463.187,228.9936,6.3889,0.7082,1108.625,1567.181,230.8462,6.7884,0.7074,1554.55,2123.926,230.147,9.2279,0.7314
2016-01-19T00:31:59.611Z,1045.7303,1467.7829,228.95,6.4106,0.7129,1113.0728,1568.8212,230.3474,6.8108,0.7092,1555.6044,2114.1269,229.5224,9.2104,0.7363
2016-01-19T00:32:59.191Z,1003.4466,1430.2892,228.7967,6.2511,0.702,1077.383,1531.8651,230.0696,6.6578,0.7035,1520.2936,2084.172,229.2819,9.0892,0.73
2016-01-19T00:33:59.746Z,997.7251,1426.5249,228.798,6.2346,0.6997,1072.3423,1525.3824,230.1237,6.6282,0.7037,1520.958,2084.2056,229.3092,9.0886,0.7298
2016-01-19T00:34:59.224Z,1041.7924,1462.9715,228.9516,6.3898,0.7124,1117.3458,1563.3517,230.0175,6.7963,0.7147,1565.7019,2122.819,229.2384,9.2598,0.7384
2016-01-19T00:35:59.751Z,1058.6793,1505.184,230.5346,6.5288,0.7034,1094.6159,1548.2717,229.0763,6.7579,0.7069,1591.3589,2129.8958,229.6084,9.2761,0.7467
2016-01-19T00:36:59.426Z,1018.1863,1490.5073,230.9584,6.4533,0.683,1042.3293,1486.9212,227.6281,6.5318,0.7007,1586.2126,2119.3913,230.4136,9.1978,0.7484
2016-01-19T00:37:59.685Z,1011.7751,1450.594,230.0404,6.3051,0.6978,1061.022,1519.9871,229.4833,6.6238,0.6979,1532.2119,2079.3863,228.924,9.0827,0.7376
2016-01-19T00:38:59.959Z,1053.9243,1482.7611,229.8213,6.4517,0.7109,1103.045,1557.1027,229.7292,6.7774,0.7092,1569.8938,2111.491,228.4921,9.2402,0.7438
2016-01-19T00:39:59.175Z,1065.7085,1498.0012,230.0143,6.5122,0.7117,1115.4952,1572.7134,230.2505,6.83,0.7095,1582.9891,2133.0844,229.3318,9.3009,0.7413
2016-01-19T00:40:59.432Z,1038.2157,1476.7311,230.526,6.4057,0.7024,1082.6746,1555.9933,230.6217,6.7468,0.6957,1539.7234,2095.931,229.5274,9.1309,0.7343
2016-01-19T00:41:59.737Z,1031.1408,1476.5561,230.9898,6.3923,0.6984,1057.013,1541.5907,230.4527,6.689,0.6861,1525.5149,2077.6947,229.692,9.0458,0.7341
2016-01-19T00:42:59.083Z,1067.4813,1512.8746,231.4982,6.5342,0.7058,1089.8792,1568.2931,230.5629,6.8011,0.6949,1568.0421,2117.1479,229.887,9.2088,0.7399
2016-01-19T00:43:59.379Z,1077.8644,1524.4003,231.353,6.5881,0.7069,1108.966,1582.3006,230.6363,6.8608,0.7009,1586.6394,2138.0147,229.9891,9.2957,0.7411
2016-01-19T00:45:59.536Z,1026.6385,1474.1298,231.2977,6.3731,0.6965,1081.2186,1559.5621,230.7378,6.7588,0.6928,1540.0481,2109.483,230.345,9.1577,0.7303
2016-01-19T00:46:59.862Z,1047.3914,1488.5464,230.9611,6.4444,0.7034,1109.7923,1578.7374,230.6003,6.8457,0.7032,1567.3572,2134.6716,230.6387,9.255,0.7341
2016-01-19T00:47:59.224Z,1066.5653,1499.5692,229.702,6.5278,0.7115,1131.4188,1581.8294,230.0971,6.8747,0.7149,1596.4415,2152.5408,230.351,9.3439,0.7408
2016-01-19T00:48:59.391Z,1017.3344,1455.1269,228.6862,6.3626,0.6987,1110.552,1546.7971,230.2081,6.7182,0.7178,1577.4836,2147.4318,230.4508,9.3179,0.7348
2016-01-19T00:49:59.556Z,998.3836,1435.5219,229.2482,6.2614,0.6953,1096.8612,1547.7792,230.9958,6.6998,0.7089,1544.6463,2125.6696,230.5118,9.2209,0.7268
2016-01-19T00:50:59.876Z,1034.4992,1471.5589,230.0648,6.396,0.7032,1116.9408,1574.6337,230.9911,6.8164,0.7092,1570.2919,2146.0848,230.8831,9.2951,0.7319
2016-01-19T00:51:59.112Z,1067.9393,1499.581,229.8733,6.5234,0.7118,1140.1828,1597.6226,230.7716,6.9228,0.7137,1592.8199,2158.2155,230.6921,9.3549,0.7382
2016-01-19T00:52:59.873Z,1039.1019,1473.1958,229.5373,6.4181,0.7056,1117.258,1565.7699,230.1538,6.8031,0.7129,1577.3661,2142.8349,230.6443,9.2897,0.7362
2016-01-19T00:53:59.099Z,1013.2938,1443.6993,229.4397,6.2916,0.7019,1097.2428,1555.0846,230.4763,6.7472,0.7053,1539.2436,2113.3571,230.4635,9.1693,0.7287
2016-01-19T00:54:59.664Z,1030.6868,1460.4104,229.8541,6.3537,0.7058,1122.0172,1580.1698,230.8878,6.8433,0.7101,1558.854,2136.0436,230.6792,9.2591,0.7301
2016-01-19T00:55:59.125Z,1072.6047,1497.3298,229.9182,6.5125,0.7164,1150.6213,1607.797,230.6489,6.9704,0.7158,1590.5397,2159.8818,230.7027,9.3615,0.7372
2016-01-19T00:56:59.279Z,1055.5351,1482.0651,229.4664,6.4582,0.7119,1128.25,1587.9253,230.7402,6.8817,0.7103,1569.9992,2137.7333,230.5566,9.2716,0.7349
2016-01-19T00:57:59.600Z,1033.0064,1462.5744,229.9573,6.3601,0.7062,1092.0993,1561.3712,230.2319,6.7817,0.6996,1534.0704,2097.6854,230.2893,9.1088,0.7304
2016-01-19T00:58:59.303Z,1042.1387,1477.004,229.7417,6.4285,0.7057,1103.6096,1562.8789,230.1803,6.7896,0.7062,1561.2544,2120.0513,230.5967,9.1937,0.7364
2016-01-19T00:59:59.699Z,1089.7842,1524.8319,230.5703,6.613,0.7144,1131.3194,1589.5469,229.6608,6.9216,0.7114,1605.1951,2150.4459,230.3807,9.3339,0.7464
