2016-04-22T00:00:59.692Z,2.2846,73.6216,232.2062,0.3168,0.0308,3.1919,62.3669,232.2318,0.2685,0.0513,2.1993,63.4616,232.1792,0.2733,0.0351
2016-04-22T00:01:59.889Z,1.271,74.0062,231.7367,0.3196,0.0162,3.2139,67.0046,231.7717,0.2887,0.0489,1.924,64.4292,231.7465,0.2778,0.0298
2016-04-22T00:02:59.217Z,1.7362,73.2218,231.6015,0.3165,0.0238,3.2397,66.2192,231.2302,0.2864,0.0488,1.8044,65.1002,231.2908,0.2817,0.0272
2016-04-22T00:03:59.516Z,2.4727,74.0814,231.8671,0.3198,0.0332,3.3897,66.3991,231.3391,0.2871,0.0532,2.3082,65.8389,231.4374,0.2841,0.0354
2016-04-22T00:04:59.830Z,2.7341,74.7084,232.2073,0.3215,0.0375,3.519,65.8299,231.2381,0.2847,0.0534,2.0746,66.1455,231.7323,0.2858,0.0302
2016-04-22T00:05:59.139Z,2.0802,73.1836,232.362,0.3146,0.0289,3.5973,66.3881,231.4997,0.2868,0.0528,1.6068,65.477,232.0084,0.2821,0.0257
2016-04-22T00:06:59.415Z,2.0013,75.7933,232.3653,0.3256,0.0258,2.8259,65.2735,231.6651,0.2815,0.0431,2.0108,66.0331,232.2448,0.2841,0.0316
2016-04-22T00:07:59.569Z,2.1536,73.918,232.3615,0.3175,0.0298,3.0013,65.5209,231.641,0.2826,0.0462,2.3242,66.1065,232.4545,0.2838,0.0336
2016-04-22T00:08:59.918Z,2.8065,73.7217,232.5354,0.3174,0.0367,3.8114,65.7354,231.7074,0.2833,0.0575,2.3207,66.6827,232.3957,0.2865,0.0349
2016-04-22T00:09:59.300Z,2.6446,74.0787,232.1643,0.3189,0.0377,3.1721,66.8669,231.5864,0.289,0.0472,2.0422,65.4811,232.0514,0.2821,0.0324
2016-04-22T00:10:59.526Z,1.5469,73.4662,231.7066,0.3168,0.022,3.623,65.3099,231.047,0.2829,0.056,1.9108,64.5001,232.1369,0.2779,0.0298
2016-04-22T00:11:59.747Z,1.9971,75.0264,231.6954,0.3234,0.027,3.3938,63.727,231.4676,0.2749,0.054,2.3748,64.3566,232.2709,0.2768,0.0368
2016-04-22T00:12:59.087Z,2.0884,72.6133,231.9107,0.3129,0.0277,3.9531,65.0529,231.8063,0.2808,0.0636,1.9211,64.8501,232.7111,0.2791,0.0301
2016-04-22T00:13:59.433Z,2.5763,74.0635,231.9571,0.3191,0.0368,3.6385,65.778,231.9488,0.2836,0.0536,2.3411,63.9485,232.6375,0.2748,0.0386
2016-04-22T00:14:59.632Z,1.8923,74.7678,231.8447,0.3224,0.0249,3.3526,66.6055,231.791,0.2876,0.052,1.7122,66.0948,232.6985,0.2842,0.0248
2016-04-22T00:15:59.917Z,2.0145,73.271,231.5887,0.3159,0.0277,3.5251,66.4865,231.3505,0.2878,0.0543,1.5019,64.4348,232.4029,0.2773,0.0241
2016-04-22T00:16:59.117Z,2.5504,74.6464,231.8668,0.322,0.0332,3.0352,64.998,230.3051,0.2818,0.0468,2.1224,65.5103,232.4052,0.2824,0.0326
2016-04-22T00:17:59.416Z,3.0904,73.3502,231.9255,0.3168,0.0433,2.7044,64.8067,229.6777,0.2821,0.0421,2.2234,65.5486,232.4222,0.2819,0.0338
2016-04-22T00:18:59.688Z,2.929,74.8342,231.6321,0.3232,0.0391,3.2857,66.3424,231.9122,0.2857,0.0499,2.0666,66.1999,232.1368,0.2853,0.03
2016-04-22T00:19:59.900Z,2.1751,74.3138,231.561,0.3209,0.0285,3.2657,66.1959,232.6946,0.2844,0.0479,2.0414,64.6427,231.969,0.2787,0.0323
2016-04-22T00:20:59.180Z,1.2083,73.2231,231.5642,0.3163,0.019,3.8212,66.5168,232.6058,0.2858,0.0568,2.0304,64.8519,232.0983,0.2797,0.0311
2016-04-22T00:21:59.401Z,2.1059,73.3273,232.1589,0.316,0.0284,3.266,66.0538,232.9313,0.2832,0.0496,2.4199,66.054,231.5801,0.2857,0.0367
2016-04-22T00:22:59.582Z,2.6814,73.4737,232.1995,0.3163,0.0351,3.5067,63.6147,232.4725,0.2734,0.0599,1.989,65.5534,230.9833,0.2837,0.0312
2016-04-22T00:23:59.812Z,2.4789,74.546,232.4319,0.3207,0.0347,3.7535,63.8942,232.782,0.2744,0.0589,2.0895,66.0882,230.5449,0.2867,0.0327
2016-04-22T00:24:59.139Z,2.1276,74.5386,232.6598,0.3203,0.0283,3.3098,66.8477,233.1914,0.2864,0.0499,1.8591,66.6124,231.3024,0.2879,0.0283
2016-04-22T00:25:59.448Z,2.2022,74.482,232.7946,0.3198,0.0303,2.9412,65.5544,233.1421,0.2815,0.0434,2.2108,66.1855,230.6532,0.2864,0.0343
2016-04-22T00:26:59.802Z,1.8578,73.7597,232.9123,0.3164,0.0251,3.5525,65.7563,233.0474,0.2823,0.0543,2.2111,66.0515,230.6749,0.2864,0.0334
2016-04-22T00:27:59.983Z,2.7432,74.8,232.5803,0.3215,0.0355,3.8499,67.0479,232.4107,0.2885,0.0586,2.7035,65.0029,229.6096,0.2833,0.0423
2016-04-22T00:28:59.422Z,1.5991,74.201,232.1229,0.3194,0.0212,2.4874,65.2823,232.1374,0.2811,0.039,2.1333,64.9339,229.2307,0.2833,0.0326
2016-04-22T00:29:59.664Z,1.289,74.9959,232.1613,0.3225,0.0169,3.5055,65.3286,232.8812,0.2809,0.0534,2.0368,63.2248,229.5611,0.2755,0.0314
2016-04-22T00:30:59.852Z,1.7215,73.86,232.006,0.3185,0.024,3.0537,66.4746,232.7875,0.2853,0.0474,1.9644,64.4855,229.6511,0.2811,0.0299
2016-04-22T00:31:59.369Z,2.346,72.7636,231.8073,0.3132,0.0311,3.368,66.7658,232.145,0.2878,0.0504,1.8918,64.7536,228.9586,0.2829,0.0296
2016-04-22T00:32:59.556Z,2.8101,73.5625,232.1725,0.3167,0.0393,3.16,66.208,232.3984,0.2854,0.0495,2.1054,66.1889,229.7327,0.2883,0.0316
2016-04-22T00:33:59.819Z,2.2795,73.4964,232.2642,0.316,0.0311,3.3695,65.6775,232.5037,0.2819,0.0512,2.4681,65.2541,230.0895,0.2835,0.0364
2016-04-22T00:34:59.998Z,2.0776,73.064,232.2337,0.3146,0.0297,3.7014,67.3673,232.2093,0.2898,0.0559,1.5066,64.3638,230.2279,0.2789,0.0224
2016-04-22T00:35:59.220Z,2.445,74.4568,231.9512,0.3214,0.034,3.6247,66.272,232.3038,0.2856,0.055,2.7398,65.8502,230.1879,0.2863,0.0419
2016-04-22T00:36:59.387Z,2.5045,74.036,232.4386,0.3182,0.0338,2.9078,65.668,229.9757,0.2857,0.0455,1.8374,64.9462,231.1849,0.2811,0.0296
2016-04-22T00:37:59.498Z,2.0056,74.7148,232.2478,0.3218,0.0277,3.2896,63.8044,230.4868,0.2773,0.0525,1.5787,64.776,230.9087,0.2808,0.0263
2016-04-22T00:38:59.796Z,1.8434,75.0097,231.8669,0.3238,0.0247,3.8284,66.0922,232.6153,0.2838,0.0578,1.9338,64.6044,230.2666,0.2808,0.0275
2016-04-22T00:39:59.086Z,2.2518,74.9218,231.889,0.3231,0.0304,2.8304,65.9474,232.4358,0.2839,0.043,2.1421,65.266,230.3782,0.2832,0.0331
2016-04-22T00:40:59.467Z,3.2585,73.885,231.7151,0.3192,0.0428,3.5517,66.3358,232.4479,0.2857,0.0542,1.7205,64.7079,230.7351,0.2805,0.0282
2016-04-22T00:41:59.890Z,2.959,73.5425,231.5022,0.3179,0.0391,3.2678,66.4062,232.526,0.2856,0.0519,2.6562,66.6309,231.466,0.2876,0.0402
2016-04-22T00:42:59.255Z,2.0839,72.8861,231.3957,0.3146,0.0271,3.7514,64.3698,232.3868,0.277,0.0622,2.1844,64.2684,231.5181,0.2782,0.0371
2016-04-22T00:43:59.424Z,2.5829,74.681,231.4284,0.3225,0.0344,3.4244,66.6925,232.3836,0.2871,0.0524,2.1996,66.0291,231.6673,0.2854,0.0326
2016-04-22T00:44:59.513Z,1.8786,72.9148,231.3173,0.3148,0.0243,3.1455,63.6127,232.5424,0.2737,0.0502,1.6799,62.6389,231.5818,0.2701,0.0271
2016-04-22T00:45:59.819Z,3.6498,71.2135,231.8985,0.3071,0.0507,3.3127,63.5574,232.6963,0.2735,0.0521,2.3496,63.0903,231.9375,0.2726,0.0375
2016-04-22T00:46:59.073Z,2.3509,70.9527,232.048,0.3058,0.0334,3.7192,64.5872,233.0983,0.2772,0.0597,1.694,62.8412,232.1633,0.2707,0.0262
2016-04-22T00:47:59.313Z,1.6701,71.5964,231.7247,0.3089,0.0228,3.0536,62.9704,232.9678,0.2704,0.0493,2.2483,61.7493,232.2849,0.2654,0.0376
2016-04-22T00:48:59.743Z,1.5789,71.7507,231.5537,0.31,0.0232,3.3141,63.4075,233.0359,0.2719,0.0534,2.1329,61.686,232.2284,0.2656,0.0336
2016-04-22T00:49:59.045Z,2.4308,71.2452,231.743,0.3072,0.0348,3.4862,63.2768,232.9353,0.2717,0.0556,2.0019,62.7807,231.8568,0.2706,0.0314
2016-04-22T00:50:59.281Z,1.8086,71.2207,231.7942,0.3071,0.0249,4.1345,63.1802,233.0632,0.2709,0.0663,1.9309,62.1459,231.5658,0.2685,0.0308
2016-04-22T00:51:59.498Z,2.2075,70.6883,231.9499,0.3046,0.0303,3.2024,61.7397,233.0089,0.2648,0.0559,1.9443,62.0722,231.2174,0.2686,0.0325
2016-04-22T00:52:59.793Z,1.8264,71.6578,232.3765,0.3084,0.0282,3.2449,63.556,233.4825,0.2722,0.0507,2.1923,61.6498,231.7778,0.2656,0.0355
2016-04-22T00:53:59.057Z,2.4854,71.7298,232.2657,0.3091,0.034,3.62,62.3261,232.7297,0.267,0.06,2.169,61.9118,232.297,0.2672,0.0357
2016-04-22T00:54:59.329Z,2.2211,71.4334,232.0535,0.3077,0.0316,3.3757,62.4752,232.4165,0.2688,0.0554,2.2744,62.126,232.2104,0.2678,0.0366
2016-04-22T00:55:59.562Z,2.3201,71.4263,231.8284,0.3077,0.0319,3.3312,63.7985,232.9215,0.274,0.0516,1.9662,62.673,231.8357,0.2705,0.0333
2016-04-22T00:56:59.704Z,1.8384,70.9922,231.8837,0.3058,0.0265,3.4332,61.6639,233.2686,0.2642,0.0576,2.1276,61.5771,231.9362,0.2655,0.0355
2016-04-22T00:57:59.110Z,2.2281,71.7942,231.8057,0.3097,0.0317,3.4788,63.8873,233.3931,0.274,0.0584,1.9996,62.2512,232.345,0.2681,0.0334
2016-04-22T00:58:59.364Z,2.3349,71.6669,232.1519,0.3087,0.0333,3.4681,64.5331,233.3152,0.2768,0.0546,2.1684,61.8262,232.4246,0.2656,0.0355
2016-04-22T00:59:59.638Z,1.7219,69.9993,232.1954,0.3012,0.0247,3.1486,62.2203,232.661,0.2671,0.0532,2.0032,59.6421,232.2719,0.2566,0.0352
2016-04-22T01:00:59.797Z,2.1402,68.5269,232.0156,0.2949,0.0315,3.3318,60.531,232.1488,0.2603,0.0582,2.4992,61.7778,232.273,0.2662,0.0443
2016-04-22T01:01:59.191Z,2.262,71.0323,232.017,0.3057,0.0314,3.9486,61.2353,232.074,0.2638,0.0672,1.8266,61.369,232.0141,0.2648,0.0297
2016-04-22T01:02:59.630Z,2.816,70.2334,231.7573,0.3028,0.0404,3.7126,62.8363,231.4314,0.2718,0.0599,2.0571,62.2829,231.3442,0.2695,0.0341
2016-04-22T01:03:59.928Z,2.106,71.5544,231.8143,0.3085,0.0277,3.2452,63.5209,231.4991,0.2742,0.053,1.8941,61.9207,231.4576,0.2674,0.0297
2016-04-22T01:04:59.179Z,2.1411,72.1424,231.8148,0.3108,0.0282,3.5403,62.1023,231.0894,0.268,0.0576,2.224,62.8583,231.4094,0.2714,0.0348
2016-04-22T01:05:59.650Z,2.0988,70.5765,232.3353,0.3037,0.0289,3.0887,61.688,231.0013,0.2671,0.053,2.2716,62.0829,230.3785,0.2695,0.0374
2016-04-22T01:06:59.880Z,2.157,71.5374,232.4497,0.3074,0.031,3.2229,62.4918,231.2032,0.2702,0.0539,2.1798,62.0126,230.4065,0.269,0.0348
2016-04-22T01:07:59.208Z,2.9433,70.7264,232.4198,0.3042,0.0416,2.9193,61.9123,231.7539,0.2674,0.0467,2.2563,63.1167,230.7884,0.2734,0.0367
2016-04-22T01:08:59.482Z,2.2769,72.3018,232.5726,0.31,0.0307,3.1482,64.246,232.0118,0.2769,0.05,2.3205,62.701,230.9649,0.272,0.0369
2016-04-22T01:09:59.642Z,1.7987,71.4218,232.6584,0.3067,0.0259,2.9602,62.6534,232.0665,0.2699,0.0476,1.6932,59.9057,230.8924,0.2595,0.0265
2016-04-22T01:10:59.834Z,1.4845,71.9607,232.8553,0.3086,0.0204,3.6721,62.6943,232.6456,0.2693,0.0575,2.0788,61.9373,231.1811,0.2673,0.0318
2016-04-22T01:11:59.091Z,2.2963,70.6056,232.7058,0.3029,0.0332,3.3049,62.3429,232.1021,0.2686,0.0547,2.127,60.8788,231.3677,0.2632,0.0347
2016-04-22T01:12:59.330Z,1.509,71.1448,232.3962,0.3059,0.0223,3.0503,63.3929,232.0133,0.2731,0.0487,2.1195,62.1088,230.8115,0.269,0.0338
2016-04-22T01:13:59.585Z,1.938,71.3397,232.6176,0.307,0.027,2.9563,63.3593,231.9291,0.2733,0.047,2.2714,62.1043,230.937,0.2688,0.0379
2016-04-22T01:14:59.719Z,2.0147,71.0193,233.2227,0.3045,0.0281,2.6714,60.9942,229.5086,0.2657,0.0455,1.8122,63.9024,232.1144,0.2753,0.029
2016-04-22T01:15:59.835Z,1.8424,71.5798,232.8562,0.307,0.0254,2.5853,59.6753,231.2842,0.2586,0.0432,2.1336,59.676,231.619,0.257,0.0354
2016-04-22T01:16:59.989Z,1.9235,71.5702,232.9353,0.3071,0.0265,2.8656,61.8019,232.9653,0.2654,0.0471,1.9115,60.3862,230.9285,0.2614,0.0346
2016-04-22T01:17:59.230Z,2.0227,72.3698,232.7961,0.3102,0.0277,3.4839,63.5756,233.0603,0.273,0.055,2.22,62.7362,230.9306,0.2719,0.0357
2016-04-22T01:18:59.502Z,2.1357,71.6034,233.3005,0.3066,0.029,3.1024,64.3873,233.3586,0.2759,0.0492,2.4385,61.7529,231.1848,0.2669,0.0393
2016-04-22T01:19:59.711Z,1.4546,70.7063,233.1358,0.3035,0.0205,3.3749,63.8434,233.4344,0.2738,0.0534,1.9524,61.6662,230.7856,0.2671,0.0319
2016-04-22T01:20:59.008Z,1.5941,71.0761,233.1381,0.3053,0.0231,3.8824,62.7463,233.3736,0.2687,0.0636,2.1168,61.615,231.1256,0.2666,0.0358
2016-04-22T01:21:59.301Z,1.8954,71.1796,232.9397,0.3058,0.0267,3.6799,64.4786,233.2165,0.2762,0.0566,2.3951,61.5181,230.7586,0.2664,0.0401
2016-04-22T01:22:59.663Z,2.889,72.2017,232.2159,0.3105,0.0404,3.509,63.7022,233.2975,0.273,0.0567,2.012,62.5461,230.5414,0.2714,0.0322
2016-04-22T01:23:59.827Z,1.9916,70.9836,231.1718,0.3068,0.028,2.9823,62.4115,233.6779,0.2673,0.0482,2.0278,63.3087,230.8837,0.2744,0.0327
2016-04-22T01:24:59.128Z,2.0652,71.2888,231.377,0.308,0.0274,3.2354,63.5557,233.6288,0.2717,0.0504,1.8424,62.6334,231.3046,0.2713,0.0304
2016-04-22T01:25:59.348Z,1.9997,70.3764,231.0593,0.3043,0.0279,3.3908,61.9467,233.8127,0.2646,0.0556,1.2985,62.8805,232.6823,0.2703,0.0231
2016-04-22T01:26:59.680Z,2.8151,69.888,230.1218,0.3034,0.0409,3.1726,62.3282,233.0952,0.2677,0.0517,2.1104,62.5691,232.1432,0.2691,0.0337
2016-04-22T01:27:59.857Z,2.4762,71.33,231.3832,0.3084,0.0355,3.6744,63.1442,232.7436,0.2712,0.0577,2.2929,63.2514,232.1914,0.2726,0.037
2016-04-22T01:28:59.277Z,1.9689,71.6628,231.7344,0.3089,0.0289,3.2434,62.857,233.1357,0.2693,0.0527,1.5944,62.8916,232.2254,0.2712,0.026
2016-04-22T01:29:59.629Z,1.8476,70.6566,231.9892,0.3045,0.0257,3.5687,63.2701,232.9533,0.2709,0.0557,2.6181,61.4013,232.1281,0.2643,0.0421
2016-04-22T01:30:59.886Z,1.8777,71.041,232.0509,0.3061,0.0266,3.8509,62.2943,233.1154,0.268,0.0622,1.9041,61.8604,231.7601,0.2671,0.0317
2016-04-22T01:31:59.344Z,2.587,71.3144,231.9444,0.3077,0.0369,3.1379,62.4302,232.9811,0.2682,0.0509,2.0233,61.3852,231.8759,0.2646,0.0326
2016-04-22T01:32:59.536Z,2.6679,70.7538,232.2778,0.3052,0.0387,3.2373,60.43,232.8058,0.2598,0.0543,2.3558,61.1562,232.0186,0.2637,0.0387
2016-04-22T01:33:59.869Z,2.0929,70.1454,232.2521,0.3016,0.0298,3.2759,63.1356,232.8188,0.2713,0.053,2.4398,61.1471,232.1032,0.2634,0.0407
2016-04-22T01:34:59.386Z,1.6552,70.4006,232.2177,0.3036,0.0244,3.1082,62.4279,232.6084,0.2687,0.0517,2.1082,63.1411,231.7208,0.2731,0.0337
2016-04-22T01:35:59.638Z,1.6024,69.9874,232.2127,0.3021,0.0239,3.1287,61.232,232.3646,0.2637,0.0508,2.1285,62.2188,231.1898,0.2693,0.0357
2016-04-22T01:36:59.877Z,2.6065,73.0543,232.2392,0.3148,0.0353,3.2741,61.9998,232.1598,0.2671,0.0556,1.8645,61.6258,231.2419,0.2663,0.0296
2016-04-22T01:37:59.110Z,1.9909,70.6494,231.8207,0.3047,0.027,3.5336,62.4076,231.8767,0.2693,0.0579,2.4566,62.703,231.1474,0.2716,0.0411
2016-04-22T01:38:59.393Z,1.7714,71.6043,232.0744,0.3084,0.0244,3.4724,63.6673,231.8015,0.2747,0.0543,1.9464,61.7101,230.7719,0.267,0.0327
2016-04-22T01:39:59.612Z,1.9491,71.2432,232.4764,0.3057,0.0281,2.866,60.9584,231.9698,0.2632,0.047,1.7243,62.7182,230.9193,0.2718,0.0295
2016-04-22T01:40:59.885Z,1.6791,70.7378,232.6349,0.304,0.023,3.5703,62.6474,232.2455,0.2698,0.0568,2.0805,61.7725,231.1932,0.2676,0.0335
2016-04-22T01:41:59.206Z,1.752,72.4811,232.2265,0.3118,0.0239,3.6319,61.1447,231.5067,0.2639,0.0601,1.7825,62.7974,231.0508,0.2717,0.0296
2016-04-22T01:42:59.495Z,1.3935,71.5386,232.002,0.3087,0.02,3.3542,63.8864,231.4391,0.2755,0.0534,2.0691,61.9417,231.0414,0.2685,0.033
2016-04-22T01:43:59.689Z,1.8893,72.2338,231.8895,0.3116,0.0256,2.7859,61.1773,231.7735,0.2636,0.0464,2.0227,61.1173,231.2381,0.2641,0.0332
2016-04-22T01:44:59.952Z,2.0455,72.2491,232.0736,0.3111,0.0282,3.5334,62.948,232.3566,0.2702,0.0568,2.0204,61.7,231.9104,0.2658,0.0331
2016-04-22T01:45:59.161Z,2.2881,71.1138,232.2323,0.3061,0.0324,2.9096,61.799,232.2391,0.2658,0.0484,1.8359,61.0239,231.8053,0.263,0.0283
2016-04-22T01:46:59.346Z,1.8173,70.2259,232.2066,0.3027,0.0266,3.4329,61.9391,232.5411,0.2663,0.0567,1.7677,59.7954,231.657,0.2582,0.0273
2016-04-22T01:47:59.741Z,3.0587,72.3139,232.6341,0.3111,0.0417,2.6766,61.5839,232.2943,0.2652,0.0449,1.7687,61.2335,232.2911,0.2637,0.0284
2016-04-22T01:48:59.108Z,2.7197,71.6231,232.6034,0.3079,0.0368,3.2849,63.3486,232.126,0.273,0.052,2.4363,62.6041,232.4097,0.269,0.0383
2016-04-22T01:49:59.389Z,1.7409,70.1011,232.6429,0.3011,0.0238,3.5368,61.5635,232.181,0.2654,0.0556,1.7811,63.0184,232.2101,0.2719,0.0291
2016-04-22T01:50:59.674Z,2.5635,70.9878,232.6013,0.3046,0.0365,2.9321,62.3635,232.2905,0.2682,0.0487,2.5057,62.4198,231.8756,0.2691,0.0432
2016-04-22T01:51:59.901Z,2.8252,71.8922,232.4755,0.3095,0.0388,3.4242,64.0771,232.4735,0.2759,0.0527,1.658,61.479,231.7796,0.2653,0.028
2016-04-22T01:52:59.262Z,2.4528,70.5588,232.7678,0.3034,0.0363,3.3908,63.7147,232.8124,0.2734,0.0527,1.7967,62.4558,232.1237,0.2687,0.0284
2016-04-22T01:53:59.839Z,2.0841,71.4341,232.6833,0.3066,0.0296,3.5074,63.2087,232.5166,0.2723,0.0587,2.1403,63.3107,231.9702,0.2725,0.0337
2016-04-22T01:54:59.131Z,1.8711,70.6782,232.4076,0.3034,0.0254,3.3147,62.5723,232.5366,0.269,0.0538,1.7777,63.4593,231.6262,0.2736,0.0272
2016-04-22T01:55:59.426Z,2.1792,71.3716,232.4277,0.307,0.0309,3.3342,62.0016,232.782,0.2666,0.0543,1.8201,62.5615,231.6555,0.2704,0.0318
2016-04-22T01:56:59.672Z,2.5735,71.6448,232.434,0.3087,0.0369,3.362,63.4573,232.6823,0.2729,0.0543,2.1256,61.9962,231.5487,0.2677,0.0356
2016-04-22T01:57:59.121Z,3.0247,71.2939,233.3168,0.3052,0.0439,2.8997,63.7254,232.3631,0.2744,0.0476,2.0481,61.7162,228.9658,0.2701,0.0342
2016-04-22T01:58:59.426Z,2.5488,71.4653,232.3263,0.3076,0.0354,2.9307,63.2659,231.7959,0.2726,0.0473,1.9129,62.9945,231.4005,0.272,0.0307
2016-04-22T01:59:59.808Z,1.5963,70.3749,232.4521,0.3025,0.0235,3.1554,63.2741,231.836,0.2733,0.0532,2.2376,61.5918,232.3853,0.2648,0.0373
