2016-03-10T00:00:59.040Z,1087.261,1530.789,231.6754,6.6073,0.7103,1187.3909,1640.8498,232.1938,7.0666,0.723,1621.8656,2218.4956,232.1743,9.5549,0.7302
2016-03-10T00:01:59.250Z,1077.8774,1503.3894,229.845,6.5407,0.7167,1166.2603,1593.9864,229.9537,6.9312,0.732,1615.0467,2179.1687,230.4408,9.4562,0.7411
2016-03-10T00:02:59.656Z,1102.2382,1510.9676,228.4733,6.6136,0.7291,1183.6056,1593.7863,229.0387,6.958,0.7427,1636.1269,2175.6899,229.1888,9.4926,0.7509
2016-03-10T00:03:59.146Z,1106.9876,1514.4865,228.816,6.619,0.7306,1191.9849,1605.3324,229.3415,7.0001,0.743,1635.7644,2181.8501,229.1939,9.5199,0.7498
2016-03-10T00:04:59.384Z,1094.6596,1491.8264,228.3694,6.5325,0.7336,1200.6666,1610.2208,229.3872,7.02,0.746,1625.1664,2178.5136,228.889,9.5174,0.7464
2016-03-10T00:05:59.615Z,1106.9134,1498.3514,227.9839,6.5717,0.7388,1217.7259,1619.5157,229.1836,7.0664,0.7514,1641.3941,2190.826,228.5272,9.5862,0.749
2016-03-10T00:06:59.020Z,1099.9387,1502.0475,228.6144,6.5698,0.7317,1200.9053,1605.7571,228.9674,7.0133,0.7478,1638.3835,2185.7324,229.0788,9.541,0.7494
2016-03-10T00:07:59.366Z,1120.4369,1520.9308,228.739,6.6493,0.7374,1214.8836,1618.3063,228.7342,7.0753,0.7504,1655.5998,2197.576,228.9472,9.5986,0.7536
2016-03-10T00:08:59.676Z,1084.5477,1477.5437,228.0048,6.4807,0.7346,1211.0247,1607.2691,228.7523,7.0258,0.7531,1629.9836,2185.1036,228.8783,9.5472,0.7466
2016-03-10T00:09:59.951Z,1088.7631,1486.5159,228.2417,6.5129,0.7322,1205.6432,1607.1961,228.9804,7.0188,0.7502,1632.6621,2188.4964,229.2234,9.5471,0.7468
2016-03-10T00:10:59.427Z,1094.1623,1500.5848,228.8298,6.5578,0.7298,1197.3514,1608.9255,229.3458,7.0151,0.7439,1633.1633,2190.8181,229.8539,9.5308,0.7457
2016-03-10T00:11:59.050Z,1093.2489,1500.5344,228.9161,6.5545,0.729,1199.4209,1607.3098,228.9963,7.0181,0.7462,1635.8546,2192.7471,229.8681,9.5388,0.7458
2016-03-10T00:12:59.286Z,1098.7161,1513.4534,229.7638,6.5871,0.7262,1198.1239,1614.196,229.2859,7.0397,0.742,1638.9261,2199.4472,230.2843,9.5509,0.7462
2016-03-10T00:13:59.643Z,1098.4503,1511.6651,230.2219,6.5663,0.7273,1207.5414,1629.4808,229.7067,7.094,0.7413,1635.1458,2205.7601,230.6169,9.5644,0.7407
2016-03-10T00:14:59.976Z,1108.9587,1528.3412,230.0749,6.6429,0.7259,1193.8788,1608.9896,228.88,7.0294,0.7413,1649.9254,2199.1927,230.3044,9.5488,0.7498
2016-03-10T00:15:59.478Z,1108.9036,1531.2894,229.9348,6.6589,0.724,1193.5239,1603.9037,228.7012,7.0128,0.7435,1658.6093,2206.391,230.2956,9.5801,0.7508
2016-03-10T00:16:59.725Z,1105.4927,1528.4486,230.1982,6.6394,0.7234,1200.9583,1616.2213,229.3299,7.0474,0.7427,1653.2891,2211.2517,230.4353,9.5959,0.7484
2016-03-10T00:17:59.948Z,1115.5292,1539.636,230.1396,6.69,0.7252,1192.0029,1606.5568,228.6063,7.0277,0.7424,1659.4214,2205.9532,230.5824,9.567,0.751
2016-03-10T00:18:59.151Z,1108.7398,1518.4886,230.143,6.5975,0.7302,1210.1007,1630.8427,229.5151,7.1053,0.7418,1640.8574,2202.7789,230.1885,9.5687,0.7449
2016-03-10T00:19:59.613Z,1154.9948,1553.0584,229.7853,6.7589,0.7437,1249.217,1661.8348,229.2764,7.2479,0.7515,1679.1779,2227.3667,229.7381,9.6949,0.7542
2016-03-10T00:20:59.862Z,1126.6809,1534.8067,229.9709,6.674,0.7339,1223.9361,1645.6709,230.0046,7.1544,0.7436,1651.4742,2210.7394,230.2673,9.6007,0.7476
2016-03-10T00:21:59.317Z,1115.3153,1538.6564,230.7168,6.6689,0.7247,1213.9781,1648.7155,231.0858,7.1347,0.7364,1646.8077,2221.6908,231.422,9.6003,0.7405
2016-03-10T00:22:59.096Z,1151.0197,1555.7474,230.3243,6.754,0.7399,1261.2104,1688.2908,230.7688,7.3159,0.7469,1671.6212,2243.3391,231.053,9.7088,0.7447
2016-03-10T00:23:59.485Z,1119.8749,1518.2937,230.2067,6.5952,0.7378,1256.255,1684.1488,231.01,7.2902,0.7463,1642.8894,2228.9371,230.9546,9.6509,0.738
2016-03-10T00:24:59.797Z,1146.1392,1525.4143,230.7978,6.6096,0.7512,1240.6054,1692.5397,231.0921,7.3241,0.733,1609.3521,2170.9133,228.6369,9.4946,0.7414
2016-03-10T00:25:59.189Z,1121.4227,1500.0136,229.7148,6.5292,0.7475,1224.7525,1657.2836,230.0964,7.2019,0.7385,1605.652,2159.862,228.5526,9.45,0.7423
2016-03-10T00:26:59.462Z,1125.738,1516.2897,229.666,6.603,0.7426,1235.0518,1658.0521,230.1577,7.2039,0.745,1635.2128,2193.7591,229.4871,9.5589,0.7457
2016-03-10T00:27:59.749Z,1120.4184,1516.1232,229.9549,6.5922,0.7392,1233.4461,1657.9657,230.3592,7.1969,0.7439,1635.3136,2200.1361,229.8629,9.571,0.7424
2016-03-10T00:29:59.475Z,1116.6249,1513.8118,229.5784,6.5937,0.7374,1238.2317,1655.014,230.2592,7.1878,0.7485,1645.0967,2211.1004,230.0537,9.6108,0.7441
2016-03-10T00:30:59.820Z,1117.7293,1515.5534,229.2443,6.6112,0.7378,1238.0948,1647.216,229.5429,7.1756,0.7516,1655.6119,2216.5532,230.0674,9.6343,0.7476
2016-03-10T00:31:59.425Z,919.8269,1260.5837,229.2439,5.5064,0.6185,1028.0655,1375.837,229.742,5.997,0.6357,1379.5227,1851.8664,230.1573,8.0633,0.7526
2016-03-10T00:32:59.680Z,100.0303,239.8162,230.4429,1.0427,0.124,121.7765,253.5677,230.6313,1.1033,0.1404,244.1735,404.7899,232.4815,1.7474,0.7516
2016-03-10T00:33:59.027Z,287.3504,494.6001,230.67,2.153,0.2574,329.5762,530.9554,229.6101,2.3148,0.2629,414.8017,643.1875,232.5165,2.7782,0.732
2016-03-10T00:34:59.251Z,119.3921,255.6446,230.4457,1.1116,0.1223,122.6868,228.4268,227.6333,1.0082,0.1177,499.6559,613.0495,232.0686,2.6508,0.8263
2016-03-10T00:35:59.078Z,1189.4353,1568.332,229.1131,6.8451,0.759,1297.1148,1699.7889,228.6991,7.4317,0.7633,1709.8066,2261.8928,229.2307,9.8674,0.7557
2016-03-10T00:36:59.434Z,1218.0741,1605.2209,229.9407,6.9804,0.7588,1327.0541,1740.8814,229.6862,7.5793,0.7622,1736.8078,2300.665,230.2179,9.9928,0.7549
2016-03-10T00:37:59.663Z,1190.2561,1577.2317,229.8635,6.862,0.7546,1317.4847,1728.5053,230.0381,7.5133,0.7618,1717.1339,2289.1148,230.481,9.9317,0.7499
2016-03-10T00:38:59.958Z,1158.6422,1551.8897,230.2581,6.7397,0.747,1286.7342,1705.8198,230.2054,7.4098,0.7543,1684.8531,2266.8281,230.8096,9.8209,0.7419
2016-03-10T00:39:59.211Z,1262.0969,1646.9263,230.1367,7.1564,0.7669,1400.4391,1807.7857,230.5599,7.841,0.7747,1803.768,2381.4811,231.2008,10.3007,0.7583
2016-03-10T00:40:59.934Z,1262.3719,1649.1693,229.7366,7.1784,0.7653,1381.0888,1782.6557,230.0399,7.7491,0.7748,1801.2579,2362.4386,230.3442,10.2562,0.761
2016-03-10T00:41:59.258Z,1190.7582,1594.711,230.0188,6.933,0.746,1306.2291,1720.0099,230.5019,7.4618,0.7584,1735.4123,2309.5858,230.8401,10.0055,0.7509
2016-03-10T00:42:59.881Z,1111.3196,1528.1433,230.3488,6.6343,0.7272,1232.4519,1656.4943,231.0154,7.171,0.744,1658.2556,2248.3183,231.072,9.7309,0.7393
2016-03-10T00:43:59.492Z,1110.7692,1523.497,230.5706,6.6073,0.7285,1235.179,1663.0033,231.09,7.1958,0.7429,1648.8998,2240.4633,230.9875,9.6992,0.737
2016-03-10T00:44:59.727Z,1103.5794,1510.7548,230.3239,6.5592,0.7306,1247.6323,1671.2881,231.114,7.2313,0.7469,1645.1966,2245.4854,231.309,9.7078,0.7316
2016-03-10T00:45:59.604Z,1101.6536,1504.126,229.8487,6.5437,0.7324,1243.3753,1660.9432,230.6274,7.202,0.7488,1642.4676,2234.1986,230.8513,9.6783,0.7352
2016-03-10T00:46:59.901Z,1112.5908,1519.8624,230.2782,6.6002,0.7321,1239.4742,1664.1567,230.7056,7.2137,0.7444,1646.2167,2236.7389,231.0533,9.6798,0.7363
2016-03-10T00:47:59.298Z,1121.5004,1525.61,230.2163,6.6264,0.7358,1228.2169,1661.6599,230.8112,7.1998,0.74,1633.3676,2215.4698,230.7427,9.6009,0.737
2016-03-10T00:48:59.536Z,1131.1489,1538.5539,230.8275,6.6655,0.7355,1238.4273,1681.3797,231.3789,7.2667,0.7372,1635.3366,2224.884,231.2036,9.6233,0.7348
2016-03-10T00:49:59.537Z,1111.9961,1519.6454,230.5817,6.5901,0.7313,1238.0271,1672.9199,231.2241,7.235,0.7404,1633.9134,2229.4997,231.1116,9.6467,0.7332
2016-03-10T00:50:59.756Z,1123.2018,1527.8312,229.9664,6.6432,0.7349,1245.6823,1670.5101,230.8053,7.2378,0.7454,1652.795,2240.4003,231.1388,9.6929,0.7383
2016-03-10T00:52:59.267Z,1114.6432,1521.4261,228.957,6.6449,0.7329,1243.9219,1651.7137,230.2327,7.174,0.7529,1665.4658,2249.4261,231.4308,9.7197,0.7399
2016-03-10T00:53:59.556Z,1109.6079,1501.1613,228.9627,6.5564,0.739,1258.6533,1673.4758,230.9238,7.2464,0.7519,1641.2034,2234.4487,230.8653,9.6778,0.7349
2016-03-10T00:54:59.683Z,1115.3952,1498.1843,228.9451,6.5436,0.7447,1283.0934,1696.3121,231.0327,7.3418,0.757,1649.4219,2249.8728,230.531,9.7592,0.7322
2016-03-10T00:55:59.130Z,1106.5601,1482.6288,228.4961,6.4888,0.7462,1276.3888,1685.0974,230.7264,7.3033,0.7579,1635.1512,2229.906,229.8364,9.7019,0.733
2016-03-10T00:56:59.223Z,1129.6642,1505.6772,228.7712,6.581,0.7502,1284.307,1695.0165,230.5407,7.3519,0.7583,1653.5609,2239.0192,229.7301,9.7462,0.7397
2016-03-10T00:57:59.031Z,1124.4052,1512.9038,229.5797,6.589,0.7429,1258.1884,1685.1519,231.1959,7.289,0.7469,1636.6103,2223.2764,230.1058,9.6616,0.7363
2016-03-10T00:58:59.333Z,1157.3217,1566.382,231.3531,6.77,0.7397,1242.9209,1684.2539,230.8678,7.2958,0.7388,1663.2889,2234.7229,230.5859,9.691,0.744
2016-03-10T00:59:59.664Z,1142.5919,1549.8356,230.8312,6.7146,0.7373,1229.5619,1661.4941,230.2043,7.2176,0.74,1655.165,2218.7082,230.1279,9.6408,0.7469
