2016-03-11T00:00:59.807Z,2.2524,70.1176,232.3169,0.3016,0.0303,4.1455,63.0565,232.7459,0.2715,0.0662,2.447,62.5673,234.8257,0.2663,0.0378
2016-03-11T00:01:59.131Z,1.7768,71.3944,232.2689,0.3073,0.025,3.4253,64.5997,232.8187,0.2773,0.055,1.9667,64.5773,234.5888,0.2756,0.0297
2016-03-11T00:02:59.367Z,1.7327,72.7211,231.8136,0.3137,0.0245,3.4534,63.1535,232.5333,0.2711,0.0538,2.1247,62.5737,234.3997,0.2671,0.0356
2016-03-11T00:03:59.533Z,3.3703,71.5419,232.372,0.3078,0.0468,3.6696,63.229,232.4926,0.2723,0.057,2.5499,64.5364,234.86,0.2747,0.0398
2016-03-11T00:04:59.922Z,2.6385,72.026,232.2902,0.3103,0.0369,2.9316,63.6801,231.9725,0.2745,0.0465,1.8737,64.0571,234.5654,0.273,0.0314
2016-03-11T00:05:59.103Z,2.5971,72.6601,232.7886,0.312,0.0359,3.1256,63.0047,232.1264,0.2718,0.0496,3.058,63.7822,234.263,0.2727,0.0483
2016-03-11T00:06:59.262Z,2.4111,71.8765,232.864,0.3084,0.0333,3.9114,64.1942,232.0716,0.2767,0.0613,2.4451,63.0063,234.2507,0.269,0.038
2016-03-11T00:07:59.513Z,3.1762,72.749,233.5301,0.3116,0.0441,3.804,64.5615,232.9134,0.2773,0.059,2.5627,63.7876,234.9074,0.2712,0.0399
2016-03-11T00:08:59.838Z,3.123,71.808,232.9987,0.3086,0.0432,2.8252,64.5703,232.9771,0.2774,0.046,2.0919,64.1011,234.8651,0.2729,0.033
2016-03-11T00:09:59.196Z,2.0498,72.5012,232.6794,0.3113,0.0266,3.4598,63.6642,233.5217,0.2722,0.0551,1.9517,63.7717,235.421,0.271,0.031
2016-03-11T00:10:59.453Z,2.0352,72.1214,232.4254,0.3102,0.0285,3.1982,63.5855,233.7198,0.2721,0.0498,1.8918,64.0318,235.1347,0.2724,0.0295
2016-03-11T00:11:59.651Z,1.9864,72.5862,232.745,0.3117,0.0274,3.206,61.8537,233.42,0.2648,0.051,2.1911,63.2721,235.0157,0.2691,0.0352
2016-03-11T00:12:59.144Z,2.6466,72.859,233.0767,0.3121,0.0374,3.2438,64.3888,233.6438,0.2762,0.0497,2.1334,63.5112,235.0517,0.2707,0.034
2016-03-11T00:13:59.340Z,1.8586,71.857,233.4154,0.3078,0.0265,3.5757,62.8515,233.8301,0.2684,0.0566,2.071,65.271,235.6882,0.2769,0.0318
2016-03-11T00:14:59.499Z,1.7655,70.6132,233.2304,0.3029,0.0244,3.4155,63.2141,233.4363,0.271,0.057,2.2225,62.1127,235.1768,0.2641,0.0379
2016-03-11T00:15:59.913Z,2.5548,73.0509,232.7423,0.314,0.0345,3.1767,63.995,233.0767,0.2747,0.0512,2.0996,64.4748,234.8155,0.2746,0.0322
2016-03-11T00:16:59.235Z,3.1608,72.0539,232.4634,0.3097,0.0446,3.4463,64.4502,233.0644,0.2769,0.0534,1.8573,63.1373,234.7767,0.2686,0.0289
2016-03-11T00:17:59.572Z,2.7653,72.1273,232.9474,0.31,0.0382,3.4253,64.3918,233.4659,0.2763,0.0531,1.6667,63.5407,234.9769,0.2707,0.0284
2016-03-11T00:18:59.802Z,2.1379,72.5623,232.381,0.3123,0.0278,3.3647,63.864,232.2947,0.2753,0.053,1.9623,65.0327,234.0724,0.2774,0.0313
2016-03-11T00:19:59.071Z,1.9673,71.6381,233.0442,0.307,0.0281,3.0737,62.1036,232.8626,0.2658,0.0507,2.2271,62.0079,234.2977,0.2644,0.0387
2016-03-11T00:20:59.324Z,2.2895,72.1511,233.4775,0.309,0.0321,3.5111,64.7533,233.506,0.2771,0.0535,2.4049,63.7984,234.8669,0.2716,0.0386
2016-03-11T00:21:59.533Z,1.7262,71.9537,232.988,0.3089,0.0249,3.6037,64.1122,232.9935,0.2752,0.0561,1.9603,63.1735,233.8225,0.2701,0.0312
2016-03-11T00:22:59.786Z,2.2205,71.8848,231.2144,0.3108,0.0302,3.161,63.3585,231.1636,0.2744,0.0514,2.1621,64.323,231.8548,0.2769,0.0342
2016-03-11T00:23:59.055Z,2.0926,71.4834,231.2552,0.3089,0.0312,3.2186,60.9877,230.7489,0.264,0.0539,2.2361,61.9306,232.131,0.2672,0.0387
2016-03-11T00:24:59.310Z,2.8344,70.7177,231.358,0.3058,0.0397,3.4281,63.6169,230.4282,0.276,0.0541,1.778,62.0568,231.61,0.2676,0.03
2016-03-11T00:25:59.542Z,3.1907,70.9821,231.0742,0.3069,0.0453,3.1043,63.6702,230.3353,0.2765,0.0498,2.6088,63.243,231.9102,0.2731,0.0416
2016-03-11T00:26:59.819Z,1.4429,71.195,230.8949,0.3084,0.0207,2.9846,63.78,231.2743,0.2762,0.0477,1.6796,63.3543,231.5179,0.2732,0.0262
2016-03-11T00:27:59.067Z,1.4835,72.0666,230.9901,0.312,0.0201,3.3767,62.489,231.0101,0.2704,0.0544,2.419,63.2417,232.3688,0.2722,0.0384
2016-03-11T00:28:59.302Z,2.387,70.9646,231.4311,0.3067,0.0338,3.2428,62.9065,231.0597,0.2722,0.0528,2.3592,62.914,231.8289,0.2712,0.0386
2016-03-11T00:29:59.828Z,2.6429,71.1756,232.1642,0.3064,0.0374,3.2553,62.3275,231.2336,0.2693,0.0554,2.3371,62.6734,230.19,0.2719,0.0392
2016-03-11T00:30:59.090Z,1.8207,71.0376,231.9413,0.3059,0.0253,3.2804,61.9034,229.8481,0.2696,0.053,2.1059,62.3643,233.8626,0.2662,0.0346
2016-03-11T00:31:59.313Z,2.1278,70.6477,232.0874,0.3047,0.0303,3.6278,62.6787,228.6305,0.2738,0.0588,1.942,63.543,234.1536,0.2711,0.0312
2016-03-11T00:32:59.633Z,2.436,72.3472,232.3842,0.3114,0.0343,3.7074,63.9835,230.5552,0.2772,0.0572,2.5634,63.7674,233.7836,0.2729,0.04
2016-03-11T00:33:59.871Z,2.8702,70.5293,231.783,0.3047,0.042,2.93,62.082,232.2815,0.2671,0.051,1.779,64.6696,233.2109,0.2777,0.0264
2016-03-11T00:34:59.078Z,2.6296,71.9048,231.8406,0.31,0.0368,3.5351,63.0987,231.8136,0.2728,0.0544,1.8171,63.2197,233.0711,0.2718,0.0286
2016-03-11T00:35:59.346Z,2.1334,72.7476,231.7608,0.314,0.0288,3.5087,63.7657,231.2835,0.2754,0.0553,1.8477,63.06,232.8549,0.2705,0.0285
2016-03-11T00:36:59.537Z,1.3727,71.4032,231.6324,0.3082,0.0187,3.1465,64.001,231.6848,0.2766,0.0502,2.0265,63.3305,232.6274,0.2724,0.0323
2016-03-11T00:37:59.848Z,3.3861,71.2759,231.9365,0.3074,0.0486,3.5022,63.9762,232.2073,0.2752,0.0557,2.1341,63.1876,233.2477,0.2716,0.0347
2016-03-11T00:38:59.176Z,2.8709,71.7809,231.4357,0.3099,0.04,3.6507,61.6047,232.0361,0.2657,0.06,1.7652,61.1712,232.7398,0.2628,0.0308
2016-03-11T00:39:59.461Z,2.2612,70.9747,231.4486,0.3059,0.0321,2.9989,61.3425,232.289,0.264,0.0505,2.7888,63.4826,233.0671,0.2729,0.0446
2016-03-11T00:40:59.618Z,2.0186,70.7757,231.4481,0.3053,0.0284,3.636,64.076,232.3808,0.2759,0.0567,2.362,63.8132,232.9181,0.2745,0.0377
2016-03-11T00:41:59.927Z,2.3348,72.0205,231.7996,0.3104,0.0329,3.4336,65.1378,232.9793,0.279,0.0523,1.8811,62.9536,233.0958,0.2701,0.0319
2016-03-11T00:42:59.233Z,3.232,72.2244,232.1452,0.3107,0.0461,3.4497,64.4441,232.8768,0.2773,0.056,1.9504,63.4111,232.9223,0.2723,0.0329
2016-03-11T00:43:59.596Z,2.3052,71.9229,232.0345,0.3099,0.0321,3.6446,63.076,232.5827,0.2716,0.0583,2.3022,64.7815,232.1251,0.2791,0.0363
2016-03-11T00:44:59.911Z,2.1335,72.223,232.3175,0.3108,0.0311,3.3678,63.9715,232.6293,0.2751,0.0532,2.4186,63.541,232.45,0.2733,0.0385
2016-03-11T00:45:59.275Z,2.0557,72.5322,232.3201,0.3122,0.0284,3.8232,63.68,232.3372,0.2738,0.0607,2.072,62.717,232.2377,0.2703,0.0324
2016-03-11T00:46:59.546Z,3.0015,71.9303,231.5748,0.3103,0.0418,3.7101,63.1952,231.5062,0.2726,0.0582,2.0997,64.8536,232.1053,0.2797,0.033
2016-03-11T00:47:59.861Z,2.0137,71.7509,232.0007,0.3087,0.0286,3.5365,62.6251,231.829,0.2704,0.0607,1.6374,63.1407,232.838,0.2705,0.0265
2016-03-11T00:48:59.091Z,2.003,71.1253,231.8456,0.3069,0.0279,3.911,64.0054,232.2172,0.2755,0.0588,2.0871,62.8347,232.7738,0.2704,0.0352
2016-03-11T00:49:59.287Z,2.1367,71.7066,232.1212,0.309,0.0288,3.5592,63.4841,232.3424,0.2734,0.0533,2.0791,64.2528,232.9449,0.2765,0.032
2016-03-11T00:50:59.545Z,2.9431,72.0008,232.3301,0.3096,0.0416,3.6285,63.1827,231.6815,0.2722,0.0581,2.3341,63.2813,233.271,0.2716,0.0358
2016-03-11T00:51:59.741Z,2.2529,71.5159,231.9881,0.308,0.0316,3.05,62.8768,231.7075,0.2715,0.049,2.0946,62.9277,233.1643,0.2698,0.0347
2016-03-11T00:52:59.984Z,1.8518,72.4547,231.6172,0.3126,0.0259,3.3673,63.2989,230.8465,0.2745,0.0534,2.287,63.6777,232.2659,0.2748,0.0355
2016-03-11T00:53:59.177Z,2.1009,72.7542,231.881,0.3138,0.0287,3.4065,62.9665,231.1197,0.2728,0.0548,1.9488,63.4482,232.6938,0.2724,0.0312
2016-03-11T00:54:59.369Z,2.869,71.8178,231.8935,0.3098,0.0403,3.4998,63.7132,231.4621,0.2747,0.0554,1.52,62.5886,232.9398,0.269,0.0248
2016-03-11T00:55:59.714Z,2.4381,72.7141,231.6364,0.3135,0.0325,3.4211,63.1427,230.373,0.2744,0.0552,2.2289,63.6929,232.3831,0.2745,0.0334
2016-03-11T00:56:59.097Z,2.0956,71.916,231.6848,0.3102,0.0289,3.3037,62.8992,230.6651,0.2728,0.0527,2.3912,63.1941,232.4444,0.2718,0.0379
2016-03-11T00:57:59.378Z,1.7786,71.6333,232.3477,0.3082,0.0247,3.3398,63.0704,231.5647,0.2723,0.0525,2.5119,65.3724,233.1749,0.2804,0.0393
2016-03-11T00:58:59.711Z,2.371,71.745,231.799,0.3095,0.033,3.4898,63.7026,231.126,0.2751,0.0541,1.8889,62.3389,232.4475,0.2686,0.031
2016-03-11T00:59:59.990Z,3.4332,71.4481,231.0449,0.3096,0.0479,3.8522,62.1677,231.5822,0.2682,0.0605,2.0536,64.0031,232.8349,0.2753,0.0337
