2016-04-21T00:00:59.151Z,1170.0573,1562.3378,230.3893,6.7815,0.7492,1251.9531,1730.2547,232.8136,7.4322,0.7234,1640.2451,2249.8996,229.9445,9.7843,0.7298
2016-04-21T00:01:59.466Z,1189.5459,1581.8413,230.1136,6.8738,0.7518,1263.8778,1735.3236,232.4384,7.4664,0.7288,1662.758,2257.8699,229.5553,9.8354,0.7371
2016-04-21T00:02:59.803Z,1208.016,1590.3964,230.0497,6.9136,0.7598,1288.4427,1755.9163,232.1286,7.5643,0.7338,1674.2248,2260.4473,228.8938,9.8754,0.7401
2016-04-21T00:03:59.601Z,1229.0263,1608.1122,230.1042,6.9885,0.7638,1310.2511,1775.6931,232.0961,7.6506,0.7383,1692.2225,2275.5572,229.1499,9.9302,0.7424
2016-04-21T00:04:59.823Z,1246.979,1621.691,229.9964,7.0512,0.7697,1330.4247,1789.8043,231.7934,7.7212,0.7429,1709.0034,2285.5793,228.9401,9.9827,0.749
2016-04-21T00:05:59.999Z,1259.6635,1631.2669,230.0264,7.0916,0.7716,1357.2465,1817.7662,232.1379,7.8308,0.7469,1722.5892,2306.5476,229.6667,10.0429,0.7482
2016-04-21T00:06:59.291Z,1273.4217,1633.2567,229.9308,7.1036,0.7795,1365.274,1826.7683,231.8961,7.8772,0.7481,1713.708,2287.3503,228.6532,10.0032,0.75
2016-04-21T00:07:59.539Z,1244.7465,1611.9203,229.542,7.0217,0.7721,1331.7545,1787.1063,231.5825,7.7169,0.7449,1697.9425,2267.3143,228.8578,9.9067,0.7476
2016-04-21T00:08:59.785Z,1187.2579,1560.6456,229.3904,6.8037,0.7602,1265.7828,1728.2369,231.3716,7.4696,0.7318,1635.0453,2206.0343,228.8771,9.6379,0.7402
2016-04-21T00:09:59.133Z,1196.633,1574.8852,230.104,6.8442,0.76,1283.5897,1753.9335,232.388,7.5469,0.732,1644.3118,2227.351,229.5662,9.7026,0.7398
2016-04-21T00:10:59.464Z,1207.7413,1574.1413,229.8336,6.8489,0.7681,1302.7106,1767.5129,232.3246,7.6076,0.7379,1648.5216,2225.8302,228.822,9.7279,0.74
2016-04-21T00:11:59.671Z,1211.5327,1586.809,229.9771,6.8998,0.7628,1299.9124,1762.288,232.4612,7.5808,0.7374,1666.4487,2241.123,229.4037,9.769,0.7434
2016-04-21T00:12:59.160Z,1229.296,1613.8395,230.2899,7.0081,0.7624,1310.0094,1759.3398,231.7558,7.5909,0.744,1706.496,2271.2561,229.6377,9.8899,0.7517
2016-04-21T00:13:59.480Z,1221.4213,1626.617,230.3931,7.0602,0.7506,1292.1026,1716.2999,229.6794,7.4721,0.7529,1747.0611,2292.7394,230.237,9.9578,0.761
2016-04-21T00:14:59.928Z,1253.2562,1635.0532,230.158,7.1034,0.7666,1339.1979,1781.3481,231.6657,7.6893,0.7524,1734.992,2293.0803,229.7248,9.9818,0.7562
2016-04-21T00:15:59.308Z,1258.5274,1627.2748,230.042,7.0739,0.773,1356.1527,1811.9518,232.7795,7.7843,0.7494,1712.6728,2283.3614,229.5906,9.9449,0.75
2016-04-21T00:16:59.861Z,1272.8093,1645.5599,230.2758,7.1462,0.774,1385.7165,1839.0847,233.3103,7.8826,0.7534,1741.9597,2322.1543,230.5782,10.071,0.75
2016-04-21T00:17:59.143Z,762.5719,1009.847,230.7784,4.3889,0.4913,828.8937,1108.4026,233.6484,4.7526,0.5008,1146.6092,1509.9913,232.3222,6.5265,0.7954
2016-04-21T00:18:59.767Z,1.3914,43.669,231.8195,0.1881,0.0332,2.3265,22.3518,234.7266,0.0951,0.1273,16.6915,38.9956,234.4335,0.1659,0.2273
2016-04-21T00:19:59.973Z,2.1628,42.8675,232.1086,0.1845,0.0511,2.1396,23.1982,235.1004,0.0987,0.1249,2.9921,24.9687,234.4982,0.1063,0.1439
2016-04-21T00:20:59.267Z,2.1935,43.4996,231.9924,0.1869,0.0499,2.0719,21.1458,234.9622,0.0896,0.139,3.1942,23.9257,234.6029,0.1018,0.1507
2016-04-21T00:21:59.610Z,1.4243,44.0364,231.6522,0.1902,0.0332,2.217,21.3363,234.779,0.091,0.12,3.2359,23.1728,234.4797,0.0993,0.1617
2016-04-21T00:22:59.873Z,1.1325,43.8365,230.8004,0.1902,0.029,2.0795,22.366,233.2821,0.0958,0.1176,3.2353,23.6686,233.6581,0.1018,0.1542
2016-04-21T00:23:59.143Z,1.294,42.8949,230.4649,0.1862,0.0313,2.2733,20.5132,233.3732,0.0877,0.1366,3.016,24.2776,233.1023,0.1041,0.1508
2016-04-21T00:24:59.520Z,2.2758,42.9591,230.603,0.1854,0.0556,2.4333,21.4999,233.26,0.0924,0.1351,2.867,25.2256,232.9286,0.1081,0.1363
2016-04-21T00:25:59.623Z,1.9635,41.4522,230.7133,0.1797,0.0476,1.8427,15.862,233.3833,0.0678,0.1389,3.1903,27.392,232.8482,0.118,0.1383
2016-04-21T00:26:59.635Z,1.6282,43.0374,230.712,0.1863,0.0377,2.4841,20.3635,233.551,0.0871,0.1378,2.7162,23.4364,232.7834,0.1009,0.147
2016-04-21T00:27:59.914Z,0.6458,43.0595,230.6212,0.1865,0.0162,2.8715,22.0437,233.4503,0.0945,0.1307,3.2711,23.4847,232.4949,0.101,0.1618
2016-04-21T00:28:59.671Z,1.2567,43.1744,231.7937,0.1861,0.031,1.7513,19.0363,233.6437,0.0818,0.1289,2.8929,25.0086,232.8893,0.1074,0.1398
2016-04-21T00:29:59.039Z,2.0694,42.6694,232.1192,0.1841,0.049,1.963,21.0216,233.3011,0.09,0.1274,2.6446,25.0421,233.4681,0.1069,0.1326
2016-04-21T00:30:59.361Z,1.4357,43.3458,232.164,0.1864,0.0317,2.055,20.7779,233.3161,0.0889,0.1263,2.7616,24.8134,233.3391,0.107,0.1389
2016-04-21T00:31:59.630Z,1.3384,44.1314,232.2237,0.19,0.0303,2.2725,20.1179,233.4027,0.0865,0.1235,3.219,23.2724,233.4545,0.0997,0.1615
2016-04-21T00:32:59.986Z,1.1427,43.8558,231.9513,0.1891,0.0272,2.2722,20.8429,233.3461,0.0891,0.1334,2.8832,23.3718,233.1888,0.1004,0.146
2016-04-21T00:33:59.285Z,1.9884,43.621,232.3072,0.1884,0.0465,2.4529,20.3613,233.2601,0.0872,0.1393,3.0583,24.1863,233.2179,0.1036,0.1499
2016-04-21T00:34:59.239Z,1.617,43.7646,232.3193,0.1887,0.0377,1.9447,21.482,233.4831,0.0921,0.123,3.1873,23.2421,233.1457,0.0999,0.1554
2016-04-21T00:35:59.545Z,0.8175,43.6566,232.0047,0.1883,0.0204,2.5823,22.0271,233.5561,0.0939,0.1337,2.7622,23.1145,233.3032,0.0984,0.147
2016-04-21T00:36:59.913Z,1.2455,43.7937,231.3889,0.1892,0.0273,2.0259,19.337,233.0493,0.0831,0.1357,3.3268,23.7822,233.5077,0.1015,0.1566
2016-04-21T00:37:59.256Z,0.7184,44.4192,231.0647,0.1923,0.0178,2.4083,20.0357,232.9483,0.0861,0.1342,2.7646,23.1186,233.3498,0.0992,0.1421
2016-04-21T00:38:59.885Z,2.3422,42.9427,231.1975,0.1864,0.055,2.1233,23.0127,233.0678,0.0985,0.1212,3.0153,24.7328,233.0102,0.1063,0.1439
2016-04-21T00:39:59.526Z,1.1957,43.4773,232.5042,0.1873,0.0297,2.181,18.7576,232.7688,0.0802,0.128,2.773,24.3463,232.9246,0.1048,0.1414
2016-04-21T00:40:59.993Z,1.2476,43.7416,232.5929,0.1879,0.0275,1.7596,21.4215,233.0505,0.0913,0.119,2.6721,24.518,233.1671,0.1053,0.1396
2016-04-21T00:41:59.322Z,1.1261,43.4914,232.8467,0.1868,0.0261,2.0223,21.5328,233.4433,0.0922,0.1222,2.9467,26.224,233.3311,0.1127,0.1421
2016-04-21T00:42:59.606Z,1.4435,43.8914,232.7893,0.1887,0.0343,2.7275,21.8401,233.1258,0.0941,0.1448,3.1542,23.3084,233.3107,0.0999,0.1531
2016-04-21T00:43:59.866Z,0.9729,44.2037,232.5235,0.1905,0.0223,1.831,22.1478,232.9702,0.0946,0.1199,3.2846,23.1009,232.976,0.0996,0.1659
2016-04-21T00:44:59.378Z,1.0892,43.4577,232.1992,0.1876,0.0263,2.3307,18.6989,232.9245,0.0809,0.1413,3.1165,23.8095,232.5684,0.1029,0.1549
2016-04-21T00:45:59.762Z,1.1305,43.4593,232.3011,0.187,0.0267,2.0473,18.3918,232.1002,0.0793,0.1377,3.0816,22.0849,232.6489,0.0946,0.1622
2016-04-21T00:46:59.965Z,1.9188,43.5222,232.7179,0.1873,0.0446,1.7586,18.8537,230.3146,0.0814,0.1126,3.1945,23.0576,233.3771,0.0986,0.1551
2016-04-21T00:47:59.624Z,0.8918,43.7391,232.7284,0.1878,0.0209,2.0507,16.1084,232.0727,0.0692,0.142,3.3554,20.3601,232.8852,0.0875,0.1802
2016-04-21T00:48:59.992Z,0.8948,44.1212,232.8107,0.1892,0.0224,2.7341,20.4367,233.3123,0.0878,0.1435,2.7998,24.4496,232.8316,0.1053,0.1458
2016-04-21T00:49:59.569Z,1.0995,43.1353,233.4626,0.1852,0.0256,1.9789,21.6335,233.6967,0.0925,0.1246,2.956,25.4564,232.7262,0.1089,0.1364
2016-04-21T00:50:59.195Z,1.712,43.3048,233.274,0.1853,0.039,1.7402,21.6248,233.7668,0.0919,0.113,2.9312,25.6876,233.0153,0.1099,0.1411
2016-04-21T00:51:59.474Z,0.9012,44.017,233.2584,0.1888,0.0204,2.2536,20.2652,233.4941,0.0863,0.1373,2.9704,24.6381,232.803,0.106,0.1442
2016-04-21T00:52:59.693Z,0.9307,44.6014,233.2326,0.1911,0.0224,1.973,21.6366,233.4895,0.0926,0.1136,3.4979,24.8222,232.6917,0.1071,0.163
2016-04-21T00:53:59.624Z,1.3192,43.7197,233.3842,0.1874,0.0306,2.4606,22.0528,233.3911,0.0944,0.1364,2.6914,24.3921,232.6064,0.1048,0.1377
2016-04-21T00:54:59.827Z,1.0936,43.9416,233.0968,0.1883,0.0246,1.9376,20.2123,233.1582,0.0867,0.1226,2.9724,23.4436,232.6568,0.1009,0.1576
2016-04-21T00:55:59.104Z,0.8167,44.3925,233.0625,0.1909,0.0198,2.7787,21.74,232.5998,0.0935,0.1443,2.9052,24.5833,232.9181,0.1057,0.1489
2016-04-21T00:56:59.418Z,1.2438,43.5286,233.2339,0.1859,0.0289,2.546,21.7834,232.7782,0.0938,0.1218,2.708,24.7196,233.0689,0.1062,0.1395
2016-04-21T00:57:59.688Z,2.2869,42.8259,233.3591,0.1834,0.0533,2.0262,20.5277,233.0957,0.0882,0.1276,2.9515,26.6971,232.6507,0.1148,0.1409
2016-04-21T00:59:59.294Z,1.1676,43.8179,233.2026,0.1875,0.0267,2.0814,20.785,233.031,0.089,0.1299,2.8959,25.7699,232.7676,0.1106,0.1367
2016-04-21T01:00:59.380Z,0.8754,44.6035,233.1151,0.1916,0.0207,2.3067,23.1389,232.8829,0.0998,0.122,2.212,26.6076,233.4246,0.114,0.1092
2016-04-21T01:01:59.605Z,0.5356,44.4727,233.0581,0.1909,0.0136,2.2423,21.8844,232.4035,0.0944,0.1303,3.0434,23.9153,233.5489,0.1024,0.1522
2016-04-21T01:02:59.898Z,0.9284,43.3238,232.563,0.1863,0.023,2.0767,18.2609,231.8849,0.0785,0.1414,2.9543,24.7121,233.3414,0.1059,0.1465
2016-04-21T01:03:59.451Z,1.1406,43.4679,232.1901,0.1873,0.0277,2.2589,19.8808,231.7897,0.0859,0.1341,2.905,25.5,233.008,0.1094,0.1373
2016-04-21T01:04:59.777Z,2.6521,43.2981,232.1785,0.1859,0.0602,2.8678,23.5053,231.844,0.1018,0.1327,3.2774,25.3716,232.7737,0.1087,0.1563
2016-04-21T01:05:59.696Z,1.7289,42.8699,232.2302,0.1844,0.0425,2.5003,21.877,232.0496,0.0941,0.1352,2.9833,25.8954,232.9459,0.1116,0.1397
2016-04-21T01:06:59.986Z,1.5585,44.3836,232.2144,0.1912,0.0344,2.6166,22.7062,232.5708,0.0976,0.1441,2.9502,24.2122,232.7566,0.1036,0.1487
2016-04-21T01:07:59.266Z,0.9552,43.7208,232.0447,0.1883,0.0218,1.9809,21.6538,232.4718,0.0936,0.1222,2.7416,24.0023,232.66,0.103,0.1463
2016-04-21T01:08:59.518Z,1.6492,43.0574,231.3974,0.1858,0.0384,1.6473,18.273,232.7112,0.079,0.1234,3.4453,23.7619,232.2616,0.1024,0.1685
2016-04-21T01:09:59.889Z,1.2472,43.1082,231.2739,0.1867,0.0292,2.1109,20.3462,232.755,0.0873,0.1334,2.5966,24.8149,231.742,0.1073,0.1346
2016-04-21T01:10:59.017Z,0.7285,43.6819,232.0367,0.1882,0.0184,2.1598,21.2527,232.9093,0.0913,0.1251,2.7485,23.6736,232.097,0.1022,0.143
2016-04-21T01:11:59.178Z,1.0216,44.0046,232.429,0.1896,0.0231,2.1758,20.9103,233.1781,0.0899,0.1351,3.0971,22.8504,232.3024,0.0987,0.1564
2016-04-21T01:12:59.643Z,1.1265,43.6717,232.3412,0.188,0.0262,2.105,17.3309,233.0059,0.0743,0.142,2.9259,22.351,232.2743,0.0967,0.1592
2016-04-21T01:13:59.069Z,0.9153,43.7099,232.7821,0.1876,0.0223,2.2938,20.9553,233.3682,0.0899,0.1298,2.9244,23.1014,232.693,0.0998,0.1578
2016-04-21T01:14:59.357Z,0.9301,44.0216,232.8602,0.1889,0.0207,1.8834,21.8058,233.1941,0.0932,0.1153,3.2654,24.2274,232.832,0.1041,0.1567
2016-04-21T01:15:59.737Z,1.6308,43.0562,232.7492,0.1852,0.0387,2.4505,21.1809,232.8093,0.0905,0.139,3.0454,25.639,232.7848,0.1102,0.1439
2016-04-21T01:16:59.197Z,2.0099,43.662,232.7119,0.1869,0.0471,2.1731,24.968,233.0767,0.1072,0.1208,2.9269,24.3792,232.6108,0.1047,0.1441
2016-04-21T01:17:59.630Z,1.6345,43.8821,232.554,0.1891,0.0379,2.0799,21.7211,232.4782,0.0932,0.1246,3.2553,23.9166,232.0213,0.1031,0.1588
2016-04-21T01:18:59.996Z,0.7687,43.5249,232.3243,0.1873,0.0188,2.679,21.3545,232.4507,0.0917,0.1352,2.5578,25.2278,231.9932,0.1088,0.1338
2016-04-21T01:19:59.290Z,1.0482,44.3635,232.3553,0.1909,0.0226,2.2113,19.7051,232.2781,0.0851,0.14,2.7998,23.2376,232.1483,0.1006,0.149
2016-04-21T01:20:59.599Z,1.3015,42.7443,232.051,0.1838,0.032,2.4136,20.2563,232.0711,0.0874,0.1352,2.3575,26.5291,232.149,0.1142,0.1222
2016-04-21T01:21:59.651Z,1.4222,43.5016,232.7733,0.1871,0.0341,2.261,20.7931,229.8849,0.0905,0.1223,2.4849,24.2332,233.4144,0.1038,0.1271
2016-04-21T01:22:59.876Z,1.446,44.253,232.7789,0.1897,0.0311,2.2859,21.8251,230.7798,0.0945,0.1208,2.6404,24.6287,233.2204,0.1058,0.139
2016-04-21T01:23:59.371Z,1.2602,43.3033,232.2686,0.1864,0.0297,1.7907,19.7793,232.917,0.0844,0.1276,3.304,25.2728,232.9154,0.1081,0.1526
2016-04-21T01:24:59.662Z,1.8115,43.7268,232.7097,0.188,0.0402,2.6141,19.7884,233.1815,0.0846,0.146,3.3,23.2059,233.1378,0.0993,0.1637
2016-04-21T01:25:59.875Z,1.4932,44.1322,232.0625,0.19,0.0338,2.6895,21.3178,232.7525,0.0915,0.1379,2.6755,25.4921,233.1589,0.1093,0.1397
2016-04-21T01:26:59.136Z,0.9781,43.4456,231.0629,0.1875,0.024,2.3039,21.7127,233.2988,0.0931,0.1311,2.5311,26.2274,233.4215,0.1128,0.1276
2016-04-21T01:27:59.737Z,1.5704,43.4398,231.4816,0.1885,0.037,2.6617,20.8517,233.6237,0.0897,0.1411,3.7292,25.118,233.7478,0.1079,0.1623
2016-04-21T01:28:59.613Z,1.6407,43.6336,231.7427,0.1882,0.0365,2.6304,20.6722,233.7033,0.0884,0.144,3.0722,24.2348,233.5855,0.1038,0.1496
2016-04-21T01:29:59.135Z,1.1502,43.9497,231.7353,0.1896,0.0269,1.7964,22.2739,233.5917,0.0959,0.1148,2.4457,24.7393,233.592,0.1062,0.13
2016-04-21T01:30:59.483Z,0.8634,44.2859,231.7017,0.1912,0.0214,3.0193,22.9276,233.2311,0.0984,0.1389,2.8029,24.1609,233.7252,0.103,0.1437
2016-04-21T01:31:59.181Z,1.4223,43.6341,232.6562,0.1882,0.0332,2.5207,19.9072,232.6541,0.0853,0.1463,3.1248,25.3264,233.6832,0.1082,0.1442
2016-04-21T01:32:59.537Z,1.1362,44.157,232.877,0.1893,0.0263,2.4702,22.6195,232.8555,0.0968,0.1343,2.8886,23.8135,233.7522,0.1027,0.1529
2016-04-21T01:33:59.776Z,0.972,43.7111,232.9358,0.1882,0.0229,2.1704,18.038,233.1204,0.0771,0.1385,2.5464,25.1845,233.9326,0.1082,0.1379
2016-04-21T01:34:59.484Z,1.081,44.1333,232.709,0.1896,0.026,2.587,22.1866,233.2697,0.0956,0.144,3.3054,23.8902,233.5163,0.1027,0.155
2016-04-21T01:35:59.812Z,1.9568,42.7027,232.7093,0.1836,0.0472,1.964,18.5928,233.0882,0.0799,0.134,2.5012,26.3876,233.4749,0.1132,0.1228
2016-04-21T01:36:59.655Z,0.9913,43.4892,232.6306,0.1866,0.0246,2.1896,21.133,232.9982,0.091,0.133,2.6347,24.584,233.4696,0.1051,0.1398
2016-04-21T01:37:59.870Z,0.4936,43.9627,232.8877,0.1892,0.0142,2.4552,21.1965,233.7863,0.0903,0.1443,3.3619,24.9981,234.1613,0.1065,0.1556
2016-04-21T01:38:59.157Z,1.3366,43.9638,233.1697,0.1884,0.0296,2.1817,22.1149,234.0373,0.0948,0.1268,2.8703,23.5792,234.2333,0.1008,0.1497
2016-04-21T01:39:59.662Z,1.7886,44.4071,233.3953,0.19,0.0412,2.572,22.3465,234.0326,0.0958,0.1344,3.1851,24.0178,234.2097,0.1027,0.1543
2016-04-21T01:40:59.263Z,1.4325,43.5411,233.4903,0.1869,0.0325,2.2109,21.733,234.3567,0.0926,0.124,2.7668,24.2104,234.3418,0.1035,0.1436
2016-04-21T01:41:59.496Z,1.3637,44.5445,233.618,0.1901,0.0304,2.1337,20.7908,234.7367,0.0886,0.1338,3.2004,23.2468,234.1987,0.0993,0.1604
2016-04-21T01:42:59.774Z,1.0114,43.5859,233.6829,0.1862,0.0245,1.7976,19.2824,234.9655,0.0817,0.1325,3.3312,25.7575,234.3651,0.1101,0.1507
2016-04-21T01:43:59.417Z,2.1149,42.8049,233.7176,0.1828,0.0491,2.0163,22.0759,234.5281,0.0937,0.1292,2.4632,26.7714,233.9008,0.1149,0.1233
2016-04-21T01:44:59.803Z,1.3339,43.7448,233.9445,0.1872,0.0314,2.6561,22.5291,234.4834,0.0957,0.1448,3.2497,24.9755,233.7166,0.1067,0.1562
2016-04-21T01:45:59.060Z,1.1702,44.3871,233.7715,0.1893,0.0254,2.7098,23.1274,234.4038,0.0988,0.1413,3.1044,23.4749,233.8116,0.1007,0.1539
2016-04-21T01:46:59.612Z,1.426,44.244,233.6743,0.1897,0.0311,2.378,21.4089,234.0259,0.0911,0.1396,2.9647,24.6053,233.7087,0.105,0.149
2016-04-21T01:47:59.371Z,1.9991,42.8598,233.6632,0.184,0.0476,1.8963,21.5021,233.7948,0.0915,0.1299,2.9429,26.1129,233.8157,0.1119,0.1421
2016-04-21T01:49:59.279Z,1.3965,43.3945,233.3269,0.1858,0.0338,2.2764,21.0545,233.7529,0.0898,0.1309,2.8354,25.6666,233.5775,0.1099,0.1392
2016-04-21T01:50:59.801Z,1.0159,43.8248,233.1997,0.188,0.0242,2.3923,23.1908,233.7417,0.0989,0.1239,2.7557,25.2827,234.0387,0.1079,0.1437
2016-04-21T01:51:59.528Z,1.3124,44.0853,233.1026,0.1893,0.0319,2.0993,19.6567,233.2604,0.0842,0.1411,2.8968,25.2397,233.5748,0.108,0.1359
2016-04-21T01:52:59.167Z,2.056,43.4379,233.1224,0.1868,0.0484,2.2956,21.5384,233.0251,0.0921,0.1282,3.2367,25.4396,233.1921,0.1088,0.149
2016-04-21T01:53:59.485Z,2.0342,42.7087,233.2371,0.183,0.0481,1.9693,20.1365,233.122,0.0864,0.1301,2.7364,25.1884,233.3693,0.1078,0.1392
2016-04-21T01:54:59.023Z,1.2418,44.0199,233.4576,0.1883,0.0286,2.3391,20.0513,233.1807,0.0859,0.1373,2.9554,23.3224,233.2696,0.0999,0.1488
2016-04-21T01:55:59.300Z,1.4207,43.5379,233.4714,0.1868,0.0328,2.9123,21.7102,233.386,0.093,0.1376,3.1029,25.2838,233.2582,0.1083,0.1487
2016-04-21T01:56:59.551Z,1.0782,43.1468,233.7123,0.1841,0.0263,2.4852,19.5303,233.5235,0.0841,0.1435,3.2767,25.4696,233.6242,0.1095,0.1501
2016-04-21T01:57:59.019Z,2.2177,43.535,233.8954,0.1862,0.052,2.5778,21.9941,233.4082,0.0944,0.1334,34.9473,57.5162,233.7183,0.2462,0.3286
2016-04-21T01:58:59.442Z,784.9891,1188.4149,232.6734,5.1129,0.5614,797.4797,1248.3574,232.1896,5.3842,0.5443,1221.7873,1754.2042,231.0051,7.6044,0.7145
2016-04-21T01:59:59.638Z,1058.3866,1496.312,232.3337,6.4401,0.7075,1089.5183,1606.5506,231.8176,6.9303,0.6781,1527.7737,2143.0644,230.7458,9.2876,0.7129
