2016-02-07T00:00:59.365Z,3.6538,47.7057,231.4029,0.2063,0.0773,2.6542,35.1408,229.3037,0.1533,0.0804,2.6572,39.7944,230.7731,0.1729,0.0696
2016-02-07T00:01:59.826Z,3.5743,50.9218,231.8783,0.2197,0.0698,2.8407,35.2759,229.8087,0.1532,0.0809,2.7195,36.3593,230.8977,0.1574,0.0741
2016-02-07T00:02:59.547Z,4.305,49.9194,232.9939,0.2143,0.0886,2.5076,34.3849,229.7069,0.1498,0.0834,2.6742,36.2653,230.9899,0.1564,0.0718
2016-02-07T00:03:59.022Z,4.3277,50.5358,233.3733,0.217,0.0857,2.7654,33.9801,230.8447,0.1471,0.0848,3.1797,37.7567,231.5163,0.1627,0.0793
2016-02-07T00:04:59.542Z,4.304,49.5734,232.9495,0.2135,0.0872,2.7928,35.2729,232.0203,0.1521,0.0802,2.8865,35.0012,232.6628,0.1508,0.0887
2016-02-07T00:05:59.809Z,4.9053,50.1777,232.7214,0.2157,0.0965,2.8092,34.4855,231.7015,0.1485,0.0934,2.9075,32.5751,232.5215,0.1404,0.0867
2016-02-07T00:06:59.099Z,4.2126,51.0523,232.9072,0.2196,0.0824,3.1123,35.8852,231.2903,0.1546,0.0901,2.6617,35.8093,232.6223,0.1544,0.0824
2016-02-07T00:07:59.515Z,4.1514,50.6999,232.4793,0.2184,0.0814,2.7552,35.4193,231.4259,0.1534,0.0841,2.6159,35.5688,232.4151,0.1531,0.0757
2016-02-07T00:08:59.178Z,4.5213,50.4113,233.1029,0.2162,0.0888,3.3842,34.9109,231.3962,0.1511,0.0963,2.588,34.0134,232.5708,0.1462,0.0781
2016-02-07T00:09:59.985Z,4.0499,50.2182,232.923,0.2157,0.0811,2.7512,34.2917,231.3241,0.1482,0.0823,2.8553,36.5859,232.3543,0.1579,0.0814
2016-02-07T00:10:59.732Z,4.0523,49.2077,232.4918,0.2118,0.0809,2.2981,32.7822,230.0824,0.143,0.0727,2.8764,35.4798,231.9006,0.1528,0.0781
2016-02-07T00:11:59.353Z,4.4102,51.9597,233.0538,0.2227,0.0854,3.4265,35.2164,230.0999,0.1533,0.099,2.5462,37.2432,232.3684,0.1604,0.0674
2016-02-07T00:12:59.159Z,3.9703,51.0452,233.2943,0.2189,0.0796,3.0727,35.4051,228.8934,0.155,0.0908,2.8889,34.3593,231.9507,0.148,0.088
2016-02-07T00:13:59.703Z,4.8539,50.5115,233.4835,0.2161,0.094,2.9396,33.4403,230.7857,0.1452,0.0867,2.8366,35.406,233.0452,0.152,0.084
2016-02-07T00:14:59.957Z,4.6775,51.0922,233.6302,0.2185,0.0918,3.0366,34.1509,231.6721,0.147,0.0953,3.0344,36.0643,233.2269,0.1547,0.0825
2016-02-07T00:15:59.507Z,3.7369,50.5306,233.6189,0.2164,0.0728,3.2184,35.8449,232.105,0.1543,0.0898,3.1823,35.2931,233.3626,0.151,0.0958
2016-02-07T00:16:59.934Z,3.7978,51.122,234.0559,0.2175,0.0727,2.9654,36.8705,232.2383,0.1588,0.0859,2.8455,34.8377,233.7274,0.1496,0.0827
2016-02-07T00:18:59.681Z,4.0599,50.996,233.9024,0.2179,0.079,2.911,35.4323,232.154,0.1525,0.088,2.6798,35.5858,234.1252,0.1518,0.0766
2016-02-07T00:19:59.108Z,4.5492,49.9628,233.0607,0.2141,0.0892,3.2428,35.238,231.8251,0.1521,0.0981,2.9048,36.177,233.9562,0.1544,0.0869
2016-02-07T00:20:59.741Z,4.1442,50.852,232.179,0.2193,0.0822,3.08,36.5571,230.6352,0.1582,0.0853,2.6767,35.15,232.9635,0.151,0.0772
2016-02-07T00:21:59.997Z,3.962,50.6841,231.8349,0.2184,0.0772,2.6762,33.9897,230.6328,0.1473,0.0808,2.1835,33.0468,232.972,0.1417,0.077
2016-02-07T00:22:59.741Z,4.7433,50.8728,231.195,0.2203,0.0927,2.927,35.6386,230.9626,0.1546,0.0868,2.9429,34.0331,231.9002,0.1466,0.0874
2016-02-07T00:23:59.037Z,4.1906,51.2707,231.5732,0.2216,0.0823,2.6442,34.9106,231.7031,0.1512,0.0789,2.243,35.8854,233.098,0.1536,0.0677
2016-02-07T00:24:59.183Z,3.6107,48.9779,232.3247,0.2104,0.0734,3.2076,32.0746,231.9811,0.1381,0.0999,2.5758,36.9238,234.0184,0.1579,0.0724
2016-02-07T00:25:59.397Z,3.2451,50.2467,232.5975,0.2157,0.0654,3.4703,36.1224,230.9985,0.1566,0.0911,2.2891,37.5208,234.0885,0.1604,0.0676
2016-02-07T00:26:59.186Z,3.7236,49.4858,232.9138,0.2127,0.0733,2.7234,35.2679,230.6642,0.1531,0.0835,2.7744,37.5944,234.209,0.1605,0.0782
2016-02-07T00:27:59.567Z,4.6764,50.4751,233.4723,0.2162,0.0911,2.7392,34.3263,231.2697,0.1488,0.0865,3.1415,36.4704,234.444,0.1557,0.0874
2016-02-07T00:28:59.509Z,3.9769,51.3132,233.3999,0.2198,0.0759,3.0626,34.6187,231.6248,0.1497,0.0896,2.4494,35.5251,234.4008,0.1512,0.0703
2016-02-07T00:29:59.073Z,3.7893,50.1529,233.3671,0.2151,0.0757,2.5278,33.514,231.5276,0.1452,0.0815,2.4219,36.4199,234.1588,0.1555,0.0713
2016-02-07T00:30:59.332Z,4.8963,50.6133,232.9781,0.217,0.0976,2.6707,32.9112,227.9415,0.1449,0.0807,2.4175,36.678,234.4775,0.1564,0.0685
2016-02-07T00:31:59.804Z,4.3428,51.0567,232.4811,0.2201,0.0858,2.5685,34.9611,230.6078,0.1517,0.0785,2.0704,36.356,233.5318,0.1555,0.0608
2016-02-07T00:32:59.305Z,3.9011,50.0189,232.2947,0.2159,0.0759,2.3643,34.409,231.0779,0.1489,0.0747,2.853,36.1878,232.3858,0.1562,0.0808
2016-02-07T00:33:59.556Z,4.4954,50.0316,232.6723,0.2149,0.0912,3.0081,34.4986,231.7881,0.1489,0.0921,2.8675,35.1148,233.4953,0.15,0.0834
2016-02-07T00:34:59.869Z,4.0562,52.2712,233.1564,0.2242,0.0753,3.023,35.4488,231.8465,0.1525,0.0918,2.7621,35.6557,233.8752,0.1523,0.0801
2016-02-07T00:35:59.332Z,2.2598,49.8052,233.6324,0.2134,0.0438,3.4056,35.4644,231.9881,0.1527,0.0992,2.6624,34.8826,234.0431,0.1485,0.082
2016-02-07T00:36:59.038Z,1.98,50.5656,232.9908,0.2168,0.0393,3.648,35.6366,231.5853,0.1539,0.1072,2.3718,35.9806,233.8377,0.1536,0.0723
2016-02-07T00:37:59.367Z,2.3008,50.6862,232.8908,0.2174,0.0459,3.6351,34.0758,231.6257,0.1474,0.1096,2.698,34.1695,234.2445,0.1458,0.083
2016-02-07T00:38:59.151Z,1.497,50.4664,232.6551,0.2168,0.0296,3.1723,36.0125,232.0033,0.1548,0.0976,3.1952,35.9241,234.1441,0.1536,0.0919
2016-02-07T00:39:59.403Z,2.091,49.8403,232.9051,0.2142,0.0414,3.3003,32.5296,231.9971,0.1402,0.1075,2.5781,35.6422,234.361,0.1515,0.0741
2016-02-07T00:40:59.724Z,1.7647,50.5426,233.0314,0.2164,0.0361,3.2227,36.3309,231.7179,0.1568,0.0935,3.157,35.1703,233.8487,0.1502,0.0934
2016-02-07T00:41:59.454Z,1.9436,49.7376,232.8497,0.2138,0.0386,3.353,32.7919,232.4704,0.1404,0.108,2.1488,36.9976,234.2751,0.1582,0.0684
2016-02-07T00:42:59.619Z,2.259,51.2136,232.2809,0.2205,0.043,3.3127,35.5443,232.1071,0.1535,0.1015,2.796,34.967,235.1453,0.1482,0.0818
2016-02-07T00:43:59.012Z,2.8434,49.5813,231.3297,0.2144,0.0579,3.4503,32.9213,231.4029,0.1424,0.1102,2.6866,37.0981,233.7229,0.1589,0.0734
2016-02-07T00:44:59.723Z,3.0522,49.5646,231.3986,0.2141,0.0611,3.245,35.4339,231.7779,0.1532,0.0958,3.0096,34.9335,232.9985,0.1496,0.0886
2016-02-07T00:45:59.023Z,2.3058,50.5034,231.5457,0.2179,0.0449,3.2531,34.1622,231.5503,0.1469,0.1048,3.0385,36.0203,232.2836,0.1551,0.0874
2016-02-07T00:46:59.334Z,2.0941,50.2207,232.039,0.2165,0.0425,2.719,33.8779,231.8242,0.1461,0.0878,2.7385,33.6715,230.7532,0.1454,0.0817
2016-02-07T00:47:59.653Z,2.6158,50.4904,231.2711,0.2185,0.0487,3.1501,38.8163,231.1776,0.1676,0.0896,2.8601,34.2784,232.7997,0.1468,0.0871
2016-02-07T00:48:59.234Z,2.2667,50.5427,231.3129,0.2182,0.0445,3.2278,36.242,231.4197,0.1565,0.0887,2.8533,36.9026,232.5903,0.1584,0.0822
2016-02-07T00:49:59.605Z,1.6419,49.6413,231.1832,0.2145,0.0325,2.8907,34.2715,231.6042,0.1478,0.0973,3.0725,36.2451,232.3904,0.1563,0.0931
2016-02-07T00:50:59.082Z,2.2896,50.1194,231.4069,0.2161,0.0467,3.2473,37.0722,231.1347,0.16,0.0903,2.7774,35.0478,232.1252,0.1507,0.0849
2016-02-07T00:51:59.821Z,2.8454,49.8054,231.125,0.2154,0.0585,3.1758,34.0566,230.4949,0.1475,0.0953,2.4938,36.5966,231.8167,0.1582,0.0738
2016-02-07T00:52:59.474Z,2.6293,49.2164,230.41,0.2135,0.0522,2.7516,34.6877,229.8814,0.151,0.09,2.3078,36.2216,232.3352,0.1563,0.0714
2016-02-07T00:53:59.807Z,1.579,50.1159,230.4238,0.2173,0.0308,3.119,34.8301,229.8712,0.1519,0.098,2.442,35.3454,232.1264,0.1522,0.0726
2016-02-07T00:54:59.296Z,1.9449,50.1722,230.8799,0.2177,0.0398,3.2123,35.2949,230.532,0.1528,0.1006,2.7531,35.1387,231.777,0.1521,0.0856
2016-02-07T00:55:59.358Z,1.8071,50.3643,230.9222,0.2184,0.0349,3.1532,33.7219,230.4213,0.1463,0.1,2.1086,33.5302,231.8804,0.144,0.0732
2016-02-07T00:56:59.606Z,2.3329,49.9451,230.9275,0.216,0.0455,2.9653,36.437,230.5009,0.1586,0.0889,2.4997,36.3618,231.6641,0.1571,0.0699
2016-02-07T00:57:59.909Z,1.8262,50.3653,231.4302,0.2178,0.0356,3.0258,34.0952,230.459,0.1477,0.0892,2.9043,35.251,231.2404,0.1524,0.0864
2016-02-07T00:58:59.937Z,2.3705,49.7164,231.1454,0.2148,0.0495,3.1681,35.2793,229.8163,0.1541,0.0941,2.626,34.4314,230.573,0.149,0.0845
2016-02-07T00:59:59.335Z,2.7402,51.2648,230.8788,0.2221,0.0522,3.2476,37.4646,229.8598,0.1637,0.0951,2.7261,33.8483,231.2013,0.147,0.0816
