2016-01-14T00:00:59.675Z,1059.8108,1474.2974,229.0183,6.4369,0.7193,1145.1898,1611.4648,231.7631,6.9522,0.7108,1558.5199,2136.9914,229.9251,9.294,0.7294
2016-01-14T00:01:59.172Z,1052.1903,1435.99,227.2873,6.3181,0.7333,1161.505,1602.1244,230.3049,6.9565,0.7245,1552.067,2114.2914,227.9855,9.2739,0.7338
2016-01-14T00:02:59.519Z,1089.1603,1468.66,227.2766,6.4612,0.7418,1205.1999,1634.4934,230.114,7.1027,0.7377,1599.2081,2156.4216,227.8733,9.4627,0.7408
2016-01-14T00:03:59.046Z,1106.0451,1490.4967,227.362,6.5549,0.7416,1206.5834,1627.7889,229.3726,7.0957,0.7409,1630.273,2174.4355,228.2815,9.5251,0.7493
2016-01-14T00:04:59.372Z,1073.6889,1474.5143,228.2576,6.4596,0.7283,1149.081,1582.6701,229.1714,6.9062,0.7254,1591.9429,2133.4382,228.4484,9.3383,0.7464
2016-01-14T00:05:59.690Z,1056.5883,1448.2243,228.4408,6.3393,0.7302,1163.344,1602.5576,230.179,6.9619,0.7259,1573.7343,2134.2964,228.3419,9.3468,0.7376
2016-01-14T00:06:59.013Z,1102.2678,1481.1416,228.0976,6.4931,0.7448,1215.2266,1646.2684,230.3189,7.1472,0.738,1612.4482,2164.7826,228.0824,9.4911,0.7448
2016-01-14T00:07:59.786Z,1127.6285,1508.1337,228.4163,6.603,0.7479,1224.1668,1662.0336,230.2853,7.2168,0.7363,1627.0008,2175.2931,228.4599,9.5212,0.7492
2016-01-14T00:08:59.207Z,1099.8529,1467.113,228.4704,6.4208,0.7499,1199.2625,1647.9297,230.3198,7.1549,0.7273,1570.3566,2120.9222,227.2811,9.3302,0.7406
2016-01-14T00:09:59.763Z,1093.3691,1460.9324,228.6312,6.389,0.748,1175.7021,1630.1894,230.3002,7.0784,0.7212,1554.3377,2095.1406,226.7076,9.2412,0.7412
2016-01-14T00:10:59.068Z,1101.3028,1489.1677,227.6755,6.5406,0.7395,1209.6309,1624.254,229.3642,7.0815,0.7445,1638.1208,2179.8395,228.447,9.5415,0.751
2016-01-14T00:11:59.313Z,1123.4996,1509.1177,227.7502,6.626,0.7447,1228.3711,1646.7759,229.3853,7.1789,0.7458,1652.2842,2197.7463,228.9158,9.6,0.7509
2016-01-14T00:12:59.589Z,1107.9649,1479.8123,227.5472,6.503,0.7487,1218.5322,1647.471,229.4901,7.1784,0.7399,1607.2139,2152.9913,228.1929,9.4346,0.7454
2016-01-14T00:13:59.941Z,1066.457,1446.0796,227.2664,6.3622,0.7381,1182.5236,1613.8018,229.9871,7.016,0.7327,1573.6338,2130.9893,228.5868,9.3221,0.7389
2016-01-14T00:14:59.314Z,1082.8446,1463.2096,227.0222,6.4449,0.7406,1202.1545,1620.6591,229.9009,7.049,0.7417,1606.959,2159.404,228.7404,9.4397,0.7445
2016-01-14T00:15:59.078Z,1094.3233,1476.5099,227.5517,6.4878,0.741,1204.4578,1631.8974,230.0893,7.0919,0.738,1608.2097,2162.3351,229.0751,9.439,0.7429
2016-01-14T00:16:59.315Z,1080.1039,1465.7851,228.0102,6.4284,0.7371,1187.8499,1620.6583,229.9188,7.0484,0.7331,1592.5117,2149.3646,229.1541,9.3792,0.7403
2016-01-14T00:17:59.604Z,1126.2653,1514.7703,228.9456,6.6157,0.7438,1209.1828,1649.6791,229.7269,7.1808,0.7331,1627.5083,2170.7249,229.1974,9.4704,0.7501
2016-01-14T00:18:59.254Z,1158.4367,1557.0731,229.954,6.7709,0.7446,1224.7587,1667.8497,229.6657,7.2618,0.7345,1660.0137,2196.4437,229.4551,9.5711,0.7564
2016-01-14T00:19:59.468Z,1137.5042,1543.9076,230.0432,6.7112,0.7366,1218.556,1655.8761,229.8832,7.2026,0.7359,1662.9646,2210.9007,229.9976,9.6126,0.7518
2016-01-14T00:20:59.722Z,1094.8307,1503.1296,229.798,6.5406,0.7284,1164.3972,1603.2986,229.3292,6.991,0.7261,1616.082,2153.3198,228.8627,9.4081,0.7507
2016-01-14T00:21:59.042Z,1103.9852,1495.6351,228.676,6.5399,0.7384,1181.6394,1600.6019,228.1895,7.0137,0.7385,1626.9775,2149.972,227.8277,9.4361,0.7567
2016-01-14T00:22:59.054Z,1105.7987,1536.4278,228.2184,6.7319,0.7193,1156.5623,1530.75,224.6992,6.8119,0.756,1716.8114,2211.0108,229.2523,9.6439,0.7771
2016-01-14T00:23:59.363Z,1091.0063,1498.4887,227.2799,6.5921,0.7279,1158.1191,1550.3191,226.4976,6.8443,0.7471,1660.257,2169.8824,228.6836,9.4877,0.7644
2016-01-14T00:24:59.651Z,1097.0392,1492.1201,227.2206,6.5662,0.7349,1186.0206,1585.411,227.7513,6.9608,0.7483,1650.2049,2173.7791,228.684,9.5049,0.7589
2016-01-14T00:25:59.974Z,1122.6987,1516.57,227.3673,6.67,0.7401,1208.4506,1603.2302,227.625,7.0427,0.7536,1680.8043,2200.0741,228.803,9.6154,0.7632
2016-01-14T00:26:59.267Z,1107.0366,1508.3559,228.0253,6.6143,0.7335,1183.468,1595.41,228.3197,6.9878,0.742,1646.5997,2171.832,229.1795,9.4758,0.7587
2016-01-14T00:27:59.558Z,1107.289,1509.6761,228.0264,6.6196,0.7339,1179.7619,1590.3788,227.9811,6.9756,0.7416,1652.6906,2176.1304,229.3064,9.4897,0.7597
2016-01-14T00:28:59.849Z,1137.0851,1540.1461,228.3298,6.7449,0.7383,1209.2031,1618.4852,228.3489,7.0874,0.7477,1684.9489,2209.3767,229.6284,9.6209,0.7618
2016-01-14T00:29:59.069Z,1115.4125,1515.6431,228.5849,6.6308,0.7363,1195.1101,1613.1655,228.6672,7.054,0.7411,1651.8306,2182.2598,229.2461,9.5188,0.758
2016-01-14T00:30:59.202Z,1117.2414,1523.801,228.881,6.6573,0.7326,1180.0433,1601.2619,228.4143,7.0099,0.7374,1650.425,2173.8681,229.1643,9.4858,0.7593
2016-01-14T00:31:59.513Z,1157.1391,1553.922,228.7054,6.7939,0.7447,1215.2988,1634.1364,228.4138,7.1539,0.7434,1678.8454,2198.093,229.1722,9.5906,0.7639
2016-01-14T00:32:59.829Z,1135.5034,1533.7748,228.8859,6.7003,0.7404,1199.581,1625.2949,228.7712,7.1042,0.7381,1652.9024,2177.6892,229.1443,9.503,0.7597
2016-01-14T00:33:59.032Z,1129.3867,1530.3175,229.1623,6.6773,0.7378,1188.6426,1616.9395,228.5766,7.0735,0.7351,1647.0067,2173.253,229.4543,9.4706,0.7582
2016-01-14T00:34:59.432Z,1150.9051,1546.1861,228.6024,6.7634,0.7447,1222.4096,1636.6171,228.3589,7.1666,0.7472,1683.2369,2204.5943,229.0794,9.6231,0.764
2016-01-14T00:35:59.665Z,1153.3241,1545.9518,228.4968,6.7653,0.7459,1225.7542,1638.4276,228.3331,7.1752,0.7482,1685.6123,2206.3323,228.9819,9.635,0.7641
2016-01-14T00:36:59.905Z,1115.0326,1507.6764,227.771,6.6189,0.739,1198.0051,1606.5354,228.3446,7.0352,0.7464,1654.9117,2177.9684,228.6877,9.5233,0.76
2016-01-14T00:37:59.115Z,1119.6564,1507.678,227.4274,6.6286,0.7432,1184.1567,1585.1928,227.0614,6.9808,0.747,1653.4099,2156.7564,227.7849,9.4682,0.7673
2016-01-14T00:38:59.430Z,1157.8874,1545.3256,228.399,6.7653,0.7493,1228.3801,1641.1814,228.113,7.1943,0.7487,1684.3928,2200.3733,228.6308,9.6239,0.7656
2016-01-14T00:39:59.637Z,1148.7449,1537.4746,228.5817,6.7258,0.7469,1218.3173,1636.9212,228.362,7.1678,0.7447,1669.9756,2190.5816,228.7686,9.5754,0.7614
2016-01-14T00:40:59.334Z,1139.7157,1536.6502,228.3801,6.7285,0.7413,1187.6904,1603.704,228.0761,7.0309,0.7406,1665.3992,2172.2699,228.389,9.5107,0.7676
2016-01-14T00:41:59.621Z,1174.7829,1567.1627,228.6309,6.854,0.7498,1222.7483,1641.8564,228.4469,7.1869,0.7446,1693.8177,2201.9453,228.5658,9.633,0.7696
2016-01-14T00:42:59.393Z,1167.1515,1562.6949,229.1987,6.8179,0.7473,1219.749,1647.5706,229.1478,7.1896,0.7404,1680.6742,2197.9887,228.6244,9.6133,0.7644
2016-01-14T00:43:59.687Z,1170.2722,1555.3884,230.0742,6.7598,0.7524,1198.75,1647.0842,229.1693,7.187,0.7278,1634.665,2141.4629,227.4521,9.4144,0.7627
2016-01-14T00:44:59.076Z,1187.011,1567.5601,229.1449,6.8413,0.7574,1232.6158,1665.4042,229.0524,7.2704,0.7401,1670.2113,2178.8169,227.5713,9.5737,0.7664
2016-01-14T00:45:59.239Z,1183.0066,1559.74,228.5181,6.8254,0.7584,1237.2748,1659.6766,228.6524,7.2582,0.746,1679.5711,2186.0738,227.4579,9.6101,0.7682
2016-01-14T00:46:59.539Z,1146.3751,1525.4341,228.3193,6.6802,0.7509,1220.4067,1638.0214,228.6737,7.1628,0.7454,1656.0824,2172.9687,227.7538,9.5404,0.761
2016-01-14T00:47:59.142Z,1175.5448,1546.1216,228.3429,6.7706,0.7604,1251.2161,1669.6752,228.6292,7.3024,0.7488,1674.2442,2187.4036,227.5074,9.6139,0.7654
2016-01-14T00:48:59.321Z,1193.5892,1572.9226,229.3134,6.8586,0.7592,1246.0813,1674.5029,228.5283,7.3268,0.7441,1685.3419,2195.0201,227.9329,9.6294,0.7683
2016-01-14T00:49:59.684Z,1162.0006,1549.0397,229.3056,6.7554,0.7501,1213.7504,1647.5128,228.907,7.1971,0.7368,1656.7946,2171.3618,228.2486,9.5127,0.7627
2016-01-14T00:50:59.980Z,1164.1726,1558.9876,229.5641,6.7904,0.7473,1206.1134,1644.2434,229.1467,7.1753,0.7332,1660.7702,2174.4757,228.6283,9.5107,0.7627
2016-01-14T00:51:59.177Z,732.7521,1019.4278,230.1691,4.4379,0.4875,756.2325,1069.8439,229.6215,4.6709,0.4696,1077.6792,1418.6645,229.3275,6.2096,0.7481
2016-01-14T00:52:59.867Z,183.8442,503.2614,230.7404,2.1867,0.1819,194.6249,482.9115,230.2359,2.1045,0.1935,294.7082,574.7447,230.8086,2.4963,0.6301
2016-01-14T00:53:59.084Z,362.1429,759.1857,230.9962,3.2924,0.3264,393.6135,787.6265,229.9194,3.4327,0.3399,481.3889,895.16,230.1251,3.8958,0.5989
2016-01-14T00:54:59.366Z,4.3367,121.0254,232.1599,0.521,0.0362,3.8907,101.2113,231.4021,0.4376,0.0377,281.1832,343.1368,231.2492,1.4856,0.7766
2016-01-14T00:55:59.308Z,930.9887,1298.0774,229.6139,5.6635,0.6067,993.5469,1401.6578,229.6282,6.1116,0.6187,1474.1381,1930.467,228.7756,8.443,0.7751
2016-01-14T00:56:59.567Z,1222.7784,1610.7711,228.6391,7.045,0.7593,1294.37,1707.9106,229.2593,7.4494,0.7577,1757.0139,2271.7756,228.1842,9.9556,0.7738
2016-01-14T00:57:59.830Z,1241.1403,1625.0634,228.472,7.1128,0.7636,1308.2293,1710.1588,228.344,7.4891,0.7651,1778.4004,2282.2506,227.5878,10.0271,0.7781
2016-01-14T00:58:59.092Z,1157.9592,1563.2877,229.9936,6.796,0.741,1200.9992,1639.3612,229.4187,7.1451,0.7331,1665.8309,2183.198,228.3897,9.5585,0.7635
2016-01-14T00:59:59.353Z,1231.1914,1623.895,229.7099,7.0692,0.7578,1282.609,1714.6883,229.3944,7.4742,0.7479,1740.1644,2253.9807,228.3646,9.8699,0.7733
