2016-02-13T00:00:59.728Z,1186.7743,1599.104,230.3912,6.9408,0.7414,1233.3563,1651.0299,229.0304,7.2084,0.7472,1713.4164,2234.3497,229.5703,9.7326,0.7672
2016-02-13T00:01:59.045Z,1226.1058,1617.0795,231.1817,6.9944,0.7586,1229.2781,1671.5468,228.7651,7.3068,0.7353,1678.3844,2174.9058,227.2753,9.5687,0.7724
2016-02-13T00:02:59.502Z,1243.8552,1627.2471,231.6053,7.0257,0.7641,1229.0404,1678.0647,228.3551,7.3487,0.7316,1670.553,2153.8442,226.2554,9.519,0.7762
2016-02-13T00:04:59.979Z,1062.1601,1409.1975,230.9549,6.1048,0.6713,1091.6196,1470.7177,229.2152,6.4241,0.6692,1491.1957,1940.0293,228.2719,8.5193,0.7801
2016-02-13T00:05:59.248Z,141.3936,306.9119,231.4483,1.3304,0.1557,164.7061,307.4899,230.9331,1.336,0.2513,265.7281,449.4823,231.9927,1.9419,0.7769
2016-02-13T00:06:59.427Z,398.6484,681.0294,231.3088,2.9483,0.3547,433.6354,703.9443,230.7831,3.0589,0.3791,518.1404,846.3857,232.2919,3.6533,0.7174
2016-02-13T00:07:59.762Z,4.0664,45.1462,231.9646,0.195,0.0912,2.4986,20.8428,231.3889,0.09,0.1421,316.4859,362.455,232.6126,1.5608,0.8665
2016-02-13T00:08:59.816Z,1113.4431,1518.4347,229.2283,6.6289,0.7031,1174.9589,1561.8425,228.9328,6.8263,0.7131,1645.0021,2159.7019,229.65,9.409,0.7661
2016-02-13T00:09:59.080Z,1232.1228,1621.479,229.646,7.0606,0.7595,1320.2006,1729.3747,229.5664,7.5332,0.7632,1762.4703,2304.9073,229.4945,10.0432,0.7642
2016-02-13T00:10:59.447Z,1223.3063,1598.3412,230.4231,6.9364,0.7648,1259.8124,1702.6786,229.867,7.407,0.74,1676.6531,2196.1111,226.7856,9.6841,0.763
2016-02-13T00:11:59.693Z,1267.5416,1640.6884,230.6874,7.1118,0.7728,1275.4998,1714.2873,228.6911,7.4961,0.7441,1708.4382,2204.5523,226.1976,9.7458,0.7749
2016-02-13T00:12:59.733Z,1212.2998,1602.8247,230.7004,6.9479,0.7565,1216.9536,1650.9921,228.0409,7.2396,0.7364,1677.1636,2176.3562,227.2694,9.576,0.7699
2016-02-13T00:13:59.815Z,1147.3407,1558.3436,230.2316,6.768,0.7363,1188.3466,1603.5686,227.5639,7.0459,0.741,1672.5319,2192.9372,229.2602,9.5653,0.7628
2016-02-13T00:14:59.062Z,1115.5498,1559.3276,230.9416,6.7517,0.7152,1160.8927,1566.8664,227.4217,6.8899,0.7403,1692.2978,2223.6084,231.0547,9.6241,0.7609
2016-02-13T00:15:59.793Z,1138.3554,1554.1454,230.6713,6.7378,0.7331,1200.5697,1630.8475,229.9413,7.0924,0.7359,1659.8133,2210.7218,230.256,9.6013,0.7519
2016-02-13T00:16:59.464Z,1135.1589,1550.4828,230.5924,6.7236,0.7325,1201.9229,1635.5048,230.5728,7.0931,0.7349,1657.4397,2211.6267,230.0757,9.6128,0.7502
2016-02-13T00:17:59.924Z,1135.3473,1550.3606,230.7966,6.717,0.7321,1218.7266,1648.3958,231.126,7.1321,0.7389,1668.1159,2230.5322,230.2312,9.6883,0.7494
2016-02-13T00:18:59.516Z,1185.59,1582.2051,230.7049,6.8581,0.749,1248.9526,1683.984,231.0876,7.2873,0.7419,1684.8245,2227.033,228.8896,9.729,0.7565
2016-02-13T00:19:59.275Z,1198.5525,1589.2029,231.6908,6.8593,0.7537,1221.371,1679.6625,231.1244,7.2675,0.7272,1648.3265,2175.1756,227.5736,9.5581,0.7593
2016-02-13T00:20:59.441Z,1229.9442,1618.9258,231.2843,6.9996,0.7593,1239.0454,1686.315,230.2676,7.3229,0.7346,1683.586,2192.9214,227.0228,9.6596,0.769
2016-02-13T00:21:59.055Z,1178.964,1579.3169,230.139,6.862,0.7462,1225.4233,1645.837,229.451,7.1727,0.7444,1691.5108,2214.0707,228.5052,9.6893,0.7637
2016-02-13T00:22:59.324Z,1193.6404,1607.5112,230.3159,6.9792,0.7421,1243.7626,1647.0867,228.5801,7.2053,0.7556,1742.5822,2262.3919,229.514,9.8577,0.7702
2016-02-13T00:23:59.159Z,1166.4292,1583.188,230.4537,6.8698,0.7363,1227.6529,1634.5861,228.9426,7.1397,0.7508,1716.7618,2248.0263,229.7507,9.7847,0.7622
2016-02-13T00:24:59.559Z,1209.2634,1620.0348,231.7922,6.9897,0.7473,1254.0319,1692.858,230.2346,7.3523,0.741,1713.0619,2250.9227,229.9157,9.7902,0.7609
2016-02-13T00:25:59.830Z,1189.1767,1595.57,231.4599,6.8934,0.7462,1236.8652,1678.6648,230.301,7.2893,0.7376,1683.1264,2222.2451,229.457,9.6843,0.7587
2016-02-13T00:26:59.590Z,1213.3509,1616.6116,231.4139,6.9854,0.7502,1264.7644,1701.3609,230.4373,7.3829,0.7427,1711.687,2250.5524,229.6809,9.7981,0.7606
2016-02-13T00:27:59.892Z,1239.2307,1627.9058,232.3303,7.0064,0.761,1224.7002,1695.9289,230.608,7.3544,0.7218,1657.2482,2163.7118,227.0804,9.5286,0.7661
2016-02-13T00:28:59.109Z,1260.3632,1642.7617,231.9637,7.0815,0.7677,1247.9963,1705.4972,229.8826,7.4189,0.7308,1686.6441,2183.1983,226.6091,9.6341,0.7717
2016-02-13T00:29:59.325Z,1232.4927,1622.2421,231.9012,6.9956,0.7601,1231.0654,1682.7871,229.5271,7.3319,0.7323,1677.1573,2180.3677,227.3146,9.592,0.7694
2016-02-13T00:30:59.650Z,1210.1458,1620.7913,230.7279,7.0247,0.7471,1254.8621,1665.1868,228.7188,7.2803,0.754,1745.1019,2265.903,229.4144,9.8768,0.7701
2016-02-13T00:31:59.885Z,1193.0243,1607.4719,230.7458,6.9669,0.7414,1234.8781,1649.9891,228.7371,7.2136,0.7483,1727.1664,2250.6041,229.5618,9.8041,0.7677
2016-02-13T00:32:59.266Z,1231.02,1642.4122,230.9312,7.1117,0.7494,1237.1678,1651.5175,227.6993,7.253,0.7487,1745.2748,2241.8879,228.5947,9.8071,0.7784
2016-02-13T00:33:59.112Z,1211.7236,1625.9761,230.6183,7.0502,0.7448,1226.8353,1640.9947,228.114,7.1936,0.7478,1734.3344,2239.54,229.0273,9.7789,0.7739
2016-02-13T00:34:59.720Z,1223.4899,1634.7538,230.6577,7.0871,0.749,1251.4552,1671.0164,229.3513,7.2859,0.7487,1741.088,2260.2554,229.6065,9.844,0.7707
2016-02-13T00:35:59.051Z,1256.8486,1641.5024,231.6591,7.0859,0.7657,1232.8491,1692.0187,230.1268,7.3523,0.7285,1680.7475,2173.8635,226.4784,9.5975,0.7732
2016-02-13T00:36:59.651Z,1234.9162,1630.6087,232.1642,7.0231,0.757,1226.4145,1685.909,230.4966,7.3137,0.7276,1680.036,2188.5166,227.5196,9.6185,0.7676
2016-02-13T00:37:59.490Z,1198.7572,1607.7246,231.7858,6.9363,0.7456,1206.8791,1658.6233,230.4161,7.1984,0.7282,1673.5137,2193.131,228.3298,9.6056,0.7616
2016-02-13T00:38:59.647Z,1173.6156,1598.3666,231.2031,6.9136,0.7346,1222.2177,1652.0271,230.4058,7.1696,0.7403,1705.9686,2250.8146,230.5004,9.7644,0.7579
2016-02-13T00:39:59.576Z,1165.6082,1604.29,231.7025,6.9237,0.7266,1218.0361,1645.8349,230.2797,7.1474,0.7402,1720.6584,2271.0683,231.4972,9.8102,0.7592
2016-02-13T00:40:59.864Z,1177.1339,1599.2266,230.7699,6.9303,0.7363,1228.9148,1643.9288,229.556,7.1616,0.7477,1723.1594,2255.8802,230.1576,9.8014,0.7624
2016-02-13T00:41:59.110Z,1176.7992,1607.7195,231.8451,6.9342,0.7319,1214.2735,1643.6666,229.9063,7.149,0.7384,1712.8802,2247.8582,230.4524,9.7542,0.7609
2016-02-13T00:42:59.396Z,1193.5241,1617.6762,232.441,6.9593,0.7385,1218.4665,1657.7688,229.7514,7.2154,0.7349,1707.1698,2234.1319,229.9313,9.7165,0.7632
2016-02-13T00:43:59.878Z,1192.4278,1614.1971,231.8241,6.9629,0.7384,1218.4879,1647.8006,229.396,7.1831,0.7391,1712.5294,2234.4512,229.5577,9.7334,0.7682
2016-02-13T00:44:59.306Z,1185.3606,1610.3575,231.954,6.9422,0.7362,1227.256,1666.5944,230.8151,7.2207,0.7365,1706.4292,2250.589,230.7656,9.7524,0.7598
2016-02-13T00:45:59.153Z,1179.5787,1606.2579,231.4638,6.9394,0.7338,1229.9429,1660.9953,230.6211,7.2025,0.7406,1716.8461,2262.8564,230.9564,9.7975,0.76
2016-02-13T00:46:59.367Z,1177.6819,1604.0396,231.7131,6.9233,0.7336,1231.2543,1669.452,230.9461,7.229,0.7384,1706.4592,2260.0778,231.3104,9.7704,0.7547
2016-02-13T00:47:59.478Z,1182.4213,1608.6874,232.6929,6.913,0.7356,1245.2373,1697.4403,231.6489,7.328,0.7332,1700.4079,2267.4206,231.8188,9.7808,0.7503
2016-02-13T00:48:59.857Z,1183.1848,1581.5666,230.2671,6.8683,0.7476,1242.9037,1653.415,228.9362,7.2217,0.7522,1710.8762,2234.1002,229.1044,9.7511,0.7666
2016-02-13T00:49:59.271Z,1189.5733,1578.8247,229.5423,6.8783,0.7533,1250.853,1651.4668,228.1744,7.2378,0.7582,1717.2243,2231.92,228.711,9.7586,0.7697
2016-02-13T00:50:59.619Z,1187.7671,1565.3922,229.0163,6.8357,0.7587,1252.7705,1652.3004,227.6952,7.2566,0.7576,1700.3846,2211.369,227.9965,9.6993,0.7689
2016-02-13T00:51:59.868Z,1194.9492,1569.3452,228.8169,6.8582,0.761,1258.4443,1653.1882,227.3318,7.2723,0.7607,1708.4242,2214.905,227.6213,9.7309,0.7701
2016-02-13T00:52:59.520Z,1185.0761,1546.1189,228.1031,6.7782,0.7672,1268.1389,1659.286,227.7599,7.2853,0.7647,1694.7754,2203.5857,226.8572,9.7133,0.7701
2016-02-13T00:53:59.586Z,1152.2096,1501.4656,228.1141,6.5834,0.7446,1233.7504,1610.1978,227.7819,7.0703,0.7457,1633.8011,2119.5441,226.8284,9.3488,0.774
2016-02-13T00:54:59.880Z,12.1924,58.3397,230.6332,0.2533,0.0786,25.4313,78.7755,229.8841,0.3449,0.1263,136.7305,172.4966,230.5581,0.749,0.8644
2016-02-13T00:55:59.655Z,633.2403,1084.6421,230.0243,4.7174,0.5296,719.898,1169.0329,229.1325,5.1058,0.5739,762.5308,1309.6173,230.1694,5.6935,0.6094
2016-02-13T00:56:59.630Z,2.51,44.3438,231.5259,0.1916,0.0558,2.0575,24.1078,230.5671,0.1048,0.1241,162.4825,188.2835,231.2389,0.8148,0.8642
2016-02-13T00:57:59.949Z,664.236,906.5368,230.6884,3.9395,0.4369,707.0244,980.2745,229.4069,4.2875,0.4881,1189.341,1519.5247,229.0498,6.6477,0.8141
2016-02-13T00:58:59.296Z,1272.3947,1658.7389,229.9605,7.2132,0.7673,1326.4118,1730.0897,228.627,7.5674,0.7666,1792.6976,2300.5944,228.1859,10.0819,0.7795
2016-02-13T00:59:59.578Z,1219.3676,1610.2494,230.1142,6.9979,0.7571,1277.1797,1690.0829,228.8427,7.3855,0.7554,1733.027,2250.8475,228.0966,9.8682,0.7708
2016-02-13T01:00:59.068Z,1265.1825,1653.3357,229.8927,7.192,0.7648,1340.5975,1747.4403,229.156,7.6256,0.767,1794.4495,2314.385,228.5245,10.1273,0.7749
2016-02-13T01:01:59.318Z,1208.1158,1600.6353,229.9638,6.961,0.755,1289.3107,1708.6464,229.6501,7.4401,0.7539,1726.7939,2260.9208,228.5683,9.8914,0.7631
2016-02-13T01:02:59.488Z,1158.5121,1544.4958,229.1723,6.739,0.7498,1251.4464,1668.1711,229.4597,7.2698,0.7506,1676.4826,2211.2213,227.9956,9.6979,0.7592
2016-02-13T01:03:59.948Z,1142.3109,1526.0906,228.5799,6.6768,0.7491,1228.025,1641.8242,229.2147,7.1626,0.7482,1655.9688,2186.6373,227.7009,9.6029,0.758
2016-02-13T01:04:59.642Z,1152.9927,1578.1455,229.6336,6.8725,0.7309,1202.7867,1592.279,226.7404,7.0224,0.7557,1731.6004,2240.9612,229.3907,9.7691,0.7726
2016-02-13T01:05:59.889Z,1134.9807,1543.2284,229.8471,6.7134,0.7352,1223.6516,1630.7396,228.7597,7.128,0.751,1688.1037,2226.5799,229.2668,9.7121,0.7576
2016-02-13T01:06:59.190Z,1159.4043,1549.5268,229.3665,6.7558,0.749,1249.9687,1664.2627,229.3659,7.2558,0.7506,1685.8811,2222.17,228.4578,9.7269,0.7585
2016-02-13T01:07:59.467Z,1145.308,1542.243,229.231,6.7278,0.7422,1232.3199,1643.2913,229.2707,7.1676,0.75,1678.26,2213.2903,228.455,9.6878,0.7584
2016-02-13T01:08:59.611Z,1144.0279,1517.4433,227.5754,6.6683,0.7542,1281.7868,1676.0888,229.8288,7.2927,0.7649,1688.6809,2237.6171,228.0861,9.8098,0.7541
2016-02-13T01:09:59.842Z,1141.7962,1503.8969,227.2883,6.6166,0.7589,1270.8451,1669.1847,229.3094,7.2793,0.7607,1662.5301,2202.5837,227.2892,9.6907,0.7547
2016-02-13T01:10:59.080Z,1157.965,1521.0919,226.9923,6.7016,0.7609,1285.8132,1677.1095,228.9126,7.3264,0.7664,1687.8252,2223.9056,227.5998,9.7715,0.7589
2016-02-13T01:11:59.485Z,1153.3336,1516.746,227.1914,6.6761,0.7606,1273.6,1665.405,228.6813,7.2831,0.7646,1677.463,2209.0028,227.3389,9.7168,0.7598
2016-02-13T01:12:59.010Z,1163.5922,1539.6783,226.6726,6.7927,0.7557,1272.7937,1645.5887,227.8861,7.2208,0.7735,1721.0857,2239.6583,227.801,9.8313,0.7672
2016-02-13T01:13:59.316Z,1150.4333,1540.3178,226.6707,6.7949,0.7477,1255.5556,1622.152,227.7868,7.1209,0.7738,1732.9267,2253.2207,228.6151,9.8556,0.7693
2016-02-13T01:14:59.576Z,1188.7659,1595.4937,229.1347,6.9627,0.7451,1239.8764,1637.9121,228.495,7.1678,0.7564,1736.7406,2246.6566,229.041,9.8088,0.7738
2016-02-13T01:15:59.475Z,1180.7463,1582.7058,229.6429,6.892,0.7461,1241.3057,1648.5639,228.8352,7.2039,0.7526,1714.2083,2231.7958,228.6617,9.76,0.7679
2016-02-13T01:16:59.763Z,1188.1456,1576.7302,229.3556,6.8747,0.7538,1269.5756,1676.1044,229.3754,7.3071,0.7569,1713.5587,2238.7021,228.3423,9.8042,0.766
2016-02-13T01:17:59.105Z,1196.1753,1575.7041,229.4141,6.8685,0.7591,1262.0645,1670.4242,228.7936,7.3011,0.7557,1700.6134,2212.4331,227.0908,9.7425,0.7697
2016-02-13T01:18:59.374Z,1208.7396,1582.9762,229.549,6.8962,0.7636,1268.6724,1684.3434,229.3041,7.3457,0.7522,1696.7101,2207.1426,226.7093,9.7353,0.7696
2016-02-13T01:19:59.004Z,1212.1829,1591.373,229.869,6.9228,0.7618,1260.3539,1673.8851,228.9762,7.3106,0.7526,1701.6255,2204.0578,226.4919,9.7312,0.7706
2016-02-13T01:20:59.402Z,1225.7091,1602.4506,229.462,6.9833,0.765,1253.1504,1665.7973,228.389,7.2932,0.7529,1705.6207,2194.3892,226.208,9.7004,0.7762
2016-02-13T01:21:59.928Z,1228.3452,1617.7098,229.7886,7.0397,0.7602,1242.4252,1653.546,228.1346,7.2478,0.7512,1722.6036,2207.0052,226.8766,9.7269,0.7803
2016-02-13T01:22:59.096Z,1213.9009,1607.8564,229.3968,7.0091,0.7549,1247.3932,1646.0538,227.9373,7.2216,0.758,1736.4607,2228.4685,227.5512,9.7928,0.7789
2016-02-13T01:23:59.939Z,1203.262,1597.8485,228.4862,6.9929,0.7527,1254.5885,1632.8645,227.4121,7.1802,0.7688,1757.3381,2249.781,227.5795,9.8859,0.7801
2016-02-13T01:24:59.101Z,1216.7403,1614.8709,229.4256,7.0389,0.7543,1241.168,1641.2819,228.2305,7.1914,0.7557,1739.1725,2228.971,227.5817,9.7934,0.7798
2016-02-13T01:25:59.394Z,1231.113,1618.29,229.597,7.0481,0.7601,1265.1059,1669.9698,228.5331,7.3069,0.7587,1736.8806,2231.0999,227.3619,9.813,0.7784
2016-02-13T01:26:59.186Z,1222.7193,1604.5869,229.7523,6.9841,0.762,1268.1784,1680.1072,228.8756,7.3408,0.7547,1716.5724,2219.9104,227.4612,9.7598,0.7711
2016-02-13T01:27:59.477Z,1217.8733,1599.8314,229.8908,6.9591,0.7611,1292.3463,1699.9901,229.3059,7.4134,0.7598,1729.4007,2248.7428,228.0774,9.8594,0.7693
2016-02-13T01:28:59.730Z,1200.1906,1584.8327,229.561,6.9034,0.7573,1286.7042,1696.0307,229.8396,7.3794,0.7588,1720.3696,2249.5748,228.6789,9.8364,0.7639
2016-02-13T01:29:59.899Z,1219.9854,1605.6839,229.8102,6.9873,0.7596,1299.6204,1713.1421,229.8279,7.4541,0.7594,1733.7092,2263.647,229.0281,9.8836,0.7668
2016-02-13T01:30:59.409Z,1202.9958,1597.9606,229.5261,6.9618,0.7525,1275.5828,1681.1976,228.9923,7.3416,0.7589,1733.232,2258.4381,229.3486,9.8466,0.7674
2016-02-13T01:31:59.693Z,1228.9307,1632.3076,229.7522,7.104,0.7522,1281.0657,1680.9842,228.3891,7.3596,0.7619,1768.158,2281.1017,229.4732,9.9411,0.7757
2016-02-13T01:32:59.305Z,1218.2463,1613.6207,229.3863,7.0345,0.7548,1261.5533,1659.7725,227.9816,7.28,0.76,1744.0699,2244.7104,228.2002,9.8363,0.778
2016-02-13T01:33:59.686Z,1235.6664,1616.6722,229.0364,7.0583,0.7644,1298.461,1697.7937,228.8686,7.4179,0.7648,1753.9368,2261.6162,227.7588,9.9294,0.7761
2016-02-13T01:34:59.080Z,1216.3169,1618.7845,229.8458,7.0426,0.7522,1262.1218,1668.2931,228.8601,7.2896,0.7561,1747.6449,2257.4157,228.9442,9.8597,0.7733
2016-02-13T01:35:59.357Z,1234.4197,1632.2793,229.8662,7.1012,0.7576,1295.9539,1696.9464,229.1838,7.4043,0.7634,1771.8899,2286.5987,229.1222,9.9797,0.7761
2016-02-13T01:36:59.753Z,1211.63,1605.5719,229.923,6.9831,0.7547,1286.0131,1691.7419,229.34,7.3764,0.7601,1743.5749,2267.2424,229.0447,9.8991,0.77
2016-02-13T01:37:59.021Z,1229.5798,1623.8894,230.421,7.0479,0.7576,1310.6024,1716.5097,229.4372,7.4815,0.7631,1766.4326,2295.2791,229.4491,10.0033,0.7701
2016-02-13T01:38:59.291Z,1201.6648,1601.5538,229.9352,6.9651,0.7503,1289.2469,1691.5393,229.2492,7.3778,0.7614,1749.5636,2282.0532,229.5929,9.9394,0.7668
2016-02-13T01:39:59.821Z,1230.1756,1638.4768,230.1352,7.1199,0.75,1294.754,1687.2664,228.3312,7.3896,0.7683,1792.9213,2307.5032,229.8008,10.0413,0.7789
2016-02-13T01:40:59.430Z,1205.9665,1617.4206,229.5834,7.0447,0.7453,1272.3813,1651.6545,227.6334,7.2556,0.7708,1788.85,2298.9269,229.6067,10.0125,0.7795
2016-02-13T01:41:59.750Z,1220.4489,1613.0804,228.5394,7.058,0.7573,1312.2589,1681.6618,227.4925,7.3913,0.7802,1803.2389,2311.9388,228.8544,10.102,0.7801
2016-02-13T01:42:59.014Z,1211.6832,1599.3872,228.5508,6.998,0.7575,1289.9591,1669.6677,227.4311,7.3408,0.7719,1768.8213,2274.1199,228.1307,9.9687,0.7791
2016-02-13T01:43:59.400Z,1236.5617,1607.4956,228.0219,7.0498,0.7684,1322.008,1700.827,227.6817,7.4697,0.7774,1775.0582,2277.0376,227.2609,10.0196,0.7802
2016-02-13T01:44:59.622Z,1223.4439,1614.1373,229.1343,7.0446,0.7572,1295.0597,1684.5022,228.1552,7.3831,0.7694,1768.2633,2277.601,228.2913,9.9766,0.7769
2016-02-13T01:45:59.983Z,1234.3125,1635.2612,229.9237,7.1119,0.7547,1302.2204,1698.8744,228.8444,7.4237,0.7666,1787.0955,2302.5333,229.1904,10.0463,0.7771
2016-02-13T01:46:59.092Z,1222.736,1617.0136,229.5151,7.0456,0.7563,1295.2474,1689.2479,228.1964,7.4031,0.7674,1767.3559,2281.6321,228.7066,9.9762,0.7737
2016-02-13T01:47:59.431Z,1226.898,1623.2133,229.826,7.0631,0.756,1313.2363,1702.8622,228.4499,7.4542,0.771,1789.789,2309.4472,229.1712,10.0772,0.7744
2016-02-13T01:48:59.769Z,1230.1449,1620.7376,230.3189,7.0364,0.7594,1306.811,1705.2908,228.5497,7.4616,0.767,1767.5599,2282.7147,228.3139,9.998,0.7733
2016-02-13T01:49:59.607Z,1238.4983,1641.3893,230.5148,7.1205,0.7543,1296.2201,1678.9516,226.8122,7.4018,0.7722,1804.9509,2301.273,228.5592,10.0691,0.7835
2016-02-13T01:50:59.929Z,1218.334,1625.4653,229.7252,7.0747,0.7492,1294.3488,1666.5539,226.6683,7.3525,0.7766,1807.119,2313.1754,229.2637,10.0894,0.7813
2016-02-13T01:51:59.763Z,1222.0751,1611.3507,228.6736,7.0467,0.7585,1319.7005,1693.176,227.8843,7.4302,0.7788,1798.8875,2311.6652,228.7274,10.1069,0.7776
2016-02-13T01:52:59.340Z,1223.9467,1619.1058,228.9919,7.0711,0.7563,1313.9137,1686.7599,227.6855,7.4084,0.7784,1803.6085,2314.6802,228.8657,10.1137,0.7789
2016-02-13T01:53:59.247Z,1238.5603,1637.4026,229.7174,7.1277,0.756,1300.5417,1678.2331,227.0249,7.3919,0.7756,1805.2047,2302.0542,228.6931,10.0656,0.783
2016-02-13T01:54:59.653Z,1231.2454,1633.0033,229.5376,7.1137,0.7537,1309.0355,1691.6472,228.0778,7.4171,0.7734,1802.5279,2314.8374,229.378,10.0917,0.7799
2016-02-13T01:55:59.106Z,1216.4264,1610.8641,228.3177,7.0556,0.7553,1320.2895,1694.1719,228.6803,7.4085,0.7794,1799.9686,2320.2073,229.3943,10.1149,0.7763
2016-02-13T01:56:59.785Z,1229.2957,1618.7092,228.2825,7.0908,0.7596,1328.1771,1703.9504,228.8487,7.4454,0.7797,1803.3139,2324.1078,229.3158,10.1354,0.7772
2016-02-13T01:57:59.113Z,1223.4524,1615.1398,228.9854,7.0532,0.7582,1322.3072,1707.8086,229.2737,7.4485,0.7738,1790.3138,2316.1049,229.458,10.0941,0.7723
2016-02-13T01:59:59.560Z,1236.1151,1639.4184,230.1852,7.1224,0.7537,1315.8395,1714.4228,229.3683,7.4746,0.7673,1793.8717,2319.9647,230.0032,10.0867,0.7729
