2016-01-29T00:00:59.923Z,1228.7814,1606.4509,230.0739,6.9818,0.7651,1334.9102,1757.2282,230.5456,7.621,0.7597,1737.0254,2285.0603,230.2336,9.9256,0.7602
2016-01-29T00:01:59.221Z,1256.9725,1633.348,230.2467,7.0934,0.7698,1354.6939,1776.6822,230.5218,7.7068,0.7623,1763.6495,2306.3536,230.4635,10.0069,0.7648
2016-01-29T00:02:59.488Z,1232.8549,1622.9877,230.4058,7.0436,0.7603,1324.2806,1751.291,230.8104,7.5872,0.7566,1746.2896,2297.03,231.1848,9.9358,0.7601
2016-01-29T00:03:59.781Z,1250.8547,1647.6305,230.1077,7.1602,0.7592,1339.0226,1750.2043,230.367,7.597,0.7652,1793.2782,2332.0449,231.3583,10.0795,0.769
2016-01-29T00:04:59.033Z,1223.9914,1635.7372,230.2091,7.1053,0.7484,1305.5081,1714.9136,229.7982,7.4626,0.7608,1781.4761,2322.174,231.9309,10.0126,0.767
2016-01-29T00:05:59.221Z,1251.6772,1658.3996,230.8579,7.1835,0.7549,1333.3703,1758.082,230.8301,7.6165,0.7583,1786.4513,2336.6881,232.353,10.0563,0.764
2016-01-29T00:06:59.507Z,1243.0242,1636.9868,231.12,7.0829,0.7596,1322.0133,1760.1488,231.2654,7.6107,0.7511,1743.7463,2293.4771,231.0764,9.9251,0.76
2016-01-29T00:07:59.672Z,1265.9857,1652.5699,231.2604,7.1461,0.7662,1347.3698,1785.1063,231.319,7.7169,0.7554,1760.5521,2307.2338,230.9473,9.9903,0.7615
2016-01-29T00:08:59.816Z,1245.3116,1630.5848,230.7754,7.0659,0.7633,1335.7766,1772.4873,231.2534,7.6647,0.7539,1739.2319,2290.0118,230.968,9.9152,0.7599
2016-01-29T00:09:59.059Z,1267.5194,1655.9794,231.1392,7.1641,0.7656,1343.8405,1782.14,231.1002,7.7114,0.7541,1759.323,2304.2486,231.1739,9.967,0.7624
2016-01-29T00:10:59.564Z,1245.2431,1629.9796,230.953,7.0576,0.7632,1340.4899,1776.7137,231.4039,7.6779,0.7539,1743.4884,2296.0893,230.85,9.946,0.7596
2016-01-29T00:11:59.836Z,1265.9099,1646.3033,231.0578,7.1248,0.7688,1352.0399,1792.6425,231.4358,7.7454,0.7535,1749.0667,2296.3181,230.5513,9.9603,0.7604
2016-01-29T00:12:59.039Z,1257.7766,1637.0029,231.0339,7.0855,0.7687,1341.0272,1779.6111,230.9946,7.7035,0.754,1741.0644,2283.0308,230.2311,9.916,0.7622
2016-01-29T00:13:59.506Z,1269.9064,1649.6692,230.7098,7.1507,0.7696,1341.5497,1770.6777,230.2442,7.6902,0.7571,1759.5984,2290.081,230.0593,9.9543,0.7684
2016-01-29T00:14:59.805Z,1262.9757,1654.7394,229.9792,7.1953,0.7633,1316.1735,1729.1182,228.9339,7.5525,0.7611,1776.1917,2290.5883,230.2662,9.9472,0.7765
2016-01-29T00:15:59.132Z,1274.7735,1655.696,230.6038,7.18,0.7694,1332.0776,1762.8184,229.7867,7.672,0.7558,1755.6729,2277.7261,229.7597,9.9133,0.7701
2016-01-29T00:16:59.409Z,1264.5762,1644.5127,230.456,7.1361,0.7689,1335.0013,1761.4778,230.0427,7.657,0.7579,1758.2744,2286.4401,229.8145,9.949,0.7684
2016-01-29T00:17:59.780Z,1275.4072,1660.9103,231.3412,7.1794,0.7678,1327.294,1766.8168,230.3667,7.6692,0.7504,1751.2174,2278.6397,229.9281,9.91,0.7691
2016-01-29T00:18:59.183Z,1276.0776,1664.3834,231.4021,7.1925,0.7669,1331.1002,1771.2606,230.7364,7.6766,0.7508,1757.8539,2287.5799,230.1307,9.9401,0.7689
2016-01-29T00:19:59.433Z,1284.2626,1673.3204,231.622,7.2242,0.7677,1317.7492,1763.7471,230.5577,7.6494,0.7474,1750.037,2270.5693,229.8617,9.8776,0.77
2016-01-29T00:20:59.744Z,1297.2083,1684.6606,231.925,7.2639,0.7698,1321.6217,1773.7372,230.5359,7.6936,0.7451,1749.789,2265.4886,229.5017,9.8709,0.771
2016-01-29T00:21:59.088Z,1279.3026,1658.8695,230.9956,7.1815,0.771,1325.4047,1768.5857,230.1945,7.6831,0.7492,1741.7198,2265.4432,229.85,9.8568,0.7692
2016-01-29T00:22:59.520Z,1291.8178,1661.3318,230.4297,7.2093,0.7785,1341.772,1770.7113,229.2829,7.7223,0.7587,1755.1238,2265.9334,228.9471,9.897,0.7747
2016-01-29T00:24:59.238Z,1295.3694,1658.1835,229.8703,7.2134,0.7813,1333.6052,1760.4496,228.7931,7.6944,0.7574,1746.9465,2245.4534,228.0421,9.8468,0.7779
2016-01-29T00:25:59.539Z,1283.2227,1657.8208,230.7338,7.1852,0.7731,1319.7949,1754.672,229.3779,7.6491,0.7519,1743.5936,2251.6932,228.7657,9.8427,0.774
2016-01-29T00:26:59.805Z,1284.1653,1685.1531,231.141,7.2908,0.7626,1316.5097,1726.231,227.7207,7.58,0.7625,1807.2383,2306.6176,230.1017,10.0244,0.7843
2016-01-29T00:27:59.041Z,1274.0444,1682.0406,231.4098,7.2687,0.7571,1288.6679,1706.051,228.0264,7.481,0.7556,1786.8413,2284.1138,230.1057,9.9264,0.7835
2016-01-29T00:28:59.354Z,1296.7315,1685.1072,230.9312,7.2966,0.7693,1328.7492,1757.3946,229.6367,7.6527,0.7563,1782.6106,2293.0955,229.7993,9.9789,0.7778
2016-01-29T00:29:59.656Z,1253.9126,1655.8662,230.767,7.1756,0.7566,1313.5173,1734.4791,230.2381,7.5336,0.7574,1776.1074,2303.7143,230.7888,9.9823,0.7703
2016-01-29T00:30:59.847Z,1277.7524,1679.2109,230.9001,7.2727,0.7607,1331.8358,1754.6897,230.338,7.6175,0.7593,1799.5317,2325.0736,230.9384,10.0676,0.7734
2016-01-29T00:31:59.040Z,1253.8287,1650.1922,230.9067,7.1464,0.7598,1319.1646,1749.8817,230.7718,7.5836,0.7532,1762.6253,2298.5092,230.5483,9.9697,0.7677
2016-01-29T00:32:59.325Z,1281.0151,1670.0675,230.6528,7.2409,0.7672,1346.3501,1766.9797,230.2094,7.6752,0.7611,1793.9946,2320.4182,230.3962,10.0707,0.7737
2016-01-29T00:33:59.502Z,1262.7821,1649.7831,230.0489,7.1714,0.7659,1316.8307,1733.5948,229.4701,7.5552,0.7601,1769.2093,2286.7541,229.739,9.9537,0.773
2016-01-29T00:34:59.669Z,1291.6693,1670.0049,229.7933,7.2675,0.7739,1345.8044,1760.4697,229.6352,7.6665,0.7644,1789.2709,2300.3426,229.4074,10.0273,0.7781
2016-01-29T00:35:59.919Z,1261.6024,1659.7452,230.6456,7.1957,0.76,1313.8254,1736.8874,229.9518,7.5538,0.7567,1775.0381,2302.3439,230.9876,9.9672,0.77
2016-01-29T00:36:59.122Z,1277.7389,1674.2863,230.8051,7.2543,0.7626,1348.7239,1770.4994,230.6739,7.6748,0.7614,1801.5645,2336.3964,231.3169,10.1001,0.7706
2016-01-29T00:37:59.299Z,1253.5437,1661.2364,231.6991,7.1699,0.7543,1322.3528,1759.3078,231.2639,7.6072,0.7518,1770.3862,2317.1829,231.7194,9.9999,0.7627
2016-01-29T00:38:59.769Z,1278.4031,1682.823,231.7009,7.2635,0.76,1348.5452,1781.6775,231.3138,7.7027,0.7572,1798.7188,2343.8333,232.093,10.0987,0.7689
2016-01-29T00:39:59.148Z,1250.5086,1654.9652,231.356,7.153,0.7553,1328.4781,1758.8941,231.0172,7.6143,0.7555,1774.2807,2322.2277,231.9069,10.0134,0.7635
2016-01-29T00:40:59.320Z,1274.0748,1668.9613,230.9711,7.2255,0.7631,1355.7755,1777.28,230.5158,7.7101,0.7628,1801.9876,2341.4451,231.6198,10.1084,0.77
2016-01-29T00:41:59.508Z,1247.0854,1643.8907,231.057,7.1151,0.759,1340.4813,1768.4763,230.8998,7.659,0.758,1774.1511,2326.2021,231.8743,10.0321,0.7616
2016-01-29T00:42:59.711Z,1273.1024,1668.7457,230.5604,7.2383,0.7629,1353.7089,1768.5416,230.0863,7.6867,0.7649,1807.7998,2342.3675,231.6591,10.1113,0.7728
2016-01-29T00:43:59.039Z,1254.8186,1657.4228,230.6334,7.186,0.7577,1326.9164,1740.9978,229.7953,7.5764,0.7619,1791.9228,2324.7799,231.6127,10.0377,0.7709
2016-01-29T00:44:59.365Z,1277.3364,1675.5416,231.0386,7.2528,0.7626,1343.2275,1756.3399,229.3511,7.6575,0.7655,1810.8192,2337.1265,231.41,10.0995,0.7749
2016-01-29T00:45:59.602Z,1250.5839,1645.6654,230.7037,7.133,0.7596,1346.3913,1771.5668,231.0168,7.6682,0.76,1776.2986,2328.7787,231.8769,10.0428,0.7616
2016-01-29T00:46:59.969Z,1277.468,1663.8228,230.4415,7.2201,0.7678,1362.3182,1790.6151,230.9056,7.7543,0.7611,1783.5954,2327.9452,231.6585,10.049,0.7674
2016-01-29T00:47:59.275Z,1264.0073,1655.3631,230.5152,7.1816,0.764,1346.1918,1778.0995,231.0855,7.6944,0.7573,1769.0355,2318.1005,231.8898,9.9967,0.763
2016-01-29T00:48:59.520Z,1276.7866,1673.733,230.6854,7.2554,0.7627,1349.2564,1778.3908,230.7719,7.7062,0.759,1790.3435,2334.1255,232.1533,10.0542,0.7678
2016-01-29T00:49:59.690Z,1257.5837,1654.2195,230.51,7.176,0.7609,1346.569,1772.4455,231.1092,7.6695,0.7601,1783.5922,2333.626,232.1223,10.0535,0.7639
2016-01-29T00:50:59.011Z,1268.5424,1670.4175,231.1755,7.2259,0.7597,1349.6849,1779.3338,231.3025,7.6928,0.7587,1794.2014,2344.6645,232.2599,10.0953,0.7658
2016-01-29T00:51:59.406Z,1263.7984,1666.0715,231.2411,7.2053,0.7585,1346.1084,1779.8134,231.4938,7.6884,0.756,1785.3143,2339.41,232.4063,10.066,0.7627
2016-01-29T00:52:59.633Z,1262.3964,1658.7393,230.3182,7.2025,0.7612,1353.2796,1771.7365,231.0813,7.6673,0.7643,1797.497,2344.794,231.9701,10.1084,0.766
2016-01-29T00:53:59.892Z,1279.478,1667.0156,230.0318,7.2471,0.768,1343.3442,1763.0463,230.3645,7.6531,0.7627,1788.5646,2314.151,230.5206,10.039,0.772
2016-01-29T00:54:59.110Z,1282.8517,1663.5064,229.5434,7.2467,0.7708,1340.6615,1752.4726,229.6319,7.6318,0.7656,1788.8458,2301.8948,229.6401,10.0239,0.7772
2016-01-29T00:55:59.373Z,1275.4416,1656.2203,229.6648,7.2111,0.7699,1359.305,1781.2903,231.3708,7.6989,0.7628,1784.2166,2323.2039,230.5584,10.0764,0.769
2016-01-29T00:56:59.563Z,1296.4358,1694.3547,231.3782,7.3227,0.7649,1319.2299,1758.0989,230.7966,7.6176,0.7503,1782.5296,2297.9882,230.132,9.9856,0.7754
2016-01-29T00:57:59.878Z,1319.2142,1717.8348,231.7028,7.4135,0.7691,1312.0738,1753.223,230.2031,7.6158,0.7483,1789.5189,2286.4822,229.4019,9.967,0.781
2016-01-29T00:58:59.110Z,1329.8558,1729.3322,232.0376,7.4526,0.7688,1314.6738,1761.4322,230.2381,7.6505,0.7472,1793.0455,2286.1299,229.3949,9.9659,0.7841
2016-01-29T00:59:59.511Z,215.4875,315.4049,233.3443,1.3573,0.1723,213.5334,306.1162,231.8616,1.3279,0.1879,395.0878,497.3625,231.7085,2.161,0.5912
2016-01-29T01:00:59.846Z,3.6722,49.0921,233.8074,0.2096,0.076,3.2389,34.5365,232.3255,0.1485,0.0925,2.1616,37.588,232.7892,0.1616,0.0597
2016-01-29T01:01:59.076Z,4.2369,50.9376,233.8608,0.2181,0.0844,2.7642,33.8824,232.3954,0.1462,0.0825,2.2381,36.8764,233.0172,0.1585,0.0602
2016-01-29T01:02:59.334Z,4.9202,50.217,233.4753,0.2154,0.0976,3.0691,33.6066,231.8793,0.1449,0.0923,2.4663,34.2238,232.5161,0.1476,0.0712
2016-01-29T01:03:59.559Z,4.3271,51.9044,234.6286,0.2212,0.0837,3.0586,34.2525,231.9727,0.1476,0.0885,2.4096,34.6123,229.9308,0.151,0.07
2016-01-29T01:04:59.926Z,4.428,50.1526,232.8597,0.2153,0.0873,2.4724,36.0013,231.1496,0.1563,0.0704,2.3985,33.2454,232.1603,0.1431,0.071
2016-01-29T01:05:59.187Z,3.8359,50.5278,233.2781,0.2166,0.0743,2.7752,30.6074,231.7257,0.1321,0.0914,1.7134,35.1284,232.9043,0.1511,0.0508
2016-01-29T01:06:59.557Z,4.6886,50.795,233.8808,0.217,0.0898,2.3643,34.5666,231.9258,0.1491,0.0712,1.8534,34.949,233.0259,0.1505,0.0549
2016-01-29T01:07:59.757Z,4.543,51.3408,233.6615,0.2196,0.0871,2.969,33.3873,231.9615,0.1437,0.0908,2.3821,34.3936,232.8697,0.147,0.069
2016-01-29T01:08:59.946Z,5.2753,50.5527,233.8038,0.2166,0.1044,2.726,33.2042,232.2026,0.143,0.086,2.3131,33.4011,232.8029,0.1436,0.0671
2016-01-29T01:09:59.346Z,4.5859,51.7723,233.7374,0.2212,0.0887,3.4218,33.2389,232.0848,0.143,0.1022,1.8238,34.083,232.952,0.1458,0.0583
2016-01-29T01:10:59.619Z,5.0822,50.7503,233.2018,0.2175,0.0988,3.4652,33.5025,232.6212,0.144,0.1019,2.0704,33.8418,232.7464,0.1456,0.063
2016-01-29T01:11:59.983Z,4.7471,51.562,233.7793,0.221,0.0914,2.7214,35.2671,232.4092,0.1511,0.0775,1.982,35.8958,233.5428,0.1539,0.0607
2016-01-29T01:12:59.197Z,4.0511,49.7906,233.4019,0.2137,0.0804,2.2972,34.3244,229.8718,0.1491,0.0736,2.0904,35.819,234.1057,0.1527,0.0643
2016-01-29T01:13:59.413Z,3.9087,50.365,232.566,0.2165,0.0774,2.8501,31.365,232.3065,0.1352,0.0912,1.8387,31.4125,232.7978,0.1349,0.0632
2016-01-29T01:14:59.683Z,3.1092,50.5837,232.4746,0.2173,0.0608,2.8211,35.4136,232.0249,0.153,0.0779,2.2018,34.9546,233.2731,0.1492,0.0641
2016-01-29T01:15:59.924Z,4.4864,51.1875,233.2086,0.2197,0.0879,3.2043,34.3776,233.0811,0.1476,0.0938,1.8089,35.5912,233.1186,0.1529,0.0523
2016-01-29T01:16:59.330Z,4.3743,50.679,233.3876,0.2173,0.0857,2.7619,35.7719,233.0034,0.1531,0.0769,2.2198,35.5702,232.821,0.1527,0.0621
2016-01-29T01:17:59.622Z,4.6533,51.5683,232.0545,0.2222,0.0898,2.7866,35.1826,233.2739,0.1504,0.0822,2.4485,35.1013,233.5532,0.151,0.066
2016-01-29T01:18:59.942Z,3.9919,50.0188,232.114,0.2159,0.079,2.4281,33.8879,233.9934,0.1448,0.081,1.9738,35.6048,233.6599,0.1521,0.056
2016-01-29T01:19:59.258Z,2.6321,49.9346,232.6622,0.2143,0.0524,2.775,35.2732,233.68,0.151,0.0852,2.194,34.4983,234.1522,0.1472,0.0649
2016-01-29T01:20:59.584Z,1.6263,50.5746,232.7645,0.2168,0.0326,3.3398,34.8971,232.937,0.1497,0.0968,2.1473,35.0266,233.8705,0.1496,0.0674
2016-01-29T01:21:59.756Z,1.8191,50.4715,232.8746,0.2166,0.0368,2.8861,33.9672,232.8635,0.1452,0.0961,2.5862,35.2859,234.0951,0.1508,0.0703
2016-01-29T01:22:59.061Z,2.5418,50.8353,232.9346,0.2183,0.0502,3.257,32.8404,232.6427,0.1417,0.1073,2.4331,34.4814,234.3118,0.1472,0.0728
2016-01-29T01:23:59.226Z,2.8863,50.5077,232.6499,0.217,0.0574,3.7877,34.8157,232.2136,0.1501,0.1107,2.2222,36.1576,234.0771,0.1542,0.0716
2016-01-29T01:24:59.543Z,2.6743,49.4023,232.1249,0.2129,0.0533,3.1355,34.3552,231.9691,0.148,0.0978,2.0325,35.1323,233.3009,0.1508,0.061
2016-01-29T01:25:59.851Z,1.9073,50.509,232.7642,0.217,0.0362,3.3724,34.2668,232.604,0.1475,0.1062,2.0384,36.4171,234.9914,0.1549,0.0595
2016-01-29T01:26:59.140Z,2.0003,51.0316,233.1099,0.2188,0.0378,3.359,35.2167,232.993,0.1511,0.103,1.8679,35.5094,235.2429,0.1508,0.0606
2016-01-29T01:27:59.417Z,1.8072,49.8186,233.0325,0.2138,0.0371,3.2515,35.204,232.9432,0.1514,0.0963,2.4522,35.1662,235.1692,0.1499,0.0715
2016-01-29T01:28:59.810Z,2.3344,51.418,233.3033,0.2202,0.0477,3.1151,34.7631,233.1163,0.1491,0.0997,2.4047,36.2853,235.3066,0.1542,0.0662
2016-01-29T01:29:59.067Z,2.4096,51.1646,233.7678,0.2181,0.0461,3.1334,34.6832,232.9454,0.1492,0.0951,2.2797,34.8131,235.7232,0.1468,0.0679
2016-01-29T01:30:59.330Z,2.0277,51.0492,233.5947,0.2188,0.0392,3.091,35.2413,233.3489,0.1511,0.0911,2.1396,36.8489,235.1835,0.1567,0.0619
2016-01-29T01:31:59.617Z,1.7307,50.496,233.4026,0.2162,0.0343,3.5447,34.9468,233.0597,0.1503,0.1004,1.645,35.6974,234.7048,0.1518,0.0492
2016-01-29T01:32:59.999Z,2.9853,50.0913,233.0684,0.2149,0.0603,3.1199,32.0442,232.3715,0.1378,0.1051,2.2719,36.5999,234.2524,0.1562,0.0651
2016-01-29T01:33:59.471Z,2.1978,49.4177,232.6619,0.2128,0.0433,3.3752,33.6189,232.3864,0.1448,0.1027,2.1627,34.8304,234.152,0.149,0.0643
2016-01-29T01:34:59.657Z,1.9932,51.1642,232.3285,0.2203,0.0376,2.6756,34.4604,231.9835,0.1489,0.0833,2.4407,35.2121,233.2082,0.1513,0.0712
2016-01-29T01:35:59.857Z,1.6726,50.2649,233.0216,0.2155,0.0327,3.4238,34.2334,232.3788,0.148,0.0992,1.6856,34.7827,233.9312,0.149,0.0613
2016-01-29T01:36:59.092Z,2.523,50.7804,233.6259,0.2172,0.0492,3.2941,33.8246,232.1729,0.1454,0.1002,2.2847,34.2723,234.4291,0.146,0.0671
2016-01-29T01:37:59.359Z,2.9479,50.942,233.8415,0.2176,0.0584,3.2777,33.4292,231.8873,0.1443,0.1037,1.5689,35.318,234.4684,0.1501,0.0491
2016-01-29T01:38:59.626Z,2.3302,50.1586,233.6099,0.215,0.0474,3.1468,32.0883,232.1178,0.1382,0.0949,1.8858,33.7314,234.738,0.1439,0.0577
2016-01-29T01:39:59.866Z,2.2653,51.654,233.4682,0.2213,0.0424,2.802,33.3371,232.1637,0.1433,0.0929,2.0026,34.9374,234.2749,0.1492,0.06
2016-01-29T01:40:59.111Z,2.2651,50.6281,233.7466,0.2166,0.0437,3.0866,34.7499,231.6717,0.1492,0.0941,2.8121,36.5657,234.5209,0.1558,0.0792
2016-01-29T01:41:59.384Z,2.0367,50.4878,234.0212,0.2159,0.04,2.8422,33.6615,232.0213,0.1453,0.0937,1.9322,34.3246,234.7414,0.146,0.0584
2016-01-29T01:42:59.615Z,2.9156,50.3366,233.588,0.2156,0.0554,3.3513,34.028,231.4974,0.1474,0.1015,2.0826,35.6502,233.9978,0.1526,0.0646
2016-01-29T01:43:59.999Z,2.6559,50.6826,233.1803,0.2175,0.0527,3.1833,34.1252,231.111,0.1478,0.0991,2.1832,35.1218,233.7171,0.1505,0.065
2016-01-29T01:44:59.147Z,1.9823,50.7012,233.698,0.217,0.04,3.3189,32.844,229.7502,0.1429,0.1049,1.8458,33.4053,232.9524,0.1429,0.0607
2016-01-29T01:45:59.480Z,1.8482,51.1933,234.1358,0.2185,0.0371,3.6359,32.7092,231.0843,0.1414,0.1137,1.7675,36.3349,234.1926,0.1551,0.0511
2016-01-29T01:46:59.741Z,2.3965,50.5435,234.0324,0.2159,0.0469,3.5307,35.3729,232.1136,0.1526,0.0997,2.6831,35.2015,234.6291,0.1497,0.0824
2016-01-29T01:47:59.076Z,3.5772,49.5412,234.4304,0.2112,0.0711,3.1404,33.8157,232.0612,0.1456,0.0954,2.5318,35.8151,234.7374,0.1521,0.0691
2016-01-29T01:48:59.488Z,3.907,50.5335,234.5393,0.2149,0.0776,2.9239,34.7177,233.19,0.1486,0.0886,2.4189,37.0317,234.9235,0.1576,0.0632
2016-01-29T01:49:59.649Z,4.1577,50.8367,234.2758,0.2175,0.0827,3.3,34.6368,233.9453,0.1484,0.0955,2.4249,35.1995,234.4169,0.1507,0.0686
2016-01-29T01:50:59.837Z,4.5634,50.8542,234.5465,0.2169,0.0914,3.0879,33.5233,234.1035,0.1429,0.0912,2.4321,35.688,234.4225,0.1522,0.0599
2016-01-29T01:51:59.045Z,4.7107,51.2974,234.0934,0.2192,0.0923,2.9657,34.3232,233.9058,0.1469,0.0883,2.2606,33.5824,234.408,0.1441,0.0689
2016-01-29T01:52:59.502Z,3.269,50.9107,233.7409,0.2178,0.0637,3.216,35.2497,233.1426,0.1512,0.0941,1.6724,33.3855,233.6358,0.1428,0.0582
2016-01-29T01:53:59.700Z,3.8199,49.7767,233.4674,0.2133,0.0768,2.7899,31.9832,232.4907,0.1379,0.0891,2.2676,33.9609,233.707,0.1458,0.0677
2016-01-29T01:54:59.126Z,4.7014,51.2868,233.8104,0.2196,0.092,2.813,34.6101,231.695,0.1497,0.0827,1.963,33.0488,232.918,0.1418,0.0646
2016-01-29T01:55:59.344Z,4.9544,50.4425,233.7023,0.2152,0.0982,2.8962,32.9938,232.8797,0.1411,0.0874,2.0924,34.8868,233.6223,0.1493,0.0605
2016-01-29T01:56:59.611Z,4.8033,51.5066,233.4719,0.2208,0.0942,2.6649,35.0897,232.89,0.1509,0.0781,2.3748,35.303,234.1031,0.1512,0.0671
2016-01-29T01:57:59.863Z,4.3163,50.3479,234.2939,0.2154,0.0854,2.9007,33.5847,230.3483,0.1458,0.0841,1.748,35.8322,235.072,0.1527,0.0548
2016-01-29T01:58:59.130Z,3.6811,51.1679,234.1121,0.2187,0.0702,2.5713,33.837,233.1751,0.1452,0.0833,1.43,35.8594,234.2457,0.1532,0.0449
2016-01-29T01:59:59.454Z,2.1037,50.8938,233.7095,0.2177,0.0409,3.7199,35.0908,233.2957,0.1505,0.1095,1.9791,34.9164,234.0465,0.1489,0.0607
