2016-02-06T00:00:59.825Z,1.9432,47.4178,230.1899,0.2058,0.0424,3.1425,34.5917,232.0159,0.1488,0.0928,2.309,34.7323,232.0884,0.1496,0.0752
2016-02-06T00:01:59.404Z,2.424,49.2199,230.3844,0.2133,0.0488,3.3817,34.4477,232.4398,0.1481,0.1009,2.7173,34.6713,232.2548,0.1492,0.0806
2016-02-06T00:02:59.759Z,2.1022,49.0538,230.1873,0.2126,0.0426,2.9684,33.7959,232.3337,0.1451,0.0953,2.7976,35.6221,231.9367,0.1538,0.0805
2016-02-06T00:03:59.809Z,2.6468,49.3258,230.0057,0.2142,0.0538,3.1263,33.2796,232.1116,0.1429,0.106,2.8545,35.2079,231.9305,0.1518,0.0854
2016-02-06T00:04:59.979Z,1.6265,49.9953,230.4286,0.2167,0.0318,3.2453,33.7904,231.9556,0.1456,0.0997,2.4898,33.1575,232.1135,0.1426,0.078
2016-02-06T00:05:59.178Z,1.7231,50.0649,230.2026,0.2172,0.0344,2.9492,32.826,231.8909,0.141,0.0977,2.587,32.6994,231.831,0.1408,0.0804
2016-02-06T00:06:59.865Z,2.9528,48.7796,230.3266,0.2112,0.0617,3.4811,30.7758,231.6683,0.1327,0.1158,2.7447,34.4026,231.7459,0.1487,0.08
2016-02-06T00:07:59.108Z,2.0839,49.4593,229.2897,0.2157,0.0439,3.6759,34.0956,233.1703,0.1461,0.1061,2.2932,35.625,231.5228,0.1536,0.0702
2016-02-06T00:08:59.381Z,2.5054,49.5022,228.957,0.2156,0.0485,3.0296,34.528,233.3551,0.1479,0.0962,2.8831,34.2471,231.2968,0.1481,0.0916
2016-02-06T00:09:59.997Z,1.9436,49.672,229.4777,0.2165,0.0391,3.4727,33.3599,233.3284,0.1429,0.109,1.948,33.6162,231.7314,0.1455,0.0655
2016-02-06T00:10:59.395Z,2.7814,49.2192,230.3653,0.2139,0.0566,3.4094,34.189,233.8448,0.1463,0.1016,2.6597,35.5101,232.9364,0.1522,0.0799
2016-02-06T00:11:59.895Z,2.699,48.9493,230.5248,0.2128,0.0545,3.0826,37.231,233.974,0.1593,0.0877,2.5226,34.83,232.9128,0.1493,0.0766
2016-02-06T00:12:59.982Z,2.6193,49.8734,230.3934,0.216,0.0524,3.1748,34.9122,233.3363,0.1503,0.0979,2.3736,34.8688,232.9174,0.1497,0.0716
2016-02-06T00:13:59.276Z,2.2733,50.4811,230.5728,0.2189,0.0452,3.2084,35.0142,233.64,0.1493,0.0982,2.9171,34.8053,233.1587,0.1492,0.0862
2016-02-06T00:14:59.631Z,2.0612,49.2184,230.3721,0.2137,0.0429,3.5741,34.078,233.4341,0.1463,0.1132,2.2749,36.399,233.0605,0.1564,0.0741
2016-02-06T00:15:59.809Z,2.11,49.5453,231.1619,0.2142,0.0422,2.9268,34.5087,232.4486,0.1484,0.0933,2.6348,35.7129,231.5381,0.1543,0.0787
2016-02-06T00:16:59.066Z,1.8363,50.1973,231.2291,0.2173,0.036,3.4856,32.9903,232.4526,0.1419,0.1116,3.0458,35.3773,231.7944,0.1522,0.0886
2016-02-06T00:17:59.915Z,2.1934,49.7908,231.0803,0.2161,0.0429,2.9783,33.9987,232.239,0.1463,0.0964,2.5782,36.1647,232.4925,0.1555,0.0746
2016-02-06T00:18:59.232Z,2.8637,49.8438,231.463,0.2153,0.0578,3.7363,35.4753,232.2093,0.1531,0.1106,2.5941,34.0419,232.5699,0.1466,0.0806
2016-02-06T00:19:59.714Z,2.8097,49.9014,232.9199,0.2141,0.0566,3.3837,34.3988,232.707,0.1479,0.0997,3.0771,35.6787,232.7466,0.1537,0.0885
2016-02-06T00:20:59.695Z,2.3949,50.4969,233.1768,0.2162,0.0484,3.8968,34.4581,232.9521,0.1477,0.117,2.0778,35.3887,233.2808,0.1519,0.0643
2016-02-06T00:21:59.467Z,2.276,50.5373,232.6818,0.2176,0.0446,3.4786,35.5843,232.9144,0.1524,0.1009,3.062,34.9953,232.7337,0.1502,0.0908
2016-02-06T00:22:59.788Z,2.2232,50.5003,232.8924,0.2167,0.0423,3.5088,34.9604,232.9179,0.1499,0.1023,2.6671,34.4832,232.8678,0.1482,0.0793
2016-02-06T00:23:59.123Z,1.8212,50.4841,232.7528,0.2172,0.0367,3.4312,33.2922,232.9663,0.1437,0.1074,3.0664,34.8994,232.8971,0.1496,0.0879
2016-02-06T00:24:59.582Z,2.2325,50.8062,232.6768,0.2182,0.0444,2.9013,35.4078,232.3511,0.1522,0.0947,3.03,35.5076,232.46,0.1527,0.0887
2016-02-06T00:25:59.837Z,2.2933,49.5112,231.5904,0.2138,0.0489,3.5071,34.798,231.3538,0.1503,0.1036,2.7566,34.7585,232.0978,0.1495,0.0841
2016-02-06T00:26:59.323Z,2.5608,49.7754,231.8787,0.2148,0.051,3.8007,34.5412,231.2927,0.1493,0.11,2.7324,35.2218,232.2109,0.1513,0.0819
2016-02-06T00:27:59.803Z,2.2041,49.864,230.9257,0.2161,0.0438,3.3171,37.6278,230.768,0.1634,0.0962,2.2855,35.1693,232.6953,0.1512,0.0667
2016-02-06T00:28:59.177Z,2.0122,49.587,230.7602,0.2147,0.0387,3.3811,32.8874,230.484,0.143,0.1122,2.6136,34.0289,232.4691,0.1459,0.0812
2016-02-06T00:29:59.002Z,2.3133,49.7522,231.9524,0.2141,0.0466,3.3154,35.4059,231.6123,0.1533,0.1022,2.466,35.7646,232.678,0.1536,0.0678
2016-02-06T00:30:59.409Z,2.1904,49.8808,232.4118,0.2147,0.0439,2.8863,34.6738,230.8461,0.1503,0.0888,2.4313,34.2216,233.2311,0.1464,0.0812
2016-02-06T00:31:59.686Z,2.2021,50.2978,232.0503,0.2164,0.0434,2.9786,32.3912,229.8198,0.141,0.1032,2.4266,35.5191,233.2413,0.1524,0.0721
2016-02-06T00:32:59.000Z,2.1197,49.5571,231.7423,0.2136,0.0432,3.354,36.7193,232.5191,0.1577,0.0982,2.6712,35.573,233.3524,0.1529,0.0799
2016-02-06T00:33:59.297Z,2.6034,49.7532,231.683,0.2151,0.0532,3.0053,32.7637,232.6099,0.141,0.1007,2.23,36.9588,233.6526,0.1585,0.0656
2016-02-06T00:34:59.802Z,3.1142,49.2592,232.213,0.2116,0.0632,3.2086,34.154,232.3049,0.1467,0.1029,2.8093,34.3182,233.4987,0.1473,0.0833
2016-02-06T00:35:59.037Z,1.7943,50.9531,231.8237,0.2198,0.0346,3.4824,35.6122,232.0759,0.1536,0.1071,2.5787,35.4638,233.3724,0.152,0.0728
2016-02-06T00:36:59.853Z,2.2304,49.6305,230.7745,0.2154,0.0455,2.9941,33.2821,232.0808,0.1437,0.0947,2.8517,35.7932,233.326,0.1535,0.0864
2016-02-06T00:37:59.456Z,2.9202,50.061,231.2336,0.2164,0.0579,3.4299,35.4008,230.4248,0.1534,0.1024,2.202,32.7548,232.4988,0.1409,0.0722
2016-02-06T00:38:59.913Z,3.3301,50.763,231.073,0.2195,0.0663,3.4009,36.7853,230.3366,0.1597,0.0985,3.2604,34.3003,232.7113,0.1475,0.093
2016-02-06T00:39:59.302Z,1.7741,50.1248,230.1136,0.2181,0.0367,3.1704,34.7661,231.465,0.1502,0.0944,2.6332,34.071,233.028,0.1462,0.0806
2016-02-06T00:40:59.877Z,2.113,50.1652,229.8072,0.2179,0.042,3.3317,34.4919,232.35,0.1484,0.0993,2.4364,34.6482,232.9707,0.1484,0.0713
2016-02-06T00:41:59.468Z,2.38,50.2375,230.1236,0.2184,0.0463,3.1859,33.2953,232.9389,0.143,0.0979,2.5711,34.9691,233.4153,0.15,0.0784
2016-02-06T00:43:59.448Z,2.4585,49.9132,230.5222,0.2168,0.0493,3.3069,34.2085,232.9195,0.1473,0.1037,3.0085,34.5173,232.9913,0.1482,0.086
2016-02-06T00:44:59.917Z,2.3323,50.2538,230.7776,0.218,0.0465,3.2692,33.8893,232.9109,0.1455,0.1052,2.9349,34.6704,232.9399,0.1488,0.0891
2016-02-06T00:45:59.253Z,3.1687,48.589,230.8851,0.2109,0.0664,3.2646,36.2807,232.7646,0.1558,0.0972,2.7011,34.6816,232.7003,0.149,0.0872
2016-02-06T00:46:59.729Z,2.6355,50.1587,230.32,0.2182,0.0522,3.4508,36.1,232.0096,0.1557,0.1011,2.5422,35.2218,232.116,0.1517,0.0774
2016-02-06T00:47:59.926Z,2.1891,49.774,230.6242,0.2156,0.0455,2.8042,32.71,232.292,0.1415,0.0911,2.9287,36.2853,232.0576,0.1566,0.083
2016-02-06T00:48:59.287Z,2.1341,49.4393,230.8518,0.2144,0.0438,3.3183,34.5062,231.4488,0.149,0.0998,2.7974,34.572,231.0487,0.1497,0.0891
2016-02-06T00:49:59.512Z,2.5471,48.6427,230.6612,0.2107,0.0538,2.9497,30.8787,231.9132,0.1333,0.1029,2.8019,35.4876,231.82,0.1524,0.0795
2016-02-06T00:50:59.280Z,2.8489,48.946,231.056,0.2119,0.0587,2.7288,36.5608,233.192,0.1569,0.0827,2.8032,35.6292,232.5348,0.153,0.0859
2016-02-06T00:51:59.568Z,2.058,49.0634,231.0552,0.2121,0.0411,2.9931,32.2273,230.659,0.1398,0.1011,3.0344,34.3049,233.2604,0.1469,0.0891
2016-02-06T00:52:59.278Z,2.5034,50.355,230.9314,0.2179,0.0502,3.3577,34.3617,229.7353,0.1493,0.1054,2.8692,34.5151,232.5636,0.1482,0.0872
2016-02-06T00:53:59.635Z,2.6109,49.1537,231.2438,0.2129,0.0517,2.6411,33.8166,231.7032,0.1458,0.0811,2.4626,34.9515,232.5995,0.1502,0.0764
2016-02-06T00:54:59.834Z,2.1055,48.9901,230.7897,0.212,0.0441,3.2146,34.7276,232.6329,0.1495,0.1064,2.5003,34.5588,232.6524,0.1487,0.0752
2016-02-06T00:55:59.113Z,2.1463,50.0159,231.2346,0.2163,0.0429,3.0806,35.1826,232.5221,0.1507,0.0913,3.1136,36.4687,232.7829,0.1564,0.0888
2016-02-06T00:56:59.545Z,2.4992,49.8053,230.4322,0.2167,0.0498,3.0371,35.1274,231.7879,0.1515,0.0964,2.416,34.7197,231.9049,0.1491,0.0725
2016-02-06T00:57:59.854Z,2.3192,49.8898,230.2375,0.2168,0.0465,3.1953,34.12,231.7297,0.1471,0.1026,2.217,34.4707,232.1309,0.1482,0.0687
2016-02-06T00:58:59.363Z,2.0262,49.5918,228.5736,0.2169,0.0412,3.4989,35.0564,232.4836,0.1511,0.0993,2.4096,35.2033,231.4073,0.1518,0.0791
2016-02-06T00:59:59.705Z,1.674,49.2214,228.454,0.2154,0.0342,3.2397,33.8388,232.6858,0.1454,0.1027,2.622,34.8437,232.611,0.1498,0.0805
2016-02-06T01:00:59.104Z,3.042,48.8353,229.451,0.2133,0.0647,3.3999,33.9756,232.7958,0.146,0.1051,2.8858,36.4907,233.4199,0.1562,0.0819
2016-02-06T01:01:59.467Z,2.7638,47.9164,229.1791,0.2088,0.0573,3.3828,33.9709,233.0443,0.1458,0.1057,2.4558,36.8157,233.5042,0.1579,0.0748
2016-02-06T01:02:59.447Z,2.0736,49.5601,229.1236,0.2159,0.0427,2.9397,34.1399,233.0126,0.1465,0.098,2.9231,34.5998,233.4723,0.1484,0.0838
2016-02-06T01:03:59.768Z,2.0576,49.173,228.9809,0.2146,0.0427,3.6742,36.518,233.7419,0.1562,0.1077,2.0812,36.447,232.9932,0.1567,0.0597
2016-02-06T01:04:59.424Z,2.8276,49.6431,228.8669,0.2173,0.0566,3.1121,34.5804,234.1284,0.1478,0.0957,2.5266,34.4316,233.2738,0.1483,0.0743
2016-02-06T01:05:59.636Z,1.8323,49.3179,228.415,0.2153,0.0385,3.1483,32.6658,233.8938,0.1401,0.1071,2.0709,31.2036,233.1809,0.1339,0.0672
2016-02-06T01:06:59.746Z,1.508,49.5054,227.9381,0.217,0.0297,3.8858,30.8201,233.1535,0.1322,0.1279,2.2077,31.2781,232.6814,0.1346,0.0713
2016-02-06T01:07:59.056Z,2.1824,49.4283,227.7628,0.2168,0.0441,3.3308,32.9209,232.9967,0.1412,0.1051,2.9292,34.988,232.172,0.1509,0.0851
2016-02-06T01:08:59.981Z,2.105,49.0617,227.547,0.2158,0.0416,3.22,34.2635,233.2649,0.1475,0.097,1.9839,32.5911,231.6021,0.1408,0.0679
2016-02-06T01:09:59.331Z,310.1908,507.2526,227.5233,2.2354,0.2745,369.7516,566.0198,232.8891,2.4373,0.3054,605.8387,873.0412,231.1181,3.7875,0.6222
2016-02-06T01:10:59.694Z,998.4639,1395.002,226.791,6.151,0.7154,1148.7664,1572.3924,230.8036,6.8131,0.7297,1562.8531,2199.1852,230.1231,9.5564,0.7102
2016-02-06T01:11:59.952Z,1044.768,1452.2698,226.6198,6.4084,0.7201,1192.7272,1581.4234,228.9439,6.9072,0.7542,1658.6442,2266.1212,230.6661,9.8239,0.7312
2016-02-06T01:12:59.652Z,1046.4274,1420.5355,225.8479,6.2896,0.7363,1222.9607,1638.2262,231.6371,7.0721,0.7469,1598.7337,2232.4036,230.0288,9.7044,0.7157
2016-02-06T01:13:59.265Z,1079.4709,1466.6767,227.2887,6.4526,0.7361,1219.2193,1642.3125,231.2403,7.1019,0.7425,1628.0118,2237.0796,229.9708,9.7281,0.7275
2016-02-06T01:14:59.670Z,1126.7286,1543.3254,230.3909,6.6983,0.73,1176.9084,1623.7367,229.7508,7.0673,0.7248,1650.86,2218.9001,229.8088,9.6552,0.7438
2016-02-06T01:15:59.195Z,1138.7215,1560.7407,230.6012,6.7675,0.7298,1187.3385,1637.7419,230.1915,7.1145,0.7247,1663.1679,2232.2111,230.3801,9.6893,0.7457
2016-02-06T01:16:59.468Z,1146.8069,1562.8626,230.534,6.7789,0.7336,1198.0408,1644.8652,229.9452,7.1531,0.7281,1665.8971,2230.758,230.1078,9.6938,0.7473
2016-02-06T01:17:59.150Z,1151.3138,1555.3984,230.0498,6.7612,0.7403,1218.8252,1657.9236,230.0665,7.2065,0.7351,1670.7127,2233.7539,229.5518,9.7307,0.7489
2016-02-06T01:18:59.580Z,1193.8666,1571.9806,230.1402,6.8302,0.7598,1222.8993,1674.7563,229.4887,7.2976,0.7303,1650.2094,2181.3861,227.1214,9.6041,0.7567
2016-02-06T01:19:59.793Z,1164.0612,1560.4371,229.7278,6.7924,0.7458,1209.3019,1651.29,229.6964,7.1887,0.7324,1656.3689,2201.77,228.6304,9.6298,0.7521
2016-02-06T01:20:59.058Z,1155.6597,1582.3892,230.78,6.857,0.7303,1196.2383,1647.6237,230.4072,7.151,0.7262,1674.1602,2235.1288,231.0255,9.6747,0.7491
2016-02-06T01:21:59.470Z,1083.9796,1526.6347,231.2292,6.6021,0.7096,1124.6746,1591.6787,230.5619,6.9032,0.7066,1600.006,2175.0069,231.5981,9.3912,0.7359
2016-02-06T01:22:59.605Z,1063.254,1501.9874,231.0633,6.5003,0.7077,1129.7972,1586.9294,230.7103,6.8786,0.712,1595.9667,2177.8261,231.4271,9.4101,0.7322
2016-02-06T01:23:59.845Z,1064.3331,1498.9158,231.0644,6.4871,0.7094,1130.1444,1584.2643,230.3571,6.8772,0.7141,1591.7011,2167.5326,230.9564,9.3847,0.734
2016-02-06T01:24:59.653Z,1066.7019,1488.2664,230.4488,6.4585,0.7169,1154.0036,1598.9682,230.6396,6.9325,0.7216,1596.7331,2176.3311,230.8013,9.429,0.7331
2016-02-06T01:25:59.093Z,1074.0192,1491.6345,230.0342,6.4842,0.7201,1160.4328,1598.8175,230.1479,6.9469,0.7258,1603.8921,2178.61,230.858,9.4361,0.7363
2016-02-06T01:26:59.752Z,1101.0777,1516.6333,231.0061,6.5651,0.7258,1160.1302,1612.0029,230.062,7.0071,0.7203,1603.2754,2163.9484,230.3722,9.3933,0.7419
2016-02-06T01:27:59.211Z,1116.1642,1525.3825,230.8201,6.6085,0.7319,1171.0934,1620.6461,229.8478,7.051,0.7222,1612.6203,2168.6353,230.2942,9.4167,0.7436
2016-02-06T01:28:59.398Z,1108.8631,1524.9763,230.3774,6.6194,0.7272,1175.5152,1610.6987,229.5193,7.0173,0.7302,1635.63,2191.4697,230.89,9.4916,0.747
2016-02-06T01:29:59.655Z,1135.0386,1539.8141,230.6472,6.6762,0.7374,1185.0944,1626.9303,229.373,7.0932,0.7287,1634.469,2176.5233,229.88,9.4674,0.7506
2016-02-06T01:31:59.383Z,1163.4071,1560.2752,231.2184,6.7478,0.7452,1198.442,1659.2778,229.9845,7.215,0.7224,1624.2053,2162.9393,229.438,9.427,0.7501
2016-02-06T01:32:59.696Z,1182.1244,1574.1213,231.0671,6.8122,0.7507,1200.942,1661.0202,229.5769,7.2351,0.7232,1631.3116,2158.9524,229.1074,9.4231,0.756
2016-02-06T01:33:59.062Z,1194.9051,1585.3865,230.8625,6.8671,0.754,1223.6429,1675.0372,229.6522,7.2936,0.7307,1655.6104,2182.6742,229.1692,9.524,0.7593
2016-02-06T01:34:59.875Z,1186.7763,1582.0623,230.9677,6.8495,0.7501,1218.537,1666.1391,229.6586,7.2543,0.7314,1657.7112,2185.7933,229.2692,9.534,0.7589
2016-02-06T01:35:59.252Z,1184.7223,1569.9555,229.4943,6.8408,0.7548,1260.2035,1680.0165,229.9165,7.3074,0.7499,1695.2238,2231.5468,229.0797,9.7415,0.7602
2016-02-06T01:36:59.907Z,1177.8796,1563.0177,229.9502,6.7968,0.7536,1255.9463,1680.8954,229.9318,7.3097,0.7475,1683.0553,2221.8905,229.0212,9.702,0.7581
2016-02-06T01:37:59.198Z,909.7347,1204.161,230.3604,5.234,0.5887,955.2998,1275.7807,230.0388,5.5549,0.5815,1294.1265,1693.1702,229.3616,7.4028,0.7865
2016-02-06T01:38:59.611Z,178.4788,331.0786,231.0466,1.437,0.1992,213.9597,395.1345,230.9014,1.7188,0.2253,296.9356,467.9688,230.8402,2.033,0.7862
2016-02-06T01:40:59.917Z,239.433,372.3007,231.5696,1.616,0.2189,254.74,382.4256,231.2563,1.6656,0.2417,514.0918,684.2266,230.8235,2.9793,0.821
2016-02-06T01:41:59.312Z,1253.372,1626.7241,229.7715,7.0797,0.7703,1321.7999,1750.8264,229.9082,7.6153,0.7547,1737.159,2271.2499,228.5161,9.9391,0.7643
2016-02-06T01:42:59.598Z,1287.2408,1659.8399,229.8682,7.221,0.7754,1342.8654,1773.71,229.9033,7.7152,0.7573,1759.9099,2284.708,228.3725,10.0049,0.7704
2016-02-06T01:43:59.233Z,1232.1993,1612.3896,230.4828,6.9952,0.7635,1278.7762,1722.1506,230.3281,7.477,0.742,1695.6794,2224.8585,228.4072,9.7404,0.7624
2016-02-06T01:44:59.031Z,1191.5543,1577.979,230.4306,6.8477,0.7553,1247.2206,1690.8914,230.3164,7.3416,0.7371,1667.8354,2205.0224,228.9642,9.6299,0.7569
2016-02-06T01:45:59.396Z,1214.2297,1597.4788,230.156,6.9403,0.76,1274.8423,1712.1374,229.9816,7.4443,0.7442,1695.1569,2229.9888,228.8723,9.7433,0.76
2016-02-06T01:46:59.615Z,1206.3504,1590.7118,230.2119,6.9099,0.7583,1287.6442,1717.6864,230.114,7.4642,0.7493,1703.8709,2246.5387,229.0382,9.8092,0.7579
2016-02-06T01:47:59.981Z,1198.9168,1588.0952,230.6291,6.8862,0.7548,1252.627,1687.6553,229.4537,7.355,0.742,1685.924,2215.5102,228.7752,9.684,0.7609
2016-02-06T01:48:59.287Z,1211.9543,1604.9831,231.033,6.9467,0.7558,1230.551,1674.041,229.1592,7.305,0.7356,1679.498,2193.2506,228.2926,9.6076,0.7653
2016-02-06T01:49:59.606Z,1210.5419,1635.0911,232.0048,7.0474,0.74,1215.2722,1655.7596,228.8212,7.2353,0.7338,1714.519,2228.99,230.0438,9.6889,0.7684
2016-02-06T01:50:59.919Z,1194.6287,1627.2504,231.7687,7.0208,0.7339,1234.864,1671.2308,230.1989,7.26,0.7388,1727.8383,2268.6406,231.3276,9.8069,0.761
2016-02-06T01:51:59.032Z,1196.3488,1653.8749,231.9248,7.1307,0.7234,1212.6057,1621.7371,227.8425,7.1176,0.7478,1782.5836,2298.5946,231.9658,9.9085,0.7748
2016-02-06T01:52:59.318Z,1213.1261,1657.0196,231.8048,7.1482,0.7321,1235.861,1654.893,228.772,7.2329,0.7467,1775.5494,2297.0719,231.8062,9.9094,0.7735
2016-02-06T01:53:59.081Z,1214.864,1648.8456,231.7683,7.1143,0.7373,1252.9927,1678.8902,230.0547,7.2978,0.7465,1763.3183,2298.6651,231.7149,9.92,0.7689
2016-02-06T01:54:59.120Z,278.7853,416.1041,233.2791,1.7925,0.2177,282.4258,403.5201,231.6212,1.7505,0.2509,509.7595,652.9064,233.8602,2.809,0.6221
2016-02-06T01:55:59.340Z,5.0097,50.8768,233.7768,0.2171,0.1004,3.2098,33.3221,232.2771,0.1436,0.0993,1.5593,35.087,234.9692,0.1488,0.0499
2016-02-06T01:56:59.226Z,3.7593,50.0233,233.3397,0.2146,0.0763,2.7485,34.0632,232.274,0.147,0.0851,2.1976,36.679,235.0197,0.1564,0.061
2016-02-06T01:57:59.445Z,4.0051,50.0714,232.854,0.2151,0.079,2.5043,31.0247,231.3216,0.1343,0.0875,1.9087,34.1732,234.3058,0.1463,0.0595
2016-02-06T01:58:59.886Z,4.8703,50.7588,232.4818,0.2184,0.0965,2.8197,32.4551,231.9797,0.1396,0.0853,2.216,36.4696,234.4017,0.1563,0.0576
2016-02-06T01:59:59.186Z,4.9986,50.4946,232.6868,0.2167,0.099,3.2332,37.1021,232.703,0.1599,0.0889,1.8092,35.9867,234.3269,0.1538,0.055
