2016-02-23T00:00:59.975Z,4.4174,48.4513,231.6204,0.2092,0.0885,2.6437,33.7409,233.5179,0.1449,0.0845,1.8334,36.3416,235.0589,0.1543,0.0467
2016-02-23T00:01:59.397Z,5.4488,49.3242,230.8654,0.2142,0.1103,3.2222,34.2139,232.0484,0.1476,0.0978,2.445,35.5162,234.3653,0.1519,0.0702
2016-02-23T00:02:59.631Z,4.3778,49.3389,230.6416,0.2131,0.0913,2.3084,33.2585,232.1058,0.1432,0.0738,2.0405,35.7854,234.0793,0.153,0.0577
2016-02-23T00:03:59.343Z,5.1751,49.6221,229.876,0.2159,0.1033,1.9543,32.4082,232.4067,0.1397,0.0696,2.1021,34.5093,232.868,0.1483,0.0654
2016-02-23T00:04:59.166Z,4.3437,48.7316,229.4769,0.2123,0.0896,3.1935,35.1527,232.3156,0.1516,0.0895,2.5279,34.9056,232.2898,0.1508,0.0746
2016-02-23T00:05:59.604Z,4.5324,48.463,229.948,0.2104,0.0931,2.5623,34.5576,232.2759,0.1486,0.0802,1.9816,34.1465,232.3902,0.1468,0.0632
2016-02-23T00:06:59.951Z,4.1704,51.0346,231.1211,0.221,0.0805,3.0201,33.3085,231.3553,0.1442,0.0887,1.7877,34.7111,232.1982,0.1495,0.0572
2016-02-23T00:07:59.272Z,4.9308,49.833,230.9209,0.2161,0.0997,2.7279,33.9223,230.9793,0.1467,0.0836,2.2774,33.8036,231.9974,0.1452,0.068
2016-02-23T00:08:59.687Z,4.2104,50.4092,231.4169,0.2177,0.0857,3.368,36.1407,232.0307,0.1552,0.0949,1.9511,33.8402,232.4689,0.1451,0.0543
2016-02-23T00:09:59.071Z,4.6332,51.0964,231.6447,0.2208,0.0892,3.0787,35.8832,232.3341,0.1546,0.0954,2.7148,35.1246,233.2279,0.1503,0.0766
2016-02-23T00:10:59.316Z,4.5865,50.0718,231.4071,0.2162,0.0889,2.7409,33.4878,232.1338,0.1436,0.0885,1.9916,36.0066,233.1421,0.1542,0.0591
2016-02-23T00:11:59.966Z,4.1078,49.7602,231.6122,0.2155,0.0838,2.441,34.4707,232.1054,0.1485,0.0758,2.049,34.7071,233.2777,0.1486,0.0631
2016-02-23T00:12:59.517Z,3.8454,51.4286,232.1655,0.2213,0.0727,3.0699,35.9773,232.1973,0.1545,0.0862,2.2023,33.794,233.0842,0.1448,0.0674
2016-02-23T00:13:59.140Z,4.405,49.1522,232.3286,0.2119,0.0892,3.0677,34.9997,232.4143,0.1509,0.0899,1.9657,34.452,232.9104,0.1474,0.0646
2016-02-23T00:14:59.538Z,4.6397,51.0544,232.2923,0.2196,0.0905,2.6154,33.3948,232.1413,0.1442,0.0846,2.3007,34.7845,232.5613,0.1497,0.0665
2016-02-23T00:15:59.908Z,4.7027,50.7427,232.2962,0.2183,0.0923,3.0173,34.3517,232.0198,0.1479,0.0918,2.0055,35.7127,232.4846,0.1534,0.0585
2016-02-23T00:16:59.252Z,4.2124,49.2027,231.6074,0.213,0.0851,2.5853,34.8758,231.372,0.1506,0.0748,1.895,35.2281,231.8078,0.1521,0.059
2016-02-23T00:17:59.802Z,4.0296,50.6805,231.9141,0.219,0.0812,2.9045,34.7718,230.9245,0.1507,0.0865,2.0955,34.2707,231.8937,0.1482,0.062
2016-02-23T00:18:59.236Z,4.3899,51.255,231.7682,0.2211,0.0844,2.6494,34.5601,231.7833,0.1487,0.0823,2.0506,35.9659,232.7187,0.155,0.0638
2016-02-23T00:19:59.450Z,4.6999,50.4727,231.9571,0.2174,0.0911,2.5919,33.2696,231.5492,0.1431,0.0838,2.2413,33.4944,233.4981,0.1434,0.0658
2016-02-23T00:20:59.597Z,4.6263,50.4377,231.2871,0.2177,0.0913,2.6219,29.8288,231.0444,0.1292,0.0911,2.0121,30.7904,232.8059,0.132,0.0646
2016-02-23T00:21:59.957Z,3.5905,49.1052,231.3075,0.2125,0.0734,2.6867,32.3443,231.2188,0.1401,0.083,2.1195,33.8295,232.8205,0.1454,0.0636
2016-02-23T00:22:59.298Z,4.4003,50.6063,231.7431,0.2176,0.0847,3.0328,33.0263,231.1754,0.1433,0.0921,1.9851,35.2364,232.8753,0.151,0.0594
2016-02-23T00:23:59.564Z,4.1967,50.6036,231.5516,0.2185,0.0828,2.6425,33.0101,230.9077,0.1429,0.082,1.8934,36.1901,232.7205,0.1553,0.0568
2016-02-23T00:24:59.338Z,4.0861,49.4641,231.6501,0.2136,0.0803,2.7621,33.4356,231.1486,0.1453,0.085,1.9551,36.1171,232.9733,0.1551,0.0573
2016-02-23T00:25:59.955Z,3.6678,50.5873,231.5703,0.2188,0.0714,3.4665,35.9324,230.6227,0.1558,0.099,2.1495,34.4295,232.5014,0.1485,0.0654
2016-02-23T00:26:59.553Z,3.6908,49.8216,231.6972,0.2144,0.0723,3.2068,35.5242,230.5104,0.1544,0.0903,2.0866,34.3944,232.3326,0.1483,0.0624
2016-02-23T00:27:59.874Z,4.2675,50.5002,231.546,0.2182,0.0871,3.01,33.6584,230.8684,0.1453,0.0854,2.0815,33.6726,232.6298,0.1451,0.0655
2016-02-23T00:28:59.204Z,4.2392,50.3816,231.9523,0.217,0.0847,3.4252,33.9794,231.0786,0.1474,0.106,2.1427,36.7471,232.7279,0.1576,0.059
2016-02-23T00:29:59.515Z,4.2534,50.5253,231.8751,0.2175,0.0831,2.8823,35.9941,231.3178,0.1558,0.0801,2.0574,35.2949,233.0892,0.1515,0.0634
2016-02-23T00:30:59.107Z,4.5078,49.883,231.5341,0.2156,0.0896,2.8009,33.3297,230.5021,0.1443,0.0819,2.1682,34.9274,232.7009,0.1501,0.066
2016-02-23T00:31:59.423Z,4.7535,50.2611,232.0313,0.2166,0.0949,3.184,34.5539,230.9493,0.1499,0.0986,2.3078,35.5157,233.1371,0.1526,0.0677
2016-02-23T00:32:59.705Z,4.1533,50.8705,231.6949,0.2192,0.0804,2.451,32.3927,230.8115,0.1402,0.0804,1.6543,35.7436,233.0351,0.1541,0.0497
2016-02-23T00:33:59.253Z,3.7692,49.5512,231.803,0.2138,0.077,3.1493,31.5916,230.7681,0.136,0.1046,2.1303,33.2588,233.106,0.1423,0.0679
2016-02-23T00:34:59.628Z,3.6225,50.4157,231.7157,0.2174,0.0692,3.0063,35.3426,230.6255,0.1532,0.0861,2.0032,34.0249,232.9479,0.1454,0.0607
2016-02-23T00:35:59.290Z,3.7674,50.6024,231.4434,0.2186,0.0726,2.7942,31.489,230.4407,0.1366,0.0927,2.053,34.9396,232.8121,0.1506,0.0566
2016-02-23T00:36:59.630Z,5.2587,50.3067,231.6762,0.2178,0.1038,2.7189,34.3254,230.6215,0.1487,0.0868,1.6012,33.3702,233.4153,0.1429,0.0485
2016-02-23T00:37:59.125Z,4.2886,50.6668,230.7907,0.2194,0.0831,2.8481,35.7878,229.8613,0.1553,0.0857,2.0968,35.0611,232.6222,0.1502,0.061
2016-02-23T00:38:59.975Z,4.2927,49.394,231.0617,0.214,0.0878,3.0505,33.0113,230.2037,0.1434,0.0992,1.9592,34.9771,232.9533,0.1499,0.0598
2016-02-23T00:39:59.359Z,3.786,49.4498,231.768,0.2134,0.075,2.7464,33.7023,230.8622,0.1463,0.0868,2.0072,34.0161,233.6173,0.1458,0.0612
2016-02-23T00:40:59.124Z,5.0119,50.5727,231.5642,0.2179,0.096,2.7251,34.6109,231.2529,0.1496,0.0885,2.6985,35.3863,233.3776,0.1516,0.0763
2016-02-23T00:41:59.384Z,4.7259,50.271,231.949,0.2165,0.0913,3.0443,32.7747,231.5282,0.1416,0.0898,1.961,34.1576,233.7593,0.1464,0.0646
2016-02-23T00:42:59.891Z,4.8002,50.5895,231.8905,0.2177,0.0959,3.3464,35.4038,231.6913,0.1529,0.095,2.098,34.1861,233.4846,0.1459,0.06
2016-02-23T00:43:59.383Z,3.6636,49.5803,231.9316,0.2138,0.0744,3.085,34.4693,231.7801,0.1486,0.0954,2.1789,34.6393,233.4398,0.1481,0.064
2016-02-23T00:44:59.750Z,5.1191,50.206,231.947,0.2167,0.103,2.7104,32.8923,231.5977,0.1423,0.0912,2.1287,33.0419,233.4514,0.1414,0.0649
2016-02-23T00:45:59.995Z,4.7793,50.0389,232.0091,0.216,0.0948,3.1274,32.5162,232.3403,0.1398,0.0982,2.2915,34.3193,233.5665,0.1472,0.0673
2016-02-23T00:46:59.236Z,4.4992,50.2002,232.3031,0.2162,0.09,3.131,32.6175,232.5096,0.1399,0.0955,2.3108,34.1138,233.9869,0.146,0.0692
2016-02-23T00:47:59.562Z,3.5454,49.6993,232.39,0.2146,0.0714,3.1882,33.7072,232.3507,0.1452,0.0937,1.9798,35.032,233.9316,0.149,0.0555
2016-02-23T00:48:59.052Z,3.5634,49.8708,231.8079,0.2151,0.0703,2.9386,32.3739,232.1464,0.1393,0.0904,2.1917,35.3469,233.8607,0.1509,0.0636
2016-02-23T00:49:59.380Z,4.9442,50.3303,231.9142,0.2167,0.0967,2.9922,33.3216,229.3986,0.1454,0.0901,2.0279,34.7445,235.3155,0.1477,0.0623
2016-02-23T00:50:59.878Z,4.5413,50.3165,230.4151,0.2185,0.0889,3.6614,32.7987,232.2008,0.1416,0.1052,1.7031,34.259,233.8201,0.1465,0.054
2016-02-23T00:51:59.575Z,4.9018,50.3671,230.378,0.2185,0.0966,3.2233,33.2541,233.5067,0.1427,0.0943,2.3805,36.4803,234.0867,0.1557,0.0662
2016-02-23T00:52:59.917Z,3.2916,48.9396,230.9859,0.212,0.0669,2.9195,33.5189,232.9997,0.144,0.0858,1.8784,33.883,233.8921,0.1448,0.0548
2016-02-23T00:53:59.148Z,3.9961,49.6883,231.2651,0.215,0.0802,2.8299,32.5633,232.7249,0.1397,0.088,1.9641,36.5744,233.5901,0.1566,0.0524
2016-02-23T00:54:59.553Z,5.0086,50.6603,232.0272,0.2176,0.0962,2.7054,34.6665,233.0183,0.149,0.0834,2.3571,35.319,233.7083,0.1513,0.0708
2016-02-23T00:55:59.134Z,4.6687,49.7104,232.2949,0.2138,0.094,3.2957,34.0384,232.8827,0.1458,0.0949,3.0088,36.0452,233.5422,0.154,0.0824
2016-02-23T00:56:59.403Z,4.2302,50.5449,232.1425,0.2179,0.0834,3.1276,35.4955,232.8271,0.1525,0.0943,2.0808,34.3191,233.2232,0.1464,0.0612
2016-02-23T00:57:59.793Z,4.5834,50.6046,233.0099,0.2171,0.0907,2.7189,34.8828,232.1477,0.1501,0.0802,2.1201,34.1634,233.2826,0.1471,0.0651
2016-02-23T00:58:59.180Z,4.5371,50.7193,232.56,0.2184,0.0899,3.4313,33.6804,231.4193,0.1453,0.1023,2.4432,34.9679,232.9739,0.1503,0.0672
2016-02-23T00:59:59.501Z,4.2909,50.9032,232.8375,0.2185,0.0857,2.7105,35.811,232.0251,0.1545,0.076,2.1795,35.346,233.028,0.1519,0.0611
2016-02-23T01:00:59.026Z,3.641,49.0016,232.9854,0.21,0.0757,2.8996,31.7891,230.829,0.1373,0.0963,2.0385,37.3869,233.2124,0.1604,0.0569
2016-02-23T01:01:59.431Z,3.7363,48.756,233.7742,0.2086,0.0767,2.7209,34.4564,229.9987,0.1498,0.0813,2.1902,35.9657,234.4673,0.153,0.0665
2016-02-23T01:02:59.909Z,3.8332,51.0445,233.6577,0.2183,0.0758,3.1028,34.114,230.2854,0.1486,0.0963,1.6361,33.6212,234.3111,0.1432,0.0484
2016-02-23T01:03:59.106Z,4.356,50.6418,232.7365,0.2178,0.0862,2.9371,33.1949,232.3191,0.1428,0.0896,1.9831,34.8439,233.5367,0.1494,0.0598
2016-02-23T01:04:59.537Z,4.9379,49.8282,232.1312,0.2151,0.0992,2.9896,36.8966,232.3851,0.1589,0.0829,2.4868,34.2632,233.4657,0.1472,0.0732
2016-02-23T01:05:59.934Z,4.1323,50.3411,232.0777,0.2169,0.0808,3.1563,32.2012,232.0534,0.1388,0.1031,1.994,35.3045,233.6651,0.1509,0.057
2016-02-23T01:06:59.168Z,4.5561,49.7187,231.9852,0.2141,0.0914,3.2368,34.5758,231.7638,0.149,0.096,2.3629,33.8171,233.5882,0.1448,0.0681
2016-02-23T01:07:59.370Z,4.4538,50.5223,231.7476,0.2179,0.087,3.1048,34.0731,232.0048,0.1469,0.0942,2.0127,36.3463,233.9332,0.1555,0.0568
2016-02-23T01:08:59.245Z,4.1698,50.3347,231.1271,0.2175,0.0826,3.0927,34.2382,231.3286,0.1478,0.091,2.3919,36.0157,233.0093,0.1548,0.0721
2016-02-23T01:09:59.676Z,4.291,48.7854,230.8992,0.2112,0.0888,2.8076,32.3563,231.4925,0.1398,0.0927,2.3192,35.5712,233.0687,0.1527,0.0645
2016-02-23T01:10:59.972Z,4.2613,51.3212,230.9186,0.2227,0.082,2.6344,33.9364,231.4507,0.1465,0.0859,2.2848,36.1098,233.0123,0.1544,0.0641
2016-02-23T01:11:59.513Z,4.1898,49.9919,231.7191,0.2159,0.0842,2.773,35.8539,232.0922,0.1543,0.0813,2.7272,35.2218,233.7587,0.1504,0.0789
2016-02-23T01:12:59.864Z,4.3031,50.3701,232.1221,0.2166,0.0846,2.9724,32.8818,232.3448,0.1416,0.0919,2.0522,34.4616,234.1433,0.1469,0.0582
2016-02-23T01:13:59.380Z,3.4395,48.722,232.0042,0.2104,0.0711,3.0459,33.0567,232.1045,0.1423,0.0929,2.3149,36.4369,233.7221,0.1554,0.0663
2016-02-23T01:14:59.603Z,4.176,49.5188,232.0457,0.213,0.0835,2.8931,34.1456,232.5697,0.1467,0.0854,2.3187,34.3732,233.9924,0.1468,0.0679
2016-02-23T01:15:59.050Z,4.6652,49.5593,231.905,0.2134,0.0926,2.8829,33.9286,232.5148,0.1464,0.0866,1.5444,34.4486,233.8601,0.1474,0.0503
2016-02-23T01:16:59.407Z,4.1443,50.1318,231.7615,0.2167,0.0838,3.271,33.1613,232.2402,0.1432,0.0938,2.0271,36.6922,233.7182,0.1569,0.058
2016-02-23T01:17:59.657Z,4.5436,50.2317,232.1321,0.2163,0.0908,2.7073,36.8635,232.3946,0.1584,0.0791,2.4654,33.8695,233.7141,0.1446,0.0712
2016-02-23T01:18:59.357Z,3.7284,50.1246,231.7513,0.2164,0.0737,3.1977,35.4557,231.7861,0.1526,0.0926,1.6211,33.828,233.4626,0.1453,0.0503
2016-02-23T01:19:59.695Z,5.0103,51.1697,232.0224,0.2207,0.0984,3.2036,34.6374,232.1902,0.1492,0.0942,2.4912,36.0005,233.5373,0.1541,0.0725
2016-02-23T01:20:59.024Z,4.5002,49.5188,231.9236,0.2136,0.0918,2.9227,33.918,232.5703,0.146,0.0882,1.235,34.4307,233.5664,0.1473,0.0419
2016-02-23T01:21:59.709Z,4.5185,50.3113,232.4377,0.2166,0.0899,2.685,34.0235,232.8561,0.1457,0.0848,2.2317,35.3114,233.6966,0.1508,0.0634
2016-02-23T01:22:59.095Z,3.4977,50.401,231.7,0.2178,0.0707,2.493,34.7551,232.0026,0.1503,0.077,2.2973,33.6403,232.579,0.1447,0.0701
2016-02-23T01:23:59.398Z,4.0899,49.5564,231.4514,0.214,0.0824,3.1716,32.2905,231.9098,0.139,0.0982,1.436,35.5173,232.5918,0.1527,0.0424
2016-02-23T01:24:59.364Z,4.3092,50.5124,231.7537,0.218,0.0842,2.7079,33.5884,231.9749,0.1445,0.0849,2.1231,36.3849,232.6887,0.1567,0.0619
2016-02-23T01:25:59.645Z,4.5409,50.2809,230.4032,0.2181,0.0887,3.0519,34.9223,232.1656,0.1504,0.0909,2.2236,36.2288,232.5558,0.1556,0.0625
2016-02-23T01:26:59.154Z,4.3364,50.0129,230.3301,0.2178,0.0853,2.2296,33.9537,232.5023,0.1452,0.0708,1.7837,34.4997,233.0546,0.1486,0.0563
2016-02-23T01:27:59.064Z,4.9559,50.1451,230.866,0.2171,0.0976,3.0734,35.0232,231.8138,0.1511,0.0925,2.1337,33.3918,232.5525,0.1435,0.0662
2016-02-23T01:28:59.364Z,4.9166,49.9218,230.2969,0.2168,0.0987,2.2747,33.1019,231.0452,0.1436,0.0758,2.3171,34.1324,231.9638,0.1474,0.0731
2016-02-23T01:29:59.813Z,4.3728,50.4034,230.6055,0.218,0.0885,2.736,33.3778,231.0941,0.1449,0.0897,2.3179,33.9103,232.0734,0.1465,0.0665
2016-02-23T01:30:59.122Z,3.7941,49.4642,230.547,0.2149,0.0789,3.6076,36.1959,231.3676,0.1563,0.099,2.1153,34.8258,232.2333,0.1498,0.0617
2016-02-23T01:31:59.737Z,3.9355,49.1834,230.2977,0.2136,0.0788,3.4478,33.8337,231.1732,0.1465,0.0966,2.3873,34.9232,232.2064,0.1507,0.0699
2016-02-23T01:32:59.980Z,3.9753,50.004,230.4646,0.217,0.0796,3.2126,35.8457,231.2993,0.1545,0.0936,2.5815,33.9643,232.2541,0.146,0.0751
2016-02-23T01:33:59.187Z,4.0353,50.038,231.0743,0.217,0.0808,2.8161,33.7959,232.5397,0.1449,0.087,2.3007,36.6148,233.4547,0.1567,0.0663
2016-02-23T01:34:59.590Z,4.7475,50.7164,231.5826,0.2189,0.0949,2.7398,34.6936,232.4543,0.1492,0.0821,2.0014,33.4553,233.4324,0.1433,0.062
2016-02-23T01:35:59.870Z,4.3321,49.485,232.4384,0.2132,0.0887,2.844,32.5071,232.4467,0.1398,0.0925,2.1301,35.38,232.5314,0.1523,0.061
2016-02-23T01:36:59.185Z,4.0131,49.8612,231.9701,0.2149,0.0799,2.1602,33.5972,232.5804,0.1443,0.071,1.9619,33.7779,233.016,0.1449,0.0636
2016-02-23T01:37:59.394Z,5.2754,50.6388,232.0501,0.2184,0.1026,3.1209,31.1202,230.9611,0.1351,0.1079,1.8007,32.2542,233.2707,0.1386,0.0634
2016-02-23T01:38:59.635Z,5.0952,50.7738,231.8071,0.2184,0.0991,2.6384,34.9044,229.2462,0.1521,0.074,2.0345,34.5474,233.0838,0.149,0.0556
2016-02-23T01:39:59.731Z,4.9308,49.5647,231.3188,0.2141,0.0987,3.2481,34.5735,231.8874,0.1493,0.0934,2.1,35.43,232.6012,0.1523,0.0619
2016-02-23T01:40:59.966Z,4.787,51.0977,231.3057,0.2209,0.0946,2.8544,34.4445,231.9675,0.1484,0.0878,2.4811,34.5723,232.9688,0.1476,0.0722
2016-02-23T01:41:59.411Z,4.5669,49.6997,231.2404,0.2153,0.0924,2.8581,35.7759,231.9955,0.1538,0.0843,1.7989,36.0916,233.0784,0.1546,0.0492
2016-02-23T01:42:59.793Z,4.1371,49.1824,231.1373,0.2125,0.0832,2.6748,32.3405,231.4088,0.1396,0.0835,2.0837,35.7432,232.4278,0.1538,0.0666
2016-02-23T01:43:59.658Z,3.9968,49.9358,231.6703,0.2163,0.0795,2.6179,33.9832,231.6041,0.1466,0.0803,2.1969,33.2142,232.9166,0.1427,0.0713
2016-02-23T01:44:59.873Z,4.2775,50.5359,231.9535,0.2177,0.086,3.1714,34.2396,231.9375,0.1475,0.0949,1.7307,34.7751,232.8758,0.15,0.0542
2016-02-23T01:45:59.289Z,4.9271,50.4053,232.502,0.2166,0.0954,3.4657,33.837,232.3157,0.1453,0.0985,2.377,35.3651,233.0326,0.1519,0.0688
2016-02-23T01:46:59.593Z,3.427,50.0679,232.5424,0.2157,0.0673,2.8416,33.4863,232.6172,0.1437,0.0877,2.6064,36.3596,233.2645,0.1562,0.0773
2016-02-23T01:47:59.897Z,3.6786,49.7247,232.8111,0.2133,0.0728,2.5108,32.784,233.1026,0.1405,0.0825,1.8723,36.3634,233.4768,0.1559,0.0539
2016-02-23T01:48:59.518Z,4.4951,50.372,232.4729,0.2166,0.0882,2.8669,34.0847,231.7586,0.1468,0.0914,2.5762,33.591,233.1101,0.1442,0.0726
2016-02-23T01:49:59.781Z,4.9447,50.1127,231.5129,0.2172,0.0978,2.6375,34.5017,231.1055,0.1492,0.0812,2.0021,35.2886,232.7902,0.1512,0.0625
2016-02-23T01:50:59.239Z,4.649,50.8389,231.9811,0.2189,0.0902,2.9639,33.6151,231.6309,0.1448,0.0933,2.296,35.9663,233.2888,0.1541,0.0701
2016-02-23T01:51:59.554Z,3.3231,49.5002,231.6184,0.2143,0.0669,2.6957,34.1575,231.4651,0.1477,0.0846,2.7307,35.7212,232.9976,0.153,0.0778
2016-02-23T01:52:59.492Z,4.3731,50.5447,231.6763,0.2186,0.0865,3.5507,35.8189,232.3108,0.1537,0.098,1.9269,35.3288,233.4355,0.1515,0.0564
2016-02-23T01:53:59.019Z,5.0164,49.858,231.2826,0.2151,0.0999,3.0508,35.641,231.8559,0.1538,0.092,2.5216,34.562,232.8114,0.1492,0.0752
2016-02-23T01:54:59.226Z,4.3697,49.7504,231.0671,0.2158,0.0886,2.3669,32.9374,231.9316,0.142,0.0777,1.9392,34.3611,232.9278,0.1476,0.0556
2016-02-23T01:55:59.525Z,4.0749,49.939,231.1111,0.2162,0.0797,2.6902,36.0018,231.699,0.1552,0.0846,1.7849,35.938,232.8417,0.1543,0.05
2016-02-23T01:56:59.634Z,3.6498,49.626,231.2403,0.2142,0.073,2.5276,34.4744,231.6393,0.149,0.0717,2.0557,34.937,233.0984,0.15,0.0664
2016-02-23T01:57:59.915Z,4.8715,49.7523,230.8753,0.2155,0.0981,3.2044,33.9612,231.4476,0.1468,0.102,2.4122,35.5567,232.7727,0.153,0.0685
2016-02-23T01:58:59.169Z,4.5518,50.0982,231.0962,0.2161,0.0909,2.5323,36.6744,231.3921,0.1586,0.0787,2.0986,35.0681,232.7271,0.1506,0.0632
2016-02-23T01:59:59.681Z,4.3658,50.4103,231.3339,0.2182,0.0851,2.9934,34.9432,231.4492,0.1508,0.0963,1.9615,35.3411,232.5692,0.1522,0.06
