2016-01-26T00:00:59.589Z,1088.0158,1497.5619,231.0072,6.4829,0.7267,1111.1849,1564.1009,229.0001,6.8298,0.7102,1562.7854,2085.1246,227.6918,9.1573,0.7484
2016-01-26T00:01:59.873Z,1090.4628,1491.2296,230.9788,6.4559,0.7313,1124.5068,1590.3654,230.0997,6.9116,0.7074,1548.4069,2082.5353,227.6341,9.1484,0.743
2016-01-26T00:02:59.228Z,1094.4131,1491.7557,231.313,6.4493,0.7331,1128.3153,1600.9754,230.3287,6.9511,0.7049,1541.3872,2076.4722,227.2935,9.136,0.741
2016-01-26T00:03:59.505Z,302.4515,446.4722,232.0024,1.9291,0.2584,312.5638,466.7468,231.0927,2.0257,0.2763,497.0954,656.9355,229.4919,2.8823,0.8253
2016-01-26T00:04:59.056Z,311.0488,753.5847,231.2329,3.2616,0.3161,349.4231,821.0011,229.9827,3.5748,0.3365,404.6369,952.784,228.9554,4.1665,0.5351
2016-01-26T00:05:59.490Z,504.5919,1082.1829,230.9666,4.6859,0.466,529.5572,1166.4701,229.4121,5.0843,0.4541,572.6467,1253.1899,228.7394,5.4784,0.4571
2016-01-26T00:06:59.906Z,214.0156,433.1953,231.6485,1.8763,0.2286,223.5375,447.7348,230.1397,1.954,0.2457,316.564,550.3076,230.1468,2.3988,0.7369
2016-01-26T00:07:59.468Z,82.1039,176.4622,231.5789,0.7658,0.1236,85.4538,165.187,229.8806,0.723,0.1578,469.5179,597.0391,229.3393,2.6134,0.8459
2016-01-26T00:08:59.727Z,1121.6098,1511.39,229.8051,6.5773,0.7417,1148.6327,1585.1579,227.8681,6.9566,0.7248,1596.4752,2109.4982,226.9161,9.2962,0.7559
2016-01-26T00:09:59.020Z,1164.9508,1533.5778,228.6128,6.7083,0.759,1211.7309,1630.7174,227.938,7.1548,0.7427,1640.2582,2146.6866,225.9445,9.5005,0.7643
2016-01-26T00:10:59.388Z,1132.2157,1520.8511,229.4702,6.628,0.7446,1173.1357,1602.4618,228.5356,7.0126,0.7318,1618.4858,2135.051,226.9413,9.4077,0.7568
2016-01-26T00:11:59.796Z,1107.5542,1515.3329,230.8281,6.5647,0.731,1126.1714,1578.1034,228.7482,6.8989,0.7133,1582.7581,2103.4518,227.8793,9.2306,0.7524
2016-01-26T00:12:59.114Z,1133.8381,1536.4727,231.3138,6.6424,0.7381,1140.5546,1600.1197,228.5665,7.0002,0.712,1589.7206,2103.8862,227.4421,9.2502,0.756
2016-01-26T00:13:59.551Z,1137.2013,1545.4254,231.3456,6.68,0.7356,1149.8964,1604.8508,228.6261,7.0194,0.7166,1607.8321,2125.5899,227.8826,9.3276,0.757
2016-01-26T00:14:59.081Z,1104.0044,1519.366,231.4739,6.564,0.7264,1120.4124,1581.6981,229.1031,6.9042,0.7081,1577.284,2104.1907,228.17,9.2218,0.7497
2016-01-26T00:15:59.501Z,1101.1006,1515.5593,231.1506,6.5568,0.7264,1093.0514,1554.2856,228.4233,6.8046,0.7032,1563.1231,2072.4618,227.507,9.1097,0.7539
2016-01-26T00:16:59.849Z,1091.9192,1501.9927,230.5587,6.5142,0.7268,1104.3982,1553.5393,228.3267,6.8044,0.7104,1570.331,2084.7257,227.5708,9.1607,0.7533
2016-01-26T00:17:59.404Z,1091.28,1501.61,230.6046,6.5115,0.7267,1096.5037,1550.1294,228.3074,6.7897,0.7076,1560.051,2070.7228,227.4209,9.1046,0.7536
2016-01-26T00:18:59.051Z,1084.4053,1509.1455,229.766,6.5681,0.7183,1102.4264,1532.4871,227.9696,6.7225,0.7189,1601.8469,2115.1191,228.7315,9.2467,0.7583
2016-01-26T00:19:59.385Z,1057.3018,1494.5104,229.1606,6.5221,0.7076,1090.2166,1500.4573,227.2186,6.6038,0.7271,1614.4999,2130.6342,229.1998,9.2959,0.7577
2016-01-26T00:20:59.597Z,1088.7469,1524.9593,230.2001,6.6244,0.7134,1097.254,1521.4633,227.3986,6.6909,0.7213,1622.6712,2130.6584,229.1673,9.2969,0.7614
2016-01-26T00:21:59.904Z,1088.8322,1518.3297,230.945,6.5749,0.717,1093.296,1541.7336,228.8466,6.7371,0.7088,1588.4991,2105.0932,228.8699,9.1978,0.7548
2016-01-26T00:22:59.169Z,1103.4209,1533.3948,231.1968,6.6323,0.7195,1123.3351,1575.8199,229.7399,6.8592,0.7127,1605.9217,2137.6898,229.631,9.3098,0.7503
2016-01-26T00:23:59.721Z,1094.8842,1523.0512,231.0037,6.5925,0.719,1102.1205,1554.7188,229.3216,6.7797,0.7087,1589.4704,2109.9762,228.9501,9.2157,0.7524
2016-01-26T00:24:59.069Z,1114.7535,1535.0014,230.7383,6.6517,0.7262,1125.0338,1576.0764,229.4149,6.8701,0.7139,1603.6743,2123.849,228.8949,9.2786,0.7555
2016-01-26T00:25:59.302Z,1103.3426,1534.4616,230.7901,6.6486,0.7192,1092.1698,1540.9724,228.5139,6.7431,0.7093,1596.6411,2104.6324,228.7504,9.2006,0.7594
2016-01-26T00:26:59.893Z,1118.0007,1551.0656,230.7988,6.72,0.7205,1110.9215,1550.6999,228.3271,6.791,0.7163,1626.2685,2133.4899,229.0251,9.3155,0.7616
2016-01-26T00:27:59.222Z,1087.2966,1527.8186,230.7269,6.6215,0.7117,1098.2163,1533.5945,228.4851,6.712,0.7166,1616.1136,2132.477,229.4345,9.2944,0.758
2016-01-26T00:28:59.480Z,1100.586,1534.9818,230.2193,6.6673,0.7171,1116.5124,1526.9981,226.9052,6.7292,0.7317,1651.2703,2152.4797,228.8646,9.4043,0.7679
2016-01-26T00:29:59.782Z,1082.9996,1540.6942,230.6728,6.6789,0.703,1070.8351,1462.6182,224.132,6.5256,0.7321,1668.0842,2143.5811,228.9904,9.3608,0.779
2016-01-26T00:30:59.706Z,1116.764,1538.0106,230.6624,6.6677,0.7262,1128.0701,1556.654,227.349,6.8467,0.7251,1626.5881,2130.0903,228.4862,9.3223,0.7638
2016-01-26T00:31:59.978Z,1081.9633,1505.665,230.5634,6.5304,0.7192,1132.1752,1570.6269,229.2477,6.8509,0.7206,1600.3776,2140.3704,229.6557,9.3202,0.7482
2016-01-26T00:32:59.386Z,1102.8876,1520.732,230.429,6.5991,0.7256,1151.5107,1588.5898,229.1884,6.9311,0.7244,1615.195,2149.5947,229.383,9.3708,0.7512
2016-01-26T00:33:59.483Z,1089.0374,1518.0016,231.0304,6.5711,0.7171,1130.1411,1572.4939,229.4297,6.8538,0.7189,1606.9699,2144.6253,229.8833,9.3294,0.7498
2016-01-26T00:34:59.920Z,1113.4379,1534.8116,230.9836,6.645,0.726,1144.8601,1584.3484,229.3453,6.9078,0.7224,1622.2667,2149.3439,229.5034,9.3647,0.7547
2016-01-26T00:35:59.359Z,1106.0631,1534.9045,231.1461,6.64,0.7207,1121.2796,1567.2001,229.2579,6.8358,0.7153,1609.8384,2130.1902,229.2897,9.2898,0.7558
2016-01-26T00:36:59.704Z,1118.1279,1548.2746,231.2199,6.6958,0.7224,1132.9149,1572.1329,228.9563,6.8664,0.7206,1631.9242,2151.0287,229.5042,9.3723,0.7589
2016-01-26T00:37:59.362Z,1095.0293,1525.1521,230.6269,6.6125,0.7181,1128.0956,1558.3699,229.147,6.8011,0.7237,1627.5151,2153.0657,229.414,9.3849,0.7564
2016-01-26T00:38:59.672Z,1106.7546,1534.9461,230.6856,6.6542,0.721,1140.6208,1567.1739,229.0189,6.8422,0.7282,1640.5393,2162.1502,229.226,9.4322,0.7592
2016-01-26T00:39:59.173Z,1115.3921,1535.2124,230.8922,6.649,0.7271,1125.6735,1560.6952,228.1179,6.8412,0.7212,1619.4567,2123.413,228.2564,9.303,0.7619
2016-01-26T00:40:59.011Z,1107.2403,1520.2784,230.9318,6.583,0.7287,1119.6963,1561.4332,228.4551,6.8348,0.7167,1594.1607,2100.7383,227.8231,9.2204,0.7586
2016-01-26T00:41:59.279Z,1090.6428,1498.6749,230.2867,6.5079,0.7274,1138.1051,1582.0211,230.0484,6.8771,0.7197,1584.7702,2119.2939,228.594,9.2708,0.7488
2016-01-26T00:42:59.679Z,1102.9582,1490.7683,230.328,6.4726,0.7397,1150.5774,1605.5426,230.3536,6.9699,0.7167,1562.5579,2094.9668,227.5647,9.2058,0.7467
2016-01-26T00:43:59.962Z,1106.8607,1496.0892,230.849,6.4808,0.7402,1148.1097,1605.9097,230.2544,6.9743,0.7154,1562.056,2089.2278,227.1771,9.1962,0.7488
2016-01-26T00:44:59.212Z,1101.8941,1499.9255,230.994,6.4931,0.7345,1135.0442,1589.243,230.0867,6.9072,0.7139,1570.71,2094.6967,227.5517,9.2047,0.7498
2016-01-26T00:45:59.718Z,1109.6797,1512.5904,230.8732,6.5514,0.7336,1130.9526,1584.2044,229.9532,6.8892,0.713,1578.4281,2096.4399,227.7105,9.2065,0.7514
2016-01-26T00:46:59.993Z,1102.9112,1507.6313,230.9881,6.5271,0.7312,1134.4252,1587.8184,230.0579,6.9016,0.7142,1577.5626,2101.9503,227.9659,9.2197,0.7501
2016-01-26T00:47:59.445Z,1097.6371,1500.4663,230.5579,6.508,0.7317,1131.7039,1576.6778,229.6756,6.8651,0.7182,1582.3053,2104.4267,227.8947,9.2348,0.7517
2016-01-26T00:48:59.899Z,1107.9203,1504.203,230.3948,6.5283,0.7366,1145.8786,1594.3124,229.7298,6.9397,0.7187,1579.4514,2104.7177,228.0248,9.2301,0.7499
2016-01-26T00:49:59.156Z,1103.0768,1482.3411,229.9894,6.4451,0.7435,1149.018,1608.1757,230.4278,6.9789,0.7139,1545.7411,2076.7063,227.2365,9.1386,0.7447
2016-01-26T00:50:59.831Z,1102.4187,1475.5167,229.9085,6.4182,0.7479,1164.7015,1621.4841,230.5652,7.0327,0.7185,1546.134,2083.152,227.2329,9.1671,0.7418
2016-01-26T00:51:59.172Z,1101.4789,1497.3751,231.1113,6.4784,0.7353,1160.6301,1621.7202,230.6908,7.0299,0.7158,1568.2808,2116.8703,228.8104,9.2515,0.7401
2016-01-26T00:52:59.811Z,1095.0246,1489.0168,230.6829,6.455,0.7354,1160.1647,1618.0544,230.8141,7.0101,0.7178,1567.367,2115.8708,228.8008,9.2474,0.7403
2016-01-26T00:53:59.013Z,455.3861,646.9278,231.552,2.8064,0.3345,471.7652,673.3408,230.9445,2.9234,0.3552,707.2707,940.2756,230.2802,4.1101,0.8089
2016-01-26T00:54:59.386Z,243.9364,636.8891,232.5526,2.7436,0.2513,269.3595,657.5368,230.714,2.8553,0.2766,329.1862,756.86,231.1867,3.2787,0.6033
2016-01-26T00:55:59.601Z,473.9508,1072.7674,231.9647,4.6246,0.4412,525.9839,1182.4887,230.2927,5.1339,0.4443,546.0144,1270.5274,230.3877,5.5148,0.4297
2016-01-26T00:56:59.907Z,292.6769,593.0287,232.737,2.5529,0.2913,309.2808,627.734,230.9126,2.726,0.2974,384.3836,723.6422,230.8092,3.141,0.6759
2016-01-26T00:57:59.556Z,3.5602,51.1669,233.0778,0.22,0.0681,3.6818,34.4351,231.5702,0.1488,0.1154,330.2656,378.2819,230.6907,1.6426,0.8668
2016-01-26T00:58:59.851Z,1063.5449,1475.3069,231.7092,6.3683,0.6987,1077.9281,1535.1824,229.9119,6.6788,0.6814,1544.042,2079.8158,228.6124,9.0986,0.7441
2016-01-26T00:59:59.094Z,1191.665,1578.0658,230.9877,6.8316,0.7547,1224.4978,1680.4459,230.257,7.2981,0.7282,1645.7231,2172.0336,227.6306,9.5416,0.7581
2016-01-26T01:00:59.716Z,1166.6495,1549.9586,230.6654,6.7197,0.7532,1237.0477,1683.1174,230.4259,7.3044,0.7353,1640.9376,2182.8847,228.0115,9.5737,0.7512
2016-01-26T01:01:59.236Z,1097.0996,1515.5531,231.553,6.5455,0.7237,1161.2409,1619.6592,230.6424,7.0225,0.717,1598.0047,2159.0667,229.7862,9.3962,0.7408
2016-01-26T01:02:59.535Z,1144.8945,1553.8822,230.9925,6.7271,0.7364,1184.9179,1640.8202,230.0712,7.132,0.7217,1627.9371,2167.8194,229.093,9.4621,0.7511
2016-01-26T01:03:59.831Z,1150.2219,1556.3061,230.973,6.7377,0.7394,1188.7611,1643.0679,229.2188,7.1684,0.7236,1627.296,2165.0657,228.9947,9.4548,0.7514
2016-01-26T01:04:59.099Z,1117.1219,1532.2258,231.1656,6.6278,0.729,1166.9301,1625.2083,229.6425,7.0771,0.7183,1604.7416,2153.7935,229.5542,9.3825,0.7446
2016-01-26T01:05:59.450Z,1076.074,1503.8862,229.9222,6.5409,0.7156,1136.7054,1574.6181,229.472,6.8626,0.7216,1603.5843,2154.0892,229.8717,9.3708,0.7446
2016-01-26T01:06:59.749Z,1090.4552,1514.4792,229.8302,6.5897,0.72,1142.0258,1581.2583,229.3392,6.8953,0.7224,1607.0469,2151.3394,229.661,9.3678,0.7482
2016-01-26T01:07:59.035Z,1073.4508,1492.1583,229.7261,6.4957,0.7192,1134.3861,1565.2105,228.5707,6.8477,0.7251,1595.2606,2136.2056,229.1395,9.323,0.7473
2016-01-26T01:08:59.338Z,1083.3488,1502.6358,229.944,6.5351,0.7202,1156.0351,1586.9374,228.829,6.9349,0.7286,1610.9729,2161.4672,229.9141,9.4008,0.7452
2016-01-26T01:09:59.721Z,1070.3297,1496.1749,228.9781,6.5341,0.7151,1131.3948,1550.3746,228.0812,6.7969,0.7303,1612.0748,2150.9321,229.9979,9.3521,0.75
2016-01-26T01:10:59.055Z,1088.6485,1505.8674,228.847,6.5799,0.7231,1161.5609,1575.736,228.0962,6.9081,0.7374,1630.4245,2171.8543,230.1196,9.4381,0.7506
2016-01-26T01:11:59.808Z,1085.1255,1498.509,230.6447,6.4968,0.7244,1153.9005,1609.59,229.9263,7.0008,0.7175,1574.4177,2136.9624,230.448,9.2724,0.7366
2016-01-26T01:12:59.159Z,1081.1026,1524.4139,231.1364,6.5952,0.709,1124.5425,1555.641,227.8136,6.8277,0.7228,1624.1422,2161.9709,230.9675,9.3606,0.7502
2016-01-26T01:13:59.274Z,1112.5129,1530.3349,231.0633,6.6227,0.7264,1171.0193,1618.8043,229.6042,7.05,0.7234,1614.5063,2166.1407,230.2429,9.4076,0.7444
2016-01-26T01:14:59.508Z,1101.7251,1514.3171,231.2069,6.5497,0.7274,1156.7737,1622.6886,230.9284,7.0268,0.713,1578.731,2136.337,229.8251,9.2956,0.7394
2016-01-26T01:15:59.023Z,1107.5045,1523.5196,231.2203,6.5892,0.7269,1149.4403,1618.2179,230.9419,7.0065,0.7103,1578.1543,2131.9622,230.0321,9.2678,0.7401
2016-01-26T01:16:59.268Z,1135.1387,1545.8326,231.2648,6.6838,0.7348,1174.1296,1638.6827,230.7817,7.1004,0.7169,1604.365,2151.4586,230.0316,9.3526,0.7456
2016-01-26T01:17:59.847Z,1118.0322,1528.8394,230.8531,6.622,0.7313,1153.3129,1608.3541,229.9666,6.9939,0.7173,1595.6077,2131.5494,229.4371,9.2901,0.7488
2016-01-26T01:18:59.942Z,1110.8759,1521.9006,230.4897,6.6026,0.7307,1149.1003,1596.0626,229.6086,6.9512,0.7198,1598.5491,2131.7441,229.4696,9.2898,0.7502
2016-01-26T01:19:59.418Z,1116.0188,1528.8328,229.746,6.6545,0.7298,1176.6358,1600.5995,229.2572,6.9815,0.735,1640.8597,2177.0847,229.7764,9.4755,0.7533
2016-01-26T01:20:59.730Z,1094.4537,1508.7719,229.9143,6.5621,0.7254,1170.7057,1601.2631,229.544,6.9759,0.7314,1616.5111,2168.7175,230.1751,9.4215,0.7451
2016-01-26T01:21:59.418Z,1096.8015,1510.0364,231.5954,6.52,0.7262,1173.0364,1637.8308,231.1892,7.0844,0.7165,1582.716,2153.8463,230.4629,9.3458,0.7344
2016-01-26T01:22:59.649Z,1128.6307,1538.6498,231.3494,6.6502,0.7336,1186.2466,1643.2448,230.3812,7.1326,0.7226,1610.5688,2162.5641,230.0352,9.4012,0.7451
2016-01-26T01:23:59.529Z,1119.2863,1530.3976,231.194,6.6193,0.7313,1172.646,1622.7981,229.8051,7.0615,0.7221,1607.6145,2152.4133,229.8273,9.3656,0.7478
2016-01-26T01:24:59.104Z,1099.9309,1515.5448,230.9844,6.5615,0.7255,1164.4721,1611.9773,229.9349,7.0104,0.7225,1602.2962,2155.9138,230.2411,9.3636,0.7428
2016-01-26T01:25:59.307Z,1120.0859,1541.3479,230.8864,6.676,0.7266,1179.3753,1623.6544,230.0026,7.0592,0.7269,1631.11,2180.48,230.5727,9.4569,0.7479
2016-01-26T01:26:59.840Z,1119.1533,1543.2158,230.9372,6.6826,0.7257,1168.9487,1614.8578,229.9076,7.0239,0.7243,1626.1544,2175.1271,230.791,9.4246,0.7481
2016-01-26T01:27:59.034Z,1109.0607,1539.1718,231.2546,6.6552,0.7202,1150.9244,1602.5201,230.0319,6.9664,0.7188,1616.7203,2163.8875,230.9337,9.3701,0.7474
2016-01-26T01:28:59.640Z,1127.1748,1556.0866,230.9717,6.7374,0.7244,1164.577,1605.8954,229.6582,6.9923,0.7247,1642.8691,2180.1489,230.6286,9.4538,0.7522
2016-01-26T01:29:59.936Z,1134.9246,1570.088,231.5212,6.7812,0.7237,1148.6964,1589.0204,228.9202,6.941,0.7231,1647.7483,2168.9146,230.031,9.4293,0.7598
2016-01-26T01:30:59.769Z,1116.1424,1548.8397,231.4814,6.6909,0.7204,1142.2631,1587.3242,229.1949,6.9258,0.7198,1626.6692,2157.697,230.2288,9.3718,0.7539
2016-01-26T01:31:59.031Z,1095.9066,1529.4412,231.35,6.6113,0.7164,1165.6553,1620.4008,231.1434,7.0101,0.7195,1614.2536,2183.9149,231.5547,9.4318,0.7401
2016-01-26T01:32:59.255Z,1094.2896,1525.5524,231.233,6.5968,0.7176,1165.0331,1615.0494,230.828,6.9968,0.7214,1613.9098,2179.1454,231.2074,9.4252,0.7401
2016-01-26T01:33:59.663Z,1099.1137,1525.9234,230.7274,6.6134,0.7202,1163.6273,1605.7247,230.2873,6.9721,0.7243,1619.809,2175.4967,231.0524,9.4152,0.744
2016-01-26T01:34:59.008Z,1099.7907,1530.0284,230.7691,6.6308,0.7187,1163.4484,1604.272,230.3299,6.9648,0.7252,1626.942,2182.3815,231.3617,9.4329,0.7456
2016-01-26T01:35:59.267Z,1102.9711,1534.3534,230.7136,6.6502,0.7183,1156.8222,1597.8256,229.9267,6.9491,0.7233,1626.9511,2177.1794,231.1071,9.4206,0.7483
2016-01-26T01:36:59.724Z,1103.7044,1535.4387,230.9127,6.6496,0.7193,1161.9472,1606.9639,230.1896,6.9807,0.723,1624.5552,2180.5406,231.2783,9.4279,0.7451
2016-01-26T01:37:59.045Z,1105.86,1537.8973,230.9574,6.6588,0.719,1153.8852,1598.7522,229.8862,6.9542,0.7217,1624.0271,2172.3596,231.0425,9.4025,0.7472
2016-01-26T01:38:59.935Z,1118.1376,1544.8019,230.4932,6.7022,0.7236,1160.0972,1593.9519,229.1184,6.9568,0.7274,1637.4432,2171.3619,230.3841,9.4249,0.7536
2016-01-26T01:39:59.238Z,1138.6521,1569.9097,230.5217,6.8106,0.7256,1171.1222,1586.5381,227.4297,6.9748,0.7384,1683.9401,2199.8483,230.3209,9.5515,0.766
2016-01-26T01:40:59.867Z,1109.5628,1562.0629,231.2783,6.7539,0.7108,1123.9604,1528.1874,225.2836,6.7831,0.7358,1681.8419,2183.8278,230.5578,9.4723,0.7702
2016-01-26T01:41:59.394Z,1079.5512,1512.1694,229.3315,6.5935,0.7139,1177.5357,1572.6721,227.9953,6.8966,0.7489,1669.8808,2221.1566,231.4681,9.5957,0.7517
2016-01-26T01:42:59.665Z,1122.6712,1523.376,229.0008,6.6521,0.737,1227.4252,1643.2671,229.7749,7.1514,0.7474,1656.9208,2212.6388,230.4692,9.6004,0.7491
2016-01-26T01:43:59.834Z,1101.4843,1509.0889,229.4102,6.5791,0.7299,1195.907,1623.3623,229.9172,7.0604,0.737,1624.3908,2185.0946,230.7778,9.4687,0.7429
2016-01-26T01:44:59.329Z,1088.8966,1492.7293,229.2202,6.5119,0.7296,1188.4035,1620.2166,230.1442,7.0399,0.7333,1604.1194,2169.5333,230.7122,9.4038,0.7396
2016-01-26T01:45:59.613Z,403.1524,581.6638,230.2336,2.5358,0.3067,428.9909,608.2478,231.0177,2.6448,0.3349,648.5702,860.4663,232.2751,3.7306,0.812
2016-01-26T01:46:59.851Z,250.6852,662.0851,230.2959,2.8792,0.2705,318.6173,721.0473,231.1075,3.1244,0.3105,388.6465,910.6262,233.0143,3.9143,0.5704
2016-01-26T01:47:59.167Z,454.161,1067.5572,229.6452,4.6488,0.4255,567.0256,1163.1045,230.5617,5.0442,0.4868,591.7351,1335.1908,232.5097,5.7427,0.4427
2016-01-26T01:48:59.369Z,216.3034,469.094,229.8856,2.047,0.2318,255.337,484.0297,230.6874,2.1049,0.2778,345.2329,624.4616,232.6975,2.6909,0.7142
2016-01-26T01:49:59.234Z,49.4879,130.7094,229.8594,0.5696,0.095,57.2926,122.8514,231.9357,0.5316,0.1301,437.4938,561.973,232.0603,2.4309,0.8439
2016-01-26T01:50:59.429Z,1110.1127,1514.1309,229.3028,6.6027,0.7329,1184.9021,1613.1792,229.8619,7.018,0.7337,1632.8682,2182.26,229.0807,9.526,0.7481
2016-01-26T01:51:59.863Z,1181.8889,1593.6197,230.4769,6.9144,0.7414,1245.7739,1679.7123,230.2228,7.2958,0.7416,1701.8792,2251.5731,230.3366,9.7747,0.7553
2016-01-26T01:52:59.125Z,1170.6416,1573.4002,230.4463,6.8276,0.7439,1241.817,1676.1739,230.1397,7.283,0.7409,1680.9248,2231.9364,230.19,9.6958,0.753
2016-01-26T01:53:59.771Z,1106.073,1523.6396,230.647,6.6061,0.7261,1180.5131,1623.0613,230.3711,7.0453,0.7274,1625.7406,2189.7329,230.5327,9.4981,0.7422
2016-01-26T01:54:59.358Z,1177.1189,1589.6503,230.4384,6.8988,0.74,1246.0755,1682.0985,230.7337,7.2901,0.7409,1697.5006,2252.2506,230.611,9.7658,0.7539
2016-01-26T01:55:59.609Z,1144.2181,1603.1848,230.7523,6.9476,0.713,1159.1313,1568.1559,227.0336,6.9071,0.739,1728.8897,2245.2652,231.1414,9.7141,0.7709
2016-01-26T01:56:59.869Z,1138.355,1584.8273,231.3509,6.8504,0.7177,1132.1973,1576.9079,228.3788,6.9041,0.7187,1659.1607,2176.5798,230.2896,9.4506,0.7626
2016-01-26T01:57:59.805Z,1155.0028,1574.9146,231.904,6.7914,0.7337,1107.9396,1583.3609,228.9917,6.9149,0.6998,1595.4434,2092.635,227.6039,9.1942,0.7624
2016-01-26T01:58:59.045Z,1114.4092,1549.7747,230.8119,6.7138,0.7193,1142.7451,1580.6148,229.0013,6.9019,0.7234,1642.7956,2176.0057,230.2895,9.4488,0.7542
2016-01-26T01:59:59.295Z,1096.6944,1515.6018,230.0896,6.5864,0.7236,1135.3846,1576.5676,229.3354,6.874,0.7203,1603.4774,2137.5628,229.1788,9.3272,0.7509
