2016-01-07T00:00:59.830Z,1042.4044,1464.5937,227.7939,6.4292,0.7116,1116.6206,1535.0736,228.6192,6.7141,0.7284,1590.7782,2128.6997,229.9487,9.256,0.7477
2016-01-07T00:01:59.815Z,1049.8416,1460.1343,227.3051,6.4235,0.7189,1119.9172,1542.2967,228.562,6.7481,0.7261,1580.3181,2113.1729,229.0806,9.2238,0.7489
2016-01-07T00:02:59.091Z,1048.3266,1469.4379,227.6794,6.4535,0.7138,1128.0354,1556.2688,229.3288,6.7857,0.7247,1589.4837,2134.5506,229.7867,9.2884,0.7446
2016-01-07T00:03:59.354Z,1043.2139,1476.887,228.7998,6.454,0.7064,1106.1848,1551.3479,230.002,6.7445,0.7126,1573.1864,2123.7033,230.3718,9.2174,0.7406
2016-01-07T00:04:59.691Z,1060.597,1488.4066,229.1384,6.4956,0.712,1121.6099,1567.2766,229.9603,6.8151,0.7157,1584.14,2131.7264,230.1458,9.2626,0.7422
2016-01-07T00:05:59.102Z,1040.693,1464.4324,228.8174,6.3999,0.7108,1121.0476,1561.7446,230.229,6.7831,0.7179,1571.5591,2128.1993,230.1071,9.2483,0.7391
2016-01-07T00:06:59.571Z,1047.7211,1465.0063,228.3056,6.4163,0.7153,1140.6081,1570.4117,230.1499,6.8232,0.7264,1588.5232,2142.4026,229.847,9.3201,0.7412
2016-01-07T00:07:59.902Z,1034.7306,1468.4383,228.3557,6.4302,0.7044,1116.5444,1539.9963,229.4879,6.7103,0.7251,1596.8716,2147.3781,230.5758,9.3127,0.743
2016-01-07T00:08:59.359Z,1049.3855,1480.078,229.177,6.4579,0.7092,1134.8597,1571.4031,230.0645,6.8292,0.7221,1595.687,2152.0762,230.6997,9.328,0.7415
2016-01-07T00:10:59.258Z,285.4045,641.1809,230.0839,2.7874,0.258,321.9245,668.1345,230.9996,2.8992,0.273,431.2948,802.5734,232.0937,3.4672,0.6112
2016-01-07T00:11:59.807Z,164.0876,392.6212,230.621,1.7029,0.1645,183.3902,405.6104,230.706,1.7622,0.1738,285.9455,497.8877,232.5146,2.1492,0.6688
2016-01-07T00:12:59.145Z,187.7144,401.9827,231.9967,1.7362,0.157,187.2833,372.8301,231.8952,1.6161,0.1559,603.9153,782.7678,233.015,3.3661,0.7932
2016-01-07T00:13:59.658Z,1128.677,1562.4307,231.2667,6.7563,0.7227,1163.5124,1626.8467,230.0907,7.0699,0.7149,1634.8536,2187.8917,231.198,9.4632,0.7472
2016-01-07T00:14:59.737Z,1183.7843,1605.281,230.6976,6.9587,0.7373,1223.793,1673.9622,229.867,7.2819,0.7309,1693.0002,2236.4264,231.1082,9.6764,0.7572
2016-01-07T00:15:59.110Z,1125.9056,1552.4555,230.7636,6.7273,0.7253,1167.4614,1626.1226,229.7944,7.0762,0.7176,1629.7541,2179.3707,231.1873,9.4265,0.7477
2016-01-07T00:16:59.460Z,1084.2008,1521.8422,231.0379,6.5873,0.7122,1121.7668,1583.6103,229.571,6.8976,0.7087,1592.7431,2142.2283,231.1087,9.2691,0.743
2016-01-07T00:17:59.902Z,1105.5687,1544.0654,231.3698,6.673,0.7156,1125.7013,1590.8341,229.3602,6.9352,0.7077,1606.6832,2148.4457,231.1096,9.2957,0.7495
2016-01-07T00:18:59.250Z,1076.5093,1543.4581,231.8261,6.6577,0.6974,1072.8324,1536.6319,228.5481,6.7231,0.6983,1605.2452,2138.452,231.63,9.2317,0.7503
2016-01-07T00:19:59.551Z,1091.8886,1546.8507,231.6616,6.6772,0.7057,1088.1706,1547.325,228.4142,6.7742,0.7033,1612.4089,2135.248,230.7402,9.2531,0.7542
2016-01-07T00:20:59.076Z,1124.3445,1564.6143,231.5743,6.7562,0.7189,1107.8998,1564.3331,227.7396,6.8689,0.7082,1623.2508,2131.6199,229.8552,9.2731,0.761
2016-01-07T00:21:59.142Z,1108.4566,1549.1781,232.3028,6.6689,0.7161,1068.9467,1551.733,227.9937,6.8056,0.6892,1569.6133,2075.7803,229.6304,9.039,0.7559
2016-01-07T00:22:59.363Z,1078.766,1526.4201,232.0613,6.5771,0.7066,1076.3864,1560.9343,229.448,6.8024,0.6894,1562.4178,2100.7457,230.9037,9.0977,0.7431
2016-01-07T00:23:59.586Z,1085.1504,1533.4239,232.2933,6.6008,0.7073,1072.8689,1562.2796,229.8533,6.797,0.6863,1559.3242,2092.9588,230.4533,9.0816,0.7446
2016-01-07T00:24:59.830Z,1073.2376,1518.9559,232.2283,6.5404,0.7063,1081.7677,1567.2137,230.2479,6.8064,0.6907,1559.7826,2103.631,230.4573,9.1276,0.741
2016-01-07T00:25:59.047Z,1087.9302,1541.7695,232.4819,6.6315,0.7058,1071.5441,1556.6451,229.6991,6.7764,0.6883,1574.5175,2106.3172,230.8992,9.1216,0.7484
2016-01-07T00:26:59.295Z,1092.8418,1543.6707,232.58,6.637,0.708,1065.7061,1563.9214,230.2633,6.7914,0.6814,1559.1083,2089.4311,230.529,9.0633,0.7469
2016-01-07T00:27:59.514Z,1101.541,1548.0599,232.6814,6.653,0.7123,1081.1634,1580.9706,230.4831,6.8589,0.6839,1561.2263,2097.0962,230.731,9.088,0.744
2016-01-07T00:28:59.668Z,1094.3017,1541.2821,232.7892,6.6207,0.7104,1077.0353,1576.8677,230.4456,6.8422,0.6831,1556.4888,2093.8291,230.8446,9.0702,0.7424
2016-01-07T00:29:59.977Z,1096.3708,1542.6132,232.4903,6.6349,0.7108,1085.4586,1579.69,230.4259,6.8551,0.6871,1568.5864,2106.5556,230.8536,9.1251,0.7446
2016-01-07T00:30:59.303Z,1077.9534,1518.8124,231.9911,6.5467,0.7095,1093.6444,1575.907,230.2008,6.8457,0.6943,1561.9237,2105.7418,230.4815,9.1368,0.7415
2016-01-07T00:31:59.093Z,1087.2117,1532.222,232.1844,6.5988,0.71,1095.4291,1568.5927,229.279,6.8411,0.6982,1582.904,2119.6708,230.6383,9.1899,0.7471
2016-01-07T00:32:59.376Z,1054.8224,1503.9037,231.4994,6.4963,0.7016,1106.2103,1574.8408,230.6802,6.8263,0.7027,1578.8977,2145.0479,231.6807,9.258,0.7357
2016-01-07T00:33:59.604Z,1064.547,1518.3347,231.3337,6.563,0.7011,1109.8816,1565.3533,229.9753,6.8063,0.7091,1605.031,2160.9488,231.8389,9.3204,0.7417
2016-01-07T00:34:59.087Z,1058.0982,1515.2046,231.4957,6.5454,0.6984,1097.1992,1555.739,230.0628,6.7616,0.7048,1595.7716,2150.0113,231.7445,9.2774,0.7417
2016-01-07T00:35:59.372Z,1066.4186,1521.9957,231.0343,6.5877,0.7007,1106.5977,1555.3093,229.7797,6.7678,0.7114,1613.3728,2160.9053,231.4454,9.336,0.7469
2016-01-07T00:36:59.931Z,1034.9837,1539.7287,231.4364,6.6529,0.6725,1061.4602,1479.3431,227.4929,6.5031,0.7182,1667.9287,2204.5767,233.4512,9.443,0.7576
2016-01-07T00:37:59.205Z,1063.1044,1528.8398,230.8224,6.623,0.6952,1106.1169,1553.2224,230.2583,6.7455,0.712,1626.216,2181.3702,232.3135,9.3895,0.746
2016-01-07T00:38:59.125Z,1059.4083,1519.0402,231.2616,6.5687,0.6978,1098.9946,1560.8777,230.5861,6.7688,0.7032,1596.3253,2154.3593,231.9288,9.2888,0.7401
2016-01-07T00:39:59.555Z,1073.398,1528.9762,231.1049,6.6153,0.7021,1115.5232,1573.7239,230.6328,6.8232,0.7088,1612.0074,2168.8202,231.972,9.3491,0.7427
2016-01-07T00:40:59.789Z,1067.2096,1517.2596,230.4979,6.5817,0.7037,1099.5808,1550.3039,229.9274,6.7426,0.7091,1602.6168,2145.3076,231.4176,9.2694,0.7472
2016-01-07T00:41:59.473Z,1073.1621,1528.5588,230.7124,6.6249,0.7024,1115.7929,1557.6858,229.844,6.7766,0.7165,1628.5388,2175.5756,231.8907,9.3813,0.7491
2016-01-07T00:42:59.692Z,1068.6829,1533.2878,232.305,6.5997,0.6971,1099.5989,1573.1673,230.7336,6.8176,0.6997,1597.1389,2158.3527,232.468,9.2842,0.7402
2016-01-07T00:43:59.743Z,1082.8371,1540.4689,232.5341,6.6244,0.7028,1124.5414,1599.5648,231.2579,6.9168,0.703,1605.991,2174.88,232.5284,9.353,0.7392
2016-01-07T00:44:59.252Z,1072.4189,1528.4049,232.3133,6.5789,0.7018,1110.3338,1586.6568,231.1057,6.8649,0.7002,1591.0674,2154.7151,232.2665,9.2764,0.7391
2016-01-07T00:45:59.197Z,1094.0588,1543.9041,232.0153,6.6538,0.7086,1121.8001,1593.8172,230.8114,6.9049,0.7039,1605.8599,2157.5701,231.8816,9.3036,0.7438
2016-01-07T00:46:59.558Z,1081.304,1534.0751,232.0607,6.6106,0.7056,1111.1351,1588.8283,231.2467,6.8702,0.6999,1593.1024,2151.9502,232.2358,9.2662,0.7402
2016-01-07T00:47:59.634Z,1092.9162,1543.095,231.9552,6.6524,0.7086,1126.027,1600.2271,231.2983,6.9181,0.7038,1606.9697,2164.7864,232.136,9.3249,0.7417
2016-01-07T00:48:59.138Z,1081.1088,1530.9554,231.8456,6.6026,0.7061,1114.3094,1586.5772,231.0618,6.8665,0.7021,1597.8867,2154.4288,231.8604,9.2915,0.741
2016-01-07T00:49:59.434Z,1098.5286,1541.6011,231.2437,6.6657,0.7122,1119.1633,1574.1399,229.7648,6.8507,0.7112,1622.3622,2154.7269,230.9646,9.3287,0.7526
2016-01-07T00:50:59.645Z,1100.0156,1511.7348,228.8957,6.6044,0.728,1113.1909,1538.1914,227.5629,6.759,0.7233,1609.0732,2102.9692,228.2429,9.2134,0.7654
2016-01-07T00:51:59.740Z,1108.299,1498.0923,228.2873,6.5618,0.7392,1146.9046,1572.0574,227.9896,6.8946,0.7296,1600.5321,2105.3309,227.762,9.2433,0.7596
2016-01-07T00:52:59.878Z,1100.7239,1501.1549,229.1493,6.5498,0.7334,1131.1553,1570.3122,228.3388,6.8766,0.7201,1588.4255,2102.9675,228.8056,9.1902,0.7555
2016-01-07T00:53:59.941Z,1110.401,1510.16,228.6821,6.6029,0.735,1136.9388,1566.5207,227.8203,6.8757,0.7258,1605.9116,2112.7673,228.6986,9.2384,0.7601
2016-01-07T00:54:59.306Z,1103.6433,1507.8458,228.6374,6.5946,0.7319,1123.9924,1552.2658,227.264,6.8289,0.7244,1603.0616,2104.3842,228.6989,9.2011,0.7613
2016-01-07T00:55:59.672Z,1109.2029,1509.471,228.5293,6.6053,0.7347,1138.2622,1564.0783,227.4783,6.8758,0.7277,1612.3697,2114.7973,228.6013,9.2508,0.7614
2016-01-07T00:56:59.358Z,1108.2818,1513.9862,229.0969,6.6081,0.732,1126.6621,1557.817,227.2278,6.8557,0.723,1603.4412,2104.9638,228.784,9.1997,0.7609
2016-01-07T00:57:59.274Z,1115.2984,1523.6342,229.2992,6.6443,0.7313,1130.8494,1564.7718,227.4548,6.8791,0.7229,1609.8948,2111.2287,228.8897,9.2229,0.7618
2016-01-07T00:58:59.709Z,522.8078,774.5067,230.0362,3.3778,0.3626,532.7614,785.7884,228.4606,3.4498,0.3579,815.5568,1078.1976,230.8787,4.6958,0.74
2016-01-07T00:59:59.370Z,232.1677,617.7051,230.9904,2.6778,0.2308,259.6128,657.6116,229.0654,2.8758,0.2321,348.8344,731.1729,231.9897,3.1549,0.5849
2016-01-07T01:00:59.753Z,388.233,817.8173,230.2111,3.5536,0.3536,413.4871,850.8512,228.2644,3.7312,0.3592,501.959,958.3934,230.9902,4.1497,0.5772
2016-01-07T01:01:59.745Z,4.819,119.2337,230.8053,0.516,0.0412,4.2648,103.9815,229.2546,0.4535,0.0424,248.6476,306.4615,231.6129,1.3237,0.7703
2016-01-07T01:02:59.015Z,834.0852,1221.3675,230.2892,5.3119,0.5515,849.2235,1218.4452,228.755,5.3358,0.552,1356.5149,1786.2891,230.4392,7.7603,0.777
2016-01-07T01:03:59.355Z,1177.6803,1580.1518,229.4944,6.8849,0.745,1232.4447,1665.06,228.9041,7.2731,0.7404,1692.8913,2218.8091,229.4149,9.6708,0.7626
2016-01-07T01:04:59.839Z,1192.1663,1588.6782,229.4183,6.9243,0.7501,1229.2789,1662.6066,228.4671,7.2763,0.7393,1688.2272,2202.2372,228.9263,9.6192,0.7661
2016-01-07T01:05:59.338Z,1130.1747,1536.6846,229.2211,6.7037,0.7351,1169.7052,1607.2816,228.6008,7.0306,0.7278,1635.6076,2157.1144,229.034,9.4173,0.7584
2016-01-07T01:06:59.748Z,1222.173,1618.5156,229.0433,7.0664,0.7548,1263.9006,1694.9818,228.8668,7.4059,0.7459,1726.5889,2241.2482,229.082,9.7831,0.7694
2016-01-07T01:07:59.372Z,1250.0522,1641.9745,229.4185,7.1565,0.7611,1281.2901,1716.7402,228.6489,7.5079,0.7464,1737.6465,2245.5585,228.3687,9.8325,0.7734
2016-01-07T01:08:59.141Z,1247.0549,1634.746,229.2792,7.1294,0.7621,1280.988,1718.4058,228.8589,7.5082,0.7448,1727.3887,2234.4246,228.0149,9.799,0.7719
2016-01-07T01:09:59.369Z,1162.4052,1565.103,229.8384,6.809,0.7426,1191.233,1645.8941,228.9704,7.1874,0.7232,1639.6011,2160.9584,228.3996,9.461,0.7578
2016-01-07T01:10:59.671Z,1112.4438,1520.8327,229.8258,6.6171,0.7309,1136.2197,1593.7539,228.6962,6.9687,0.7127,1589.2119,2110.8838,228.4017,9.2411,0.7522
2016-01-07T01:11:59.889Z,1132.6739,1539.631,229.1461,6.7181,0.7349,1166.5923,1610.0163,228.7491,7.0379,0.725,1629.3548,2147.6451,228.7007,9.3901,0.7592
2016-01-07T01:12:59.116Z,1125.5375,1550.3102,229.5173,6.7539,0.7261,1153.7903,1597.7547,228.6116,6.9884,0.7218,1638.533,2161.99,229.6999,9.4122,0.7574
2016-01-07T01:13:59.477Z,1073.3787,1502.6938,229.4604,6.549,0.7141,1114.2786,1563.0864,228.8882,6.8289,0.7122,1590.7204,2128.1586,230.2276,9.2442,0.7479
2016-01-07T01:14:59.776Z,1064.7172,1493.7043,229.5283,6.5064,0.7128,1100.7437,1554.3802,228.7643,6.7942,0.7084,1574.5904,2109.6852,230.0757,9.1692,0.747
2016-01-07T01:15:59.499Z,1095.9749,1522.6806,229.7549,6.6267,0.7199,1125.1061,1572.587,228.4026,6.8851,0.7158,1603.4624,2130.2479,229.9485,9.2633,0.7526
2016-01-07T01:16:59.977Z,1064.4324,1494.3469,228.6875,6.5341,0.7121,1116.017,1552.4542,228.6886,6.7886,0.719,1598.506,2135.5735,230.454,9.2662,0.7495
2016-01-07T01:17:59.583Z,1087.4092,1511.2733,228.5963,6.6104,0.7197,1130.433,1561.7073,228.3994,6.8372,0.7236,1616.9894,2145.2089,230.3479,9.3122,0.753
2016-01-07T01:18:59.547Z,1060.8467,1514.434,228.9991,6.6126,0.7006,1091.1688,1502.8348,226.3262,6.6388,0.7258,1645.9574,2160.442,231.1629,9.3451,0.7618
2016-01-07T01:19:59.853Z,1085.798,1539.8463,230.117,6.6911,0.7048,1103.1359,1528.2643,226.8678,6.7356,0.7223,1649.5233,2163.0737,231.1061,9.3589,0.7639
2016-01-07T01:20:59.174Z,1080.8908,1524.9009,230.2827,6.6217,0.7084,1102.51,1550.824,228.4669,6.7879,0.7103,1607.0208,2130.4004,230.4222,9.2451,0.7543
2016-01-07T01:21:59.855Z,1099.6864,1540.4893,230.2512,6.6899,0.7144,1111.3422,1554.2363,228.1333,6.8124,0.7151,1627.4982,2144.4958,230.4392,9.3057,0.7597
2016-01-07T01:22:59.243Z,1085.3255,1530.9611,230.5893,6.6388,0.7089,1102.7899,1552.4992,228.6397,6.7901,0.7106,1612.7989,2138.0403,230.741,9.2657,0.7538
2016-01-07T01:23:59.498Z,1096.1946,1527.4683,230.6066,6.6234,0.7177,1130.7788,1583.7406,229.3486,6.9048,0.7141,1612.5779,2147.7508,230.5584,9.3148,0.7503
2016-01-07T01:24:59.062Z,1079.6827,1512.66,230.2752,6.5682,0.7142,1125.3582,1572.4152,229.1961,6.8598,0.7158,1606.4518,2142.6011,230.389,9.2992,0.7501
2016-01-07T01:25:59.381Z,1097.195,1527.1763,230.5504,6.6236,0.7186,1128.233,1572.1464,228.687,6.8743,0.7179,1616.8424,2140.1486,229.8517,9.3107,0.7557
2016-01-07T01:26:59.692Z,1093.1202,1527.347,230.2831,6.6318,0.7156,1112.0326,1554.4309,228.4769,6.803,0.715,1614.6021,2134.459,230.0116,9.2797,0.7577
2016-01-07T01:27:59.463Z,1114.9312,1539.0091,230.5158,6.6767,0.7238,1118.609,1570.5491,228.5435,6.8719,0.7118,1610.8484,2120.0798,229.2799,9.2462,0.7599
2016-01-07T01:28:59.897Z,1109.6056,1528.4811,230.6549,6.6259,0.7262,1119.5508,1577.8291,228.8701,6.8938,0.7093,1594.0254,2109.2664,229.0747,9.2073,0.7559
2016-01-07T01:29:59.273Z,1117.3593,1532.4383,230.6891,6.6427,0.7288,1131.923,1589.7982,229.1317,6.9382,0.7121,1598.7429,2114.1093,228.9185,9.2348,0.7565
2016-01-07T01:30:59.118Z,1119.989,1535.2637,230.5555,6.6578,0.7292,1118.7684,1579.0318,228.8174,6.9001,0.7087,1593.3592,2098.7026,228.4094,9.1878,0.7597
2016-01-07T01:31:59.315Z,1118.6522,1562.3929,230.613,6.7746,0.7158,1086.6966,1512.6701,225.4639,6.7088,0.7177,1652.6619,2126.5734,229.1432,9.2797,0.7776
2016-01-07T01:32:59.936Z,1123.6191,1579.5377,231.5266,6.8219,0.7113,1073.1025,1504.2478,225.2197,6.6784,0.7133,1654.5136,2123.7636,229.3331,9.2598,0.7796
2016-01-07T01:33:59.140Z,1152.1682,1566.2406,231.5485,6.7635,0.7365,1098.1443,1567.8345,227.8658,6.8802,0.7,1592.8183,2068.184,226.9007,9.1144,0.7699
2016-01-07T01:35:59.306Z,1108.5832,1525.705,230.3389,6.6236,0.7266,1129.6027,1575.1744,228.2764,6.9,0.7172,1609.0563,2122.7147,229.1008,9.2651,0.7587
2016-01-07T01:36:59.957Z,1110.9196,1528.8033,230.2953,6.6381,0.7266,1132.608,1577.1538,228.4253,6.9043,0.718,1614.0802,2127.8501,229.2315,9.2821,0.7588
2016-01-07T01:37:59.131Z,1100.1299,1516.1782,229.9719,6.5924,0.7255,1137.4717,1576.5944,228.3432,6.9039,0.7219,1611.1442,2129.858,229.3187,9.2867,0.7574
2016-01-07T01:38:59.412Z,1090.404,1514.3438,229.5411,6.597,0.7204,1141.1584,1562.9979,228.1524,6.8507,0.73,1638.3407,2157.9442,229.6788,9.395,0.76
2016-01-07T01:39:59.187Z,1090.5899,1517.2139,229.6002,6.608,0.7189,1129.7228,1552.5608,227.8643,6.813,0.7276,1634.8756,2151.5834,229.8228,9.3616,0.7601
2016-01-07T01:40:59.651Z,1104.811,1526.4729,229.4158,6.6538,0.7241,1132.9977,1550.8731,227.1102,6.828,0.7308,1644.946,2149.0392,229.3401,9.3699,0.7661
2016-01-07T01:41:59.923Z,1089.7844,1511.2072,229.32,6.5897,0.721,1132.7884,1550.6096,227.3336,6.8203,0.7303,1635.2933,2147.1511,229.4579,9.3573,0.7618
2016-01-07T01:42:59.637Z,1102.034,1521.6618,229.6758,6.6244,0.7246,1145.9565,1568.2201,227.7212,6.8866,0.7306,1640.784,2157.2833,229.5983,9.3954,0.7602
2016-01-07T01:43:59.293Z,1095.4789,1505.8206,229.718,6.5546,0.7274,1146.2881,1583.5874,228.3879,6.9331,0.7238,1607.862,2131.5849,229.2924,9.2956,0.7538
2016-01-07T01:44:59.451Z,1109.2494,1524.2539,230.1338,6.6234,0.7279,1156.5151,1593.0077,228.7891,6.9623,0.7259,1627.829,2155.2032,229.8832,9.3742,0.7556
2016-01-07T01:45:59.666Z,1097.5403,1519.4248,230.1531,6.6014,0.7214,1138.744,1580.0373,228.904,6.9019,0.7203,1619.1371,2147.6532,230.1596,9.331,0.7528
2016-01-07T01:46:59.004Z,1112.7361,1525.583,230.2345,6.6258,0.7295,1161.1112,1604.3869,229.2689,6.9975,0.7233,1619.6311,2149.578,229.5584,9.3634,0.7525
2016-01-07T01:47:59.564Z,1091.6032,1504.4699,229.8034,6.5469,0.7252,1155.8859,1593.0986,229.1662,6.9507,0.7256,1613.256,2150.2414,229.8336,9.3551,0.7501
2016-01-07T01:48:59.212Z,1014.518,1390.2383,230.0645,6.0464,0.6717,1057.7404,1470.6325,229.548,6.4111,0.6555,1460.1787,1943.53,229.7994,8.4665,0.7494
2016-01-07T01:49:59.533Z,47.0968,216.7274,230.7068,0.9414,0.0746,65.2953,229.9008,230.2781,1.0005,0.0826,167.6311,283.8973,232.0435,1.2276,0.6882
2016-01-07T01:50:59.691Z,495.097,1070.9508,229.5161,4.6654,0.4606,573.4467,1177.7356,229.0447,5.1418,0.4857,602.77,1299.058,230.4448,5.637,0.4633
2016-01-07T01:51:59.861Z,81.6689,247.9962,230.9731,1.077,0.0992,86.6783,237.1572,230.4037,1.0322,0.1081,198.4332,310.6442,231.7994,1.3428,0.7114
2016-01-07T01:52:59.154Z,331.092,555.9383,230.9134,2.4156,0.2552,346.678,567.0037,229.9908,2.4786,0.2569,823.0812,1086.3157,231.144,4.7112,0.7966
2016-01-07T01:53:59.902Z,1162.9753,1575.5621,229.98,6.8503,0.7379,1200.1818,1634.6479,228.3864,7.1569,0.7342,1677.9132,2197.518,229.9416,9.5568,0.7636
2016-01-07T01:54:59.355Z,1228.0035,1635.1029,229.8522,7.1136,0.7511,1271.931,1692.5873,228.1472,7.4179,0.751,1753.7438,2267.0608,230.013,9.8555,0.7727
2016-01-07T01:55:59.622Z,1148.9078,1564.1264,230.0433,6.7991,0.7346,1201.222,1635.806,228.8594,7.1477,0.7339,1671.8508,2200.9227,230.4661,9.5496,0.7594
2016-01-07T01:56:59.103Z,1127.7752,1552.4625,230.6404,6.7309,0.7266,1173.1419,1623.0524,229.3371,7.0771,0.7226,1642.6564,2179.9216,230.9022,9.4401,0.7528
2016-01-07T01:57:59.479Z,1130.0953,1554.1134,230.2082,6.7509,0.7271,1187.0663,1631.1714,229.3542,7.1117,0.728,1655.8452,2197.6141,230.8058,9.5207,0.7527
2016-01-07T01:58:59.840Z,1127.5691,1543.4516,229.9538,6.7114,0.7304,1203.5022,1638.5072,229.1877,7.1486,0.7342,1658.192,2201.8393,230.3374,9.559,0.7524
2016-01-07T01:59:59.103Z,1095.6064,1515.1839,229.7398,6.5951,0.7228,1163.6445,1596.4826,228.5285,6.9859,0.7286,1626.3925,2163.6525,230.0275,9.4059,0.752
2016-01-07T02:00:59.570Z,1078.4286,1508.0938,229.3452,6.5758,0.7153,1124.562,1550.0447,227.1978,6.8223,0.7254,1619.8902,2142.6023,229.8547,9.3204,0.756
2016-01-07T02:01:59.138Z,1077.6586,1549.6449,230.1342,6.7332,0.6953,1080.0182,1484.4823,224.5338,6.6116,0.7275,1678.6947,2170.251,230.995,9.3945,0.7735
2016-01-07T02:02:59.602Z,1069.6177,1513.1826,229.4936,6.5935,0.7071,1112.4111,1542.583,227.6142,6.7765,0.7214,1622.8053,2147.7954,230.5743,9.3145,0.7551
2016-01-07T02:03:59.210Z,1070.5,1493.1698,229.5031,6.5055,0.7171,1146.9984,1585.0699,229.0727,6.9196,0.7242,1604.3057,2151.219,230.3103,9.3402,0.7461
2016-01-07T02:04:59.649Z,1064.1422,1484.7073,229.0959,6.481,0.7163,1148.184,1583.8329,229.454,6.9027,0.7252,1600.1461,2149.6097,230.1588,9.3392,0.7437
2016-01-07T02:05:59.997Z,1072.0718,1494.1218,228.825,6.5294,0.7177,1148.1037,1588.4286,229.7571,6.9134,0.7227,1603.11,2151.0059,230.5057,9.3306,0.7452
2016-01-07T02:06:59.309Z,1086.5162,1527.9307,230.376,6.632,0.7115,1124.3048,1570.117,228.6749,6.8657,0.7157,1616.9642,2151.9459,231.0324,9.3141,0.7503
2016-01-07T02:07:59.017Z,1073.7217,1502.5643,229.9917,6.5322,0.7142,1143.846,1583.4181,229.1093,6.9106,0.7219,1609.1776,2156.6972,230.6871,9.3488,0.7462
2016-01-07T02:08:59.863Z,1076.2124,1498.3889,229.5709,6.5266,0.7186,1153.8964,1590.9833,229.1971,6.9411,0.7255,1610.6041,2155.7027,230.4199,9.3555,0.7484
2016-01-07T02:09:59.197Z,1082.0825,1510.7935,229.9348,6.5706,0.7164,1139.4267,1582.5418,228.956,6.9112,0.7202,1611.4287,2151.8087,230.7812,9.3237,0.7493
2016-01-07T02:10:59.120Z,1092.0998,1517.1457,229.663,6.6055,0.7197,1140.0234,1575.9257,228.462,6.8973,0.7237,1620.6002,2150.7108,230.2048,9.3416,0.752
2016-01-07T02:11:59.601Z,1101.4578,1531.4567,230.2409,6.6512,0.7199,1119.28,1561.1827,228.1438,6.8418,0.7174,1618.8155,2132.2396,229.653,9.2844,0.7599
2016-01-07T02:12:59.648Z,1102.2446,1538.1644,230.5221,6.6719,0.7165,1126.6707,1571.0067,228.7098,6.8682,0.7174,1626.679,2151.2711,230.4251,9.3354,0.7571
2016-01-07T02:13:59.107Z,1088.3336,1527.7689,230.4382,6.6299,0.7124,1121.5137,1560.9585,228.4778,6.8316,0.7188,1628.2708,2154.4763,230.6484,9.3402,0.7555
2016-01-07T02:14:59.982Z,1097.121,1540.4641,230.8103,6.6733,0.7123,1127.7208,1567.0296,228.5964,6.8546,0.7196,1636.5637,2161.4721,230.6103,9.3725,0.7578
2016-01-07T02:15:59.191Z,1081.405,1522.3777,230.329,6.609,0.7107,1126.7067,1564.8575,228.8051,6.839,0.7193,1629.7206,2161.1924,230.7461,9.3658,0.7535
2016-01-07T02:16:59.519Z,1090.0003,1528.5906,230.2932,6.6369,0.713,1136.8828,1568.3858,228.5634,6.8618,0.7244,1642.4694,2170.3749,230.5554,9.4134,0.757
2016-01-07T02:17:59.752Z,1075.3512,1515.1572,230.0372,6.5864,0.7097,1134.1853,1562.0891,228.7593,6.8283,0.7261,1634.7544,2166.913,230.6774,9.3933,0.7543
2016-01-07T02:18:59.522Z,1092.0794,1519.7446,229.2919,6.6277,0.7186,1147.532,1566.3368,228.1887,6.8632,0.7328,1646.9736,2170.9963,230.3311,9.425,0.7593
2016-01-07T02:19:59.820Z,1085.919,1520.9323,229.8068,6.6184,0.7137,1130.8368,1560.8401,228.4813,6.831,0.7242,1630.6033,2156.9682,230.6061,9.353,0.7562
2016-01-07T02:20:59.088Z,1099.7572,1517.7295,229.2901,6.6192,0.7245,1154.856,1585.2659,228.599,6.9345,0.7284,1630.4752,2155.4597,229.8727,9.3763,0.7566
2016-01-07T02:21:59.273Z,1093.0573,1514.4333,229.6259,6.5948,0.7218,1139.4942,1573.848,228.8068,6.8776,0.7247,1619.2377,2145.0631,229.9943,9.326,0.7549
2016-01-07T02:22:59.153Z,1110.882,1532.8492,229.7364,6.6712,0.7251,1147.7119,1586.759,229.1998,6.9224,0.723,1631.0601,2152.6536,229.6291,9.3739,0.759
2016-01-07T02:23:59.549Z,1094.5153,1509.6589,229.6435,6.5735,0.7255,1146.6969,1593.4421,229.7785,6.934,0.7197,1602.0267,2135.244,229.4288,9.3068,0.7512
2016-01-07T02:24:59.023Z,1115.4058,1515.6309,229.7307,6.5962,0.7364,1174.0244,1624.0394,229.8515,7.0658,0.7225,1602.3161,2137.9768,229.1772,9.3281,0.7495
2016-01-07T02:25:59.634Z,1097.9816,1501.2945,229.8611,6.5309,0.7309,1162.7301,1614.7091,230.1896,7.0148,0.7203,1591.1611,2130.1481,229.1525,9.2947,0.748
2016-01-07T02:26:59.866Z,1108.7938,1510.9277,229.3101,6.5886,0.734,1172.8611,1614.7797,229.5776,7.0337,0.7267,1612.4764,2144.2099,229.1227,9.358,0.751
2016-01-07T02:27:59.776Z,1098.1646,1503.5301,229.6209,6.5472,0.7298,1157.4627,1602.9861,229.5533,6.9826,0.7224,1596.3616,2130.304,229.1955,9.294,0.7496
2016-01-07T02:28:59.041Z,1112.9216,1512.341,229.2876,6.5957,0.7356,1179.9333,1619.2526,229.5017,7.0545,0.7291,1615.1618,2147.992,229.1757,9.3725,0.7509
2016-01-07T02:29:59.402Z,1095.4606,1499.4457,229.4241,6.5349,0.7309,1166.578,1606.0591,229.4893,6.9982,0.7262,1606.2106,2141.201,229.177,9.3429,0.7504
2016-01-07T02:30:59.684Z,1106.4312,1506.7347,228.9287,6.581,0.7343,1182.5947,1610.6548,229.088,7.0303,0.7342,1626.0801,2157.0269,229.1364,9.413,0.753
2016-01-07T02:31:59.573Z,1089.6521,1496.0124,228.8451,6.5364,0.7284,1168.4366,1598.3485,229.3043,6.9699,0.7308,1615.8318,2153.0436,229.4964,9.3809,0.75
2016-01-07T02:32:59.875Z,1110.8802,1521.1691,229.7272,6.6211,0.7308,1176.689,1617.3662,229.3044,7.0527,0.7271,1624.295,2161.4627,230.0221,9.3966,0.7509
2016-01-07T02:33:59.228Z,1105.8997,1517.3643,229.6764,6.6061,0.7289,1160.7212,1603.9934,229.1036,7.0006,0.7238,1613.9184,2147.0148,230.0567,9.3324,0.7511
2016-01-07T02:35:59.784Z,1117.2979,1530.0711,230.0404,6.651,0.7304,1164.2891,1613.8794,229.2116,7.0409,0.7217,1615.3119,2145.5284,229.9629,9.3292,0.7521
2016-01-07T02:36:59.438Z,1122.4618,1524.2737,229.9047,6.6298,0.7364,1174.1047,1624.5762,229.1051,7.0904,0.7222,1610.6497,2139.4582,229.4597,9.323,0.7516
2016-01-07T02:37:59.774Z,1128.1697,1527.7149,230.3264,6.6326,0.7381,1168.9002,1630.3152,229.2571,7.1112,0.7166,1597.1552,2125.1478,229.4056,9.2632,0.7507
2016-01-07T02:38:59.186Z,115.9512,258.1697,231.7609,1.1173,0.1153,106.7284,236.873,230.7262,1.0304,0.0957,252.1396,342.6557,231.4143,1.492,0.7238
2016-01-07T02:39:59.872Z,408.196,945.1779,230.5527,4.1033,0.3883,452.7249,1042.4803,229.0932,4.5526,0.393,505.2678,1169.3944,230.6307,5.0739,0.462
2016-01-07T02:40:59.228Z,291.0393,630.7742,230.2066,2.7447,0.2758,324.7306,666.0775,229.3566,2.9115,0.2852,411.5565,768.0303,231.8121,3.3215,0.6144
2016-01-07T02:41:59.936Z,4.9275,121.2484,230.3651,0.526,0.0384,4.1121,100.3328,230.4633,0.4352,0.0397,328.9761,393.647,231.8462,1.698,0.7952
2016-01-07T02:42:59.119Z,1033.3668,1460.609,229.8,6.3574,0.6778,1090.7386,1552.722,228.8356,6.7897,0.6865,1578.3101,2103.0736,231.2197,9.0972,0.7515
2016-01-07T02:43:59.551Z,1160.7964,1605.7248,229.7204,6.9895,0.723,1195.6723,1610.6879,227.2288,7.0879,0.7424,1737.2078,2255.9491,231.7311,9.7349,0.7699
2016-01-07T02:44:59.226Z,1211.2631,1644.1735,229.8842,7.152,0.7366,1262.1943,1669.411,227.4873,7.3377,0.7563,1786.3402,2305.2806,231.6548,9.9507,0.7747
2016-01-07T02:45:59.886Z,1147.1966,1556.828,229.6219,6.7799,0.7371,1215.0862,1656.6513,229.4705,7.2191,0.7334,1661.0611,2201.2551,230.5165,9.5485,0.7546
2016-01-07T02:46:59.834Z,1087.6318,1498.0282,229.9166,6.5153,0.7264,1163.3567,1617.3726,229.9011,7.0348,0.7191,1589.9957,2143.4291,230.2669,9.3084,0.7412
2016-01-07T02:47:59.117Z,1076.9099,1489.1999,230.1018,6.4717,0.7233,1144.378,1604.5536,229.7778,6.9828,0.7131,1571.7642,2125.1416,230.2562,9.2291,0.7398
2016-01-07T02:48:59.457Z,1076.7944,1495.0013,229.8782,6.5031,0.7203,1148.7837,1598.1927,229.4657,6.9647,0.7182,1590.2982,2139.7871,230.3434,9.2892,0.7424
2016-01-07T02:49:59.772Z,1060.6234,1479.2316,229.4434,6.4467,0.7169,1136.8319,1573.4977,228.7291,6.8796,0.7218,1589.4864,2133.4057,229.9869,9.2752,0.7452
2016-01-07T02:50:59.569Z,1056.0207,1465.2817,229.3817,6.3876,0.7201,1139.6247,1576.6266,228.6425,6.8952,0.7227,1572.1535,2116.8075,229.0858,9.2398,0.7428
2016-01-07T02:51:59.942Z,1074.718,1472.9066,228.667,6.4407,0.7299,1157.4513,1593.0063,229.2478,6.9489,0.7263,1584.5922,2123.6357,228.7403,9.2838,0.7468
2016-01-07T02:52:59.605Z,1063.2798,1488.4353,229.8252,6.4761,0.7143,1129.897,1572.0755,228.929,6.8663,0.7188,1591.3147,2133.3838,230.32,9.2625,0.747
2016-01-07T02:53:59.457Z,1081.656,1499.594,229.5396,6.533,0.7214,1146.22,1589.1909,228.8194,6.9447,0.721,1601.0339,2139.8314,230.2933,9.2912,0.7492
2016-01-07T02:54:59.869Z,1066.7999,1483.4078,229.5603,6.462,0.7189,1140.6303,1583.2657,228.851,6.9179,0.7209,1583.7439,2130.1674,230.3056,9.2493,0.7429
2016-01-07T02:55:59.262Z,1079.054,1486.8601,229.1126,6.4887,0.7257,1168.5424,1606.0331,228.9762,7.0134,0.7275,1599.0215,2148.5852,230.3502,9.3275,0.7447
2016-01-07T02:56:59.085Z,1060.3566,1460.0099,228.3204,6.3946,0.7267,1173.8016,1609.544,229.7996,7.0037,0.7293,1578.09,2139.7172,230.398,9.2869,0.7385
2016-01-07T02:57:59.328Z,1086.9596,1485.8862,228.564,6.5007,0.7318,1182.2693,1617.8369,229.5067,7.0488,0.731,1597.9193,2148.2987,230.2729,9.3283,0.7436
2016-01-07T02:58:59.571Z,1080.3643,1491.6817,228.8793,6.5167,0.7243,1150.3911,1589.6574,229.3363,6.931,0.724,1595.1899,2137.0748,230.3192,9.279,0.747
2016-01-07T02:59:59.154Z,1102.2788,1498.5278,228.3096,6.5629,0.736,1174.5636,1605.2409,228.5463,7.0233,0.7318,1605.8328,2136.3646,229.427,9.3112,0.7513
2016-01-07T03:00:59.611Z,1091.212,1487.8248,228.0229,6.5249,0.7334,1155.7433,1584.9297,228.1397,6.9471,0.7298,1595.0684,2119.7606,229.2043,9.2479,0.7521
2016-01-07T03:01:59.924Z,1118.4483,1519.9364,227.5734,6.6791,0.7358,1144.4231,1555.4879,226.0101,6.8822,0.7358,1636.8536,2125.1561,228.4151,9.3036,0.7706
2016-01-07T03:02:59.278Z,1082.8071,1493.6253,227.4113,6.5676,0.7247,1144.0572,1552.7089,227.3573,6.8291,0.7376,1627.6664,2140.533,229.214,9.3378,0.7603
2016-01-07T03:03:59.636Z,1096.3456,1494.2638,227.3732,6.5714,0.7341,1175.0846,1591.8998,228.3461,6.9711,0.7386,1623.1697,2150.9414,229.3273,9.3789,0.7547
2016-01-07T03:04:59.869Z,1071.633,1461.9926,227.4134,6.4289,0.7326,1189.1186,1611.5372,229.4872,7.022,0.7382,1594.0846,2149.0146,229.6283,9.359,0.7417
2016-01-07T03:05:59.152Z,1088.2051,1485.184,228.428,6.5014,0.7326,1198.485,1625.4934,229.4414,7.0842,0.738,1613.2186,2165.7551,229.8981,9.4199,0.7448
2016-01-07T03:06:59.374Z,1077.0299,1482.4074,228.7556,6.4797,0.7261,1175.9628,1605.7829,229.4017,6.9993,0.7319,1607.4457,2157.5103,229.819,9.3877,0.7449
2016-01-07T03:07:59.897Z,1082.4216,1483.0819,228.5465,6.4886,0.7304,1200.35,1621.7393,229.4326,7.0682,0.7401,1627.0902,2182.0369,230.0589,9.4843,0.7456
2016-01-07T03:08:59.021Z,1074.1606,1472.9786,228.3563,6.4502,0.7291,1192.2899,1615.163,229.5077,7.0374,0.7378,1608.8532,2163.4139,229.7686,9.4153,0.7432
2016-01-07T03:09:59.718Z,1093.0782,1489.1929,228.2029,6.5259,0.7346,1197.462,1613.8526,228.7158,7.056,0.7418,1627.2396,2167.3787,229.4124,9.4466,0.7501
2016-01-07T03:10:59.037Z,1093.9393,1493.692,228.6628,6.5313,0.7318,1174.8142,1597.8171,228.1612,7.0027,0.7353,1616.8591,2146.5348,229.1201,9.3682,0.7522
2016-01-07T03:11:59.319Z,1117.4521,1524.2312,229.01,6.6553,0.7333,1163.6753,1584.629,227.2963,6.9711,0.7346,1638.9041,2144.2286,228.663,9.3763,0.7649
2016-01-07T03:12:59.057Z,1101.1966,1521.0807,228.9689,6.6431,0.7242,1155.2208,1579.0201,228.109,6.922,0.7317,1636.646,2155.669,229.7279,9.3831,0.7598
2016-01-07T03:13:59.337Z,1112.4894,1533.0457,228.8323,6.6991,0.7256,1157.8303,1577.5407,227.9276,6.9209,0.7347,1651.2572,2162.5771,229.632,9.4172,0.7633
2016-01-07T03:14:59.597Z,1111.2364,1530.3091,228.9768,6.6833,0.7267,1154.8738,1576.3831,227.9676,6.9144,0.7322,1642.1812,2155.2529,229.544,9.3887,0.7616
2016-01-07T03:15:59.112Z,1111.3331,1523.8998,229.0058,6.6537,0.7288,1171.3165,1591.9154,227.9387,6.9834,0.7361,1644.5448,2164.8218,229.7508,9.4216,0.7599
2016-01-07T03:16:59.446Z,1109.4087,1536.8459,228.9489,6.7123,0.7226,1149.3478,1565.1289,227.4316,6.881,0.7342,1659.1476,2167.6558,230.1109,9.4198,0.7654
2016-01-07T03:17:59.741Z,1115.8393,1543.8764,228.9967,6.7413,0.723,1149.3054,1562.6538,227.3204,6.8736,0.7354,1667.2036,2172.2861,230.0459,9.4422,0.7682
2016-01-07T03:18:59.272Z,1107.691,1534.2417,229.0799,6.6969,0.7219,1153.4854,1565.3428,227.2749,6.8867,0.7372,1664.4648,2175.6257,229.934,9.4616,0.7643
2016-01-07T03:19:59.596Z,1100.2062,1515.4072,228.56,6.63,0.726,1171.1506,1575.4169,227.5021,6.9243,0.7439,1661.1337,2178.7249,229.5162,9.492,0.7618
2016-01-07T03:20:59.968Z,1104.3602,1518.2474,228.3032,6.6493,0.7276,1170.9781,1574.5403,227.4438,6.9231,0.7434,1659.4169,2173.3283,229.2697,9.4792,0.7633
2016-01-07T03:21:59.299Z,1088.602,1505.041,226.6794,6.6393,0.7232,1169.7865,1548.6453,226.7149,6.8299,0.7555,1684.1591,2196.2038,229.7761,9.5572,0.7672
2016-01-07T03:22:59.136Z,1104.9703,1516.8644,227.9342,6.6548,0.7286,1178.0297,1582.472,228.0222,6.9394,0.744,1661.3481,2182.0582,229.5511,9.5053,0.7603
2016-01-07T03:23:59.806Z,1108.6848,1514.2523,228.1754,6.6357,0.7327,1176.0118,1587.9001,228.4146,6.9516,0.7412,1648.4497,2168.2181,229.1143,9.4632,0.7599
2016-01-07T03:24:59.418Z,1114.0752,1513.3817,227.7934,6.643,0.7363,1189.8755,1598.8792,228.4407,6.9988,0.744,1653.0409,2171.1827,228.921,9.4839,0.7604
2016-01-07T03:25:59.677Z,1104.281,1499.555,227.958,6.5778,0.737,1191.7231,1609.6949,228.687,7.0382,0.7402,1630.883,2161.4032,229.1261,9.4321,0.7543
2016-01-07T03:26:59.002Z,1110.1393,1523.3112,228.3501,6.6704,0.7287,1182.25,1585.3948,227.5055,6.9671,0.7456,1671.844,2190.404,229.8589,9.5289,0.7634
2016-01-07T03:27:59.277Z,1090.6433,1519.5813,228.0713,6.6624,0.718,1157.6762,1545.9168,226.2171,6.8326,0.7486,1682.5754,2191.4739,229.9552,9.5297,0.768
2016-01-07T03:28:59.765Z,912.5661,1262.4607,228.3901,5.5347,0.6101,973.3581,1326.947,228.7786,5.8068,0.6116,1365.4659,1799.2184,229.9464,7.8383,0.7527
2016-01-07T03:29:59.613Z,70.3071,260.9783,229.3914,1.1413,0.0954,95.3683,300.6738,229.733,1.3111,0.1083,196.1012,371.3864,231.7907,1.605,0.6716
2016-01-07T03:30:59.871Z,493.2812,1059.923,228.0687,4.6471,0.459,595.4371,1151.3533,228.5146,5.0389,0.5106,634.4402,1306.3341,230.4908,5.6678,0.486
2016-01-07T03:31:59.199Z,4.5343,116.2918,228.2133,0.5091,0.0382,5.2591,101.5216,228.5866,0.4443,0.0551,128.2963,176.7244,232.1713,0.7613,0.7282
2016-01-07T03:32:59.427Z,483.2078,780.8068,228.6287,3.4264,0.3466,503.4681,745.1887,228.259,3.2766,0.359,1036.5599,1327.2728,231.1873,5.7553,0.8132
2016-01-07T03:33:59.759Z,1153.1417,1577.2052,227.7942,6.9236,0.7303,1210.8216,1598.9724,226.9528,7.0454,0.757,1742.6632,2249.9123,229.9021,9.7854,0.7739
2016-01-07T03:34:59.069Z,1209.46,1611.1208,227.1433,7.0925,0.7507,1298.047,1673.2205,227.3048,7.3614,0.7756,1804.6741,2312.0401,229.4031,10.0781,0.7806
2016-01-07T03:35:59.885Z,1112.3159,1520.5703,227.4205,6.6859,0.7315,1203.4037,1593.513,227.5107,7.0037,0.7546,1689.9982,2213.3401,229.3405,9.6502,0.7627
2016-01-07T03:36:59.288Z,1177.8744,1579.1303,227.329,6.9463,0.7455,1264.7058,1654.2123,227.6041,7.2678,0.7643,1747.6703,2261.5194,229.3435,9.86,0.773
2016-01-07T03:37:59.686Z,1221.7588,1623.2527,227.4245,7.1373,0.7519,1308.7708,1694.4811,227.5536,7.4464,0.7721,1799.9987,2311.082,229.4288,10.072,0.7796
2016-01-07T03:38:59.443Z,1228.5828,1639.7205,228.1618,7.1866,0.75,1298.5742,1690.2426,227.5894,7.4269,0.7686,1807.5283,2314.8245,229.743,10.0751,0.7803
2016-01-07T03:39:59.701Z,1253.1363,1647.719,228.1954,7.2203,0.7609,1280.1497,1684.6017,227.0636,7.4187,0.7598,1774.2347,2252.376,226.9439,9.9237,0.7878
2016-01-07T03:40:59.071Z,1245.5656,1632.314,228.4326,7.1451,0.7625,1252.4124,1667.9651,226.8986,7.3507,0.7512,1731.9385,2201.9342,225.8267,9.7499,0.7874
2016-01-07T03:41:59.610Z,1189.4304,1565.4211,228.0704,6.8631,0.7597,1195.4265,1625.6466,227.3189,7.1512,0.7357,1643.9509,2117.8633,225.1089,9.4074,0.7758
2016-01-07T03:42:59.880Z,1111.3206,1535.5261,228.2742,6.7263,0.7237,1139.7559,1549.2489,226.497,6.8381,0.7353,1655.6388,2149.6302,228.2578,9.417,0.7707
2016-01-07T03:43:59.217Z,1078.9964,1530.7026,228.8534,6.688,0.7048,1082.9899,1486.1417,225.0351,6.6033,0.7286,1653.7885,2137.6384,229.3806,9.3183,0.7727
2016-01-07T03:44:59.624Z,1100.7718,1545.2059,228.6208,6.7584,0.7126,1098.7398,1503.6556,225.286,6.674,0.7309,1662.6019,2141.6129,229.1497,9.3455,0.7765
2016-01-07T03:45:59.027Z,1089.8653,1495.827,228.0727,6.5584,0.7292,1140.663,1570.3513,228.5676,6.8702,0.7265,1600.7273,2116.8457,228.2168,9.2751,0.7561
2016-01-07T03:46:59.346Z,1097.5122,1496.1027,228.4002,6.5498,0.7337,1157.987,1593.3004,229.1439,6.9533,0.7266,1599.4809,2122.7822,228.252,9.2991,0.7528
2016-01-07T03:47:59.974Z,1091.5171,1489.7037,228.5673,6.5174,0.7323,1151.8951,1593.5599,229.4812,6.9435,0.7229,1585.5059,2110.4667,228.0149,9.2552,0.7514
2016-01-07T03:48:59.228Z,1093.6335,1484.229,228.4898,6.4951,0.7367,1165.3203,1605.1662,229.5589,6.9922,0.7258,1583.0886,2113.0952,227.686,9.2802,0.7499
2016-01-07T03:49:59.833Z,1084.0922,1474.3386,228.1271,6.4624,0.7353,1162.3774,1593.1221,229.1279,6.9529,0.7298,1585.8519,2112.536,227.6807,9.2779,0.751
2016-01-07T03:50:59.560Z,1089.5616,1478.0716,227.977,6.4826,0.7374,1165.3743,1595.053,229.3371,6.9546,0.7307,1592.4698,2117.0228,227.604,9.301,0.7515
2016-01-07T03:51:59.026Z,1093.4844,1472.6315,227.4878,6.4733,0.742,1168.6724,1596.8942,229.3271,6.963,0.732,1583.5803,2103.633,226.9633,9.268,0.752
2016-01-07T03:52:59.425Z,1087.1756,1494.2519,228.3121,6.5444,0.7281,1150.2512,1577.174,229.1672,6.8822,0.7293,1608.4821,2131.4209,228.5376,9.3264,0.755
2016-01-07T03:53:59.143Z,1095.7672,1505.4424,228.7337,6.5813,0.7282,1146.488,1576.1953,228.8054,6.8881,0.7274,1612.2122,2130.2701,228.7839,9.3107,0.7578
2016-01-07T03:54:59.617Z,1097.2639,1514.5133,228.932,6.6152,0.7247,1132.3262,1557.0324,227.8547,6.8334,0.7274,1623.5299,2131.0547,228.9084,9.3094,0.7616
2016-01-07T03:55:59.431Z,1094.4898,1503.184,228.7216,6.5717,0.7282,1150.5182,1574.8982,228.4366,6.8942,0.7303,1618.4848,2135.206,228.6944,9.3358,0.7581
2016-01-07T03:56:59.687Z,1091.7707,1496.8093,228.7281,6.5441,0.7293,1146.9424,1573.6584,228.2403,6.8943,0.7289,1609.6359,2126.0943,228.7096,9.2957,0.7574
2016-01-07T03:57:59.038Z,1102.8634,1505.1693,228.6894,6.5815,0.7324,1155.3659,1582.0781,228.1757,6.9328,0.7306,1611.7216,2127.0128,228.5368,9.3068,0.7584
2016-01-07T03:58:59.255Z,1069.1786,1478.3026,227.5743,6.4952,0.723,1157.6268,1567.2402,228.4983,6.8584,0.7383,1620.6496,2153.2943,229.4499,9.384,0.7521
2016-01-07T03:59:59.509Z,1083.7864,1496.6922,227.4574,6.5793,0.7242,1152.2166,1549.653,227.1812,6.8212,0.7438,1644.4452,2155.296,228.9384,9.4133,0.7621
2016-01-07T04:00:59.248Z,1078.9555,1487.2972,226.996,6.5516,0.7248,1142.8316,1534.8243,226.6549,6.7711,0.7443,1637.5149,2139.446,228.4752,9.3629,0.7649
2016-01-07T04:01:59.415Z,1119.5301,1527.0988,227.6453,6.7077,0.7329,1124.8949,1523.276,225.1647,6.7654,0.7378,1646.6881,2113.1268,227.2157,9.2999,0.7794
2016-01-07T04:02:59.636Z,1094.7488,1510.603,227.2817,6.6461,0.7246,1123.6409,1524.8589,226.5682,6.7301,0.7366,1640.5232,2129.5719,228.3693,9.3248,0.7711
2016-01-07T04:03:59.411Z,1104.7134,1514.3975,226.9279,6.6729,0.7293,1137.3566,1532.177,226.3902,6.7678,0.7415,1652.0415,2138.6148,228.0258,9.3784,0.7713
2016-01-07T04:04:59.791Z,1093.9154,1508.9264,227.0845,6.6445,0.7246,1121.1548,1517.3765,226.3726,6.7021,0.7389,1645.7309,2128.5733,227.801,9.3438,0.7723
2016-01-07T04:05:59.529Z,1097.7233,1506.0191,227.178,6.6284,0.7292,1148.0318,1542.8236,227.2257,6.7891,0.7442,1650.3902,2144.8533,227.6304,9.4218,0.7694
2016-01-07T04:06:59.883Z,1082.0783,1488.5941,227.1719,6.5528,0.7277,1143.0197,1538.8866,227.3887,6.7674,0.742,1637.01,2135.8066,227.5007,9.388,0.7679
2016-01-07T04:07:59.250Z,1093.4795,1495.627,227.0182,6.5882,0.7308,1157.3299,1549.9987,227.267,6.8194,0.7474,1650.1338,2149.3866,227.4643,9.4488,0.7689
2016-01-07T04:08:59.502Z,1080.5804,1502.9877,226.9184,6.6229,0.7191,1119.1808,1493.3726,225.1312,6.6326,0.75,1667.8403,2145.8343,227.5611,9.429,0.7774
2016-01-07T04:09:59.144Z,1104.2291,1524.8284,226.6804,6.7263,0.7242,1121.8899,1487.3013,223.6066,6.6506,0.754,1692.4507,2151.6118,227.5591,9.4545,0.7863
2016-01-07T04:10:59.443Z,1090.7317,1493.6646,226.0457,6.6077,0.7303,1132.5666,1508.9003,225.1712,6.7008,0.7506,1655.7682,2131.313,227.2926,9.3768,0.7771
2016-01-07T04:11:59.479Z,1125.2409,1531.0492,226.4937,6.7593,0.7353,1125.8713,1502.0494,223.7826,6.7118,0.75,1674.7049,2123.804,226.4672,9.3773,0.7883
2016-01-07T04:12:59.263Z,1110.5782,1534.4761,227.2338,6.7518,0.7236,1101.9991,1485.0476,224.0453,6.6276,0.7427,1670.8945,2125.9585,227.6078,9.3399,0.7848
2016-01-07T04:13:59.409Z,1118.3638,1529.6762,226.4978,6.7531,0.731,1131.6746,1508.9234,224.2921,6.7271,0.7501,1679.3628,2142.5988,227.6247,9.4118,0.7827
2016-01-07T04:14:59.773Z,1106.8094,1514.8278,226.3661,6.6913,0.7306,1122.4352,1506.2094,224.6103,6.7057,0.7452,1654.6229,2120.9341,227.3694,9.3279,0.7798
2016-01-07T04:15:59.400Z,1115.1443,1514.9312,226.2967,6.6938,0.7362,1151.8188,1532.1421,225.0384,6.8081,0.7516,1668.4027,2142.1882,227.5312,9.4147,0.7793
2016-01-07T04:16:59.559Z,1097.2524,1508.3616,226.7449,6.6519,0.7272,1134.0316,1513.6498,225.0317,6.7259,0.7497,1661.6894,2142.0688,227.8496,9.4004,0.7759
2016-01-07T04:17:59.935Z,1104.8991,1521.5706,226.6892,6.7119,0.726,1140.5283,1511.163,224.6604,6.726,0.7541,1692.647,2169.3212,228.2602,9.5036,0.78
2016-01-07T04:18:59.576Z,799.8118,1128.7317,226.7957,4.9831,0.5426,835.4225,1137.9091,225.5657,5.0502,0.5578,1251.1797,1615.7525,228.5075,7.086,0.7646
2016-01-07T04:19:59.895Z,99.813,326.5788,227.6238,1.4374,0.1232,128.1666,356.7303,225.7156,1.5849,0.1459,234.6522,430.3141,229.9409,1.8749,0.6614
2016-01-07T04:20:59.524Z,506.1656,1067.4347,225.7587,4.729,0.4732,562.6569,1074.0617,224.3146,4.7878,0.5226,678.8532,1266.3836,227.9709,5.5541,0.5345
2016-01-07T04:21:59.680Z,19.0942,144.0186,226.3943,0.6359,0.0463,19.2322,120.3938,225.1229,0.5346,0.0576,142.6725,200.0891,230.2668,0.8692,0.7285
2016-01-07T04:22:59.191Z,454.2418,712.5204,227.1047,3.1355,0.3313,494.5931,761.2931,226.3,3.3637,0.3503,1012.0563,1295.816,229.8375,5.6429,0.8138
2016-01-07T04:23:59.782Z,1134.961,1543.2423,226.7232,6.8066,0.736,1194.3521,1576.213,226.3673,6.9626,0.7577,1709.1671,2209.5411,228.9107,9.6522,0.7727
2016-01-07T04:24:59.138Z,1204.2666,1599.2928,226.7097,7.0539,0.7528,1260.3469,1644.8961,226.6566,7.2573,0.7661,1758.2725,2250.473,228.4412,9.8515,0.7811
2016-01-07T04:25:59.116Z,1194.4681,1577.5011,226.6857,6.9588,0.757,1264.8113,1655.4462,227.4824,7.2766,0.7635,1733.2766,2233.8766,228.0451,9.7953,0.7756
2016-01-07T04:26:59.427Z,1138.8131,1508.2412,227.3009,6.6346,0.7554,1185.8298,1606.5503,227.8681,7.0496,0.7382,1613.408,2107.6102,225.8269,9.3318,0.7664
2016-01-07T04:27:59.795Z,1125.5454,1490.5292,227.5672,6.5494,0.755,1146.0039,1581.9181,227.8594,6.942,0.7243,1565.679,2047.7572,224.6092,9.1161,0.7648
2016-01-07T04:28:59.694Z,1100.313,1484.6987,226.5121,6.5532,0.7408,1138.0908,1541.2037,226.5996,6.8013,0.7391,1606.362,2092.746,226.3312,9.2458,0.768
2016-01-07T04:29:59.980Z,1130.1788,1494.0333,226.6701,6.5906,0.7563,1143.9757,1560.6188,226.5963,6.887,0.7333,1587.2303,2051.849,224.0673,9.1557,0.7747
2016-01-07T04:30:59.277Z,1120.355,1484.275,226.839,6.5428,0.7547,1119.193,1542.514,226.5467,6.8081,0.7249,1568.169,2026.9558,223.2574,9.0786,0.7736
2016-01-07T04:31:59.567Z,1115.039,1475.9947,226.0048,6.5306,0.7551,1144.1969,1553.0391,226.719,6.8499,0.7366,1586.1924,2056.4172,224.0489,9.1771,0.771
2016-01-07T04:32:59.488Z,1105.5303,1478.9485,226.1257,6.5402,0.7478,1148.6806,1554.2699,226.6877,6.8563,0.7391,1597.5003,2079.8083,225.5875,9.2191,0.7684
2016-01-07T04:33:59.868Z,1088.6124,1477.337,226.3152,6.5276,0.736,1118.6766,1524.8703,226.069,6.744,0.7338,1595.7775,2078.1325,226.6993,9.1663,0.768
2016-01-07T04:34:59.496Z,1113.3722,1510.0129,227.043,6.6508,0.7371,1126.2796,1540.3579,226.368,6.8043,0.7308,1614.6637,2092.66,227.3256,9.2047,0.771
2016-01-07T04:35:59.314Z,1116.7822,1516.5884,227.3572,6.67,0.7365,1108.7403,1530.6024,226.4237,6.7598,0.724,1602.7307,2075.8807,227.0713,9.1411,0.7712
2016-01-07T04:36:59.703Z,1118.0801,1510.2108,227.4204,6.6401,0.7402,1130.8951,1551.5563,226.8576,6.839,0.729,1606.7606,2087.0814,226.8382,9.2,0.7698
2016-01-07T04:37:59.003Z,1104.7004,1492.7544,227.109,6.5727,0.7397,1131.2712,1546.2618,226.826,6.8175,0.7316,1600.8264,2082.5744,226.2804,9.2027,0.7694
2016-01-07T04:38:59.582Z,1108.1291,1488.3656,226.8057,6.562,0.7443,1148.3242,1555.909,226.5643,6.8667,0.7384,1604.7902,2090.6897,226.3438,9.2364,0.7689
2016-01-07T04:39:59.014Z,1113.0374,1486.0358,226.6419,6.5562,0.7493,1142.5656,1550.3449,225.7711,6.8662,0.7376,1596.93,2071.0111,225.6152,9.1788,0.7709
2016-01-07T04:40:59.383Z,1122.1302,1491.608,226.4762,6.5857,0.7524,1147.415,1553.5662,225.514,6.8887,0.7389,1599.8492,2070.3788,225.515,9.1807,0.7719
2016-01-07T04:41:59.947Z,1127.3864,1481.036,225.5954,6.565,0.7612,1154.6399,1561.403,225.736,6.9162,0.7389,1582.2533,2044.0691,224.0556,9.1232,0.7732
2016-01-07T04:42:59.987Z,1131.2438,1501.647,225.9254,6.6462,0.7536,1136.7388,1539.2886,225.3336,6.8312,0.7386,1608.7378,2062.4472,224.7721,9.1742,0.78
2016-01-07T04:43:59.273Z,1111.079,1499.7594,226.0835,6.6331,0.7406,1133.1405,1526.4026,225.6855,6.7639,0.7418,1628.5441,2096.5159,226.0106,9.2764,0.777
2016-01-07T04:44:59.592Z,1108.837,1500.1479,226.4406,6.6249,0.7391,1139.8064,1536.0721,226.3092,6.787,0.7426,1628.55,2105.3413,226.518,9.2937,0.7727
2016-01-07T04:45:59.230Z,1107.0773,1488.1776,226.7142,6.5634,0.7436,1160.2644,1567.1735,227.4074,6.8907,0.7398,1613.011,2108.321,226.7313,9.2976,0.7654
2016-01-07T04:46:59.663Z,1099.0491,1477.0253,226.5213,6.5199,0.7438,1168.2188,1572.9731,227.5977,6.9109,0.7429,1608.9675,2111.3521,226.887,9.3056,0.7613
2016-01-07T04:47:59.921Z,1101.4169,1494.6801,226.7119,6.5926,0.7369,1155.6144,1546.7411,226.3338,6.8334,0.7473,1638.9749,2128.7438,227.3307,9.3633,0.7698
2016-01-07T04:48:59.401Z,1095.3991,1487.2209,226.9125,6.554,0.7364,1158.3876,1552.295,226.7064,6.847,0.7464,1632.3764,2129.3348,227.6437,9.3527,0.7682
2016-01-07T04:49:59.770Z,1110.2311,1496.5071,227.1317,6.5888,0.7419,1164.6574,1561.6239,226.252,6.902,0.746,1631.0539,2120.7299,227.1266,9.3366,0.7688
2016-01-07T04:50:59.318Z,1097.1518,1487.4427,227.063,6.5507,0.7378,1154.7593,1542.6512,225.2715,6.847,0.7489,1635.4429,2120.6083,226.9817,9.3424,0.7712
2016-01-07T04:51:59.294Z,1090.9826,1501.6987,226.0586,6.6428,0.7267,1138.0292,1486.2314,222.6708,6.6733,0.7658,1696.3882,2158.8348,227.3307,9.4953,0.787
2016-01-07T04:53:59.138Z,1108.9544,1480.693,226.4089,6.5396,0.7487,1175.8265,1572.7652,226.6644,6.9382,0.7476,1617.0735,2108.532,226.175,9.322,0.7668
2016-01-07T04:54:59.472Z,1108.2582,1483.9762,226.8064,6.5423,0.7476,1166.5931,1567.2136,226.1964,6.9279,0.7442,1611.8836,2100.1693,226.4368,9.2743,0.7679
2016-01-07T04:55:59.097Z,1112.6357,1488.4131,226.5944,6.5682,0.7479,1180.9922,1571.8189,226.0276,6.9537,0.7513,1638.0429,2125.9466,226.7122,9.3764,0.7704
2016-01-07T04:56:59.395Z,1110.3584,1484.2542,226.6053,6.5497,0.7481,1167.3369,1563.0603,225.9894,6.9162,0.7469,1618.4102,2102.5764,226.2941,9.2909,0.7694
2016-01-07T04:57:59.648Z,1133.4443,1509.2543,226.7947,6.6541,0.7512,1169.6493,1566.0586,225.8624,6.9331,0.7473,1637.3357,2111.1274,226.0916,9.3371,0.7764
2016-01-07T04:58:59.952Z,1112.0839,1481.1879,226.364,6.5427,0.7508,1169.4588,1566.4902,226.0682,6.9291,0.7466,1614.6381,2098.537,225.9263,9.288,0.7698
2016-01-07T04:59:59.902Z,1131.6846,1494.1912,225.8402,6.6154,0.7572,1182.0882,1567.3382,225.2324,6.9583,0.7539,1635.8284,2106.527,225.4421,9.3433,0.7773
2016-01-07T05:00:59.456Z,1127.3357,1496.0663,225.3042,6.6403,0.754,1149.5234,1515.9687,223.0973,6.794,0.7583,1648.8642,2093.1131,225.111,9.2974,0.7884
2016-01-07T05:01:59.733Z,1131.014,1533.1802,227.6726,6.7336,0.7381,1151.1792,1540.9901,225.2654,6.8403,0.7468,1670.6942,2139.9099,227.5676,9.403,0.7812
2016-01-07T05:02:59.096Z,1121.152,1532.7941,228.3809,6.7111,0.7315,1138.0967,1545.4731,226.8209,6.8133,0.736,1652.376,2135.1474,228.5105,9.3433,0.7752
2016-01-07T05:03:59.820Z,1115.3571,1519.249,227.718,6.6709,0.7343,1176.0079,1576.111,227.8218,6.918,0.7464,1659.7373,2165.078,228.823,9.4614,0.7676
2016-01-07T05:04:59.052Z,1104.7721,1508.8216,227.5043,6.6321,0.732,1157.6391,1559.2443,227.4608,6.8548,0.7427,1646.4465,2149.8464,228.693,9.4001,0.7667
2016-01-07T05:05:59.252Z,1131.0927,1528.2254,227.7653,6.7087,0.7397,1168.9022,1577.8274,227.1826,6.9452,0.7412,1649.2816,2144.4713,228.1271,9.3994,0.7698
2016-01-07T05:06:59.575Z,1119.9837,1516.2582,228.3231,6.6406,0.7386,1162.5512,1580.9442,227.6314,6.9446,0.7356,1628.6031,2130.5156,228.1859,9.3366,0.7644
2016-01-07T05:07:59.013Z,1137.6175,1538.8564,228.4626,6.7362,0.7388,1164.649,1577.658,227.1308,6.9457,0.7381,1649.5612,2135.8008,227.5093,9.387,0.7712
2016-01-07T05:08:59.206Z,330.0103,526.5864,229.3533,2.3042,0.2452,337.7841,523.026,228.0006,2.3047,0.2466,551.1036,725.6259,229.3189,3.185,0.739
2016-01-07T05:09:59.918Z,318.8182,761.8202,228.4466,3.3414,0.3084,371.8122,812.7719,226.6992,3.5945,0.3441,468.3601,922.6943,229.4996,4.0298,0.5648
2016-01-07T05:10:59.811Z,236.598,513.3286,228.4293,2.2522,0.2261,251.2677,504.1263,227.2151,2.2266,0.2352,363.6106,614.1009,229.9348,2.6799,0.6667
2016-01-07T05:11:59.124Z,54.6411,191.2379,228.7644,0.8389,0.0777,65.4759,213.802,226.9901,0.946,0.083,430.5917,545.7464,228.8486,2.3894,0.799
2016-01-07T05:12:59.781Z,1134.2214,1535.2097,227.2927,6.7538,0.7383,1173.5317,1568.6246,226.2689,6.9317,0.7472,1684.8138,2177.3634,228.0869,9.5444,0.7741
2016-01-07T05:13:59.041Z,1210.758,1606.763,227.3315,7.0672,0.7529,1249.2038,1637.3503,226.128,7.2406,0.7628,1760.4288,2247.1721,228.6615,9.8271,0.7837
2016-01-07T05:14:59.877Z,1238.1601,1635.1459,227.4814,7.188,0.7578,1279.8081,1660.3103,225.5634,7.3597,0.7709,1803.7834,2289.129,229.3048,9.9826,0.788
2016-01-07T05:15:59.561Z,1152.3182,1577.7685,228.7275,6.8974,0.7303,1170.3556,1574.0779,225.9627,6.9654,0.7433,1710.2292,2205.3994,230.3485,9.5735,0.7762
2016-01-07T05:16:59.858Z,1102.8319,1532.8812,228.7578,6.7004,0.7193,1133.5363,1546.1128,226.9364,6.813,0.7327,1657.6526,2168.9018,230.3628,9.4144,0.7648
2016-01-07T05:17:59.097Z,1104.4183,1520.3438,228.5858,6.6508,0.7269,1143.6802,1561.9941,227.0908,6.8776,0.732,1644.7094,2156.7445,229.913,9.3799,0.7615
2016-01-07T05:18:59.411Z,1097.4282,1512.0848,229.1219,6.5988,0.7258,1130.8819,1562.6113,227.5618,6.8672,0.7238,1617.9517,2132.3359,229.5016,9.2908,0.759
2016-01-07T05:19:59.676Z,1106.4094,1519.0367,228.9364,6.6349,0.7279,1119.7571,1543.7393,226.3818,6.8189,0.7258,1620.6371,2115.46,228.6033,9.2532,0.7668
2016-01-07T05:20:59.732Z,1123.8161,1517.1733,228.9879,6.6258,0.7404,1136.6322,1570.4947,226.6227,6.9299,0.7234,1606.0589,2097.0162,227.5019,9.2168,0.7654
2016-01-07T05:21:59.038Z,1099.0693,1494.1108,227.7331,6.5609,0.7357,1138.7172,1547.8698,226.1143,6.8453,0.7355,1619.5866,2117.0701,227.8506,9.2914,0.7659
2016-01-07T05:22:59.322Z,1108.9439,1496.4117,227.8047,6.5682,0.7408,1153.7833,1572.3561,226.954,6.9271,0.7338,1614.0591,2115.171,227.6166,9.2922,0.7628
2016-01-07T05:23:59.661Z,1134.4921,1501.8894,227.8659,6.5909,0.7551,1139.5391,1567.2943,226.2803,6.9261,0.7269,1584.0014,2052.2819,224.6472,9.1343,0.7728
2016-01-07T05:24:59.002Z,1152.1663,1510.1275,227.3037,6.6436,0.7627,1146.7736,1569.3019,225.9404,6.9452,0.7309,1592.0358,2048.6237,223.8233,9.1519,0.777
2016-01-07T05:25:59.410Z,1124.8344,1494.3908,227.36,6.5722,0.7527,1145.5842,1563.5211,226.0066,6.9168,0.7324,1592.9479,2069.8726,225.5669,9.176,0.7699
2016-01-07T05:26:59.982Z,1145.1629,1504.3072,227.3489,6.6172,0.7614,1154.7606,1577.7442,226.0706,6.9788,0.7313,1592.4951,2059.1517,224.4648,9.1726,0.7727
2016-01-07T05:27:59.258Z,1169.199,1511.7063,227.8199,6.6351,0.7734,1134.7452,1580.3772,226.5116,6.977,0.7183,1550.7548,1993.0385,221.7135,8.989,0.7789
2016-01-07T05:28:59.279Z,1167.7858,1513.0174,227.8129,6.6411,0.7712,1153.5121,1597.6712,226.5701,7.0507,0.7224,1562.5851,2019.8128,223.0483,9.0545,0.774
2016-01-07T05:29:59.556Z,1134.5732,1490.491,227.7124,6.5453,0.761,1147.541,1582.6431,226.5858,6.9844,0.7252,1566.6482,2041.4632,224.632,9.0874,0.767
2016-01-07T05:30:59.061Z,1142.5917,1490.3531,226.9133,6.5676,0.7669,1166.9669,1587.2284,226.132,7.0188,0.7349,1581.066,2050.3965,224.1352,9.1476,0.7707
2016-01-07T05:31:59.576Z,1132.9276,1456.4163,225.5997,6.4552,0.7773,1173.5839,1598.5251,226.8623,7.0459,0.7343,1543.5944,2016.6406,222.8432,9.0493,0.7661
2016-01-07T05:32:59.906Z,1135.2624,1489.7424,226.4983,6.5767,0.7623,1161.6073,1569.182,225.4943,6.9573,0.7404,1598.881,2064.5454,224.3217,9.2023,0.7743
2016-01-07T05:33:59.209Z,1126.7374,1493.8881,226.9708,6.581,0.7545,1146.7154,1553.7074,225.252,6.8964,0.7378,1604.7779,2071.447,225.0617,9.2031,0.7748
2016-01-07T05:34:59.423Z,1120.1912,1462.5745,225.7236,6.479,0.7661,1177.7052,1587.3206,226.3496,7.012,0.7412,1578.2066,2061.7847,224.7004,9.1753,0.7649
2016-01-07T05:36:59.522Z,1116.864,1441.1056,224.5953,6.4161,0.7749,1203.3897,1610.5122,226.6796,7.1041,0.7473,1564.0044,2056.5634,224.4709,9.1613,0.7604
2016-01-07T05:37:59.987Z,1122.0686,1444.1232,224.0634,6.4444,0.7772,1200.0632,1600.7902,226.5141,7.0664,0.7497,1570.5657,2053.9528,223.8979,9.1723,0.7641
2016-01-07T05:38:59.235Z,1116.4356,1445.8923,224.6864,6.435,0.7724,1195.6072,1592.1715,226.225,7.037,0.7505,1583.4467,2067.5286,224.0194,9.2286,0.7666
2016-01-07T05:39:59.355Z,1120.0713,1451.862,224.7556,6.46,0.7713,1190.0324,1581.6827,225.4621,7.0146,0.7519,1588.8403,2064.406,223.8079,9.223,0.769
2016-01-07T05:40:59.723Z,1122.9676,1462.2939,224.6424,6.5088,0.7679,1176.5754,1560.9598,224.6538,6.9477,0.7534,1602.288,2064.6749,223.6993,9.2284,0.7769
2016-01-07T05:41:59.997Z,1122.8017,1469.4557,224.48,6.5462,0.7641,1165.6349,1545.5432,224.7449,6.8764,0.7549,1614.4583,2071.473,223.6567,9.2617,0.7797
2016-01-07T05:42:59.956Z,1133.6248,1498.2042,226.7675,6.6063,0.7565,1148.8104,1554.1848,225.4113,6.8947,0.7394,1609.3534,2070.3069,224.4772,9.2224,0.7784
2016-01-07T05:43:59.217Z,1142.9034,1514.8115,227.858,6.6478,0.7543,1142.6154,1561.1928,225.732,6.9157,0.7319,1608.0153,2068.0784,224.8157,9.1983,0.7782
2016-01-07T05:44:59.558Z,1143.2447,1515.4804,227.4549,6.6628,0.7551,1140.4169,1551.4458,225.2519,6.8873,0.7351,1614.9424,2070.5638,224.7662,9.2117,0.7801
2016-01-07T05:45:59.285Z,1150.042,1513.4503,227.8737,6.6418,0.7598,1150.874,1575.5687,226.3463,6.9601,0.7307,1600.0936,2062.3061,224.5799,9.1827,0.7754
2016-01-07T05:46:59.663Z,1158.6754,1520.2978,228.1306,6.6641,0.7618,1150.0383,1585.7267,226.9197,6.9871,0.7258,1590.5264,2056.0932,224.6443,9.1519,0.7724
2016-01-07T05:47:59.903Z,1165.2948,1522.5783,227.9664,6.6782,0.7658,1154.5933,1593.8524,226.9136,7.0236,0.7241,1586.3754,2049.375,224.6813,9.1202,0.774
2016-01-07T05:48:59.285Z,1149.4383,1521.4159,227.2578,6.6944,0.7552,1146.3378,1566.5481,226.0323,6.9301,0.7317,1612.1907,2075.3781,225.7765,9.1917,0.7776
2016-01-07T05:49:59.258Z,1143.5528,1511.2552,226.5116,6.6709,0.7566,1150.3221,1557.2984,225.5124,6.905,0.7383,1618.4961,2078.606,225.3896,9.2213,0.7796
2016-01-07T05:50:59.735Z,1139.7213,1501.585,226.0832,6.6413,0.7588,1158.4038,1556.8488,225.3279,6.9089,0.7436,1618.8763,2078.2889,224.8494,9.2426,0.7797
2016-01-07T05:51:59.070Z,1128.533,1488.2535,224.9931,6.6139,0.7591,1159.5692,1538.5648,224.2604,6.8599,0.7539,1633.1091,2086.7249,224.499,9.2949,0.7824
2016-01-07T05:52:59.304Z,1128.0452,1482.6709,225.611,6.5711,0.7611,1171.2987,1562.0547,225.3644,6.9303,0.7502,1617.9587,2082.6647,224.3907,9.2804,0.7771
2016-01-07T05:53:59.168Z,1119.7654,1482.6261,226.0237,6.5596,0.7551,1174.7149,1564.1469,225.6928,6.93,0.7508,1628.9353,2104.8424,225.3585,9.3388,0.7731
2016-01-07T05:54:59.498Z,1125.9891,1495.8387,226.1853,6.6129,0.753,1161.6532,1549.3411,224.9903,6.8858,0.7499,1637.783,2104.246,225.5221,9.3304,0.779
2016-01-07T05:55:59.751Z,1125.4342,1499.585,226.1841,6.6289,0.7502,1160.3574,1544.9174,224.7036,6.8751,0.7509,1647.336,2111.6981,225.9366,9.3456,0.7801
2016-01-07T05:56:59.933Z,1127.6268,1501.0564,225.6556,6.6518,0.7512,1157.4708,1538.0471,224.4386,6.8528,0.752,1647.9632,2109.3192,225.8974,9.3374,0.781
2016-01-07T05:57:59.350Z,1122.8116,1526.966,228.2789,6.6887,0.7357,1148.0534,1556.9277,226.424,6.8758,0.7375,1649.3945,2137.2677,228.1401,9.3674,0.772
2016-01-07T05:58:59.726Z,798.371,1120.19,229.2552,4.8934,0.5367,817.6441,1143.2666,227.521,5.0311,0.5334,1191.317,1557.7424,229.4362,6.8102,0.7574
2016-01-07T05:59:59.367Z,114.099,343.8094,228.4796,1.5085,0.1399,137.4543,364.2015,228.2026,1.5992,0.1498,246.308,496.704,230.1119,2.1674,0.6447
2016-01-07T06:00:59.619Z,427.6221,866.7156,226.9819,3.82,0.4133,501.9753,942.9465,226.3851,4.1678,0.4424,551.8898,1069.723,228.5001,4.6857,0.5486
2016-01-07T06:01:59.404Z,4.0503,120.1921,227.939,0.5267,0.0331,4.6731,104.2096,226.0762,0.4612,0.0451,197.1046,251.5284,228.5044,1.1012,0.7486
2016-01-07T06:02:59.653Z,698.548,1004.7454,227.5136,4.4263,0.4879,740.083,1034.894,225.547,4.5874,0.4967,1237.5333,1594.3869,227.8079,7.003,0.8004
2016-01-07T06:03:59.953Z,1178.953,1549.3338,226.5569,6.838,0.761,1257.2994,1637.5382,226.2806,7.2363,0.768,1716.9811,2215.6788,227.3701,9.7444,0.7749
2016-01-07T06:04:59.452Z,1222.4088,1575.0967,226.2216,6.962,0.7766,1327.8919,1702.749,226.5826,7.5142,0.7794,1757.323,2260.0108,226.8749,9.9608,0.7769
2016-01-07T06:05:59.819Z,1117.6979,1474.8428,226.1508,6.5209,0.7583,1224.1916,1615.2886,226.972,7.1161,0.7581,1635.3287,2152.6464,226.6701,9.4952,0.76
2016-01-07T06:06:59.010Z,1115.4466,1478.7292,226.1635,6.5388,0.7543,1209.8438,1606.5084,227.0454,7.0747,0.7528,1630.1901,2141.4817,226.8192,9.4408,0.7612
2016-01-07T06:07:59.434Z,1114.0812,1484.7004,227.3602,6.5299,0.7504,1190.6831,1603.9751,227.3206,7.0559,0.7424,1608.2486,2123.7611,227.1596,9.3484,0.7583
2016-01-07T06:08:59.981Z,1096.1046,1470.1999,227.3462,6.4668,0.7456,1170.7079,1589.2364,227.6594,6.9801,0.7369,1588.8186,2106.317,227.1452,9.2721,0.7542
2016-01-07T06:09:59.301Z,1137.5388,1505.3003,227.1731,6.6256,0.7558,1193.9925,1606.2152,227.1002,7.0724,0.744,1625.9472,2124.9281,226.4746,9.3821,0.766
2016-01-07T06:10:59.048Z,1146.3262,1493.3262,227.2542,6.5708,0.768,1186.5115,1610.9737,226.7782,7.1035,0.7366,1583.0579,2066.8488,224.2019,9.218,0.7654
2016-01-07T06:11:59.826Z,1135.159,1516.4946,228.9521,6.6225,0.7484,1109.6578,1549.5669,225.7115,6.8645,0.7159,1573.4489,2037.1071,225.1208,9.0484,0.773
2016-01-07T06:12:59.869Z,1136.8285,1520.0394,228.523,6.6502,0.7484,1118.9558,1551.6515,225.8194,6.8701,0.7216,1587.5753,2052.5369,225.2591,9.1111,0.7738
2016-01-07T06:13:59.275Z,1121.8082,1495.3007,228.1283,6.554,0.7506,1132.1392,1562.7724,226.4185,6.9019,0.7247,1574.1094,2054.67,225.3254,9.1182,0.7669
2016-01-07T06:14:59.613Z,1126.0817,1499.7839,228.6803,6.5582,0.7508,1127.3761,1562.2856,225.9454,6.9142,0.7219,1571.6071,2045.8462,225.2693,9.0814,0.7687
2016-01-07T06:15:59.076Z,1108.5827,1495.9401,228.6009,6.5438,0.7403,1112.5451,1518.1187,223.7204,6.7855,0.7331,1606.1867,2067.507,225.3426,9.1747,0.779
2016-01-07T06:16:59.521Z,1118.6332,1481.8099,228.157,6.4947,0.7551,1141.9529,1566.6081,225.8462,6.9363,0.7294,1570.3514,2048.2101,224.7517,9.1131,0.7661
2016-01-07T06:17:59.432Z,1117.1971,1495.8473,228.142,6.5565,0.746,1129.424,1547.7712,225.203,6.8728,0.7291,1588.2238,2064.024,225.8229,9.1401,0.7703
2016-01-07T06:18:59.724Z,1105.3156,1485.217,227.6729,6.5241,0.744,1141.0669,1550.8781,225.2046,6.8861,0.736,1599.5696,2086.6286,226.7608,9.2019,0.7682
2016-01-07T06:20:59.755Z,1099.4533,1474.0222,226.4362,6.5098,0.7459,1153.6051,1551.8179,225.607,6.8779,0.7435,1604.3328,2095.7625,226.6178,9.2476,0.7659
2016-01-07T06:21:59.101Z,1105.8348,1472.1455,226.39,6.5028,0.7512,1164.4471,1564.0971,226.1036,6.9175,0.7443,1594.2109,2086.9312,225.9476,9.2356,0.7626
2016-01-07T06:22:59.238Z,1099.3261,1472.4169,226.9423,6.488,0.746,1170.8897,1577.3164,226.859,6.953,0.7421,1603.4526,2111.198,227.2407,9.2903,0.7599
2016-01-07T06:23:59.907Z,1098.1492,1457.5299,225.9593,6.4502,0.7525,1186.548,1589.4542,227.2509,6.994,0.7467,1596.0238,2107.3612,226.8222,9.2906,0.7581
2016-01-07T06:24:59.683Z,1111.4577,1466.8888,226.3059,6.4817,0.7577,1184.3384,1593.9803,227.2483,7.0138,0.7431,1590.6759,2092.9704,226.2209,9.2518,0.7604
2016-01-07T06:25:59.903Z,1122.7886,1481.1082,226.7309,6.5317,0.758,1176.604,1590.0558,227.1067,7.0011,0.7402,1593.1173,2085.5437,225.7057,9.2393,0.7631
2016-01-07T06:26:59.162Z,1107.7631,1471.9362,226.3171,6.5035,0.7525,1179.3392,1578.5863,226.867,6.9578,0.7474,1608.247,2106.5203,226.0929,9.316,0.7639
2016-01-07T06:27:59.803Z,1115.1416,1484.6689,226.2956,6.5602,0.7511,1170.7319,1564.4071,226.1643,6.9164,0.7476,1624.1906,2114.612,226.4208,9.3397,0.7679
2016-01-07T06:28:59.112Z,1124.74,1485.1803,226.3092,6.5622,0.757,1176.2682,1581.4871,227.0149,6.966,0.7437,1607.8756,2094.2447,225.183,9.2989,0.7681
2016-01-07T06:29:59.748Z,1123.9794,1480.4569,226.4929,6.5362,0.7597,1182.0531,1589.7688,227.7376,6.9802,0.7438,1602.5834,2093.3694,224.5909,9.3202,0.7654
2016-01-07T06:30:59.149Z,1078.4631,1453.9901,225.4242,6.4491,0.7417,1198.9242,1568.5269,227.2699,6.901,0.7643,1649.5528,2165.6883,226.9997,9.5391,0.7616
2016-01-07T06:31:59.304Z,1076.8097,1429.5619,224.6977,6.3621,0.7531,1225.7581,1597.9786,227.4998,7.0241,0.7671,1626.7434,2154.8068,226.605,9.5086,0.7544
2016-01-07T06:32:59.631Z,1080.1058,1442.3877,225.3473,6.4001,0.7488,1217.8228,1595.503,227.284,7.0192,0.7634,1630.994,2157.5937,227.1951,9.4962,0.7563
2016-01-07T06:33:59.991Z,1098.6078,1473.4288,225.6713,6.5286,0.7454,1194.7832,1580.6262,226.9259,6.9651,0.7558,1639.3541,2150.3266,227.6524,9.445,0.762
2016-01-07T06:34:59.858Z,1109.1324,1490.1011,226.5775,6.5763,0.7443,1188.0372,1580.1481,226.8857,6.9644,0.7527,1641.647,2151.7234,228.0152,9.4362,0.7619
2016-01-07T06:35:59.422Z,1093.4651,1496.2739,225.9019,6.6229,0.7304,1163.0303,1521.9942,224.2117,6.788,0.764,1689.6971,2176.5967,228.2574,9.5355,0.777
2016-01-07T06:36:59.714Z,1091.3866,1500.3297,225.7401,6.6454,0.7271,1157.9889,1509.466,224.1312,6.7346,0.7672,1703.6936,2187.8289,228.2616,9.584,0.7793
2016-01-07T06:37:59.996Z,1074.2273,1454.4206,223.7682,6.4987,0.739,1202.1943,1550.378,226.2796,6.8508,0.7748,1676.8559,2191.3061,227.8839,9.615,0.7653
2016-01-07T06:38:59.372Z,1099.6417,1469.054,224.5474,6.5418,0.7482,1192.779,1556.1873,225.8049,6.891,0.7666,1654.1352,2147.9562,226.0415,9.5018,0.7699
2016-01-07T06:39:59.621Z,1100.3788,1468.0297,224.9551,6.5252,0.7492,1198.5359,1561.891,225.6717,6.9198,0.7673,1656.7411,2151.8427,226.3053,9.508,0.7699
2016-01-07T06:40:59.955Z,1102.2161,1463.1534,224.3109,6.5223,0.7529,1196.3203,1559.0854,225.4702,6.914,0.7674,1654.4114,2141.8293,225.6991,9.4886,0.7718
2016-01-07T06:41:59.207Z,1090.6594,1466.7342,223.5868,6.5592,0.744,1168.4045,1511.979,224.3142,6.74,0.7726,1673.5207,2146.9175,225.7783,9.5084,0.7788
2016-01-07T06:42:59.284Z,1110.4521,1484.5953,224.7396,6.606,0.7479,1176.5898,1538.387,225.0616,6.8346,0.7654,1666.0068,2143.3541,226.0509,9.4813,0.777
2016-01-07T06:43:59.542Z,1096.2461,1469.3137,224.8357,6.5342,0.746,1176.9653,1542.2167,225.4187,6.8413,0.763,1648.3152,2139.1432,226.6736,9.4368,0.7707
2016-01-07T06:44:59.769Z,1097.0563,1476.4937,225.0673,6.5597,0.7427,1190.0213,1553.1687,225.3014,6.8928,0.7663,1667.7257,2167.2622,227.7964,9.5134,0.7697
2016-01-07T06:45:59.163Z,1070.7725,1451.0724,224.1469,6.4729,0.738,1183.4451,1531.6857,224.986,6.8073,0.7722,1666.4433,2171.4303,227.9143,9.5271,0.7674
2016-01-07T06:47:59.280Z,883.0593,1193.049,221.5034,5.3902,0.6325,1022.0582,1315.3613,226.6245,5.8161,0.6634,1394.8977,1836.6892,227.3008,8.0946,0.7528
2016-01-07T06:48:59.504Z,135.6266,420.3901,222.7281,1.8868,0.1542,167.0268,405.3702,228.2504,1.781,0.1782,256.7243,509.8678,229.3649,2.2256,0.6243
2016-01-07T06:49:59.874Z,439.038,903.483,223.2977,4.0482,0.4311,538.0838,971.4802,226.3487,4.2948,0.4853,593.297,1139.2463,228.4223,4.9898,0.5413
2016-01-07T06:50:59.561Z,4.6879,122.6913,224.1745,0.5466,0.0367,4.417,107.49,227.0458,0.4734,0.0415,175.6109,233.6244,229.3029,1.0198,0.721
2016-01-07T06:52:59.364Z,868.464,1201.1611,223.3345,5.3891,0.595,955.3943,1259.0625,225.9437,5.5794,0.6209,1434.0661,1850.0389,227.5358,8.1408,0.7896
2016-01-07T06:53:59.733Z,1200.8877,1555.9646,223.8597,6.9502,0.7719,1317.5874,1680.6317,226.8599,7.4076,0.7837,1758.4814,2261.0907,227.0764,9.956,0.777
2016-01-07T06:54:59.047Z,1157.9665,1527.0617,223.352,6.8364,0.7583,1282.0152,1632.8345,226.5051,7.2085,0.785,1747.0176,2255.046,227.925,9.893,0.7749
2016-01-07T06:55:59.417Z,1076.1954,1448.4939,223.2268,6.4882,0.7431,1214.2096,1567.8779,226.4232,6.9246,0.7742,1666.6427,2187.2074,228.0453,9.5906,0.7621
2016-01-07T06:56:59.672Z,1042.9011,1420.5402,223.4609,6.3563,0.735,1179.6177,1534.647,225.7226,6.7974,0.7684,1637.459,2157.911,228.1673,9.4571,0.7586
2016-01-07T06:57:59.452Z,1043.55,1441.5067,224.4203,6.4224,0.7239,1152.2891,1497.4252,223.3519,6.7039,0.7698,1660.3918,2160.9552,228.9496,9.4379,0.7684
2016-01-07T06:58:59.633Z,1099.7481,1463.867,224.2839,6.5264,0.7513,1218.1815,1590.6538,226.001,7.038,0.766,1646.3037,2158.6329,227.9307,9.4703,0.7626
2016-01-07T06:59:59.033Z,1143.1756,1504.1112,224.5437,6.6981,0.76,1190.8607,1571.5894,224.9334,6.987,0.7581,1646.164,2116.8775,225.8463,9.3721,0.7771
2016-01-07T07:00:59.371Z,1071.1354,1444.3723,223.3658,6.4653,0.7416,1156.3812,1513.1877,224.5637,6.7379,0.7637,1633.2248,2121.6209,227.1552,9.3393,0.77
2016-01-07T07:01:59.745Z,1076.6752,1451.5439,224.4387,6.4676,0.7417,1152.0817,1528.1644,225.2061,6.7851,0.7544,1613.0411,2103.658,227.2134,9.2584,0.7671
2016-01-07T07:02:59.676Z,1113.0607,1472.4024,223.9819,6.5731,0.7558,1225.9523,1607.4487,226.8299,7.0862,0.7622,1642.357,2158.9784,228.4321,9.4508,0.7606
2016-01-07T07:03:59.022Z,1115.9765,1458.9448,223.359,6.5308,0.7651,1259.3369,1635.704,227.1618,7.2001,0.7699,1640.3594,2168.4041,227.7716,9.5195,0.7561
2016-01-07T07:04:59.258Z,1062.8624,1411.4664,223.5102,6.3142,0.7536,1223.4573,1607.9746,227.702,7.0611,0.7606,1588.3859,2133.0283,228.2044,9.347,0.7449
2016-01-07T07:05:59.028Z,1048.9602,1400.2611,223.5383,6.2631,0.7492,1216.7833,1599.2351,227.9237,7.0154,0.7611,1583.5179,2133.062,228.4115,9.3383,0.7417
2016-01-07T07:06:59.620Z,1095.9066,1440.0073,223.0331,6.4562,0.7611,1254.5453,1624.1868,227.1844,7.149,0.7721,1636.356,2164.7308,227.401,9.519,0.7563
2016-01-07T07:07:59.913Z,1109.9836,1441.4961,221.7373,6.5001,0.7701,1285.4079,1640.6539,226.968,7.2286,0.7834,1658.3309,2184.7774,226.8683,9.6296,0.759
2016-01-07T07:08:59.097Z,1060.145,1408.3753,221.807,6.3492,0.7526,1229.7469,1586.7397,227.1349,6.9855,0.7752,1621.979,2153.079,227.4189,9.4667,0.753
2016-01-07T07:09:59.654Z,1061.1653,1409.6195,222.4834,6.3357,0.753,1208.9827,1577.16,226.6389,6.9584,0.7666,1601.4518,2125.4848,227.1467,9.3568,0.7532
2016-01-07T07:10:59.974Z,1101.6799,1450.8563,222.354,6.5238,0.7599,1236.0859,1586.6712,225.2617,7.0433,0.7789,1659.0878,2162.7731,226.8594,9.5333,0.7673
2016-01-07T07:11:59.484Z,1135.8523,1485.2001,222.0985,6.6863,0.765,1242.9755,1589.1373,224.2169,7.0867,0.7826,1689.9645,2172.7932,226.2759,9.6012,0.7774
2016-01-07T07:12:59.012Z,1086.043,1455.352,222.8313,6.5303,0.7469,1215.462,1571.9822,226.1619,6.9503,0.7729,1659.8556,2170.8593,227.9748,9.5216,0.764
2016-01-07T07:13:59.339Z,1094.3131,1490.0098,223.8697,6.6548,0.7344,1169.9227,1534.9818,225.6689,6.802,0.7623,1673.1794,2169.4567,229.0986,9.4681,0.7711
2016-01-07T07:14:59.569Z,1105.6008,1492.577,223.7827,6.669,0.741,1179.8802,1545.2441,225.0664,6.8651,0.7636,1669.7962,2161.2908,228.7181,9.4491,0.7722
2016-01-07T07:15:59.640Z,1108.3322,1476.9884,223.5832,6.6058,0.7506,1202.6971,1577.4192,225.8267,6.9848,0.7624,1644.4279,2144.2802,228.025,9.4028,0.7671
2016-01-07T07:16:59.097Z,1117.7949,1512.8153,225.5635,6.706,0.7392,1164.0066,1543.9493,225.0119,6.861,0.7541,1662.0519,2144.8077,228.2656,9.3953,0.7756
2016-01-07T07:17:59.065Z,1112.9732,1521.1131,225.9062,6.733,0.7314,1149.9756,1522.9047,224.1198,6.7946,0.7554,1679.7406,2154.0147,228.502,9.4268,0.7803
2016-01-07T07:18:59.337Z,1118.3753,1527.9077,225.7724,6.767,0.7317,1155.6299,1519.0874,223.6984,6.7906,0.76,1700.7718,2172.2329,228.4123,9.5094,0.7828
2016-01-07T07:19:59.800Z,1111.9784,1517.1187,225.708,6.7209,0.733,1164.6297,1532.0124,224.7236,6.8166,0.7602,1690.2707,2173.4267,228.5479,9.509,0.779
2016-01-07T07:20:59.682Z,1106.1761,1513.3053,225.6029,6.7075,0.731,1175.4963,1536.6175,224.7774,6.8354,0.7649,1697.0016,2184.2217,228.8066,9.5453,0.7778
2016-01-07T07:21:59.021Z,1123.7885,1525.9656,225.4921,6.7671,0.7365,1166.1912,1524.5476,223.3812,6.8244,0.7652,1703.5248,2171.646,228.2744,9.513,0.7839
2016-01-07T07:22:59.297Z,1122.2234,1528.0762,225.4,6.7784,0.7344,1174.0003,1533.8521,223.7487,6.8546,0.7652,1708.5179,2188.6952,229.3973,9.5409,0.7808
2016-01-07T07:23:59.145Z,1111.8051,1526.6867,226.1965,6.7482,0.7283,1160.4456,1527.787,223.9758,6.8209,0.7594,1697.6751,2183.149,229.7643,9.5013,0.7782
2016-01-07T07:24:59.229Z,1117.0451,1533.0226,225.8581,6.7869,0.7293,1173.4906,1533.7341,224.2164,6.8393,0.7651,1716.7151,2197.4598,229.4099,9.5783,0.7808
2016-01-07T07:25:59.497Z,1106.9527,1517.4961,225.9736,6.7154,0.7293,1166.4053,1528.813,224.444,6.8111,0.7627,1700.2231,2186.2257,229.0078,9.5451,0.779
2016-01-07T07:26:59.728Z,1126.9328,1535.9186,226.5688,6.7789,0.7338,1171.5108,1540.0839,224.1832,6.8689,0.7602,1702.1768,2181.5318,228.6984,9.5381,0.7803
2016-01-07T07:27:59.187Z,1139.1922,1554.9521,226.5178,6.8643,0.733,1135.453,1509.2219,222.9569,6.7685,0.7528,1696.7864,2148.4235,228.283,9.4103,0.7898
2016-01-07T07:28:59.002Z,1155.2739,1580.4591,226.6775,6.9716,0.7313,1135.6181,1506.4285,222.7458,6.763,0.7538,1720.8249,2167.2658,228.7491,9.4743,0.7938
2016-01-07T07:29:59.396Z,1138.0191,1553.0748,226.5756,6.8538,0.733,1141.5039,1518.418,223.8617,6.7821,0.7518,1696.1378,2157.2311,228.584,9.4367,0.7864
2016-01-07T07:30:59.773Z,1136.6771,1544.8163,226.1659,6.8299,0.7357,1166.0473,1535.9091,224.4217,6.8424,0.759,1707.3063,2178.9001,228.6236,9.5303,0.7834
2016-01-07T07:31:59.999Z,1123.9672,1543.0907,226.2088,6.8207,0.728,1147.1357,1512.1183,223.9423,6.752,0.7582,1710.2866,2177.5338,228.8441,9.5149,0.7853
2016-01-07T07:32:59.239Z,1113.8627,1529.839,225.8516,6.7736,0.7282,1174.0295,1531.6923,224.5664,6.8202,0.7665,1724.2165,2208.1969,229.2155,9.633,0.7808
2016-01-07T07:33:59.639Z,1104.4864,1518.6914,225.0346,6.7481,0.7272,1161.9767,1514.3443,224.6704,6.7394,0.7679,1714.2161,2192.0804,228.7266,9.5827,0.7822
2016-01-07T07:34:59.998Z,1124.6117,1531.6568,225.0427,6.8051,0.7346,1174.8376,1533.4264,225.1213,6.8108,0.7664,1716.4077,2194.4402,228.604,9.5989,0.7819
2016-01-07T07:35:59.253Z,1097.5672,1495.6069,224.5245,6.661,0.7343,1186.3185,1545.7907,226.0369,6.8385,0.7671,1693.0058,2192.0351,228.774,9.5811,0.7724
2016-01-07T07:36:59.687Z,1113.299,1517.2682,225.2826,6.734,0.7341,1184.7186,1538.1938,225.0373,6.8352,0.7699,1716.562,2201.7277,228.4149,9.6377,0.7798
2016-01-07T07:37:59.026Z,1138.0822,1521.4785,226.2436,6.7247,0.7476,1170.6308,1553.7665,225.4792,6.8909,0.7536,1662.1904,2127.8278,225.8054,9.4221,0.7809
2016-01-07T07:38:59.599Z,1151.5943,1547.3452,226.4237,6.8337,0.7443,1162.6286,1532.1518,224.0027,6.8387,0.7588,1702.4789,2153.3381,226.2762,9.5161,0.791
2016-01-07T07:39:59.855Z,1129.8931,1541.5361,226.2952,6.8114,0.7331,1144.0091,1511.3191,224.1903,6.7407,0.7571,1704.3962,2160.2802,227.2392,9.5061,0.7889
2016-01-07T07:40:59.162Z,1138.7861,1535.4178,226.0033,6.7927,0.7418,1186.34,1568.4926,226.7728,6.9159,0.7562,1689.5111,2176.0724,227.9942,9.5435,0.7766
2016-01-07T07:41:59.075Z,1107.9399,1527.4306,225.4377,6.7747,0.7254,1159.1027,1515.2859,225.0567,6.7322,0.765,1718.4206,2200.7952,229.2214,9.6008,0.7807
2016-01-07T07:42:59.275Z,1124.4332,1543.5177,225.9351,6.8313,0.7284,1172.1094,1540.9771,225.8614,6.8219,0.7611,1720.3807,2210.0919,229.7031,9.6208,0.7786
2016-01-07T07:43:59.665Z,1117.0643,1538.206,225.9428,6.8071,0.7262,1157.6072,1525.432,225.6574,6.7597,0.7587,1709.149,2192.6307,229.3292,9.5607,0.7801
2016-01-07T07:44:59.094Z,1132.369,1551.0542,226.0601,6.8606,0.7299,1169.3739,1537.2398,225.4627,6.8175,0.7608,1719.6176,2201.6349,229.5151,9.5921,0.7813
2016-01-07T07:45:59.858Z,1122.0976,1534.3577,225.5281,6.8022,0.7309,1166.3764,1534.9353,225.4801,6.807,0.7601,1703.8823,2189.2398,229.4026,9.5427,0.7786
2016-01-07T07:46:59.200Z,1125.4266,1535.4294,225.3733,6.8121,0.7331,1180.5484,1548.0949,226.1425,6.8452,0.7628,1711.6418,2199.8437,229.1969,9.5978,0.7781
2016-01-07T07:47:59.776Z,1128.1347,1527.5078,225.3391,6.778,0.7383,1177.3279,1546.6097,225.8474,6.8472,0.7611,1693.3416,2176.7437,228.4152,9.529,0.7787
2016-01-07T07:48:59.025Z,1142.5151,1534.9425,225.2087,6.8152,0.744,1178.4355,1549.8308,225.5617,6.8703,0.7602,1695.9392,2168.4181,227.7962,9.5184,0.7822
2016-01-07T07:49:59.327Z,1137.7932,1544.1507,225.9042,6.8349,0.7372,1158.2028,1529.4217,225.0807,6.7938,0.7576,1702.7119,2167.7888,227.8487,9.5134,0.7851
2016-01-07T07:50:59.291Z,1150.0676,1550.8136,226.0796,6.859,0.7424,1165.7027,1542.3787,225.1531,6.8496,0.7556,1693.0728,2157.2483,227.5071,9.4818,0.7849
2016-01-07T07:51:59.633Z,1149.1501,1544.9448,225.8734,6.8394,0.7441,1167.9916,1547.0043,225.1733,6.87,0.7547,1688.327,2156.0904,227.6819,9.469,0.7834
2016-01-07T07:52:59.977Z,1152.8852,1552.5198,225.9559,6.8705,0.7426,1169.2064,1554.081,225.5524,6.8902,0.7523,1688.1403,2156.5974,228.1801,9.4511,0.7829
2016-01-07T07:53:59.845Z,1191.0115,1578.9737,226.843,6.9602,0.7546,1150.8981,1554.2403,224.9818,6.9081,0.7406,1670.0112,2110.8919,226.143,9.3333,0.7912
2016-01-07T07:54:59.146Z,1143.7026,1561.6257,226.2389,6.902,0.7323,1147.0064,1516.862,224.4775,6.7569,0.7561,1717.5645,2176.648,228.419,9.5284,0.7891
2016-01-07T07:55:59.060Z,1081.4009,1480.4507,226.1953,6.5462,0.6954,1099.7633,1453.01,224.9846,6.4592,0.7199,1629.4834,2075.4673,228.6693,9.0818,0.7812
2016-01-07T07:56:59.461Z,27.6713,169.4658,227.9751,0.7434,0.0573,29.8355,153.2234,227.0296,0.6743,0.0646,162.2536,273.1154,231.033,1.1845,0.6877
2016-01-07T07:57:59.050Z,528.7622,1075.2876,227.3538,4.7293,0.4763,554.2769,1107.0933,227.2874,4.8708,0.4852,646.5085,1241.2698,229.5248,5.4082,0.5236
2016-01-07T07:58:59.550Z,4.1886,126.3954,228.3923,0.5529,0.0338,3.8749,109.542,228.3726,0.4799,0.0358,132.987,187.8182,230.5438,0.8148,0.7055
2016-01-07T07:59:59.720Z,531.4046,787.8373,227.4786,3.4731,0.373,552.8391,814.9943,228.7784,3.5723,0.3763,1068.7056,1388.5493,228.4799,6.0917,0.8114
2016-01-07T08:00:59.039Z,1193.4414,1572.3742,226.0936,6.9539,0.7589,1230.23,1614.6251,226.2581,7.1358,0.7619,1719.479,2198.328,226.8034,9.6917,0.7824
2016-01-07T08:01:59.629Z,1241.2826,1616.4204,225.032,7.1826,0.7673,1330.2741,1685.8417,226.6439,7.438,0.7896,1828.1592,2317.5397,227.7679,10.1737,0.7889
2016-01-07T08:02:59.310Z,1147.2773,1532.1227,223.9835,6.84,0.7482,1275.8176,1627.0413,227.5331,7.1502,0.7843,1762.7233,2280.5572,228.7199,9.971,0.7726
2016-01-07T08:03:59.777Z,1079.9476,1476.5223,224.2322,6.584,0.7313,1216.8036,1571.834,227.4581,6.9099,0.7746,1701.78,2235.0636,229.4761,9.7397,0.7613
2016-01-07T08:04:59.025Z,1063.792,1461.0343,224.3958,6.5109,0.7278,1194.9728,1556.5453,227.262,6.8483,0.7674,1675.0189,2208.9549,229.4766,9.6249,0.7585
2016-01-07T08:05:59.446Z,1069.7893,1482.7332,224.5558,6.6032,0.7213,1171.9613,1522.3318,225.6266,6.7466,0.7701,1699.8167,2211.6801,229.7321,9.6268,0.7686
2016-01-07T08:06:59.675Z,1066.2906,1471.2079,224.279,6.5594,0.7246,1160.0842,1510.8651,224.4773,6.7303,0.7678,1680.9826,2183.8962,229.2343,9.5258,0.7701
2016-01-07T08:07:59.986Z,1071.9961,1476.6552,224.0717,6.5896,0.7261,1177.0578,1522.9448,224.774,6.7746,0.7729,1696.5613,2201.0146,229.1532,9.6042,0.771
2016-01-07T08:08:59.361Z,1068.5735,1479.4891,224.2006,6.5983,0.7222,1162.0621,1507.711,224.357,6.7194,0.7704,1697.8876,2196.9813,229.6733,9.5655,0.7721
2016-01-07T08:09:59.957Z,1065.608,1475.5277,223.8438,6.5911,0.7223,1179.2668,1514.0267,224.3882,6.7469,0.779,1717.5353,2223.989,229.8436,9.6753,0.7713
2016-01-07T08:10:59.229Z,1047.984,1452.4607,222.6053,6.5242,0.7211,1182.7724,1500.2724,224.0419,6.6962,0.788,1718.1357,2226.2411,229.4124,9.7035,0.7717
2016-01-07T08:11:59.565Z,1053.4146,1467.939,223.2113,6.5754,0.7179,1182.5606,1503.8927,224.5176,6.6979,0.7859,1733.0462,2242.542,229.7607,9.7597,0.7728
2016-01-07T08:12:59.229Z,1051.1704,1472.221,223.5955,6.5835,0.7144,1175.4691,1497.1807,224.3662,6.6729,0.7855,1735.1319,2245.3593,230.2345,9.7512,0.7724
2016-01-07T08:13:59.548Z,1071.4929,1492.0598,224.4396,6.6474,0.7177,1170.4739,1506.9406,224.5763,6.7096,0.7771,1729.2994,2231.0541,229.807,9.708,0.7757
2016-01-07T08:14:59.848Z,1070.9777,1480.0073,224.6333,6.5879,0.7238,1180.09,1529.1722,225.5552,6.7791,0.7717,1702.6026,2212.3476,229.477,9.6402,0.7697
2016-01-07T08:15:59.515Z,1064.7764,1447.2087,222.9222,6.4912,0.7357,1218.7369,1559.6702,226.4249,6.8885,0.781,1688.6075,2214.4944,228.9893,9.67,0.7621
2016-01-07T08:16:59.900Z,1063.6928,1431.4464,222.7121,6.4268,0.7436,1231.5251,1580.4394,227.0802,6.9593,0.7792,1665.6971,2197.5734,228.2779,9.6263,0.7579
2016-01-07T08:17:59.087Z,1071.4426,1428.3894,222.7235,6.413,0.7508,1248.0592,1596.7791,227.0628,7.0319,0.7815,1660.7926,2194.3744,227.9744,9.6257,0.757
2016-01-07T08:18:59.721Z,1061.0326,1421.4591,222.5657,6.3859,0.7465,1251.5168,1595.2436,227.3326,7.0164,0.7845,1666.5741,2208.4776,228.1174,9.6802,0.7546
2016-01-07T08:19:59.159Z,1041.0108,1398.6702,221.6039,6.3111,0.7444,1268.08,1600.0407,227.9861,7.0176,0.7919,1672.6167,2229.2813,228.154,9.7701,0.7506
2016-01-07T08:20:59.056Z,1045.2312,1431.9828,222.0122,6.45,0.7301,1228.0901,1535.4163,224.7169,6.8327,0.7998,1730.4307,2253.0998,228.8176,9.8456,0.7685
2016-01-07T08:21:59.485Z,1074.1689,1434.8842,222.9581,6.4352,0.7487,1249.0047,1598.9444,227.3078,7.0326,0.7811,1666.6861,2203.4398,228.0049,9.6636,0.7562
2016-01-07T08:22:59.441Z,1072.4819,1433.1263,222.8837,6.4293,0.7483,1269.3825,1625.5537,228.7655,7.1054,0.7809,1667.9453,2223.9888,229.1789,9.7031,0.7493
2016-01-07T08:23:59.789Z,1085.118,1439.3632,223.2863,6.4459,0.7536,1263.2831,1626.537,228.1388,7.1288,0.7771,1656.1844,2199.7653,228.5451,9.6246,0.7528
2016-01-07T08:24:59.046Z,1089.2388,1430.8409,222.3671,6.434,0.7615,1283.59,1643.9164,228.6184,7.19,0.7813,1650.6374,2196.5508,227.8282,9.6408,0.751
2016-01-07T08:25:59.990Z,1084.4338,1432.0437,222.7408,6.4282,0.7571,1273.2109,1634.4093,228.7708,7.1436,0.7795,1652.8391,2202.0836,228.2785,9.6463,0.7503
2016-01-07T08:26:59.646Z,1079.147,1424.3579,222.3218,6.4066,0.7579,1294.5956,1649.4487,229.5375,7.1854,0.7849,1665.2136,2225.1781,228.2854,9.7462,0.7491
2016-01-07T08:27:59.110Z,1069.5427,1408.0297,222.1603,6.3372,0.7594,1306.3687,1666.2961,230.3861,7.2319,0.784,1644.8331,2219.5465,228.4743,9.7139,0.7413
2016-01-07T08:28:59.394Z,1073.1674,1432.2522,222.9809,6.4223,0.7492,1293.8957,1649.1469,229.7936,7.1754,0.7848,1678.0246,2252.5499,229.8597,9.7991,0.7446
2016-01-07T08:29:59.878Z,1062.2749,1418.0146,222.4386,6.3746,0.7494,1290.9752,1640.8333,229.5191,7.1482,0.7867,1670.8682,2245.5087,229.9307,9.7659,0.7442
2016-01-07T08:30:59.585Z,1069.8849,1421.7846,222.0955,6.4007,0.7525,1293.7744,1634.5818,228.8015,7.143,0.7908,1684.2238,2245.5957,229.0026,9.806,0.7502
2016-01-07T08:31:59.240Z,1061.1675,1424.8098,222.387,6.4069,0.7454,1276.9172,1620.0621,228.8771,7.0774,0.7887,1682.9483,2245.8425,229.6303,9.7792,0.7488
2016-01-07T08:32:59.477Z,1085.1167,1443.9649,222.7749,6.481,0.7519,1287.0483,1637.1769,228.6901,7.1587,0.7864,1691.3937,2245.8471,229.4403,9.7878,0.7528
2016-01-07T08:33:59.810Z,1091.9869,1441.1673,223.0733,6.4598,0.7573,1268.4757,1626.0861,227.6421,7.1427,0.78,1663.6531,2201.2139,228.0438,9.652,0.756
2016-01-07T08:34:59.789Z,1133.2236,1465.0452,223.338,6.5593,0.7739,1282.8921,1652.0797,227.3659,7.2654,0.7767,1655.5056,2169.9696,226.3338,9.5867,0.7631
2016-01-07T08:35:59.408Z,1106.2916,1456.0971,223.6193,6.5111,0.7597,1258.6011,1617.9058,226.869,7.1308,0.7776,1668.1176,2189.7171,227.5943,9.6207,0.7616
2016-01-07T08:36:59.663Z,1121.7282,1465.0908,223.4643,6.5563,0.7657,1279.5582,1635.3099,226.9419,7.2054,0.783,1680.215,2197.0349,226.8867,9.6824,0.7643
2016-01-07T08:37:59.224Z,1085.0879,1462.8128,223.4136,6.5467,0.7417,1236.6109,1566.4821,225.2994,6.952,0.7897,1718.9283,2230.0433,228.0054,9.7801,0.7713
2016-01-07T08:38:59.760Z,1108.2558,1512.5992,224.5068,6.737,0.7326,1216.2119,1538.802,223.9901,6.8696,0.79,1768.4539,2260.3064,228.9317,9.8727,0.782
2016-01-07T08:39:59.185Z,1107.9946,1513.6613,224.9009,6.7297,0.7319,1196.3002,1527.2236,223.5849,6.83,0.7833,1747.7851,2230.0065,228.5485,9.7567,0.7834
2016-01-07T08:40:59.440Z,1136.3764,1505.2803,224.0808,6.7171,0.7554,1240.3343,1587.8198,225.2831,7.0473,0.7806,1718.108,2206.501,227.1418,9.7139,0.7796
2016-01-07T08:41:59.765Z,1119.8023,1480.3968,223.9153,6.6108,0.7563,1245.7314,1598.2687,226.0704,7.0697,0.7798,1690.0737,2190.5492,226.8138,9.6579,0.7714
2016-01-07T08:42:59.988Z,1128.7934,1481.6533,224.269,6.606,0.7617,1272.9361,1632.5756,226.5467,7.2057,0.7798,1690.324,2205.4891,227.3448,9.7006,0.7668
2016-01-07T08:43:59.448Z,1127.9661,1472.0858,224.3203,6.562,0.7663,1268.7487,1639.5424,226.9656,7.2235,0.7738,1664.1913,2180.7804,227.0434,9.6046,0.7625
2016-01-07T08:44:59.961Z,1130.4632,1480.2706,224.0686,6.6057,0.7638,1281.2436,1642.7973,227.2633,7.2279,0.7799,1688.0057,2206.1221,227.1763,9.7101,0.7653
2016-01-07T08:45:59.627Z,1112.1642,1473.7642,224.2043,6.5733,0.7544,1262.5735,1620.7606,227.2522,7.1312,0.7792,1689.4567,2211.3143,227.629,9.7138,0.7633
2016-01-07T08:46:59.044Z,1121.1702,1481.4547,224.7142,6.5918,0.7569,1280.4045,1638.7328,227.4246,7.2055,0.7811,1700.4238,2224.5172,227.4552,9.7792,0.7644
2016-01-07T08:47:59.329Z,1122.4541,1492.3757,226.1729,6.5981,0.7522,1261.1108,1631.7818,227.4253,7.1747,0.772,1694.882,2218.1093,227.6901,9.7406,0.764
2016-01-07T08:48:59.984Z,1120.7827,1499.8062,225.939,6.6379,0.7476,1268.8266,1633.6382,227.6631,7.1751,0.7766,1716.0177,2246.1301,228.9204,9.8108,0.7634
2016-01-07T08:49:59.334Z,1128.303,1500.2898,226.2307,6.6309,0.7522,1262.6924,1641.518,227.9673,7.2,0.7697,1689.3255,2215.3513,228.1483,9.7091,0.762
2016-01-07T08:50:59.920Z,1148.1809,1506.9711,225.1347,6.693,0.7621,1258.7119,1625.0443,226.3169,7.1808,0.7749,1698.6026,2194.4707,226.3968,9.6926,0.7747
2016-01-07T08:51:59.200Z,1126.851,1468.9893,222.6273,6.5981,0.7671,1283.8111,1631.4453,227.0903,7.183,0.7869,1695.1893,2205.207,226.1526,9.7503,0.7688
2016-01-07T08:52:59.525Z,1127.7658,1496.5783,224.8448,6.6557,0.7531,1268.4157,1631.8661,228.0606,7.1548,0.7769,1708.5369,2230.5096,227.8137,9.7907,0.7659
2016-01-07T08:53:59.653Z,1120.4411,1486.6562,224.8111,6.6119,0.7536,1278.9886,1640.772,228.3937,7.1836,0.7786,1705.2156,2234.1319,227.7914,9.8069,0.7624
2016-01-07T08:54:59.896Z,1143.0117,1500.9361,225.5452,6.6544,0.7618,1274.0217,1649.4073,227.897,7.2372,0.7721,1687.2518,2202.9808,227.0047,9.7038,0.7661
2016-01-07T08:55:59.382Z,1141.3435,1510.088,225.1648,6.7061,0.756,1266.326,1627.7893,227.044,7.169,0.7791,1713.9972,2222.9336,227.8428,9.755,0.7708
2016-01-07T08:56:59.251Z,1148.1868,1518.5083,225.0631,6.7463,0.7562,1254.1626,1618.0801,226.7584,7.1353,0.7748,1710.2147,2209.3013,227.5487,9.7079,0.7736
2016-01-07T08:57:59.504Z,1193.4904,1541.6001,226.114,6.8174,0.7741,1250.8602,1644.2401,227.091,7.2399,0.7606,1674.6122,2148.981,224.7979,9.559,0.7793
2016-01-07T08:58:59.874Z,1145.0537,1491.0949,224.5216,6.6402,0.7678,1275.2049,1640.881,227.4807,7.2128,0.7769,1689.271,2190.2232,225.5537,9.7089,0.7714
2016-01-07T08:59:59.485Z,1133.8219,1490.3944,224.9474,6.6249,0.7609,1284.3065,1644.6243,227.4413,7.2306,0.7809,1703.3336,2220.5802,227.0502,9.7798,0.7667
2016-01-07T09:00:59.972Z,1163.8951,1518.8557,225.9473,6.7214,0.7668,1253.9917,1626.5951,225.9089,7.1993,0.7708,1688.5897,2172.7959,225.7523,9.6234,0.7773
2016-01-07T09:01:59.327Z,1178.8592,1521.7533,224.7603,6.7699,0.7748,1258.0357,1624.0442,224.8153,7.2233,0.7745,1691.3061,2156.5665,224.4226,9.6083,0.7846
2016-01-07T09:02:59.603Z,1166.7243,1522.0647,225.3807,6.7526,0.7669,1238.6193,1603.9878,224.6564,7.1391,0.7722,1696.2256,2161.1997,224.7223,9.6166,0.7844
2016-01-07T09:03:59.961Z,1200.6077,1578.6706,228.2396,6.9168,0.7607,1219.4563,1611.5307,225.224,7.1547,0.7567,1705.6064,2161.263,225.0631,9.6026,0.7889
2016-01-07T09:04:59.238Z,1210.6283,1567.8852,228.165,6.871,0.7719,1221.5811,1643.5367,227.0127,7.2399,0.7432,1650.8673,2110.1806,224.0701,9.4165,0.7814
2016-01-07T09:05:59.482Z,1221.9073,1571.5423,227.4666,6.9081,0.7778,1244.5409,1659.9333,227.2176,7.3056,0.7498,1663.5738,2126.431,224.1934,9.4836,0.7822
2016-01-07T09:06:59.473Z,1206.3993,1555.7076,228.0648,6.8209,0.7756,1233.2114,1657.804,227.8812,7.2751,0.7443,1637.4876,2108.4383,223.8573,9.4173,0.7769
2016-01-07T09:07:59.720Z,1232.1334,1572.8457,228.0263,6.8976,0.7832,1243.1334,1666.1615,227.318,7.3288,0.7464,1650.4282,2104.966,222.751,9.449,0.7843
2016-01-07T09:08:59.998Z,1216.919,1561.8251,228.1007,6.8468,0.779,1228.0817,1653.3874,227.7361,7.2599,0.7429,1639.6146,2097.316,223.0764,9.4006,0.7819
2016-01-07T09:09:59.407Z,1184.9193,1547.104,226.8369,6.8193,0.7656,1250.0792,1637.0907,226.8647,7.2161,0.764,1700.1961,2178.397,225.804,9.6472,0.7806
2016-01-07T09:10:59.223Z,1175.3454,1542.2509,227.0246,6.7931,0.7624,1227.3155,1616.957,226.521,7.1375,0.7593,1679.4991,2151.667,225.3936,9.5463,0.7806
2016-01-07T09:11:59.547Z,1197.761,1554.1598,226.5493,6.8598,0.7709,1240.7644,1626.4326,226.5304,7.179,0.763,1693.273,2152.9246,224.0572,9.6082,0.7864
2016-01-07T09:12:59.882Z,1197.0286,1561.7697,227.6039,6.8612,0.7663,1214.4562,1619.9919,226.567,7.1496,0.7494,1666.4594,2124.9232,224.3954,9.4681,0.7841
2016-01-07T09:13:59.248Z,1233.4066,1585.2889,228.0158,6.9518,0.7785,1225.0349,1639.3238,226.2812,7.2438,0.7474,1666.8711,2107.9715,223.0884,9.4488,0.7899
2016-01-07T09:14:59.761Z,1185.6134,1550.9306,228.1122,6.7989,0.7643,1227.8972,1640.3096,227.8844,7.1973,0.749,1661.5459,2140.4761,225.1279,9.5066,0.7762
2016-01-07T09:15:59.170Z,1182.1585,1556.018,228.0176,6.8238,0.7596,1246.5675,1646.3279,227.8808,7.2242,0.7569,1692.9049,2184.0921,226.3584,9.6481,0.7744
2016-01-07T09:16:59.480Z,1178.9978,1547.6528,227.879,6.7913,0.7618,1223.7737,1627.8548,227.1246,7.1669,0.7514,1669.694,2146.037,225.3766,9.5212,0.7777
2016-01-07T09:17:59.269Z,1242.0007,1593.1454,228.7391,6.964,0.7794,1223.0921,1650.917,226.5888,7.2855,0.7415,1652.1357,2095.588,223.0955,9.3922,0.789
2016-01-07T09:18:59.636Z,1242.2123,1599.8892,229.828,6.9606,0.776,1198.6713,1646.1774,226.5259,7.2666,0.7279,1627.7164,2068.4382,223.3283,9.2609,0.7873
2016-01-07T09:19:59.973Z,1243.9316,1615.8212,229.737,7.033,0.7701,1207.9989,1645.2396,226.6571,7.2582,0.7344,1670.1798,2119.6842,225.1846,9.4121,0.7887
2016-01-07T09:20:59.262Z,1220.6539,1601.5443,229.0971,6.9899,0.7622,1190.9902,1613.2274,226.4516,7.1235,0.738,1673.7594,2119.9558,225.1022,9.4164,0.7901
2016-01-07T09:21:59.272Z,1222.609,1605.9366,228.6644,7.023,0.7612,1205.9617,1610.9873,225.5744,7.1403,0.749,1702.211,2148.3363,225.4752,9.5266,0.7919
2016-01-07T09:22:59.503Z,1201.4243,1584.9931,228.8001,6.9271,0.7582,1210.0319,1628.0057,226.772,7.1789,0.7436,1679.1347,2151.0859,227.0674,9.4718,0.7808
2016-01-07T09:23:59.766Z,1217.1104,1598.9423,228.89,6.985,0.7607,1221.0831,1640.6094,226.9593,7.2279,0.7441,1690.6807,2161.3951,226.9009,9.5242,0.782
2016-01-07T09:24:59.011Z,1202.279,1574.7212,228.5533,6.8893,0.7635,1222.5711,1644.9044,227.5876,7.227,0.7435,1668.3327,2141.8075,226.0766,9.4719,0.7791
2016-01-07T09:25:59.299Z,1208.0827,1591.5231,229.3878,6.9373,0.759,1226.0793,1642.8071,227.2224,7.2292,0.7461,1694.9373,2172.7567,226.8811,9.5756,0.7797
2016-01-07T09:26:59.262Z,1195.8904,1563.6956,228.7092,6.8358,0.7646,1234.7726,1651.9454,227.4572,7.2621,0.7479,1668.5979,2147.9255,225.851,9.5092,0.7775
2016-01-07T09:27:59.468Z,1211.0418,1574.3692,228.8833,6.8772,0.7694,1247.7207,1671.5778,227.913,7.3339,0.7464,1669.7633,2150.0628,225.7053,9.525,0.7772
2016-01-07T09:28:59.333Z,1208.1058,1568.9367,228.6662,6.8606,0.77,1238.2894,1659.381,227.498,7.2934,0.7462,1661.5319,2135.6792,225.3326,9.4761,0.7782
2016-01-07T09:29:59.771Z,1207.1499,1569.4926,227.6559,6.8938,0.7694,1243.2512,1651.0491,226.8381,7.2783,0.753,1682.1008,2153.8478,225.7154,9.5408,0.781
2016-01-07T09:30:59.098Z,1210.4022,1560.0188,227.2485,6.8645,0.7757,1242.1097,1653.1465,226.9785,7.2827,0.7515,1659.031,2125.3273,224.4639,9.4666,0.7804
2016-01-07T09:31:59.502Z,1237.5122,1595.7338,228.4036,6.9862,0.7758,1222.2981,1641.8638,225.7636,7.2718,0.7447,1668.7411,2112.7721,224.1984,9.4228,0.7894
2016-01-07T09:32:59.895Z,1223.0498,1594.9118,229.616,6.9453,0.7664,1227.1409,1663.2002,227.69,7.3042,0.7377,1660.5384,2133.9614,225.9213,9.4444,0.7789
2016-01-07T09:33:59.937Z,1208.7382,1605.184,229.2133,7.0025,0.7537,1206.7157,1622.2736,226.5135,7.1615,0.7444,1702.7913,2171.8665,227.2525,9.5553,0.7844
2016-01-07T09:34:59.194Z,1191.3394,1594.187,228.5838,6.973,0.747,1210.4043,1607.2762,226.244,7.1033,0.7529,1722.0437,2194.2961,227.6689,9.6371,0.7847
2016-01-07T09:35:59.090Z,1191.759,1590.1249,228.797,6.9492,0.749,1212.9516,1609.2473,226.078,7.1175,0.7539,1720.3572,2191.6911,227.2452,9.6437,0.7848
2016-01-07T09:36:59.446Z,1186.5683,1590.8579,228.3559,6.9663,0.7457,1213.0508,1600.6094,225.7899,7.0884,0.7577,1732.5164,2206.0986,227.8734,9.6798,0.7857
2016-01-07T09:37:59.727Z,1186.2221,1580.412,228.3812,6.9197,0.7504,1220.2319,1617.3583,226.4109,7.1429,0.7543,1712.4743,2191.8439,227.6196,9.6278,0.7811
2016-01-07T09:38:59.138Z,1193.4821,1576.6753,228.5544,6.8979,0.757,1236.2181,1638.2916,226.6306,7.229,0.7547,1700.9303,2180.8428,226.8809,9.611,0.7798
2016-01-07T09:39:59.855Z,1210.3232,1588.9244,229.0522,6.937,0.7618,1222.0686,1634.9447,226.4,7.2204,0.7474,1685.8469,2151.141,226.0311,9.5148,0.7836
2016-01-07T09:40:59.050Z,1213.1236,1590.6355,228.1545,6.9713,0.7627,1223.2152,1617.9282,225.184,7.1843,0.7553,1706.3267,2161.6816,225.8623,9.5693,0.7905
2016-01-07T09:41:59.447Z,1200.179,1585.9144,228.5541,6.9382,0.7566,1212.0157,1608.9332,225.4459,7.1358,0.7534,1706.0664,2166.502,226.4096,9.5677,0.7869
2016-01-07T09:42:59.899Z,1197.1368,1577.4654,228.0689,6.9156,0.7584,1236.4538,1629.7964,226.533,7.1941,0.7588,1711.4168,2186.2436,226.4816,9.6508,0.7825
2016-01-07T09:43:59.783Z,1176.7828,1552.2026,227.4948,6.8228,0.758,1241.3944,1631.7956,227.1404,7.1839,0.7608,1697.8387,2185.3312,226.5782,9.6436,0.7772
2016-01-07T09:44:59.277Z,1184.8317,1596.9699,227.8674,7.0078,0.7419,1204.9624,1572.3048,224.3827,7.0054,0.7664,1762.987,2222.3702,227.7512,9.757,0.7929
2016-01-07T09:45:59.527Z,1171.6861,1586.8827,227.3333,6.9798,0.7383,1186.713,1542.4864,223.5147,6.8998,0.7697,1768.0094,2218.9927,227.5681,9.7496,0.7976
2016-01-07T09:46:59.269Z,1198.932,1581.0378,228.6113,6.9149,0.7579,1247.9421,1659.3483,228.077,7.2747,0.7516,1698.8772,2192.2415,227.429,9.6378,0.7752
2016-01-07T09:47:59.606Z,1168.1896,1566.133,229.2117,6.8319,0.7458,1241.4108,1654.563,228.659,7.2354,0.7497,1695.4709,2214.8024,229.2661,9.6578,0.7661
2016-01-07T09:48:59.798Z,1186.0346,1594.3033,229.5833,6.9434,0.7433,1247.9288,1667.9201,229.1928,7.277,0.7482,1713.5889,2231.9713,229.9192,9.7067,0.7679
2016-01-07T09:49:59.262Z,1183.4534,1579.0676,230.1763,6.8594,0.7492,1240.6535,1683.412,230.1453,7.3138,0.7372,1670.637,2198.0353,229.3957,9.5807,0.7602
2016-01-07T09:50:59.678Z,1207.7152,1581.1384,229.6023,6.8849,0.7638,1266.8632,1711.4782,230.1803,7.4349,0.7402,1663.2474,2181.4099,227.868,9.5713,0.7632
2016-01-07T09:51:59.426Z,1257.0062,1616.0244,231.091,6.9921,0.778,1220.3672,1709.6381,230.1112,7.4287,0.7135,1609.4349,2083.2298,224.7518,9.2679,0.773
2016-01-07T09:52:59.735Z,1212.559,1637.9287,230.999,7.0901,0.7402,1200.8958,1631.8496,227.6528,7.1676,0.7359,1724.8903,2210.4646,229.2911,9.6378,0.7806
2016-01-07T09:53:59.391Z,1179.058,1616.167,230.5015,7.0102,0.7294,1186.7169,1604.7433,227.4519,7.0554,0.7399,1723.6848,2216.2565,230.0348,9.6328,0.7779
2016-01-07T09:54:59.995Z,1185.4914,1599.5692,228.9748,6.9844,0.7414,1224.8849,1629.4252,227.9522,7.147,0.7519,1730.6679,2228.8094,229.027,9.73,0.7766
2016-01-07T09:55:59.210Z,1168.4679,1558.7469,228.5742,6.8188,0.7498,1238.6485,1661.2088,229.8898,7.2258,0.7458,1679.0245,2197.1907,228.2581,9.6247,0.764
2016-01-07T09:56:59.888Z,1221.7563,1592.9619,229.7324,6.9333,0.7674,1251.4981,1697.8202,229.9828,7.3816,0.7369,1664.0468,2159.1756,226.2197,9.5429,0.7709
2016-01-07T09:57:59.290Z,1205.096,1570.6448,229.6885,6.8375,0.7676,1242.3619,1696.1355,230.4469,7.3592,0.7322,1639.5143,2143.1184,226.0772,9.4781,0.7652
2016-01-07T09:58:59.788Z,1227.5321,1608.9507,229.9677,6.9959,0.7626,1229.2688,1672.0068,228.8638,7.3047,0.7352,1680.0844,2160.0491,226.29,9.5442,0.7774
2016-01-07T09:59:59.258Z,1230.8181,1600.5076,230.0558,6.9565,0.7694,1210.573,1665.1344,229.051,7.2692,0.7271,1642.2125,2108.858,224.4125,9.3962,0.7783
