2016-01-30T00:00:59.128Z,2.9358,47.5374,231.4084,0.2056,0.0586,3.5267,34.3481,230.1952,0.1496,0.1042,2.8221,35.185,231.3518,0.152,0.0847
2016-01-30T00:01:59.350Z,3.0447,49.8408,231.6329,0.2149,0.0622,2.8229,36.1833,230.3323,0.1571,0.0814,2.7035,34.8857,232.9124,0.1497,0.084
2016-01-30T00:02:59.879Z,2.7382,50.5032,231.8863,0.2182,0.0536,3.2025,31.8934,230.0432,0.1386,0.1048,2.7426,34.8768,233.1259,0.1499,0.0816
2016-01-30T00:03:59.356Z,1.8965,50.82,232.2795,0.2189,0.0377,3.322,33.3851,229.3881,0.1455,0.1075,2.3949,35.2724,233.234,0.1511,0.0762
2016-01-30T00:04:59.670Z,2.0466,49.3271,232.3109,0.2125,0.0418,3.0899,34.782,228.6081,0.152,0.0993,2.2526,35.9158,233.4369,0.1536,0.0663
2016-01-30T00:05:59.848Z,2.2015,50.5182,231.8736,0.2177,0.042,3.5066,33.5667,228.923,0.1466,0.1065,3.3024,35.4615,233.5279,0.152,0.0921
2016-01-30T00:06:59.104Z,2.2091,49.7383,231.8266,0.2149,0.0429,3.3843,34.532,228.7897,0.1509,0.0939,2.2924,36.8637,233.9493,0.1576,0.0682
2016-01-30T00:07:59.469Z,2.056,49.8514,231.4393,0.2152,0.0429,3.1638,35.3942,229.5011,0.1544,0.0978,2.4624,36.5101,233.4882,0.1564,0.0754
2016-01-30T00:08:59.763Z,3.3829,49.7505,231.4933,0.2152,0.0678,3.4282,34.1677,229.5212,0.1488,0.102,2.8207,34.7616,232.8228,0.1488,0.0814
2016-01-30T00:09:59.797Z,2.8993,50.4963,231.6699,0.2175,0.0563,3.2921,32.0096,229.1996,0.1391,0.1093,2.4018,34.1125,232.0988,0.147,0.0733
2016-01-30T00:10:59.005Z,1.8247,50.2366,230.9472,0.2174,0.0347,2.7838,32.5898,229.7618,0.1418,0.0943,2.2652,33.1536,230.763,0.1437,0.0733
2016-01-30T00:11:59.381Z,2.1318,49.867,232.4537,0.215,0.0415,3.3045,33.9777,230.1075,0.1483,0.1022,2.924,35.4239,232.3026,0.1524,0.0829
2016-01-30T00:12:59.743Z,2.1847,49.5288,232.0401,0.2131,0.0438,3.4302,34.2251,229.4371,0.1495,0.0996,2.4147,35.04,232.556,0.1503,0.0787
2016-01-30T00:13:59.171Z,2.5983,49.3681,232.9748,0.2112,0.0523,3.3757,35.8428,230.0434,0.1564,0.1016,2.6738,37.2056,234.0947,0.1589,0.0826
2016-01-30T00:14:59.613Z,2.6126,50.9691,233.1874,0.2186,0.0492,3.6841,34.4039,230.1971,0.1496,0.1135,2.839,33.5947,234.4557,0.143,0.0882
2016-01-30T00:15:59.396Z,2.3142,50.7862,232.6753,0.2183,0.0446,2.8776,33.4049,230.3973,0.145,0.0923,2.4418,34.6776,234.199,0.1484,0.0716
2016-01-30T00:16:59.648Z,2.159,50.1879,232.8278,0.2155,0.0418,3.0535,34.1829,230.5783,0.1485,0.1004,2.5191,35.5514,234.3073,0.1517,0.0782
2016-01-30T00:17:59.238Z,3.0656,50.5301,232.7859,0.2173,0.0603,3.8868,34.5649,230.8009,0.1496,0.1176,2.2448,35.1564,234.0792,0.1504,0.0606
2016-01-30T00:18:59.741Z,1.8228,50.4282,232.6766,0.2165,0.0353,3.1055,34.7587,230.4904,0.1508,0.0947,2.3779,34.2624,234.038,0.1461,0.075
2016-01-30T00:20:59.235Z,2.0966,49.8651,232.2045,0.2151,0.0417,3.0922,32.4396,229.7538,0.141,0.106,2.6546,35.1189,233.4199,0.1499,0.0776
2016-01-30T00:21:59.721Z,2.6221,49.6613,232.808,0.2142,0.0522,3.7616,34.4259,230.5447,0.1492,0.1133,2.8125,34.5331,233.9556,0.1479,0.0892
2016-01-30T00:22:59.898Z,1.9583,49.9265,232.903,0.2146,0.0393,3.402,32.3988,230.8691,0.14,0.1103,2.4047,35.7153,234.0167,0.1527,0.0716
2016-01-30T00:23:59.166Z,2.4969,50.2447,233.2771,0.2154,0.0489,2.9983,33.5552,230.839,0.1458,0.1016,2.4693,36.2302,233.779,0.1554,0.0728
2016-01-30T00:24:59.430Z,2.7622,50.6118,233.5032,0.2174,0.0526,2.8412,34.8675,231.2293,0.1512,0.0937,2.8776,34.9973,233.3159,0.1496,0.0859
2016-01-30T00:25:59.762Z,2.8123,49.7843,233.3752,0.2132,0.0557,3.7109,35.5409,231.5124,0.154,0.1014,2.799,34.6795,233.1643,0.1485,0.0821
2016-01-30T00:26:59.440Z,2.2316,50.7351,233.51,0.2176,0.0433,3.2485,33.6991,231.4856,0.1456,0.1035,2.6448,34.9882,232.9705,0.1501,0.0799
2016-01-30T00:27:59.956Z,2.3153,51.2312,233.7447,0.2191,0.0453,3.4225,35.267,231.5575,0.1522,0.0984,2.9993,35.3878,233.02,0.1521,0.0893
2016-01-30T00:28:59.213Z,2.157,50.4014,233.5657,0.2159,0.0418,2.9106,32.7959,228.7314,0.1432,0.0967,2.5451,37.4369,234.4139,0.16,0.0718
2016-01-30T00:29:59.477Z,2.3679,50.4356,233.6968,0.2158,0.0468,3.1265,30.7363,227.8216,0.1344,0.1034,2.2144,34.0954,234.5841,0.1445,0.0721
2016-01-30T00:30:59.837Z,1.998,50.546,233.0648,0.2165,0.039,3.2665,33.3253,230.4843,0.1447,0.1092,2.6488,33.686,233.8714,0.1437,0.0853
2016-01-30T00:31:59.155Z,1.9742,51.1692,233.3812,0.2193,0.039,3.6299,34.5197,231.0017,0.1497,0.1078,3.1119,34.3387,234.1294,0.1463,0.091
2016-01-30T00:32:59.635Z,2.2631,50.6499,233.3032,0.2169,0.0427,3.6536,33.3385,231.0168,0.1443,0.1176,2.6391,38.0913,234.2888,0.1625,0.0697
2016-01-30T00:33:59.977Z,2.5685,48.8825,232.9379,0.2097,0.053,2.9038,34.5874,231.3505,0.1492,0.0946,2.6155,36.0814,233.6475,0.1549,0.0782
2016-01-30T00:34:59.279Z,2.4499,51.6144,232.8006,0.2224,0.0476,3.6502,34.8854,231.47,0.1508,0.1057,2.6187,36.2178,233.6054,0.1548,0.0716
2016-01-30T00:35:59.555Z,2.0804,49.7763,232.6246,0.214,0.0425,3.6922,33.8845,230.703,0.1466,0.1121,2.5424,36.4918,233.7646,0.1565,0.0691
2016-01-30T00:36:59.805Z,2.4107,50.0147,232.897,0.2143,0.0485,3.8368,33.8199,230.7558,0.1468,0.1155,2.5736,36.3692,234.2582,0.1553,0.0746
2016-01-30T00:37:59.130Z,2.0481,48.9462,232.7812,0.2103,0.0411,3.5994,34.4223,230.8806,0.1492,0.1122,2.4946,36.7378,233.9582,0.1569,0.0696
2016-01-30T00:38:59.570Z,2.1348,50.8837,232.4186,0.2187,0.0426,2.9865,34.1879,230.6846,0.1486,0.0945,2.6191,35.6902,233.8585,0.1527,0.0807
2016-01-30T00:39:59.178Z,2.3321,50.6396,232.142,0.2184,0.0458,2.9544,34.4274,229.8189,0.1492,0.0938,3.027,34.8789,233.8492,0.1494,0.0862
2016-01-30T00:40:59.467Z,2.588,49.7003,231.8786,0.2145,0.0514,2.6205,36.3125,229.6029,0.158,0.0785,1.8943,35.9252,233.1988,0.1535,0.0559
2016-01-30T00:41:59.799Z,3.0601,49.8425,232.5271,0.2147,0.0598,2.8161,32.5024,230.5566,0.1413,0.0987,3.0173,35.8351,233.984,0.1529,0.0873
2016-01-30T00:42:59.372Z,2.5677,49.2363,232.8359,0.2122,0.0508,3.2084,34.7829,230.887,0.15,0.0998,2.7823,36.4738,233.8637,0.1557,0.0829
2016-01-30T00:43:59.617Z,2.234,50.1911,232.4958,0.2162,0.0449,3.0829,34.5476,231.0869,0.1492,0.0947,2.397,34.2692,233.7686,0.1467,0.0727
2016-01-30T00:44:59.305Z,2.4871,50.4625,232.859,0.2164,0.0489,3.134,36.2056,231.1849,0.1563,0.0937,2.4037,33.8275,234.0969,0.1446,0.0765
2016-01-30T00:45:59.084Z,2.7431,49.8149,233.3703,0.2134,0.0531,3.2164,33.3329,231.284,0.1439,0.1052,2.8848,36.7754,234.9177,0.1566,0.082
2016-01-30T00:46:59.402Z,2.8585,50.3989,233.1516,0.2161,0.0548,2.7826,35.1298,230.8157,0.1517,0.0909,2.5138,36.177,234.9615,0.1539,0.0741
2016-01-30T00:47:59.712Z,2.3279,50.4019,233.5524,0.2159,0.0468,3.2463,34.7357,230.5838,0.1505,0.1001,2.8286,36.0287,235.0298,0.1532,0.0843
2016-01-30T00:48:59.064Z,2.3074,50.0944,233.773,0.2139,0.0457,3.1686,33.8102,231.0367,0.1469,0.0952,2.4811,36.7026,235.0111,0.1561,0.0728
2016-01-30T00:49:59.224Z,3.1988,49.6159,233.5308,0.2129,0.0629,3.3853,32.6829,230.8592,0.1409,0.1089,2.7643,36.8763,234.5157,0.1574,0.0778
2016-01-30T00:50:59.163Z,2.3381,50.4988,233.2542,0.2164,0.0462,3.3351,36.5248,230.8612,0.158,0.1001,3.0246,34.6738,234.6265,0.1478,0.0905
2016-01-30T00:51:59.454Z,2.1955,50.3287,233.0826,0.2158,0.0433,3.445,34.6282,231.2463,0.1498,0.1045,3.0283,36.4807,234.3417,0.1557,0.0839
2016-01-30T00:52:59.635Z,2.0795,50.3274,232.4843,0.2166,0.0402,2.9656,35.84,230.7952,0.1549,0.0924,2.3015,35.7041,233.7101,0.1526,0.0721
2016-01-30T00:53:59.057Z,3.0534,49.666,232.1611,0.2137,0.0608,3.1794,34.611,230.6402,0.1498,0.0997,2.5204,33.8726,233.3318,0.1453,0.0777
2016-01-30T00:54:59.780Z,2.2693,50.2989,231.4947,0.2173,0.047,3.1428,34.8145,230.7491,0.1507,0.0979,3.0708,35.8688,233.5966,0.1537,0.0862
2016-01-30T00:55:59.092Z,2.2723,49.9543,231.5498,0.2153,0.0469,3.3083,35.4653,230.481,0.1542,0.0981,2.6816,35.0531,233.6183,0.1503,0.0833
2016-01-30T00:56:59.538Z,2.3338,49.3662,231.779,0.2126,0.0465,2.7164,33.43,230.2876,0.1451,0.0911,2.923,35.132,233.9833,0.15,0.0844
2016-01-30T00:57:59.225Z,2.6097,50.7278,232.2984,0.2182,0.0498,2.8518,34.5305,230.0929,0.1501,0.0935,2.5897,35.9678,234.2693,0.1532,0.0738
2016-01-30T00:58:59.726Z,3.1121,49.0537,231.5163,0.2118,0.0642,3.4285,35.1816,229.8393,0.1532,0.0995,2.3214,36.2069,233.341,0.1549,0.0703
2016-01-30T00:59:59.229Z,2.2569,49.4849,231.057,0.2141,0.0487,3.3313,34.8362,229.8535,0.1518,0.101,2.567,35.6437,233.0192,0.1524,0.073
2016-01-30T01:00:59.567Z,2.7193,48.2045,231.087,0.2086,0.0569,3.8616,36.5652,229.5102,0.1595,0.113,3.0504,36.9748,232.6833,0.1589,0.0874
2016-01-30T01:01:59.816Z,2.4681,49.9064,231.9352,0.2146,0.0484,3.4996,35.0886,231.1253,0.1515,0.1043,2.7284,35.891,233.0849,0.1538,0.0762
2016-01-30T01:02:59.189Z,2.5312,49.9291,231.4731,0.2159,0.0508,2.7788,36.0389,230.9181,0.156,0.0842,2.6501,35.4764,232.8122,0.1524,0.0756
2016-01-30T01:03:59.667Z,3.0079,49.4742,231.9248,0.2135,0.0603,3.3901,33.3839,230.5411,0.1449,0.1092,2.5504,38.4522,233.3343,0.1639,0.0709
2016-01-30T01:04:59.908Z,1.7916,50.234,231.7418,0.2165,0.0366,3.1884,33.7269,230.3098,0.1466,0.1016,2.3716,36.7337,233.3003,0.157,0.073
2016-01-30T01:05:59.433Z,1.916,49.6648,232.315,0.214,0.0388,3.5942,34.2803,229.7287,0.1484,0.1047,3.065,34.8898,234.348,0.149,0.0869
2016-01-30T01:06:59.799Z,2.6074,49.9148,231.8689,0.2153,0.0533,3.3362,33.5593,229.2967,0.1469,0.1054,2.8775,37.3385,234.0421,0.1595,0.0763
2016-01-30T01:07:59.720Z,3.2173,49.6808,231.6579,0.2149,0.0646,3.1181,34.6395,230.1651,0.1509,0.096,2.5757,35.1905,233.1698,0.1512,0.0815
2016-01-30T01:08:59.957Z,2.7093,49.6342,231.5665,0.2145,0.0547,3.3948,34.2259,230.3066,0.1488,0.1058,2.6632,36.0296,232.5735,0.1545,0.0744
2016-01-30T01:09:59.585Z,1.7869,50.1865,231.4647,0.2168,0.0357,3.2856,29.2974,229.998,0.1275,0.1125,2.5937,32.4705,233.0375,0.1386,0.0844
2016-01-30T01:10:59.735Z,2.4766,49.3658,231.098,0.2138,0.0509,3.396,30.033,228.8888,0.1313,0.1185,2.5307,31.3179,232.4816,0.1346,0.0809
2016-01-30T01:11:59.039Z,2.2739,50.0156,231.8201,0.2151,0.0463,3.5266,33.8556,230.5341,0.1472,0.1088,2.1972,34.0972,232.8849,0.1462,0.0704
2016-01-30T01:12:59.328Z,1.9249,50.2187,231.9188,0.2168,0.0386,3.2069,34.5334,230.7496,0.1493,0.0969,2.2456,35.2512,233.2631,0.1516,0.0689
2016-01-30T01:13:59.670Z,2.1661,50.5728,232.3918,0.218,0.0439,3.0799,33.9037,230.1045,0.1476,0.1004,3.181,35.8654,233.5897,0.1536,0.0885
2016-01-30T01:14:59.021Z,2.3741,49.7898,232.1777,0.2151,0.0482,3.0821,34.6554,230.3608,0.1504,0.0988,2.2063,35.2508,233.209,0.1514,0.0684
2016-01-30T01:15:59.214Z,2.4705,49.5155,232.0177,0.213,0.048,3.4016,32.7852,230.3386,0.1416,0.1076,2.8526,33.8942,233.1,0.1453,0.0858
2016-01-30T01:16:59.643Z,189.6089,335.2146,232.0554,1.4493,0.1851,209.0332,370.3901,229.7507,1.6248,0.2188,431.1454,607.2171,231.9836,2.6333,0.5491
2016-01-30T01:17:59.911Z,953.77,1427.0493,230.9748,6.178,0.6678,956.391,1426.6478,227.9528,6.2584,0.6699,1506.849,2082.4769,229.9846,9.0551,0.7234
2016-01-30T01:18:59.458Z,1009.2284,1467.7626,231.0984,6.3512,0.6875,1027.018,1490.4143,228.8103,6.5138,0.6892,1555.4451,2128.388,229.902,9.2576,0.7308
2016-01-30T01:19:59.830Z,992.3534,1444.4742,230.5811,6.2644,0.6874,1030.1002,1487.183,228.9189,6.4963,0.6928,1543.8503,2121.5304,229.7063,9.2354,0.7278
2016-01-30T01:20:59.566Z,1013.6215,1464.3087,230.433,6.3547,0.6921,1028.9258,1486.3703,228.5581,6.5033,0.692,1551.4429,2109.4343,229.1964,9.2037,0.7354
2016-01-30T01:21:59.060Z,1018.6712,1471.1891,231.0737,6.3666,0.6926,1046.3287,1510.7538,229.2313,6.5908,0.6929,1553.6206,2122.0265,229.6858,9.2383,0.7325
2016-01-30T01:22:59.547Z,1034.65,1481.0194,230.6386,6.4212,0.6986,1052.0338,1508.6598,228.8256,6.5928,0.6969,1568.3917,2122.0971,229.5869,9.2431,0.7389
2016-01-30T01:23:59.902Z,1044.763,1482.5686,231.039,6.4171,0.7048,1073.9763,1542.8482,229.8274,6.7129,0.6956,1558.8977,2127.0308,229.7364,9.259,0.7324
2016-01-30T01:24:59.797Z,1041.937,1480.5449,231.0587,6.4073,0.7034,1071.143,1544.4871,230.1099,6.7119,0.6937,1553.4272,2120.9953,229.8203,9.2288,0.7327
2016-01-30T01:25:59.325Z,131.4584,228.2306,232.54,0.987,0.1452,133.9141,219.6587,230.61,0.9542,0.1606,299.0411,387.4131,232.3283,1.679,0.8362
2016-01-30T01:26:59.890Z,661.4624,1136.0017,232.134,4.8981,0.5089,707.3733,1168.6697,227.5402,5.1402,0.55,831.6118,1334.4281,232.0992,5.7544,0.6487
2016-01-30T01:27:59.476Z,492.8253,719.2483,232.046,3.1084,0.3606,492.1593,700.9698,229.3926,3.0677,0.364,613.6071,843.5261,232.1339,3.6469,0.7861
2016-01-30T01:28:59.073Z,9.7039,65.2404,232.7538,0.2806,0.065,10.8233,47.2513,230.5211,0.2053,0.1248,377.7794,472.041,232.6116,2.0339,0.8452
2016-01-30T01:29:59.456Z,1068.9608,1500.4398,230.6127,6.5059,0.7118,1097.364,1553.9256,229.3084,6.7764,0.706,1587.0259,2150.7817,230.0566,9.3491,0.7374
2016-01-30T01:30:59.813Z,1028.4653,1454.973,229.6829,6.3346,0.7063,1076.3102,1529.0236,229.4258,6.6644,0.7042,1546.4612,2117.5306,229.4953,9.2269,0.7304
2016-01-30T01:31:59.212Z,1039.4021,1469.0643,229.9545,6.3884,0.7072,1088.633,1542.5925,229.6988,6.7157,0.7058,1560.0317,2131.2585,229.7304,9.2772,0.7324
2016-01-30T01:32:59.433Z,988.493,1424.7376,230.7809,6.1736,0.6934,1022.948,1506.2249,229.6654,6.5584,0.6789,1477.9814,2056.5349,229.63,8.9556,0.7186
2016-01-30T01:33:59.781Z,922.0151,1367.675,230.6601,5.9293,0.6742,977.8373,1472.0163,230.4572,6.3879,0.6642,1418.1724,2018.9901,230.1063,8.7737,0.7017
2016-01-30T01:34:59.111Z,952.8578,1396.5164,230.7044,6.0533,0.682,996.6189,1482.4226,230.3954,6.4344,0.6724,1449.9058,2035.1117,230.0144,8.8475,0.7134
2016-01-30T01:35:59.162Z,959.3046,1403.9608,230.6991,6.0864,0.6829,1015.3638,1496.8944,230.887,6.483,0.6785,1467.6288,2059.1902,230.3725,8.9388,0.7126
2016-01-30T01:36:59.570Z,952.3117,1392.4649,230.4653,6.042,0.6833,1008.3696,1489.3782,230.715,6.4553,0.6771,1454.6676,2045.1981,230.2596,8.8819,0.711
2016-01-30T01:37:59.736Z,958.5518,1410.8261,230.6526,6.1166,0.6798,998.7591,1477.8208,230.3724,6.415,0.6754,1473.4144,2054.8384,230.7991,8.903,0.7177
2016-01-30T01:38:59.193Z,978.3349,1428.7918,230.6504,6.1945,0.6845,1001.07,1475.7073,229.6601,6.4255,0.6787,1486.2942,2051.404,230.4654,8.9007,0.7244
2016-01-30T01:39:59.626Z,991.7666,1444.0051,230.8547,6.2556,0.6866,994.0623,1469.5763,229.2211,6.4112,0.6763,1494.4678,2045.1273,230.1057,8.8873,0.7302
2016-01-30T01:40:59.906Z,985.6169,1428.1128,230.3964,6.1986,0.6898,1011.983,1476.6379,229.3817,6.4372,0.6856,1496.524,2051.334,229.6427,8.9327,0.7296
2016-01-30T01:41:59.173Z,975.5611,1415.2635,230.6751,6.1349,0.689,1027.986,1501.4771,230.5769,6.5125,0.6843,1483.9817,2064.0473,230.236,8.9647,0.7192
2016-01-30T01:42:59.485Z,998.1777,1425.1488,231.1214,6.1662,0.7004,1038.7092,1525.6494,230.8649,6.6076,0.6806,1472.8291,2044.097,229.4234,8.9093,0.721
2016-01-30T01:43:59.822Z,1043.8942,1461.8822,231.9604,6.3023,0.7137,1018.5252,1522.5898,229.9873,6.62,0.669,1470.3008,2001.2603,227.7178,8.7879,0.735
2016-01-30T01:44:59.187Z,1018.8883,1465.5497,231.6481,6.3265,0.6956,998.2893,1479.7771,228.8608,6.4665,0.6748,1501.2358,2033.3971,229.669,8.8535,0.7391
2016-01-30T01:45:59.723Z,1028.0774,1468.7712,231.2289,6.3517,0.7002,1031.2782,1503.2128,229.2604,6.5576,0.686,1520.1716,2062.9232,229.7144,8.9799,0.7373
2016-01-30T01:46:59.018Z,1026.979,1467.658,231.3274,6.3441,0.6997,1029.376,1500.0001,229.2222,6.5442,0.6864,1520.4325,2059.1249,229.6391,8.9664,0.7385
2016-01-30T01:47:59.266Z,1032.8256,1469.2211,231.0189,6.3599,0.7031,1030.1374,1495.5121,228.6203,6.5406,0.689,1523.0999,2053.1338,229.4273,8.9488,0.741
2016-01-30T01:48:59.310Z,1032.3572,1462.8659,231.1298,6.3282,0.7056,1051.1901,1517.5702,229.129,6.6236,0.6926,1521.3893,2066.7516,229.8917,8.9902,0.7367
2016-01-30T01:49:59.574Z,1033.1244,1472.2236,230.7433,6.3802,0.7017,1053.4457,1501.1746,228.4038,6.572,0.7019,1554.0718,2090.2727,230.002,9.0878,0.7442
2016-01-30T01:50:59.398Z,1018.0389,1460.5315,230.0725,6.3482,0.6972,1034.1647,1472.537,227.6109,6.4696,0.7021,1549.4755,2078.0071,229.9689,9.0361,0.7452
2016-01-30T01:51:59.054Z,1025.1831,1463.2788,229.8545,6.3657,0.7001,1077.2971,1509.2758,228.788,6.5967,0.7138,1570.6925,2119.3579,230.5825,9.1918,0.742
2016-01-30T01:52:59.338Z,1002.8254,1438.4832,230.1399,6.2504,0.6972,1077.6379,1517.9959,229.6956,6.609,0.7093,1544.0599,2111.4033,230.5838,9.1568,0.7306
2016-01-30T01:53:59.630Z,1025.2947,1455.7738,229.9917,6.3299,0.7042,1098.2542,1534.9524,229.8512,6.6781,0.7158,1567.579,2130.3044,230.6637,9.2348,0.7361
2016-01-30T01:54:59.265Z,1014.9665,1444.8664,229.9125,6.2843,0.7026,1085.2306,1521.5896,229.5736,6.6282,0.7129,1553.5238,2113.6003,230.3667,9.1744,0.7347
2016-01-30T01:55:59.530Z,1039.2049,1470.4552,230.3139,6.3848,0.7067,1104.5192,1539.5772,229.4827,6.709,0.7176,1579.69,2136.2052,230.5377,9.2656,0.7399
2016-01-30T01:56:59.255Z,1032.0996,1469.1288,230.4127,6.3757,0.7028,1086.1226,1528.9034,229.6388,6.6576,0.7102,1565.35,2120.4656,230.7853,9.188,0.739
2016-01-30T01:57:59.705Z,1051.237,1490.8363,230.3198,6.4727,0.7056,1102.8954,1539.4163,229.857,6.6971,0.7164,1596.2852,2150.1544,231.1797,9.3002,0.7412
2016-01-30T01:58:59.248Z,1024.9129,1475.067,230.3473,6.4031,0.6946,1091.6881,1526.3019,230.2222,6.6297,0.7154,1587.7215,2153.1549,231.476,9.3016,0.7387
2016-01-30T01:59:59.250Z,1053.7067,1502.2378,230.3437,6.5219,0.7018,1096.8834,1525.1963,229.4431,6.6472,0.7192,1617.5298,2162.3097,231.12,9.3555,0.7475
