2016-01-17T00:00:59.563Z,1067.6259,1501.16,229.1036,6.5517,0.711,1123.7886,1549.5467,229.3707,6.7548,0.7252,1616.694,2146.8727,229.3536,9.3597,0.752
2016-01-17T00:01:59.933Z,1069.879,1499.373,228.7421,6.5542,0.7133,1119.4657,1544.8828,228.6732,6.7559,0.7248,1618.4123,2142.6108,229.1831,9.3483,0.755
2016-01-17T00:02:59.232Z,1070.1372,1501.8172,229.1775,6.5534,0.713,1112.571,1541.2363,228.3671,6.7485,0.7216,1613.1297,2133.0815,229.0978,9.3108,0.7563
2016-01-17T00:03:59.866Z,1085.9738,1526.3872,229.0628,6.6632,0.7113,1113.7667,1514.0307,225.9184,6.7009,0.7356,1660.0714,2154.9063,228.7104,9.4214,0.7707
2016-01-17T00:04:59.602Z,1106.4456,1558.6123,229.3761,6.7942,0.71,1098.5919,1495.2094,224.9796,6.6449,0.7348,1685.1834,2156.6714,228.6328,9.4321,0.7812
2016-01-17T00:05:59.106Z,1097.1692,1523.837,228.7736,6.6611,0.7199,1094.0976,1508.5624,225.9467,6.6764,0.7251,1627.6656,2104.015,227.3876,9.2526,0.7725
2016-01-17T00:06:59.410Z,1125.4269,1550.586,229.1438,6.7661,0.7259,1105.8772,1523.2588,225.9557,6.7417,0.7256,1642.7469,2108.7013,227.1173,9.284,0.7786
2016-01-17T00:07:59.870Z,1131.1797,1557.8268,229.1978,6.7962,0.7263,1136.7867,1562.3397,227.773,6.8593,0.7275,1655.6864,2149.5736,228.6056,9.4021,0.7697
2016-01-17T00:08:59.223Z,1101.3549,1531.779,229.2811,6.6808,0.7189,1119.9476,1546.4042,227.9798,6.783,0.7243,1633.7899,2135.7781,228.8043,9.334,0.765
2016-01-17T00:09:59.587Z,1066.4317,1509.7586,228.7369,6.5999,0.7067,1097.8424,1517.0154,227.7601,6.66,0.7241,1627.9348,2140.8934,229.6503,9.3223,0.7606
2016-01-17T00:10:59.892Z,1061.9133,1504.1803,228.5277,6.5818,0.7064,1109.9554,1519.6127,227.9018,6.6676,0.7301,1635.278,2151.6343,229.6197,9.3699,0.7598
2016-01-17T00:11:59.840Z,1097.6018,1535.1434,228.783,6.71,0.7151,1158.2712,1568.547,228.7615,6.8561,0.7381,1673.9125,2199.0153,230.3037,9.547,0.7619
2016-01-17T00:12:59.284Z,1135.6201,1568.4496,228.2871,6.8703,0.7242,1187.7188,1587.0846,228.4426,6.9469,0.7484,1715.674,2231.4366,229.9527,9.7037,0.7697
2016-01-17T00:13:59.568Z,1135.3941,1573.7097,228.4096,6.8896,0.7212,1160.9299,1563.1999,227.6567,6.8661,0.7424,1710.359,2208.9614,229.5558,9.6228,0.774
2016-01-17T00:14:59.362Z,1115.6694,1570.4026,229.4128,6.8448,0.7106,1096.7775,1514.1763,226.8898,6.6728,0.724,1672.6884,2153.7911,229.4992,9.3846,0.7761
2016-01-17T00:15:59.934Z,1109.5909,1569.8468,229.2989,6.8464,0.7066,1083.6052,1493.4908,225.9826,6.6087,0.7254,1678.6999,2150.1887,229.136,9.383,0.7802
2016-01-17T00:16:59.523Z,1095.0748,1564.252,229.6751,6.8102,0.7002,1061.2788,1470.6555,225.4073,6.524,0.7215,1672.5878,2142.9536,229.4375,9.3393,0.7802
2016-01-17T00:17:59.192Z,1072.8689,1539.3507,229.374,6.7104,0.6972,1077.5367,1495.5667,227.5629,6.5716,0.7204,1652.2781,2156.9376,230.1424,9.3716,0.7654
2016-01-17T00:18:59.668Z,1091.1679,1539.1082,229.0107,6.7207,0.7089,1109.4289,1528.4179,228.0011,6.7032,0.7257,1654.579,2162.333,229.9719,9.4024,0.7651
2016-01-17T00:19:59.476Z,1084.117,1534.3915,229.0276,6.6992,0.7062,1102.9646,1521.0699,228.0249,6.6697,0.7253,1650.9696,2157.3369,229.8778,9.3843,0.7654
2016-01-17T00:20:59.819Z,1070.5116,1515.185,228.6453,6.6266,0.7072,1105.2543,1521.1258,228.0786,6.6691,0.7272,1637.8678,2150.6746,229.7914,9.359,0.7613
2016-01-17T00:21:59.457Z,1075.4931,1520.2239,228.7076,6.6461,0.708,1127.9978,1532.3237,228.2818,6.7116,0.7362,1664.8588,2183.5953,230.061,9.4908,0.7611
2016-01-17T00:22:59.757Z,1069.6167,1513.8891,228.8004,6.617,0.7062,1126.3952,1535.3626,228.4792,6.7202,0.7334,1652.6812,2178.2342,230.2517,9.4594,0.7594
2016-01-17T00:23:59.943Z,1068.1621,1509.0164,228.5041,6.6041,0.7083,1108.8013,1514.5616,227.6499,6.6531,0.7321,1646.605,2156.6504,229.6538,9.3902,0.7634
2016-01-17T00:24:59.323Z,1084.0355,1525.0537,228.6239,6.6698,0.7111,1122.9293,1523.768,227.3525,6.7024,0.7369,1664.1103,2169.5654,229.7687,9.4422,0.7678
2016-01-17T00:25:59.815Z,1069.61,1518.565,227.7016,6.6687,0.7043,1110.1537,1495.6281,226.6589,6.5979,0.742,1679.8934,2182.9751,229.9998,9.491,0.7696
2016-01-17T00:26:59.889Z,1056.2067,1506.0379,227.5026,6.6197,0.7009,1101.763,1485.3039,226.7908,6.5483,0.7414,1666.8141,2169.2364,229.7174,9.4422,0.7692
2016-01-17T00:27:59.267Z,1086.7869,1522.2306,228.8861,6.6506,0.7137,1126.5693,1537.7031,228.1617,6.7392,0.7328,1651.769,2161.5623,229.4653,9.4194,0.7641
2016-01-17T00:28:59.060Z,1071.7002,1502.342,228.1068,6.5856,0.7131,1137.2746,1543.4707,228.9336,6.7414,0.7372,1642.3539,2166.2771,229.4474,9.4407,0.7591
2016-01-17T00:29:59.423Z,1066.573,1503.0388,228.3183,6.5826,0.71,1116.6496,1528.287,228.7376,6.6806,0.7306,1635.5416,2154.7734,229.7377,9.3787,0.7596
2016-01-17T00:30:59.046Z,1081.17,1518.5226,229.043,6.6294,0.7116,1133.7673,1551.8431,228.9885,6.776,0.7307,1644.5307,2169.8501,230.0076,9.4334,0.7587
2016-01-17T00:31:59.854Z,1081.5311,1512.599,229.9387,6.5779,0.7153,1143.1426,1568.9379,229.0055,6.8508,0.7288,1630.0338,2160.8257,229.4912,9.4148,0.7535
2016-01-17T00:32:59.874Z,1068.1883,1510.6182,230.5757,6.5508,0.7069,1122.2992,1564.5713,229.6462,6.8129,0.7169,1611.6574,2153.9496,230.3738,9.3493,0.7489
2016-01-17T00:33:59.269Z,1098.2327,1528.1716,230.5226,6.6288,0.7185,1137.1096,1578.916,229.2491,6.8869,0.7198,1620.6122,2146.3729,229.4682,9.3529,0.7548
2016-01-17T00:34:59.118Z,781.3319,1118.7422,230.5766,4.8601,0.5171,796.998,1129.6173,229.2084,4.9347,0.5176,1178.239,1554.2143,230.0594,6.778,0.7497
2016-01-17T00:35:59.521Z,180.3629,419.5186,230.8533,1.8198,0.1745,196.0571,409.6102,229.6043,1.7885,0.1913,326.5938,563.1402,231.8299,2.4353,0.6804
2016-01-17T00:36:59.900Z,132.2946,307.1582,230.6313,1.3357,0.1248,136.023,291.0789,229.5011,1.2725,0.1297,256.3467,376.3157,232.208,1.6247,0.7133
2016-01-17T00:37:59.992Z,340.6944,565.4674,231.7877,2.4463,0.2423,345.7376,553.1473,230.5519,2.4097,0.2499,825.4078,1070.0368,231.5873,4.6363,0.8076
2016-01-17T00:38:59.519Z,1167.9445,1601.9899,230.1297,6.9611,0.7291,1180.1696,1612.8835,228.8294,7.0481,0.7319,1700.504,2210.9745,229.5546,9.631,0.7699
2016-01-17T00:39:59.521Z,1208.8945,1634.3973,230.032,7.1047,0.7397,1223.203,1651.7852,228.7008,7.2226,0.7404,1735.2612,2241.2187,229.3769,9.7703,0.7752
2016-01-17T00:40:59.916Z,1177.5703,1607.3359,230.0152,6.987,0.7325,1209.3534,1633.8859,228.8459,7.1392,0.7403,1718.2821,2235.3003,229.7007,9.7308,0.7688
2016-01-17T00:41:59.517Z,1091.7683,1530.4272,229.7782,6.6599,0.7131,1150.2549,1576.4691,229.2053,6.8773,0.7297,1653.1208,2190.23,230.0706,9.5191,0.7539
2016-01-17T00:42:59.102Z,1087.1663,1524.9897,230.0989,6.6272,0.7127,1148.9392,1582.3604,229.694,6.8885,0.7261,1639.3283,2179.4401,229.9442,9.4778,0.7522
2016-01-17T00:43:59.661Z,1065.8882,1511.2366,230.3317,6.5611,0.7051,1117.7051,1561.48,229.9023,6.7918,0.7159,1610.1601,2153.8553,230.378,9.3487,0.7479
2016-01-17T00:44:59.831Z,1082.1447,1515.8466,229.1732,6.6141,0.7141,1127.3406,1551.9128,228.7139,6.7847,0.7266,1633.7652,2154.7663,229.51,9.3879,0.7578
2016-01-17T00:45:59.054Z,1088.3853,1532.7781,229.533,6.678,0.7106,1119.2151,1530.9403,227.1715,6.7382,0.7306,1660.3636,2167.2541,229.5317,9.4414,0.766
2016-01-17T00:46:59.880Z,1061.2071,1512.981,229.2927,6.5979,0.7021,1092.4403,1501.9438,226.8581,6.6198,0.7273,1639.6846,2145.9332,229.3686,9.3552,0.7634
2016-01-17T00:47:59.504Z,1081.2206,1522.243,229.9873,6.6188,0.7101,1129.5555,1563.6906,229.2696,6.8199,0.7226,1631.3339,2165.8153,230.2139,9.4065,0.7537
2016-01-17T00:48:59.865Z,1095.0239,1536.8353,229.7714,6.6883,0.7126,1138.0518,1564.6174,228.9664,6.8328,0.7271,1653.3736,2178.1658,230.0203,9.4692,0.7593
2016-01-17T00:49:59.881Z,1079.6698,1527.0693,230.2988,6.6307,0.7072,1106.1447,1542.4289,228.8263,6.7402,0.7169,1623.9392,2146.2693,229.8518,9.3369,0.7573
2016-01-17T00:50:59.254Z,1077.7351,1526.4065,230.1233,6.6327,0.7069,1096.8809,1527.7252,228.3225,6.6907,0.7181,1629.442,2144.184,229.673,9.3356,0.7601
2016-01-17T00:51:59.677Z,1048.1501,1497.8952,229.9149,6.5144,0.6994,1095.3409,1525.8304,228.9364,6.6646,0.7176,1613.7362,2144.369,230.0936,9.319,0.7527
2016-01-17T00:52:59.148Z,1049.8285,1500.3649,230.3492,6.5136,0.6994,1109.1447,1538.8507,229.1819,6.7149,0.7212,1619.8862,2158.0629,230.3093,9.3696,0.7503
2016-01-17T00:53:59.070Z,1064.5027,1514.4069,230.5562,6.568,0.7027,1122.4822,1555.763,229.4345,6.7804,0.7215,1627.7258,2169.1924,230.6576,9.4046,0.7504
2016-01-17T00:54:59.438Z,1052.7305,1503.5125,230.0449,6.5355,0.6998,1106.1532,1530.0331,228.8195,6.6862,0.7234,1623.4487,2155.3658,230.3792,9.3548,0.7524
2016-01-17T00:55:59.073Z,1048.6276,1521.1367,230.2094,6.6072,0.6894,1093.8636,1519.3447,228.997,6.634,0.7197,1643.5993,2180.3883,231.7084,9.4097,0.7536
2016-01-17T00:56:59.522Z,1066.7186,1521.9811,229.7039,6.6256,0.7009,1113.0011,1538.3609,229.5292,6.7016,0.7234,1644.7486,2178.7337,230.8842,9.4361,0.7546
2016-01-17T00:57:59.539Z,1042.4641,1522.7028,230.7003,6.6002,0.6844,1100.6943,1530.9961,230.2348,6.6494,0.7193,1647.2538,2199.8008,232.2681,9.4702,0.7494
2016-01-17T00:58:59.696Z,1048.2955,1515.1334,230.2264,6.58,0.692,1103.7009,1533.0762,229.6293,6.6761,0.7198,1636.7709,2182.6207,231.8403,9.4131,0.7499
2016-01-17T00:59:59.971Z,1068.4566,1524.8543,230.1578,6.625,0.7008,1118.163,1550.3938,229.5177,6.7543,0.7211,1635.104,2172.7052,231.3312,9.3921,0.7516
