2016-02-08T00:00:59.505Z,4.6895,48.6868,230.8476,0.2112,0.0962,2.7771,35.0789,230.7509,0.1517,0.0824,2.207,35.8445,232.5565,0.1538,0.0617
2016-02-08T00:01:59.887Z,5.0116,49.9836,231.2213,0.2155,0.0996,2.9055,35.1107,230.7959,0.1523,0.0856,2.8046,34.0712,232.8284,0.1465,0.083
2016-02-08T00:02:59.100Z,4.0211,49.2528,231.4679,0.213,0.0816,3.2796,34.3871,231.7408,0.1483,0.0953,2.3724,34.94,234.3267,0.1487,0.071
2016-02-08T00:03:59.546Z,3.9482,49.9654,231.3464,0.2163,0.0795,2.5192,34.9412,232.0567,0.1502,0.0754,2.4657,35.2895,234.2626,0.1511,0.0685
2016-02-08T00:04:59.756Z,4.6053,50.3462,230.8312,0.2183,0.0929,2.1996,31.1139,232.2616,0.1338,0.0785,2.6704,33.7564,234.1347,0.1443,0.075
2016-02-08T00:05:59.913Z,4.671,50.4985,230.6592,0.2192,0.0945,2.6844,33.0958,232.4559,0.1424,0.0918,2.0965,33.1229,234.2065,0.1412,0.0637
2016-02-08T00:06:59.173Z,4.7956,49.7888,230.5149,0.2156,0.0964,2.3858,36.2818,232.9615,0.1557,0.0694,2.2063,32.6042,234.0567,0.1392,0.073
2016-02-08T00:07:59.427Z,3.7146,49.627,231.1153,0.2147,0.0747,2.897,34.3064,232.7916,0.1472,0.0883,2.2175,35.5999,234.1635,0.152,0.0624
2016-02-08T00:08:59.695Z,4.8674,50.0681,231.1903,0.2163,0.0946,2.8703,34.6992,232.2754,0.1496,0.091,2.6645,36.0034,234.1432,0.1537,0.0724
2016-02-08T00:09:59.032Z,4.3133,50.8198,230.595,0.2201,0.0832,3.0139,32.5273,231.6576,0.1403,0.0993,2.0373,36.6886,233.9552,0.1566,0.0589
2016-02-08T00:10:59.280Z,4.8784,50.7334,230.0463,0.2202,0.0959,2.9115,32.4275,231.5412,0.1398,0.0868,2.1805,33.932,233.3336,0.1457,0.0666
2016-02-08T00:11:59.461Z,4.5824,49.4473,230.3864,0.2145,0.0927,2.5416,33.9011,231.3037,0.1462,0.0789,2.13,35.8469,232.8477,0.1541,0.064
2016-02-08T00:12:59.737Z,4.5132,50.1262,231.0827,0.2168,0.0899,2.5907,35.7187,232.6942,0.1532,0.0743,2.3053,32.6562,234.0968,0.1396,0.0741
2016-02-08T00:13:59.957Z,4.7079,49.7987,230.9614,0.2158,0.0934,2.6565,33.4212,233.0828,0.1428,0.0818,2.0205,35.7078,233.9467,0.1526,0.062
2016-02-08T00:14:59.340Z,4.1294,50.6881,230.8428,0.2196,0.0808,2.9097,34.2789,233.4346,0.1471,0.0844,2.0257,35.8841,234.1306,0.1536,0.0616
2016-02-08T00:15:59.784Z,4.0237,49.3796,231.0303,0.2133,0.0811,2.3987,33.7436,233.5446,0.1446,0.0767,2.6447,35.0775,234.4864,0.1497,0.0773
2016-02-08T00:16:59.029Z,4.4828,50.6023,231.0098,0.2189,0.0877,3.5728,33.1723,233.4982,0.142,0.1051,2.1357,34.6828,234.3008,0.1478,0.0623
2016-02-08T00:17:59.269Z,4.3279,49.7841,231.8624,0.2152,0.0877,2.4641,33.2645,233.5765,0.1427,0.0764,2.2002,36.2896,234.6974,0.1544,0.0645
2016-02-08T00:18:59.505Z,4.2949,51.3238,232.9293,0.2203,0.0822,2.9262,35.1304,233.4885,0.15,0.0829,1.8866,34.4815,235,0.1467,0.0597
2016-02-08T00:19:59.827Z,3.4477,50.4066,232.7509,0.2164,0.0707,3.1888,34.4757,233.0704,0.1477,0.0953,2.0917,34.9074,234.5863,0.1484,0.0588
2016-02-08T00:20:59.060Z,3.7839,50.4569,231.9201,0.2177,0.0736,2.9247,35.6449,232.0051,0.1536,0.0883,1.5944,35.338,233.3722,0.1516,0.0477
2016-02-08T00:21:59.337Z,4.8656,50.5186,231.2269,0.2184,0.0962,2.5754,34.0484,232.0565,0.1467,0.0752,2.1435,35.1555,233.19,0.1508,0.0666
2016-02-08T00:22:59.634Z,4.709,50.9891,232.0244,0.2199,0.0929,2.9819,33.1274,232.1236,0.1429,0.0929,1.799,35.6118,234.5773,0.152,0.0536
2016-02-08T00:23:59.939Z,4.1174,50.5564,232.1128,0.218,0.0811,2.8872,34.6048,231.5785,0.1498,0.0883,2.2898,35.0492,234.2447,0.1493,0.0657
2016-02-08T00:24:59.097Z,4.4879,50.8979,232.002,0.2194,0.0874,2.7792,34.6689,231.148,0.1503,0.0817,2.1854,33.2384,234.2047,0.1415,0.067
2016-02-08T00:25:59.373Z,4.3996,51.0075,232.4322,0.2189,0.0883,2.6797,32.5572,231.2538,0.1409,0.0832,2.0917,35.3891,234.4324,0.1514,0.0626
2016-02-08T00:26:59.644Z,3.9891,50.7833,232.676,0.218,0.0793,2.6164,33.9043,231.3705,0.1465,0.0841,2.143,33.6738,233.974,0.144,0.0662
2016-02-08T00:27:59.928Z,3.7362,49.6022,232.13,0.2132,0.0757,2.7138,33.876,231.7744,0.1463,0.0887,1.957,33.4237,234.3489,0.1425,0.0607
2016-02-08T00:28:59.270Z,4.2749,50.3011,232.249,0.2169,0.0826,3.0362,32.1324,231.7401,0.1382,0.0939,2.2816,33.9654,234.4248,0.1444,0.068
2016-02-08T00:29:59.530Z,4.5698,50.2516,231.3832,0.2171,0.0903,2.4539,32.921,231.6228,0.1423,0.0739,2.4617,34.6374,234.0758,0.148,0.072
2016-02-08T00:30:59.805Z,4.8269,49.6644,230.4258,0.2157,0.0964,2.7798,31.8309,230.2714,0.1384,0.0857,2.0341,34.8623,233.8488,0.1488,0.061
2016-02-08T00:31:59.158Z,3.7263,50.5101,230.8919,0.219,0.0744,2.4767,34.6237,229.1132,0.1513,0.0757,1.8361,35.1726,234.4809,0.1499,0.054
2016-02-08T00:32:59.450Z,3.4336,49.6269,231.4447,0.2148,0.0692,2.987,33.8718,232.7532,0.1456,0.0915,2.3053,34.2193,234.9996,0.1457,0.0751
2016-02-08T00:33:59.747Z,3.8327,49.0911,231.4012,0.2124,0.0768,2.6901,32.6857,232.6022,0.1399,0.0841,2.536,35.1214,235.0398,0.1497,0.0721
2016-02-08T00:34:59.050Z,4.5398,50.6369,230.8444,0.2194,0.0892,2.9138,35.7021,232.6176,0.1536,0.0862,1.7556,35.6648,235.1092,0.1512,0.0519
2016-02-08T00:35:59.305Z,4.6702,49.5587,230.7925,0.2149,0.0939,2.7539,32.3138,232.5062,0.1386,0.0859,2.2246,34.6763,235.0514,0.1472,0.0673
2016-02-08T00:36:59.480Z,4.2558,51.319,231.0566,0.2221,0.0822,2.9488,33.3465,232.4785,0.1433,0.0916,1.8963,36.3837,235.0356,0.1545,0.0533
2016-02-08T00:37:59.865Z,3.7576,50.5575,231.6045,0.2182,0.0741,2.646,34.8068,232.7607,0.1495,0.0774,2.19,33.616,234.5147,0.1435,0.0705
2016-02-08T00:38:59.065Z,4.7082,51.043,232.4276,0.2196,0.0939,2.6588,32.8639,232.4568,0.1407,0.0889,2.2966,34.1046,234.6524,0.1452,0.0691
2016-02-08T00:39:59.366Z,4.7051,50.6526,232.466,0.218,0.0932,2.7811,35.7493,231.9862,0.1544,0.0808,2.8643,34.3667,234.5908,0.1465,0.082
2016-02-08T00:40:59.618Z,4.5759,50.5145,231.8239,0.2183,0.0902,2.8782,32.1029,231.6524,0.1387,0.093,1.7928,36.5414,234.2227,0.1555,0.0482
2016-02-08T00:41:59.967Z,3.6941,49.1281,231.5622,0.2123,0.0734,2.9469,33.6888,230.901,0.146,0.0882,2.2359,34.3489,233.8123,0.1471,0.0711
2016-02-08T00:42:59.148Z,4.1837,50.3609,232.3594,0.2164,0.083,2.7721,33.7644,231.9174,0.1457,0.0828,1.9709,35.5088,234.2477,0.1517,0.0561
2016-02-08T00:43:59.392Z,4.4634,50.4065,232.667,0.2167,0.0885,2.9229,34.0696,232.0815,0.1466,0.0882,1.8887,35.0003,233.9898,0.1496,0.058
2016-02-08T00:44:59.691Z,4.3621,50.7536,232.9463,0.2185,0.0854,2.9836,34.6126,232.2404,0.149,0.0908,1.9491,35.3275,234.2152,0.1512,0.062
2016-02-08T00:45:59.920Z,4.0947,50.3178,232.436,0.2167,0.0823,3.1048,32.7961,231.9284,0.1418,0.092,1.7124,35.6882,234.0697,0.1524,0.0515
2016-02-08T00:46:59.067Z,4.4402,50.5151,232.999,0.2167,0.0887,2.7008,33.9829,231.9808,0.1464,0.0822,2.2161,34.7036,234.2064,0.1481,0.0669
2016-02-08T00:47:59.306Z,5.0109,50.1641,232.669,0.215,0.1007,3.088,32.8993,231.979,0.1417,0.0974,2.0549,34.5289,234.4308,0.1472,0.0645
2016-02-08T00:48:59.501Z,4.2741,50.4048,232.1075,0.2176,0.0853,3.1637,33.2076,231.9371,0.1437,0.0968,1.802,36.0686,234.1749,0.1542,0.0531
2016-02-08T00:49:59.022Z,4.3698,50.0469,232.4797,0.215,0.0886,3.1058,33.3504,231.8954,0.1434,0.0962,2.1084,35.2128,234.5981,0.1498,0.0616
2016-02-08T00:50:59.248Z,4.4809,50.7788,231.6231,0.219,0.088,2.8269,34.3948,230.5121,0.1492,0.0863,2.1116,34.7131,233.0168,0.1489,0.0618
2016-02-08T00:51:59.496Z,4.424,50.6802,231.6415,0.2189,0.087,2.5299,34.0585,230.2784,0.1478,0.0772,2.1623,35.7424,233.4898,0.1529,0.0625
2016-02-08T00:52:59.781Z,4.6785,50.2822,232.1121,0.2163,0.0929,2.6613,33.8949,231.4547,0.1462,0.084,1.9959,34.878,233.5809,0.1493,0.057
2016-02-08T00:53:59.022Z,3.547,50.3299,231.7388,0.2174,0.0703,2.8412,33.0654,231.3887,0.1429,0.0874,1.763,35.2596,233.2948,0.151,0.054
2016-02-08T00:54:59.162Z,3.7574,49.97,231.9408,0.2155,0.0742,2.6188,31.3399,231.5809,0.1357,0.0881,2.0195,31.0515,233.7992,0.1336,0.0704
2016-02-08T00:55:59.461Z,4.8743,50.26,231.7373,0.2166,0.0969,2.6019,33.6055,231.5281,0.1457,0.0793,2.373,34.8193,233.5368,0.149,0.0737
2016-02-08T00:56:59.751Z,4.06,51.0282,231.8567,0.2203,0.0812,2.5138,34.4889,231.8226,0.149,0.0716,2.163,34.6359,233.8357,0.148,0.0654
2016-02-08T00:57:59.981Z,4.5542,50.8513,231.782,0.2192,0.0893,2.7731,34.8216,231.3816,0.1501,0.0826,2.2308,34.8135,233.6191,0.1492,0.0702
2016-02-08T00:58:59.161Z,4.2481,50.6308,231.7,0.2186,0.0843,2.9887,32.8424,231.9686,0.1416,0.0996,2.5046,36.0043,233.8746,0.1539,0.0653
2016-02-08T00:59:59.467Z,4.3559,51.0045,232.3329,0.2191,0.086,2.9843,34.6281,232.2716,0.1487,0.0884,2.0178,35.4525,234.0913,0.1512,0.0554
