2016-01-28T00:00:59.050Z,2.2639,49.7033,233.566,0.2132,0.045,3.4717,33.4359,230.7199,0.1449,0.1071,2.1122,35.4321,231.3006,0.1532,0.0672
2016-01-28T00:01:59.660Z,2.6463,51.4576,232.8895,0.2214,0.0513,3.5361,37.3479,230.8446,0.1623,0.1064,2.0889,36.5154,231.6441,0.1579,0.062
2016-01-28T00:02:59.970Z,2.6284,49.9497,232.2849,0.2149,0.0532,3.6636,34.1967,230.4873,0.148,0.1076,1.8355,33.0054,231.3211,0.1427,0.062
2016-01-28T00:03:59.251Z,2.0938,50.5114,232.5332,0.2173,0.0423,3.664,32.8327,230.3401,0.1424,0.1113,1.8668,34.5266,232.6138,0.1486,0.0532
2016-01-28T00:04:59.448Z,2.2045,51.167,233.0847,0.2198,0.0431,2.2143,34.4702,227.6224,0.1514,0.0712,1.8212,36.6165,233.4689,0.1569,0.0503
2016-01-28T00:05:59.009Z,2.0486,50.4179,232.7124,0.2169,0.0388,3.1293,32.3376,229.1229,0.1408,0.0989,1.6349,34.5016,232.4776,0.1486,0.0509
2016-01-28T00:06:59.306Z,3.0725,50.0142,232.6014,0.215,0.0589,2.9611,35.0235,230.5564,0.1523,0.0875,1.9291,34.6515,231.7342,0.1503,0.0632
2016-01-28T00:07:59.592Z,2.2427,51.4489,232.7982,0.2211,0.0426,3.1213,34.2833,231.2697,0.1484,0.0968,1.6323,34.3754,231.8538,0.1482,0.0557
2016-01-28T00:08:59.854Z,2.3182,50.3352,233.1498,0.2158,0.0457,3.5916,33.0947,231.3021,0.1431,0.109,1.7424,33.3267,232.0704,0.1437,0.0607
2016-01-28T00:09:59.099Z,2.113,51.2346,232.8954,0.2202,0.0424,3.4691,34.9046,231.6202,0.1511,0.1044,2.1709,34.7097,232.2298,0.149,0.0609
2016-01-28T00:10:59.414Z,2.3812,49.857,232.9022,0.2141,0.0488,3.4415,33.0254,231.8122,0.1429,0.1097,2.8036,35.8647,232.4848,0.1541,0.0791
2016-01-28T00:11:59.716Z,2.2924,50.6142,233.3352,0.2173,0.0458,3.5388,34.4035,231.8544,0.1482,0.1031,2.1903,35.6544,232.8324,0.1533,0.0662
2016-01-28T00:12:59.089Z,1.8112,50.4268,232.7613,0.2167,0.0361,2.9527,34.2374,231.1384,0.1483,0.0923,2.1006,35.5913,232.5057,0.1529,0.0621
2016-01-28T00:13:59.361Z,2.2605,49.5182,233.4307,0.2122,0.0459,3.4788,33.2326,231.6915,0.1431,0.1051,2.0889,36.5302,232.8935,0.1568,0.0624
2016-01-28T00:14:59.566Z,2.1241,49.8423,233.8638,0.2132,0.0429,3.2107,34.4608,231.8792,0.1482,0.1014,1.7795,34.197,233.3499,0.1466,0.0565
2016-01-28T00:15:59.775Z,2.0372,50.622,234.0671,0.2165,0.0416,3.3574,32.789,232.1085,0.1415,0.1079,1.6174,36.0188,233.2068,0.1541,0.049
2016-01-28T00:16:59.128Z,2.2993,51.0487,234.6089,0.2176,0.0446,3.6662,34.7536,231.8063,0.1498,0.1089,1.8796,36.2372,233.071,0.1556,0.0553
2016-01-28T00:17:59.337Z,2.81,49.9414,234.5788,0.2127,0.0573,3.6026,32.077,231.4308,0.1385,0.1125,1.6004,37.0534,233.2862,0.1585,0.0451
2016-01-28T00:18:59.660Z,2.7268,51.3611,234.7274,0.2191,0.0538,2.5612,34.3499,231.207,0.1481,0.0842,1.8609,34.9675,233.5487,0.1496,0.0548
2016-01-28T00:19:59.433Z,2.2395,49.8219,234.8749,0.2116,0.0449,3.0835,33.1897,231.3867,0.1436,0.0995,2.6626,35.7151,233.943,0.1522,0.0762
2016-01-28T00:20:59.658Z,2.1868,50.9833,234.2807,0.2175,0.0425,3.4092,32.9525,231.6241,0.1415,0.1018,2.0325,36.7963,234.2038,0.157,0.0595
2016-01-28T00:21:59.025Z,2.7903,50.889,233.953,0.2181,0.0537,3.2163,33.2536,231.1953,0.144,0.1017,2.0521,36.4204,234.8408,0.1548,0.0624
2016-01-28T00:22:59.246Z,2.3688,49.3741,233.8493,0.2108,0.0477,3.2044,29.9774,230.7254,0.1303,0.1101,1.5841,36.8722,234.6766,0.1568,0.048
2016-01-28T00:23:59.718Z,2.2724,50.9409,233.9782,0.2179,0.0443,3.338,34.5025,231.7253,0.1487,0.1054,2.2041,35.1113,234.9758,0.1492,0.0627
2016-01-28T00:24:59.884Z,1.9609,51.8104,234.4555,0.2212,0.037,3.5118,34.7329,231.9185,0.1492,0.1068,2.032,34.8423,235.1841,0.1485,0.0614
2016-01-28T00:25:59.480Z,1.9184,51.4291,233.9493,0.2198,0.037,2.7422,31.4343,231.7561,0.1356,0.1056,2.1022,31.6726,235.1146,0.1341,0.0657
2016-01-28T00:26:59.674Z,2.6902,51.8087,233.8997,0.2216,0.0508,3.1934,31.5266,231.9254,0.1359,0.1078,1.5798,31.4765,235.0264,0.134,0.0501
2016-01-28T00:27:59.180Z,2.3736,49.6129,233.8412,0.2124,0.0471,3.1228,34.3122,231.5503,0.1481,0.096,1.9809,36.9826,234.7853,0.1576,0.0569
2016-01-28T00:28:59.886Z,1.5742,50.0001,233.4883,0.2147,0.0309,3.4801,33.1532,231.5804,0.1429,0.107,2.1257,34.12,234.5057,0.1451,0.0635
2016-01-28T00:29:59.110Z,1.9708,50.9599,233.9073,0.2178,0.0377,3.6218,31.5444,231.967,0.1356,0.1171,1.505,33.5992,234.7989,0.1428,0.0539
2016-01-28T00:30:59.315Z,2.0533,50.8888,234.021,0.2176,0.0402,3.0249,33.6145,232.0387,0.1451,0.0984,2.6275,34.1091,234.8377,0.1452,0.0776
2016-01-28T00:31:59.938Z,2.5516,50.6592,232.9767,0.2174,0.0518,3.1293,34.4754,231.3415,0.1485,0.0991,1.5975,35.3425,233.3115,0.1516,0.0548
2016-01-28T00:32:59.646Z,2.4052,49.9518,233.7867,0.214,0.0486,3.3628,35.1762,231.3389,0.1522,0.1029,2.5489,35.1924,230.9011,0.1519,0.0729
2016-01-28T00:33:59.924Z,2.1113,50.8968,233.4878,0.2185,0.0432,3.421,33.4811,231.6937,0.1438,0.1119,1.801,35.8233,233.0332,0.1534,0.0533
2016-01-28T00:34:59.082Z,2.021,49.7762,233.499,0.2127,0.041,3.5856,34.3033,231.9821,0.1478,0.1033,1.8967,34.6148,233.9901,0.1477,0.0631
2016-01-28T00:35:59.380Z,2.1303,50.9998,233.6955,0.2188,0.0405,3.522,34.1301,231.8351,0.1474,0.1107,2.0574,35.9527,233.7811,0.1542,0.0595
2016-01-28T00:36:59.621Z,2.9539,50.5415,232.304,0.2175,0.0607,2.675,35.4234,231.8629,0.1534,0.084,1.7857,35.5718,233.9768,0.1518,0.0598
2016-01-28T00:37:59.665Z,2.7066,50.3882,232.0318,0.2171,0.0537,2.8252,36.2469,231.6792,0.1558,0.0897,2.1258,33.8067,233.7085,0.1448,0.0624
2016-01-28T00:38:59.871Z,1.9956,50.2185,231.8515,0.2165,0.0409,2.9004,33.9021,231.8263,0.1468,0.0934,1.8137,35.9225,233.4987,0.154,0.0518
2016-01-28T00:39:59.284Z,2.1027,49.8477,231.4859,0.2156,0.0437,3.389,35.5749,232.0992,0.1529,0.0983,2.5091,35.9854,233.5951,0.1546,0.0698
2016-01-28T00:40:59.641Z,2.3179,50.0633,232.0268,0.2157,0.0469,3.4434,33.0759,232.4138,0.1425,0.1055,2.5929,35.3221,234.1934,0.1508,0.0754
2016-01-28T00:41:59.146Z,2.5347,49.957,231.8725,0.2158,0.0507,2.8813,35.6765,231.8247,0.1538,0.0924,2.3749,35.2457,233.8123,0.1507,0.0729
2016-01-28T00:42:59.658Z,2.8268,49.3534,231.5038,0.2132,0.0593,3.478,33.6296,232.1022,0.1451,0.0998,2.2158,34.9889,233.6055,0.1496,0.0625
2016-01-28T00:43:59.069Z,1.8237,49.62,231.28,0.215,0.0354,2.8917,34.3836,232.5882,0.148,0.0926,2.2313,35.7834,233.3796,0.1536,0.064
2016-01-28T00:44:59.359Z,2.1939,49.7099,231.3042,0.2146,0.0438,2.975,33.7637,232.8947,0.1457,0.0975,1.9997,34.89,233.4023,0.1495,0.0627
2016-01-28T00:45:59.488Z,2.5408,50.2763,231.1941,0.217,0.0491,3.4657,32.8538,233.1492,0.1409,0.1059,2.249,34.1762,233.5043,0.1464,0.0671
2016-01-28T00:46:59.778Z,3.1879,50.6736,233.8441,0.2164,0.064,3.3715,35.9913,233.5744,0.1536,0.0979,2.1878,36.3977,231.9801,0.157,0.0616
2016-01-28T00:47:59.068Z,1.9703,50.3477,234.501,0.2149,0.0397,3.3253,34.388,233.6882,0.1473,0.1002,2.3796,35.4641,231.4569,0.1528,0.0698
2016-01-28T00:48:59.646Z,1.537,50.6318,234.4122,0.2158,0.0315,2.6129,33.9337,233.4025,0.1453,0.0849,1.9759,33.5462,231.5278,0.145,0.0632
2016-01-28T00:49:59.003Z,1.8956,50.3759,234.2581,0.2151,0.0369,3.3044,34.5482,233.4953,0.1481,0.1026,1.5984,35.8329,231.4738,0.1546,0.05
2016-01-28T00:50:59.420Z,2.384,49.8476,233.1499,0.2133,0.0476,3.643,33.1227,233.838,0.1415,0.11,2.1925,36.1233,231.448,0.1564,0.0613
2016-01-28T00:51:59.695Z,2.2061,50.2077,232.7367,0.2158,0.0457,3.3695,34.0808,232.3962,0.1468,0.1021,1.9284,34.5608,231.1566,0.1496,0.0592
2016-01-28T00:52:59.053Z,1.6241,51.1227,233.3674,0.2184,0.0339,3.5799,35.6519,232.2901,0.1533,0.0992,2.0632,33.9981,230.6277,0.1471,0.0693
2016-01-28T00:53:59.354Z,2.1407,50.7765,233.8711,0.2173,0.0415,2.3859,34.2436,231.4493,0.1476,0.0774,1.8593,35.6073,230.9251,0.1537,0.0642
2016-01-28T00:54:59.590Z,2.6019,51.1835,234.7009,0.2181,0.0485,3.45,33.6593,230.7364,0.1459,0.1062,2.3321,34.6491,232.0373,0.1497,0.0715
2016-01-28T00:55:59.132Z,2.0536,50.5142,234.1536,0.2163,0.0387,2.878,35.0879,233.0878,0.1502,0.0913,1.8664,34.7791,231.3731,0.1503,0.0603
2016-01-28T00:56:59.407Z,2.1733,50.5548,233.8814,0.2155,0.0435,3.1469,35.2753,232.9612,0.1515,0.0971,2.4186,32.9296,231.1591,0.1416,0.0749
2016-01-28T00:57:59.668Z,2.0774,50.7168,234.1722,0.2166,0.0419,2.8232,32.3918,233.2421,0.1389,0.0954,1.2656,36.1678,231.5364,0.1563,0.0432
2016-01-28T00:58:59.078Z,2.3477,49.9597,233.4979,0.2141,0.0479,3.5562,36.4396,233.2286,0.1564,0.1009,2.1647,34.6721,231.4707,0.1494,0.0642
2016-01-28T00:59:59.622Z,2.0524,50.6935,233.9229,0.2165,0.0416,3.4611,32.4471,233.3753,0.139,0.112,2.1413,35.0695,232.2088,0.151,0.059
