2016-04-12T00:00:59.606Z,2.1166,43.7301,230.4698,0.19,0.051,2.3559,25.1635,231.4704,0.1089,0.1126,2.9078,25.6614,232.5221,0.1102,0.1315
2016-04-12T00:01:59.431Z,2.0916,43.774,230.8461,0.1898,0.0482,2.4864,22.5389,232.1043,0.097,0.1276,3.12,23.4536,233.3048,0.1007,0.1507
2016-04-12T00:02:59.024Z,1.0957,43.7341,231.0244,0.1884,0.0252,2.3271,23.1284,232.6256,0.0996,0.1242,3.2641,24.2301,233.2731,0.1038,0.1566
2016-04-12T00:03:59.382Z,1.0347,43.3834,231.0185,0.1884,0.0241,2.616,21.2661,232.3404,0.0915,0.1362,2.8859,25.1547,233.4249,0.1077,0.1491
2016-04-12T00:04:59.811Z,1.6376,42.8102,230.3027,0.186,0.038,2.0869,22.7943,232.6275,0.0977,0.1192,2.732,24.5603,233.2423,0.1048,0.1413
2016-04-12T00:05:59.409Z,1.2811,43.1473,229.6609,0.1879,0.0302,2.3365,21.0759,232.6836,0.091,0.1392,2.7102,24.4053,233.28,0.1048,0.1402
2016-04-12T00:06:59.667Z,1.2205,43.2853,229.906,0.1878,0.0279,2.2748,21.0119,232.5666,0.09,0.1364,2.8514,24.6845,233.0116,0.1063,0.1473
2016-04-12T00:07:59.445Z,1.1712,43.1384,230.1013,0.1877,0.0284,2.6262,20.9273,231.8334,0.0903,0.1429,3.4822,25.1558,233.0916,0.1077,0.1577
2016-04-12T00:08:59.109Z,1.178,44.5691,230.9175,0.1927,0.0279,1.7834,20.107,229.0226,0.0881,0.1105,2.7108,23.6402,233.8011,0.1013,0.1397
2016-04-12T00:09:59.410Z,1.0813,42.9884,230.5912,0.1864,0.0266,1.7459,20.7392,229.8299,0.0903,0.1095,2.2895,26.0414,233.7334,0.1114,0.1197
2016-04-12T00:10:59.898Z,0.812,43.2549,229.9677,0.1883,0.0199,2.3074,16.953,231.8121,0.0728,0.1614,3.2707,21.0952,232.7658,0.0908,0.1713
2016-04-12T00:11:59.801Z,1.7034,43.7897,230.96,0.19,0.0411,2.2837,21.5424,232.4249,0.093,0.1185,3.0687,22.1857,233.5171,0.0954,0.1587
2016-04-12T00:12:59.046Z,0.9553,43.2728,230.8933,0.1875,0.0254,2.6354,22.6004,232.1349,0.0972,0.1345,3.1887,24.9682,233.3637,0.1072,0.1496
2016-04-12T00:13:59.515Z,1.4379,43.4364,230.7515,0.1886,0.032,2.6,19.9507,232.152,0.086,0.1409,3.4439,25.1196,233.162,0.1079,0.1577
2016-04-12T00:14:59.808Z,1.7029,43.1084,230.3821,0.1868,0.0408,2.5601,21.3476,232.4426,0.092,0.1415,3.2602,25.2687,233.0414,0.1085,0.1473
2016-04-12T00:15:59.078Z,2.1159,42.6353,230.1194,0.1851,0.0513,2.3394,22.2359,232.4179,0.0958,0.1326,2.9374,25.5098,233.432,0.1089,0.1356
2016-04-12T00:16:59.316Z,2.1415,42.5111,230.3308,0.1843,0.0505,2.2329,22.1016,232.1874,0.0947,0.1204,3.3732,23.6716,233.8211,0.1011,0.1593
2016-04-12T00:17:59.668Z,1.2337,43.1591,229.9248,0.1873,0.0311,2.6832,20.6789,232.6108,0.089,0.1435,2.9935,25.9008,233.3893,0.1111,0.1437
2016-04-12T00:18:59.037Z,1.1349,42.5607,229.4296,0.1852,0.0274,2.7279,21.7807,232.4423,0.0933,0.1417,2.7982,26.2319,233.2711,0.1126,0.1362
2016-04-12T00:19:59.613Z,1.3067,43.1461,229.8546,0.1875,0.0297,1.8327,19.8652,232.373,0.0849,0.1235,2.836,24.2363,233.5104,0.1036,0.1417
2016-04-12T00:20:59.955Z,1.0458,42.7196,229.8737,0.1859,0.0265,1.8822,22.3473,232.4757,0.0953,0.1146,2.8499,24.3414,233.6447,0.1042,0.1435
2016-04-12T00:21:59.305Z,1.0513,43.788,230.1208,0.1899,0.0257,2.0269,21.029,232.2466,0.0904,0.121,3.1437,23.8929,233.5578,0.1024,0.1555
2016-04-12T00:22:59.016Z,1.1086,42.3219,230.1871,0.1841,0.0259,2.33,20.2037,232.32,0.0863,0.1392,3.1827,26.7838,233.9185,0.1142,0.1415
2016-04-12T00:23:59.705Z,2.1364,42.2478,230.2172,0.1834,0.0524,3.0241,22.4888,232.2887,0.0964,0.1457,3.35,25.3954,233.5697,0.1087,0.1545
2016-04-12T00:24:59.051Z,0.9722,43.3794,230.0733,0.189,0.0236,2.3194,21.8899,231.8894,0.0948,0.1314,2.8344,23.7149,233.1814,0.1022,0.1502
2016-04-12T00:25:59.357Z,1.0003,43.5349,230.3791,0.1887,0.024,1.9658,20.838,232.3477,0.0899,0.128,3.2103,25.1886,233.2255,0.1084,0.1497
2016-04-12T00:26:59.653Z,1.493,42.4562,228.3057,0.1855,0.0357,2.0034,20.3793,233.0069,0.0874,0.1216,2.8442,26.0298,233.4434,0.1112,0.1289
2016-04-12T00:27:59.468Z,1.0968,42.9446,228.2338,0.1884,0.0278,2.147,20.7765,233.4854,0.0888,0.1263,2.7531,23.8471,233.034,0.1018,0.1423
2016-04-12T00:28:59.635Z,1.5209,42.3233,228.0734,0.1852,0.0355,2.4475,21.8407,233.359,0.0935,0.1333,2.6837,25.5005,233.0865,0.1092,0.1421
2016-04-12T00:29:59.956Z,1.5575,42.4151,228.4935,0.1857,0.0364,2.5686,19.4889,233.0502,0.0833,0.1525,2.8752,26.2749,232.7851,0.1129,0.1423
2016-04-12T00:30:59.586Z,2.3297,42.5214,228.2559,0.1865,0.0547,1.9202,22.5295,233.291,0.0958,0.1178,2.843,23.807,232.5467,0.1023,0.1466
2016-04-12T00:31:59.922Z,2.1331,42.8086,229.5999,0.1867,0.0498,1.8091,21.0566,232.9921,0.0905,0.1241,2.9578,24.971,232.6252,0.1077,0.153
2016-04-12T00:32:59.387Z,1.2714,43.7819,230.4281,0.1902,0.0288,1.9799,20.3173,232.7548,0.0871,0.12,2.9277,24.4947,232.4443,0.1052,0.1463
2016-04-12T00:33:59.677Z,0.7461,43.4336,231.5187,0.1871,0.0197,2.0865,20.6612,232.6971,0.0885,0.1218,3.2385,23.0488,232.7829,0.0991,0.1612
2016-04-12T00:34:59.381Z,1.6281,43.0586,232.3994,0.1847,0.0381,2.4477,23.531,233.369,0.1004,0.1324,3.2972,24.3607,233.4273,0.1049,0.1553
2016-04-12T00:35:59.675Z,1.0693,43.5964,232.4684,0.1868,0.0265,2.26,22.4483,233.0903,0.0959,0.1315,3.1246,25.0687,233.0025,0.1077,0.15
2016-04-12T00:36:59.989Z,1.5415,44.246,232.4919,0.1904,0.0338,2.3258,22.0792,233.2744,0.0946,0.1185,2.8375,23.7811,233.4651,0.1016,0.1509
2016-04-12T00:37:59.357Z,1.2782,43.1957,232.2956,0.1857,0.0296,2.4401,20.56,233.0274,0.0881,0.1401,3.3616,26.3821,233.1767,0.1131,0.152
2016-04-12T00:38:59.193Z,1.1304,43.7663,232.2531,0.1882,0.0276,2.6019,21.347,233.127,0.0913,0.1379,3.0427,24.1326,232.4912,0.1033,0.1529
2016-04-12T00:39:59.446Z,0.8659,43.9576,232.0025,0.1896,0.0207,2.61,20.1908,233.0787,0.0868,0.1412,3.0947,22.1014,232.6815,0.0945,0.1637
2016-04-12T00:40:59.019Z,1.5109,43.4892,232.2706,0.1877,0.0342,1.7839,20.073,233.2653,0.0858,0.1197,3.3783,24.708,232.8909,0.1062,0.1568
2016-04-12T00:41:59.341Z,1.7209,42.4641,232.0523,0.1833,0.0411,1.6441,19.1766,233.423,0.0821,0.115,3.1089,24.7434,232.9495,0.1062,0.1508
2016-04-12T00:42:59.744Z,2.2638,43.0811,232.6144,0.1852,0.0538,2.3913,23.4467,233.7278,0.1001,0.1275,3.0638,25.5798,233.0482,0.1093,0.1504
2016-04-12T00:43:59.619Z,1.7321,43.498,231.8789,0.1875,0.0398,2.2081,22.4547,234.0146,0.0965,0.1253,3.4898,24.8221,233.2366,0.1068,0.1575
2016-04-12T00:44:59.387Z,1.2628,43.1542,231.4803,0.1862,0.031,2.3094,20.234,233.6489,0.0863,0.1314,3.3207,25.1983,232.9233,0.1084,0.1511
2016-04-12T00:45:59.057Z,0.9595,43.2485,231.8631,0.1871,0.0226,2.5748,20.5291,233.4937,0.088,0.1355,3.0677,25.824,233.2644,0.1104,0.1487
2016-04-12T00:46:59.396Z,1.0493,43.2199,232.3135,0.1856,0.0263,2.7556,21.3419,232.9086,0.0916,0.1427,3.2212,24.0922,233.5235,0.1026,0.1585
2016-04-12T00:47:59.620Z,0.9999,44.1415,232.0036,0.1909,0.0245,2.1545,19.2129,232.5853,0.0825,0.1337,2.8986,24.1663,233.7126,0.1034,0.1525
2016-04-12T00:48:59.959Z,1.2775,43.7481,232.4946,0.1878,0.0286,2.1292,21.5278,232.6819,0.0924,0.1179,3.5949,24.0619,233.5898,0.1034,0.1705
2016-04-12T00:49:59.335Z,1.7936,43.1198,232.0087,0.1861,0.042,2.5302,18.8733,232.4476,0.0813,0.1434,3.715,26.216,233.6123,0.1123,0.1561
2016-04-12T00:50:59.995Z,1.7096,42.873,232.1565,0.1847,0.0415,2.2708,21.0925,232.6953,0.0904,0.1317,3.162,26.8364,233.4271,0.1149,0.1405
2016-04-12T00:51:59.152Z,0.9421,43.4378,232.1479,0.1873,0.0218,2.2782,17.8261,232.6658,0.0766,0.1464,3.0066,22.439,233.3613,0.0964,0.1607
2016-04-12T00:52:59.347Z,1.2698,43.5374,233.0325,0.187,0.0292,2.2926,20.0545,232.8178,0.0859,0.1388,3.2288,25.0703,233.5224,0.1075,0.1549
2016-04-12T00:53:59.143Z,1.4334,43.003,232.7079,0.1846,0.0353,2.2714,20.0966,233.0799,0.0853,0.1352,2.9896,25.9961,233.351,0.1113,0.1427
2016-04-12T00:54:59.873Z,2.366,43.5018,233.0764,0.1864,0.0552,2.0859,23.1486,233.0425,0.0989,0.1221,3.0702,24.5312,233.8396,0.1048,0.1485
2016-04-12T00:55:59.318Z,1.4407,43.052,232.4409,0.1856,0.0352,2.3142,21.9076,232.9463,0.0944,0.1319,3.2561,25.8427,233.8988,0.1103,0.1514
2016-04-12T00:56:59.587Z,1.5379,43.8484,232.4193,0.1883,0.0349,1.7185,19.9458,232.6714,0.0857,0.1255,3.1637,24.5259,233.8075,0.1048,0.1462
2016-04-12T00:57:59.097Z,1.4006,43.8158,232.6404,0.188,0.0324,1.8736,21.5794,232.6141,0.0918,0.1141,2.7558,24.1039,233.9023,0.103,0.1413
2016-04-12T00:58:59.500Z,2.3391,43.6181,232.4456,0.1881,0.0537,2.3858,20.6522,232.3197,0.0887,0.1357,3.1282,24.1893,233.7499,0.1036,0.1562
2016-04-12T00:59:59.659Z,2.0667,43.016,232.8077,0.1854,0.0477,1.612,19.2328,231.8089,0.0826,0.122,3.2184,23.3585,233.5538,0.0999,0.1587
2016-04-12T01:00:59.109Z,1.5399,43.5736,232.6323,0.187,0.0387,2.6921,20.9899,232.0307,0.0903,0.146,2.8529,24.9492,233.2493,0.1074,0.1398
2016-04-12T01:01:59.358Z,1.1616,43.1499,231.951,0.1857,0.0275,1.8484,19.7027,231.0857,0.0853,0.1247,3.021,26.8884,232.7973,0.1157,0.141
2016-04-12T01:02:59.619Z,1.3457,43.5527,231.8081,0.188,0.0297,1.7093,20.8725,230.9119,0.0908,0.1174,2.7424,24.0962,232.7544,0.1033,0.1478
2016-04-12T01:03:59.943Z,1.5167,42.2735,231.7975,0.1825,0.0366,2.4816,19.333,230.8938,0.0837,0.1444,2.7466,26.4065,232.7609,0.113,0.1337
2016-04-12T01:04:59.313Z,1.1252,43.6063,232.843,0.1873,0.0266,2.3201,21.0387,231.5293,0.0902,0.1421,2.959,24.6459,232.5474,0.106,0.1477
2016-04-12T01:05:59.792Z,1.3164,43.6114,233.5113,0.1865,0.0304,2.4752,22.1232,231.7857,0.0953,0.1262,3.2881,25.1025,232.6927,0.108,0.1516
2016-04-12T01:06:59.149Z,0.6431,43.3535,233.8267,0.1854,0.0153,1.9867,20.8649,231.8826,0.0896,0.1274,2.8053,26.1616,233.2302,0.1118,0.141
2016-04-12T01:07:59.493Z,2.153,43.5273,233.7451,0.1858,0.0503,2.3842,22.4641,231.7444,0.0965,0.1284,3.0176,25.8825,233.4533,0.1105,0.1413
2016-04-12T01:08:59.253Z,1.4582,43.957,233.7036,0.1881,0.0352,2.2009,19.3312,231.9078,0.083,0.1391,3.1845,22.6742,233.8519,0.0971,0.1573
2016-04-12T01:09:59.512Z,1.1531,44.4034,233.5785,0.1898,0.0263,2.2626,21.4666,232.4136,0.0922,0.124,2.9124,23.0516,233.5188,0.0992,0.1562
2016-04-12T01:10:59.038Z,0.9259,43.3886,233.6976,0.186,0.0227,2.2746,20.4258,232.2699,0.0876,0.1346,3.0046,26.1221,232.8857,0.1126,0.1467
2016-04-12T01:11:59.498Z,1.1613,43.2968,233.8079,0.1845,0.0268,2.1721,22.109,232.0657,0.0954,0.1304,2.8691,25.0527,232.0949,0.1075,0.1476
2016-04-12T01:12:59.024Z,1.0354,42.6434,234.0671,0.1827,0.0261,2.4904,22.5053,232.2483,0.0969,0.1271,2.858,25.0239,232.3274,0.1077,0.1462
2016-04-12T01:13:59.161Z,1.3111,44.3645,233.9653,0.19,0.0292,2.7808,23.4234,232.2958,0.1004,0.1316,3.4249,24.8292,232.0388,0.1071,0.1609
2016-04-12T01:14:59.463Z,0.9627,43.3582,233.8174,0.1854,0.024,2.058,19.7513,231.8636,0.0848,0.129,3.0118,25.8095,231.7391,0.1113,0.1442
2016-04-12T01:15:59.693Z,2.0547,43.5607,234.0667,0.1861,0.0498,2.1504,22.5257,232.1054,0.0971,0.1136,2.6886,24.4757,231.9382,0.1059,0.1417
2016-04-12T01:16:59.891Z,1.3634,43.5748,233.4884,0.1866,0.0311,1.981,19.6171,232.017,0.0844,0.13,2.8435,26.4008,231.8379,0.1138,0.1397
2016-04-12T01:17:59.046Z,0.8153,43.4568,233.1509,0.1863,0.0208,1.9252,20.4403,231.7981,0.088,0.1177,3.3552,24.7032,231.5108,0.1067,0.1539
2016-04-12T01:18:59.273Z,1.3359,43.5904,233.1824,0.1864,0.0304,2.4271,22.2078,232.3125,0.0956,0.1312,3.2443,24.5262,231.4836,0.106,0.1541
2016-04-12T01:19:59.230Z,1.6418,43.3359,233.3014,0.1857,0.0392,2.1243,22.0707,232.1544,0.0951,0.1208,2.931,26.1789,231.764,0.1131,0.1426
2016-04-12T01:20:59.571Z,1.1821,43.3422,233.1005,0.1857,0.0279,2.5947,22.8197,231.9225,0.0986,0.1256,3.5878,24.5765,231.8078,0.1064,0.1676
2016-04-12T01:21:59.843Z,0.7844,43.2598,233.3869,0.1854,0.0189,2.2122,21.4968,232.206,0.0923,0.1246,3.5351,24.4937,231.5468,0.1062,0.1625
2016-04-12T01:22:59.208Z,2.1524,43.2006,233.6173,0.1851,0.051,2.3987,22.0741,232.0574,0.0949,0.1294,2.6159,25.4193,231.8262,0.11,0.136
2016-04-12T01:23:59.501Z,1.8924,43.2299,233.7601,0.1851,0.0445,1.7437,19.308,232.5382,0.0832,0.1128,3.0965,25.6403,232.1507,0.1109,0.1425
2016-04-12T01:24:59.267Z,1.1903,43.3967,233.855,0.1856,0.0281,2.0728,20.7578,232.705,0.0888,0.1362,2.8753,25.1073,232.209,0.108,0.1424
2016-04-12T01:25:59.584Z,0.9883,43.6364,233.9649,0.1868,0.023,2.5686,21.0391,232.6746,0.0902,0.1414,3.3754,26.0579,232.307,0.1123,0.1565
2016-04-12T01:26:59.158Z,1.1788,44.2201,233.8432,0.189,0.0253,2.2044,20.6882,232.5618,0.0891,0.136,3.308,23.9639,232.0579,0.1032,0.1531
2016-04-12T01:27:59.537Z,1.4858,43.3526,233.903,0.1852,0.0364,2.0237,20.1468,232.5083,0.0872,0.1207,3.0949,24.7352,232.0613,0.1071,0.1471
2016-04-12T01:28:59.745Z,0.9295,44.1578,233.971,0.1889,0.0218,1.9847,21.7942,232.8515,0.0931,0.1146,3.2279,23.1815,232.1113,0.0996,0.1629
2016-04-12T01:29:59.283Z,0.7626,44.0042,233.5443,0.1884,0.0193,2.0859,20.4969,232.6086,0.0884,0.1327,3.031,22.8253,233.2481,0.0982,0.1546
2016-04-12T01:30:59.570Z,1.7437,43.2974,233.5144,0.1855,0.0407,2.1067,22.6879,233.0271,0.0979,0.1218,3.1079,25.7245,233.3544,0.1101,0.15
2016-04-12T01:31:59.239Z,1.5013,42.9611,233.3244,0.1845,0.0366,1.9278,19.9321,232.8869,0.0856,0.1247,2.7581,24.3938,233.4613,0.1045,0.1409
2016-04-12T01:32:59.527Z,1.5489,44.2297,232.9971,0.1896,0.0354,2.0216,21.9048,232.6266,0.0943,0.12,3.1089,24.3432,232.7866,0.1049,0.1478
2016-04-12T01:33:59.762Z,1.2103,43.8037,232.6804,0.1884,0.0279,2.2435,20.4392,232.5256,0.0887,0.1467,2.862,25.8675,232.4991,0.1111,0.1375
2016-04-12T01:34:59.099Z,1.504,43.9301,232.765,0.1886,0.0361,2.2843,21.228,232.4337,0.0913,0.134,3.3373,22.6134,232.4744,0.0974,0.1631
2016-04-12T01:35:59.334Z,2.2356,42.9712,232.799,0.1852,0.053,2.4222,19.5684,232.4243,0.0845,0.15,3.1031,25.3041,232.5363,0.1085,0.142
2016-04-12T01:36:59.094Z,1.816,43.1023,233.0103,0.1848,0.0444,2.2791,20.2218,231.9956,0.0871,0.1296,3.3697,22.2314,232.269,0.0958,0.1663
2016-04-12T01:37:59.642Z,0.9357,44.196,233.355,0.1892,0.024,2.4778,21.2366,231.6893,0.0913,0.1321,2.8504,24.0904,233.0799,0.1036,0.1396
2016-04-12T01:38:59.890Z,1.1491,43.9871,234.0301,0.188,0.027,2.7389,22.6531,229.6301,0.0986,0.1208,2.917,24.9937,234.0968,0.107,0.1465
2016-04-12T01:39:59.518Z,1.2136,43.3047,233.5699,0.1853,0.0302,2.2514,18.7869,232.2726,0.0807,0.1381,2.52,25.969,233.4909,0.1114,0.128
2016-04-12T01:40:59.080Z,2.3316,42.8522,233.4047,0.1834,0.0543,2.1101,20.8979,232.6856,0.0901,0.1389,3.4458,25.2943,233.204,0.1089,0.1562
2016-04-12T01:41:59.449Z,1.6247,42.8342,233.7165,0.1835,0.0391,2.13,21.5248,232.8769,0.0922,0.121,3.1249,23.4124,233.4652,0.1004,0.1559
2016-04-12T01:42:59.633Z,1.2537,43.7263,233.6808,0.1874,0.029,2.4456,21.8897,233.1145,0.093,0.126,3.3667,24.3013,233.4729,0.1045,0.1566
2016-04-12T01:43:59.922Z,1.3993,43.6485,233.8312,0.1864,0.0324,2.2817,20.193,232.4822,0.087,0.1278,2.8058,25.0838,233.9578,0.1071,0.143
2016-04-12T01:44:59.229Z,1.6228,44.3033,233.786,0.1893,0.0373,2.3304,23.2929,232.9176,0.0998,0.1167,3.0907,24.3054,233.6162,0.104,0.1582
2016-04-12T01:45:59.796Z,1.7763,43.2977,234.315,0.1848,0.0416,1.9368,17.9905,232.7428,0.0775,0.1254,3.1742,21.968,232.153,0.0948,0.1684
2016-04-12T01:46:59.115Z,1.4902,44.0581,234.0223,0.1886,0.0326,1.8717,21.378,232.8396,0.0911,0.1273,2.9968,25.0176,232.4892,0.108,0.1469
2016-04-12T01:47:59.436Z,1.1626,43.863,234.5104,0.1867,0.0268,2.4129,21.8022,232.7698,0.0941,0.1222,3.2579,26.0299,231.0158,0.1128,0.1493
2016-04-12T01:48:59.030Z,1.5293,43.7316,234.2271,0.1861,0.0354,2.6857,20.3422,232.6866,0.0874,0.1378,3.2836,26.3577,231.1072,0.1141,0.1474
2016-04-12T01:49:59.440Z,1.4642,43.3804,232.8945,0.1858,0.0356,2.4597,22.1534,232.6503,0.0947,0.1243,3.1326,24.7399,232.8888,0.1064,0.1514
2016-04-12T01:50:59.682Z,1.1702,43.5665,233.4895,0.1864,0.0273,1.9859,21.4412,232.418,0.0918,0.1202,3.0562,25.3301,232.9492,0.109,0.1462
2016-04-12T01:51:59.408Z,1.0412,43.9247,233.6909,0.1873,0.0242,2.233,19.6693,232.7703,0.0843,0.1356,3.0508,24.0071,233.1384,0.1034,0.1525
2016-04-12T01:52:59.746Z,1.7848,42.9778,233.8318,0.1838,0.0416,2.1327,23.2839,233.0553,0.0997,0.1173,3.013,24.9728,233.1069,0.107,0.1478
2016-04-12T01:53:59.095Z,2.2853,43.388,234.133,0.1853,0.0536,2.4238,21.5099,233.076,0.0921,0.1446,3.2632,25.3032,232.8687,0.1086,0.1479
2016-04-12T01:54:59.448Z,1.4688,43.5342,234.1707,0.1862,0.0363,2.6263,21.1451,233.1001,0.0908,0.1346,3.1667,25.3662,232.4629,0.1097,0.1538
2016-04-12T01:55:59.866Z,0.9754,44.4909,234.1373,0.1905,0.0221,2.082,18.6986,233.0339,0.0802,0.1285,3.0667,22.9053,232.4915,0.0983,0.1552
2016-04-12T01:56:59.389Z,1.6734,44.0429,233.8429,0.1881,0.036,2.3154,20.1107,232.6807,0.0863,0.1362,2.9621,25.2038,232.2851,0.1084,0.1484
2016-04-12T01:57:59.227Z,1.5176,43.3888,233.7044,0.1859,0.036,2.0273,22.0914,232.3429,0.0953,0.1175,3.1948,23.3695,231.922,0.1005,0.1599
2016-04-12T01:58:59.520Z,1.1414,44.3323,233.06,0.1903,0.0255,2.0513,20.0398,232.4404,0.0854,0.1275,3.0819,23.0634,231.927,0.099,0.1641
2016-04-12T01:59:59.769Z,1.0258,43.6719,232.1188,0.1879,0.0233,2.236,21.2666,232.9612,0.0918,0.1291,3.1691,23.6205,232.3784,0.1016,0.1529
