2016-03-06T00:00:59.550Z,2.6665,70.3342,228.2872,0.3083,0.0379,3.2972,65.0346,231.9861,0.2803,0.0505,2.9278,66.2497,232.5559,0.2848,0.0439
2016-03-06T00:01:59.879Z,2.8031,72.4699,229.6344,0.3153,0.0398,3.3487,64.7764,230.5514,0.2811,0.054,3.2618,65.0179,232.0999,0.2801,0.0504
2016-03-06T00:02:59.477Z,1.9772,71.4001,227.7217,0.3138,0.0277,3.5791,64.7327,229.7828,0.2821,0.0563,2.8122,65.7168,231.5336,0.2842,0.0438
2016-03-06T00:03:59.847Z,2.5101,72.9461,228.0612,0.3196,0.0345,3.2232,68.0592,231.846,0.2939,0.0473,2.6713,66.1689,232.8009,0.2836,0.0407
2016-03-06T00:04:59.841Z,1.8015,71.0481,227.6556,0.3118,0.0248,3.38,67.6166,231.7225,0.2915,0.0497,2.9698,65.7609,231.8893,0.2833,0.0445
2016-03-06T00:05:59.487Z,2.0816,73.9374,227.8163,0.3246,0.0292,2.9587,65.6699,230.2609,0.2852,0.046,2.6626,67.3297,231.2457,0.291,0.0407
2016-03-06T00:06:59.679Z,1.9974,72.1796,226.4925,0.3188,0.0286,3.6191,65.3938,230.8105,0.2842,0.0551,2.6897,66.1101,231.3103,0.286,0.0407
2016-03-06T00:07:59.513Z,2.8967,70.9438,224.7999,0.3155,0.0403,3.1633,68.5932,231.4934,0.2966,0.0481,2.8402,64.9834,231.5489,0.2804,0.044
2016-03-06T00:08:59.383Z,2.2774,71.3136,224.2188,0.3178,0.0316,3.2642,66.1023,231.2447,0.2858,0.0511,2.6155,65.7231,231.2785,0.2841,0.0396
2016-03-06T00:09:59.717Z,2.3101,72.6721,226.1352,0.3213,0.0319,3.6105,65.7681,230.647,0.2848,0.0555,2.9044,66.5535,230.8936,0.2886,0.0436
2016-03-06T00:10:59.381Z,1.9439,72.3362,224.4311,0.3224,0.0267,3.1998,67.1198,230.8258,0.291,0.048,3.1216,65.9113,230.2198,0.2862,0.0492
2016-03-06T00:11:59.022Z,2.5504,70.3373,223.4412,0.3148,0.0364,3.548,66.9712,231.4385,0.2893,0.0529,2.4645,65.5342,230.0311,0.2853,0.0371
2016-03-06T00:12:59.748Z,3.2023,71.2932,225.064,0.3165,0.045,3.3097,68.8482,231.5545,0.2974,0.0497,2.9785,65.2551,231.2174,0.2818,0.047
2016-03-06T00:13:59.943Z,2.5819,70.7993,226.9866,0.3116,0.0359,3.0953,66.483,231.4801,0.2871,0.0463,2.5968,65.6512,231.8738,0.2833,0.0422
2016-03-06T00:14:59.264Z,2.0039,72.016,226.3628,0.3176,0.028,3.5423,68.5481,232.8629,0.2938,0.0533,2.3999,65.7311,233.2333,0.2814,0.0376
2016-03-06T00:15:59.639Z,2.2633,71.5907,224.9033,0.3188,0.032,3.4459,66.5089,232.5103,0.2863,0.0525,2.6984,65.4822,232.287,0.2815,0.0405
2016-03-06T00:16:59.072Z,2.6413,70.432,226.8429,0.3107,0.0372,3.9581,67.3617,232.1506,0.2902,0.0601,2.7403,65.0377,231.911,0.28,0.0441
2016-03-06T00:17:59.321Z,2.1529,73.0313,226.8825,0.3224,0.0299,3.3333,66.8784,231.7044,0.2889,0.0521,2.5937,66.8809,231.8667,0.2879,0.0397
2016-03-06T00:18:59.248Z,2.5386,74.6415,228.7821,0.3258,0.0347,3.137,66.3512,231.5649,0.2864,0.0489,3.1823,66.061,232.4468,0.2846,0.0479
2016-03-06T00:19:59.080Z,2.0244,72.2457,228.7183,0.3156,0.028,3.5992,66.3012,231.0803,0.2867,0.0532,3.1026,65.0392,231.99,0.281,0.0482
2016-03-06T00:20:59.894Z,3.3338,74.8558,229.4728,0.3262,0.0446,3.1085,66.618,231.458,0.2877,0.0473,3.2313,65.5291,231.8903,0.2826,0.0488
2016-03-06T00:21:59.485Z,2.5606,73.5746,229.7903,0.3201,0.0367,3.2149,66.0009,231.6284,0.2848,0.0537,2.9282,64.5191,232.2159,0.2771,0.048
2016-03-06T00:22:59.852Z,2.0862,72.7505,229.2247,0.3174,0.0289,3.6261,66.0639,231.4622,0.2855,0.0538,3.2996,66.5361,232.7552,0.2858,0.0495
2016-03-06T00:23:59.373Z,1.8927,73.5486,228.8617,0.3213,0.0252,2.9483,66.6926,231.5724,0.2878,0.0426,2.9681,66.7744,233.0689,0.2858,0.0437
2016-03-06T00:24:59.078Z,2.5663,72.3357,228.1194,0.3168,0.0351,3.803,65.7833,231.0629,0.2849,0.0601,2.5852,65.0526,232.5201,0.2791,0.0392
2016-03-06T00:25:59.558Z,3.1243,72.9864,228.4517,0.3191,0.0434,3.5651,67.0946,230.7739,0.2907,0.0548,2.2792,67.634,232.42,0.2907,0.0341
2016-03-06T00:26:59.592Z,2.4399,72.0666,228.9066,0.3144,0.0338,3.4135,66.116,231.0176,0.2863,0.0541,2.9923,66.449,232.7546,0.2854,0.0455
2016-03-06T00:27:59.012Z,1.9524,72.4051,229.213,0.3161,0.0258,3.4127,64.2987,230.5927,0.279,0.0556,2.9389,66.3127,232.8411,0.2846,0.0461
2016-03-06T00:28:59.445Z,2.0537,74.2249,229.3723,0.3237,0.0278,3.2958,67.6741,231.2725,0.2932,0.0477,2.3153,66.8435,233.1195,0.2872,0.0341
2016-03-06T00:29:59.314Z,2.4237,73.7659,229.1414,0.3213,0.034,3.3964,65.9916,230.7352,0.2858,0.0523,2.8368,67.002,232.9684,0.2877,0.0421
2016-03-06T00:30:59.023Z,2.3337,73.1896,228.204,0.3211,0.0316,3.7078,65.4076,229.1578,0.2854,0.0552,2.5904,64.8176,232.1481,0.2793,0.0419
2016-03-06T00:31:59.635Z,1.9691,72.2454,228.5635,0.316,0.0271,2.8992,64.9965,228.4343,0.285,0.0472,2.3758,66.1628,232.415,0.2839,0.0375
2016-03-06T00:32:59.932Z,2.3834,73.2568,229.8432,0.3185,0.0319,2.9248,64.2999,227.7976,0.2823,0.0458,2.5753,66.5998,233.7371,0.2851,0.04
2016-03-06T00:33:59.191Z,2.4328,73.3566,229.4712,0.3194,0.035,3.6382,66.2799,231.1976,0.2862,0.0579,2.7388,66.1311,232.8941,0.2838,0.0417
2016-03-06T00:34:59.461Z,2.2,73.003,228.9567,0.319,0.0303,2.777,66.8788,230.6549,0.29,0.0429,2.4568,66.6766,232.3918,0.287,0.0365
2016-03-06T00:35:59.130Z,2.252,73.2395,228.9977,0.3195,0.0305,3.223,66.6986,230.391,0.2892,0.0486,2.5216,65.9592,232.1381,0.2841,0.0391
2016-03-06T00:36:59.925Z,2.0099,73.306,229.2139,0.3197,0.0271,3.6337,66.6996,230.5422,0.29,0.055,2.4295,66.7904,232.0864,0.288,0.0358
2016-03-06T00:37:59.288Z,2.9588,73.5241,228.6623,0.3212,0.0394,3.3696,65.5509,230.7244,0.2843,0.0518,2.5703,66.2786,232.3266,0.2856,0.0374
2016-03-06T00:38:59.179Z,2.9046,73.5075,228.6007,0.3214,0.0407,3.6575,66.6819,231.0776,0.2889,0.0559,2.8047,66.5246,232.4578,0.2863,0.0424
2016-03-06T00:39:59.284Z,2.5074,73.1492,228.6981,0.3197,0.0344,3.6971,65.4118,230.5943,0.2834,0.0566,2.5151,67.2609,232.2532,0.2895,0.0379
2016-03-06T00:40:59.568Z,1.8827,72.5159,229.216,0.3166,0.0264,3.3902,64.4895,230.2096,0.2801,0.0521,2.8348,65.7908,232.4714,0.2831,0.0432
2016-03-06T00:41:59.666Z,2.4509,72.02,229.4375,0.314,0.034,3.8273,65.3592,230.4979,0.2835,0.0632,2.5297,65.4663,232.7965,0.2809,0.0434
2016-03-06T00:42:59.181Z,2.9432,73.67,229.9171,0.3202,0.0404,3.9813,66.8044,231.404,0.2887,0.06,2.7022,67.3421,233.4597,0.2886,0.0418
2016-03-06T00:43:59.607Z,3.3633,73.1177,230.1766,0.3175,0.0469,3.5177,66.2359,231.8774,0.2857,0.0526,3.3552,67.6162,233.8142,0.2896,0.0508
2016-03-06T00:44:59.789Z,2.1385,74.2204,230.8532,0.3211,0.029,3.8423,65.2474,232.8291,0.2799,0.0592,2.6212,66.8548,235.004,0.284,0.0407
2016-03-06T00:45:59.088Z,2.4439,74.0234,230.7226,0.3209,0.0331,3.1848,64.8174,232.6693,0.2786,0.0489,2.5273,67.4978,234.164,0.2879,0.0378
2016-03-06T00:46:59.560Z,2.1252,73.5127,230.5545,0.319,0.0293,3.646,66.2036,232.2768,0.2846,0.0554,3.002,67.9201,234.0896,0.2898,0.0433
2016-03-06T00:47:59.038Z,2.8504,74.0634,231.1572,0.3201,0.0386,3.48,65.934,232.6562,0.2838,0.0524,3.0942,67.8017,234.6809,0.2891,0.047
2016-03-06T00:48:59.514Z,2.7991,72.8771,230.3285,0.3161,0.0382,3.4753,65.8162,231.3165,0.2849,0.0551,2.6804,68.8814,234.2073,0.2941,0.0408
2016-03-06T00:49:59.021Z,2.2537,73.9056,230.2722,0.3212,0.0323,3.2444,65.474,231.4282,0.2831,0.0497,2.3346,66.0398,234.0114,0.2819,0.0356
2016-03-06T00:50:59.697Z,2.0041,74.0024,229.9616,0.3213,0.0266,3.7379,69.1261,232.1349,0.2977,0.0563,2.8133,64.7864,234.1455,0.2771,0.0449
2016-03-06T00:51:59.881Z,2.0924,73.1823,231.2313,0.3163,0.029,3.7941,63.9079,230.9667,0.2771,0.0589,2.2425,66.3077,233.6013,0.2838,0.0357
2016-03-06T00:52:59.251Z,2.8792,74.6994,231.4627,0.3221,0.0386,3.6034,65.0736,231.2099,0.2811,0.0551,2.9704,66.7536,234.0441,0.2853,0.0446
2016-03-06T00:53:59.871Z,3.1239,72.721,231.6009,0.3138,0.0437,3.585,66.1029,232.0122,0.2855,0.0542,2.4671,68.6893,234.1773,0.2936,0.0352
2016-03-06T00:54:59.898Z,2.7079,72.9748,231.3266,0.3149,0.0378,4.1218,66.7564,231.7348,0.2884,0.0622,2.8027,68.6514,233.8588,0.2933,0.0424
2016-03-06T00:55:59.352Z,2.55,73.5707,230.3524,0.3191,0.0346,3.6962,65.1808,232.1369,0.2808,0.0583,2.766,67.2478,234.0632,0.2872,0.0411
2016-03-06T00:56:59.630Z,2.3103,73.8782,228.1487,0.3239,0.0312,3.9104,68.5315,233.5261,0.2936,0.057,3.2078,67.184,233.9416,0.2873,0.0468
2016-03-06T00:57:59.501Z,2.5032,70.7624,227.9438,0.3104,0.0348,3.6718,66.6304,233.7874,0.2853,0.0552,2.3423,66.9236,233.8028,0.2863,0.0342
2016-03-06T00:58:59.202Z,3.6818,71.781,227.8456,0.3153,0.0521,3.3971,66.8729,233.9774,0.2865,0.0504,2.6,68.0666,233.3809,0.2916,0.0379
2016-03-06T00:59:59.820Z,2.7349,73.0357,227.7111,0.3205,0.0368,3.4538,67.9368,233.6547,0.291,0.051,3.0038,66.4679,233.4527,0.2843,0.0454
