2016-02-25T00:00:59.434Z,1.9996,49.3257,232.7148,0.2121,0.0418,2.9535,35.7698,231.7656,0.1542,0.0831,2.608,35.6336,230.5266,0.1545,0.0796
2016-02-25T00:01:59.059Z,2.1539,49.8606,232.696,0.2143,0.0414,3.8383,33.8273,232.4394,0.1452,0.1124,2.779,33.8876,233.0352,0.1449,0.0841
2016-02-25T00:02:59.489Z,2.9662,49.0978,232.5897,0.2108,0.0608,3.5955,34.193,232.6129,0.1471,0.0993,3.2254,34.0505,232.7909,0.1463,0.0988
2016-02-25T00:03:59.931Z,2.8059,49.1414,232.3438,0.2111,0.0588,3.8832,34.6029,232.2611,0.1495,0.111,2.7835,35.7751,232.0141,0.1544,0.0816
2016-02-25T00:04:59.296Z,1.8951,49.9188,231.394,0.2156,0.0374,3.2887,34.223,231.3716,0.1479,0.1044,2.6552,34.3688,231.9217,0.1483,0.0867
2016-02-25T00:05:59.578Z,1.9834,50.6205,231.9237,0.2183,0.037,3.27,34.2763,231.3558,0.1486,0.1039,3.2196,36.2567,232.4843,0.1557,0.0904
2016-02-25T00:06:59.204Z,2.2163,49.0664,232.1512,0.2111,0.0458,3.2142,33.4102,230.4063,0.1452,0.1012,2.3993,35.6883,232.3227,0.154,0.07
2016-02-25T00:07:59.504Z,2.8011,50.4877,233.3427,0.2164,0.0562,2.9864,35.428,229.3615,0.1541,0.0855,2.8822,35.0259,232.5659,0.1497,0.0843
2016-02-25T00:08:59.784Z,2.0732,50.473,232.9489,0.2167,0.042,3.1097,32.5751,232.1684,0.1403,0.1028,3.1604,35.1335,231.3954,0.152,0.091
2016-02-25T00:09:59.073Z,1.876,50.2701,232.6772,0.2165,0.036,3.6474,35.3209,232.1301,0.1524,0.1062,2.1688,34.0607,231.3161,0.1472,0.0704
2016-02-25T00:10:59.377Z,2.0312,50.1513,232.4638,0.2155,0.0398,3.5318,35.0615,232.2334,0.1511,0.1038,3.0508,34.3095,231.5361,0.1477,0.0936
2016-02-25T00:11:59.714Z,2.3147,49.5219,232.7285,0.2127,0.0464,3.2576,34.456,232.7126,0.1476,0.1056,2.9996,35.7715,231.6633,0.1545,0.0901
2016-02-25T00:12:59.337Z,1.7647,50.5468,232.3093,0.2174,0.0356,3.2141,33.1498,232.2758,0.1429,0.1034,2.2519,35.0921,231.4997,0.1516,0.0688
2016-02-25T00:13:59.549Z,1.736,49.6829,232.0038,0.2139,0.0343,3.1159,34.59,231.8407,0.1493,0.0979,2.9463,33.7672,231.5518,0.1457,0.0892
2016-02-25T00:14:59.285Z,2.0664,50.3844,231.623,0.2174,0.0416,3.4131,34.5669,231.7234,0.1488,0.106,2.5384,34.6249,232.0988,0.1496,0.0767
2016-02-25T00:15:59.119Z,2.232,49.8004,231.0174,0.2155,0.0459,3.5271,34.3601,231.3695,0.1489,0.1082,2.7591,35.8442,232.0619,0.1544,0.0805
2016-02-25T00:16:59.256Z,1.5409,49.5089,231.5499,0.214,0.0314,3.7073,34.6459,228.9115,0.1521,0.1118,2.9484,32.6703,232.93,0.1403,0.0908
2016-02-25T00:17:59.863Z,1.8634,50.0112,232.2365,0.2152,0.0376,3.519,34.7521,229.9712,0.1512,0.1135,2.5376,36.2886,233.0733,0.1555,0.072
2016-02-25T00:18:59.544Z,2.1718,50.206,232.1046,0.2166,0.0438,2.831,33.4386,232.3683,0.1439,0.088,2.7364,34.6907,231.6463,0.15,0.0807
2016-02-25T00:19:59.059Z,2.2998,49.3756,231.344,0.2133,0.0456,3.6586,34.019,232.002,0.1466,0.1132,3.0631,33.377,230.7206,0.1447,0.0986
2016-02-25T00:20:59.260Z,1.9582,50.3397,231.3253,0.2177,0.039,2.9302,32.8951,231.6871,0.1416,0.0976,2.2057,34.2266,230.8796,0.1486,0.0668
2016-02-25T00:21:59.498Z,1.8501,50.5418,231.7843,0.2183,0.038,3.6667,35.5662,231.4862,0.1535,0.1035,2.3613,34.7271,231.9027,0.1498,0.0749
2016-02-25T00:22:59.875Z,1.8985,50.0723,231.423,0.2168,0.0391,3.5321,34.7421,231.1684,0.1505,0.1037,2.9295,34.7197,232.3513,0.1493,0.0886
2016-02-25T00:23:59.431Z,2.2367,49.0372,230.9092,0.2123,0.0463,3.3679,31.1694,230.5638,0.1352,0.1093,2.2561,36.1991,231.705,0.1561,0.0643
2016-02-25T00:24:59.867Z,3.0848,49.7378,230.8973,0.2151,0.0618,2.979,34.3961,230.1977,0.1491,0.0957,2.9175,34.4116,231.3993,0.1483,0.084
2016-02-25T00:25:59.113Z,1.763,48.5429,230.2242,0.2108,0.0361,3.6157,32.4759,230.3688,0.1413,0.1149,2.6587,35.3511,231.0147,0.1536,0.0773
2016-02-25T00:26:59.391Z,1.8179,50.3497,230.4192,0.2185,0.0349,3.416,34.3721,230.8033,0.1487,0.1057,2.4834,34.7579,231.0743,0.151,0.0719
2016-02-25T00:27:59.893Z,2.3011,49.7757,232.0003,0.2152,0.0465,3.4124,33.3342,231.9177,0.1433,0.1049,2.7366,34.3253,232.4908,0.1472,0.0799
2016-02-25T00:28:59.302Z,2.819,49.9388,232.4848,0.2149,0.057,3.4771,35.1608,232.305,0.1514,0.1004,2.4664,34.0556,233.6179,0.1453,0.0773
2016-02-25T00:29:59.829Z,2.4743,50.1523,232.6854,0.2155,0.0493,2.9023,34.1849,232.1154,0.1473,0.0915,2.6556,36.3992,233.7127,0.1559,0.0767
2016-02-25T00:30:59.235Z,2.2494,50.1646,232.2284,0.2158,0.0449,3.3384,33.8429,231.6443,0.1459,0.1043,3.1143,34.6039,233.4018,0.1487,0.0906
2016-02-25T00:31:59.517Z,1.6695,49.8193,231.5445,0.2152,0.0354,3.2822,33.7041,230.7772,0.1463,0.1035,2.7301,35.0375,232.8466,0.1502,0.081
2016-02-25T00:32:59.899Z,2.38,50.7325,231.6407,0.2195,0.0467,3.5522,33.6363,230.6986,0.1457,0.1096,2.9286,35.554,232.8338,0.1532,0.0826
2016-02-25T00:33:59.258Z,2.6897,48.4788,231.4688,0.2097,0.0543,3.2147,30.9522,230.8452,0.134,0.1077,2.9128,34.8562,233.1918,0.1499,0.0863
2016-02-25T00:34:59.451Z,1.6569,50.759,231.192,0.2193,0.0304,3.2325,33.6869,230.1862,0.147,0.0959,2.1221,35.3088,232.6513,0.152,0.0674
2016-02-25T00:35:59.808Z,2.1408,50.0985,230.7592,0.2168,0.0432,3.3353,33.5816,230.3696,0.1455,0.1066,2.8059,33.8642,232.0682,0.1454,0.0875
2016-02-25T00:36:59.008Z,2.2984,50.4206,231.2831,0.2183,0.0463,3.0461,32.9648,231.0346,0.1425,0.0946,2.8826,34.7229,232.7678,0.1493,0.0863
2016-02-25T00:37:59.329Z,1.8542,49.958,231.4809,0.2161,0.0372,2.9571,32.2853,231.1498,0.1397,0.0966,2.9001,36.8468,232.4858,0.1585,0.0826
2016-02-25T00:38:59.681Z,1.8327,49.6985,232.4212,0.2136,0.0363,3.9525,35.7929,231.4852,0.1549,0.1099,2.3103,35.1105,233.8119,0.1504,0.0769
2016-02-25T00:39:59.022Z,1.7387,49.9183,232.593,0.2144,0.0358,3.0546,34.1129,231.7141,0.147,0.0972,2.7669,35.2839,233.7298,0.1516,0.0779
2016-02-25T00:40:59.114Z,2.724,49.8773,232.3767,0.2149,0.0553,3.4179,35.0877,231.323,0.152,0.1004,2.347,35.5698,233.3864,0.153,0.0719
2016-02-25T00:41:59.414Z,1.9332,50.5673,232.3214,0.2175,0.0374,3.0612,34.1231,231.0998,0.1468,0.0984,2.7608,34.7041,233.1688,0.1485,0.0821
2016-02-25T00:42:59.693Z,2.0051,50.5523,233.102,0.217,0.0395,3.1892,35.9541,231.5384,0.1551,0.0958,2.8075,34.6204,234.1652,0.1475,0.0833
2016-02-25T00:43:59.851Z,2.2899,50.1149,232.574,0.2154,0.0451,3.5757,33.4473,231.0407,0.1438,0.1111,2.6571,35.6474,233.9808,0.1522,0.0809
2016-02-25T00:44:59.499Z,2.916,50.1799,231.9972,0.2154,0.0572,3.2381,34.3132,230.4038,0.1493,0.0939,2.4143,34.0367,233.5036,0.1452,0.0744
2016-02-25T00:45:59.758Z,2.5518,49.3511,233.2852,0.2124,0.0521,3.2585,32.3722,229.4462,0.1413,0.1023,2.6955,36.1087,233.6327,0.154,0.0746
2016-02-25T00:46:59.999Z,2.1479,50.7976,233.2993,0.2178,0.0411,3.1052,35.8473,230.0422,0.1552,0.0913,2.4926,35.393,233.5776,0.1515,0.0763
2016-02-25T00:47:59.383Z,1.8452,50.1509,233.6393,0.2143,0.0356,3.3714,32.7538,230.045,0.1424,0.1042,2.493,35.8159,233.5798,0.1534,0.0709
2016-02-25T00:48:59.542Z,2.4848,50.6085,233.6227,0.2165,0.0489,3.8119,34.6998,231.5353,0.1497,0.1149,2.9969,36.05,234.5248,0.1537,0.0859
2016-02-25T00:49:59.407Z,2.3944,49.3696,233.3371,0.2118,0.0484,3.0024,32.2534,232.3764,0.139,0.1044,3.033,34.7769,234.4677,0.1483,0.09
2016-02-25T00:50:59.649Z,1.8696,50.5236,233.7395,0.2165,0.0366,3.4578,35.0402,232.3814,0.1509,0.1055,2.8893,35.5743,234.356,0.1516,0.0847
2016-02-25T00:51:59.991Z,1.8174,51.1567,232.6554,0.2199,0.0349,3.6958,34.5337,231.9719,0.149,0.1168,2.5247,33.9041,233.064,0.1457,0.078
2016-02-25T00:52:59.365Z,2.2781,50.1848,232.1032,0.2157,0.0466,3.2878,35.525,231.7577,0.1533,0.1,2.5699,33.9054,233.208,0.1453,0.0763
2016-02-25T00:53:59.745Z,2.5902,49.7042,232.5397,0.2135,0.0535,2.8651,33.7437,232.212,0.1459,0.0914,2.809,35.323,233.6564,0.1512,0.0813
2016-02-25T00:54:59.072Z,3.0116,49.1981,232.0149,0.2121,0.0624,3.8509,36.7562,231.7706,0.159,0.1101,2.6008,36.0909,233.1467,0.1549,0.0762
2016-02-25T00:55:59.347Z,2.0155,50.4474,232.2269,0.2175,0.0391,3.2648,32.0424,230.7242,0.1388,0.1062,2.5629,35.3024,233.0353,0.1513,0.08
2016-02-25T00:56:59.696Z,2.1714,50.5803,232.7135,0.2173,0.042,2.9873,34.0009,230.7444,0.1474,0.0913,2.6218,33.2697,232.8695,0.1431,0.0809
2016-02-25T00:57:59.958Z,2.0518,50.6112,232.8882,0.2173,0.0401,3.3422,33.2151,230.907,0.1441,0.1048,2.2879,36.5961,232.7728,0.1568,0.0679
2016-02-25T00:58:59.599Z,3.015,50.291,233.1741,0.2158,0.0581,3.3151,36.3266,232.5201,0.1557,0.1013,2.4977,34.4874,234.2043,0.1474,0.0781
2016-02-25T00:59:59.879Z,2.7435,49.3937,232.8603,0.2124,0.0553,3.4166,34.7668,232.5967,0.1489,0.1029,2.2775,35.0744,234.146,0.1493,0.0725
