2016-04-03T00:00:59.259Z,5.2774,69.8816,230.4032,0.3031,0.076,3.2297,64.0532,232.5564,0.2751,0.0537,2.9628,63.747,233.0001,0.273,0.0454
2016-04-03T00:01:59.743Z,4.6565,72.2516,229.8397,0.3136,0.0656,2.877,63.8505,232.5919,0.2743,0.0451,1.9303,64.7822,232.7863,0.2781,0.0296
2016-04-03T00:02:59.305Z,4.3559,71.0668,229.4374,0.3093,0.0623,2.8603,63.1373,232.7042,0.2716,0.0501,2.2847,64.6314,233.1045,0.2777,0.0352
2016-04-03T00:03:59.880Z,5.1769,72.8686,229.4466,0.3174,0.0713,2.989,64.3282,232.6764,0.2765,0.048,2.4376,64.4054,233.0823,0.2763,0.0385
2016-04-03T00:04:59.413Z,4.7655,72.2463,230.0135,0.3136,0.0669,2.8176,65.023,232.3233,0.2798,0.0424,1.7765,64.1224,232.6897,0.2755,0.0279
2016-04-03T00:05:59.501Z,4.4426,70.824,230.2644,0.3071,0.0633,2.6978,65.9488,232.0493,0.2843,0.0384,2.3362,62.7043,232.5986,0.2695,0.0359
2016-04-03T00:06:59.863Z,4.4034,70.7563,230.3443,0.3073,0.0633,2.5486,62.4863,231.709,0.2696,0.0415,2.2243,64.8438,232.8684,0.2787,0.0354
2016-04-03T00:07:59.182Z,5.1301,71.306,230.4474,0.3097,0.0727,2.4319,62.7087,229.5067,0.2727,0.0392,1.9657,63.5807,233.4439,0.2724,0.0326
2016-04-03T00:08:59.901Z,4.5386,71.0151,230.1864,0.3084,0.0651,2.9839,65.0238,230.9046,0.2817,0.0441,1.9885,63.2647,232.8839,0.2717,0.0318
2016-04-03T00:09:59.422Z,4.484,71.1731,230.0726,0.309,0.0638,2.571,63.9036,232.1307,0.2758,0.0394,2.8606,64.0461,232.147,0.276,0.0454
2016-04-03T00:10:59.037Z,3.9627,71.3992,230.2212,0.3101,0.0548,2.6274,62.4032,232.2136,0.2693,0.0434,2.2008,65.7848,232.2963,0.2834,0.0331
2016-04-03T00:11:59.589Z,4.1245,71.5987,230.2701,0.3107,0.0576,2.927,63.8376,232.2129,0.2751,0.0449,2.0646,64.1871,232.2024,0.2764,0.0314
2016-04-03T00:12:59.931Z,4.9985,71.9698,230.0766,0.3127,0.0722,2.8233,63.7803,232.3054,0.2747,0.0471,2.5203,64.1431,232.2768,0.2765,0.0384
2016-04-03T00:13:59.259Z,4.9819,70.9504,229.9914,0.3084,0.0722,3.2992,61.9084,232.2986,0.2668,0.0531,2.6959,63.5713,232.3557,0.2738,0.0441
2016-04-03T00:14:59.733Z,4.8012,71.1665,229.9083,0.309,0.0686,2.8668,65.0604,232.6718,0.2795,0.0428,1.9334,64.2797,232.3217,0.2766,0.0297
2016-04-03T00:15:59.402Z,4.0627,72.7879,230.2165,0.3156,0.0567,2.7851,65.0202,232.6448,0.2797,0.0427,1.8591,64.1699,232.2038,0.2764,0.0287
2016-04-03T00:16:59.401Z,3.6571,71.2483,230.4042,0.3096,0.0518,2.8534,64.1459,232.23,0.2758,0.045,1.8132,63.7978,232.2624,0.2748,0.0283
2016-04-03T00:17:59.688Z,4.6663,70.9279,230.4125,0.3072,0.0671,2.9487,61.8,232.1159,0.2662,0.0478,2.2535,63.5267,232.0467,0.2737,0.0389
2016-04-03T00:18:59.162Z,4.6101,73.2216,230.4975,0.3178,0.0636,3.0893,63.6791,232.0111,0.2745,0.0499,2.6693,64.7204,231.9491,0.2793,0.0417
2016-04-03T00:19:59.972Z,4.9317,71.6285,230.2613,0.311,0.0704,2.8305,63.4662,231.842,0.2739,0.0429,2.5747,64.4948,232.0557,0.278,0.04
2016-04-03T00:20:59.356Z,4.283,70.2577,230.2844,0.3047,0.0606,3.0262,63.8124,232.0331,0.275,0.0474,1.918,65.2336,232.3252,0.2811,0.0302
2016-04-03T00:21:59.110Z,3.6985,73.1313,230.5131,0.3169,0.0513,3.5037,67.0221,232.4399,0.2882,0.0516,2.3825,63.8422,232.8697,0.2742,0.0379
2016-04-03T00:22:59.985Z,4.4585,71.1863,230.6085,0.3085,0.0628,3.0784,63.7402,231.7926,0.275,0.0483,2.2129,63.1963,233.2108,0.2708,0.0382
2016-04-03T00:23:59.600Z,4.9386,71.6504,230.3317,0.311,0.0699,2.8376,62.9049,231.6554,0.2718,0.0459,2.0854,63.9777,233.0366,0.2744,0.0324
2016-04-03T00:24:59.921Z,4.6254,73.3905,230.466,0.3185,0.0638,2.7438,65.6642,232.5638,0.2825,0.0428,2.1064,64.0848,232.8283,0.2758,0.033
2016-04-03T00:25:59.502Z,4.5494,72.241,230.089,0.3141,0.0637,3.4861,65.2264,233.0932,0.2799,0.055,2.3649,63.5246,232.6659,0.2738,0.0381
2016-04-03T00:26:59.963Z,4.8637,71.3588,230.0982,0.3101,0.0696,2.7978,64.2141,233.296,0.275,0.0441,2.5164,63.8761,232.711,0.2741,0.0418
2016-04-03T00:27:59.495Z,4.6837,70.9098,229.8923,0.3082,0.0679,2.4456,63.0253,233.0628,0.2703,0.0393,2.8144,62.1907,232.535,0.2678,0.0471
2016-04-03T00:28:59.832Z,4.4136,71.7971,229.9002,0.3116,0.063,2.6366,64.5812,233.2459,0.2774,0.0428,2.3888,64.0289,232.4534,0.2755,0.0382
2016-04-03T00:29:59.357Z,3.8174,71.1299,229.8696,0.3097,0.0539,2.909,63.6363,232.9871,0.273,0.0469,2.3463,64.6353,232.6691,0.2773,0.0374
2016-04-03T00:31:59.237Z,4.9479,71.7867,229.7587,0.3124,0.0693,2.8774,64.192,232.6841,0.2763,0.0444,2.2817,63.016,232.226,0.2714,0.0373
2016-04-03T00:32:59.576Z,4.9489,72.1236,230.1448,0.3133,0.0699,3.2205,65.5875,233.1036,0.2812,0.0477,2.2863,64.2457,232.2613,0.2767,0.0354
2016-04-03T00:33:59.082Z,4.2933,71.7433,230.7256,0.3107,0.0604,2.9067,63.3927,232.5001,0.2726,0.0461,2.7977,63.8091,232.1761,0.2748,0.0443
2016-04-03T00:34:59.571Z,4.2242,71.3304,230.9824,0.3087,0.0611,2.6924,63.5812,232.4601,0.2735,0.0404,2.2922,63.1596,232.4217,0.2716,0.0376
2016-04-03T00:35:59.936Z,4.0698,72.6331,230.7816,0.3149,0.0567,2.9762,63.4678,231.9441,0.2735,0.0481,2.158,65.0147,232.1947,0.28,0.0338
2016-04-03T00:36:59.142Z,4.8286,71.5991,230.9021,0.3099,0.0686,2.8172,61.7541,231.8658,0.2661,0.0449,2.4908,63.7997,232.3194,0.275,0.0398
2016-04-03T00:37:59.490Z,5.1293,71.5561,231.4321,0.3089,0.0735,2.462,62.8533,229.5112,0.2734,0.0415,1.9818,64.0251,233.2736,0.2747,0.0301
2016-04-03T00:38:59.281Z,5.3144,71.7682,231.2848,0.31,0.0764,2.1976,64.6068,229.7422,0.2812,0.0349,2.478,64.3972,233.2021,0.276,0.0384
2016-04-03T00:39:59.669Z,4.4134,72.836,230.9391,0.3155,0.0597,3.0633,63.5993,232.554,0.2736,0.0488,1.7908,63.9766,232.3312,0.2751,0.0276
2016-04-03T00:40:59.056Z,5.1122,73.1984,232.4234,0.3154,0.0706,2.7611,62.9954,232.1402,0.2711,0.046,1.8526,64.3694,232.1097,0.2772,0.0278
2016-04-03T00:41:59.466Z,4.3375,72.3618,232.5886,0.3112,0.0608,2.9549,63.7582,232.0963,0.2752,0.0487,2.0902,62.7481,232.3095,0.2702,0.0357
2016-04-03T00:42:59.920Z,3.7748,71.5963,232.4862,0.3079,0.0534,3.3405,64.1257,232.0285,0.2765,0.053,1.7229,62.9028,232.2737,0.2709,0.0291
2016-04-03T00:43:59.151Z,4.8457,72.531,232.3379,0.3122,0.0687,3.0338,64.3027,231.5224,0.2779,0.0462,2.4928,63.485,232.3194,0.2732,0.039
2016-04-03T00:44:59.589Z,4.6719,71.7067,232.1901,0.3086,0.0679,2.8978,63.9227,231.3256,0.2763,0.0453,2.3313,64.5469,232.0954,0.2786,0.0362
2016-04-03T00:45:59.888Z,4.6885,73.834,232.2685,0.3177,0.062,3.1273,65.1582,231.3697,0.2815,0.05,2.0034,63.1925,232.0609,0.2721,0.0317
2016-04-03T00:46:59.068Z,3.9308,71.8619,232.0924,0.3092,0.0555,3.2034,62.2363,231.3746,0.2685,0.0524,2.2078,63.8029,231.8676,0.2751,0.0354
2016-04-03T00:47:59.407Z,4.4299,72.6812,232.3766,0.3124,0.0618,2.8586,62.3328,231.5691,0.2692,0.0449,2.042,62.4971,231.6001,0.2696,0.0346
2016-04-03T00:48:59.687Z,4.8042,72.5457,232.5286,0.3118,0.0669,2.372,62.1664,228.7333,0.2714,0.0392,2.1852,63.3074,232.1825,0.2731,0.0352
2016-04-03T00:49:59.479Z,5.2793,72.4395,232.5107,0.3115,0.0729,2.4273,63.2309,228.9419,0.2763,0.0389,1.8647,64.0019,231.7351,0.2763,0.0293
2016-04-03T00:50:59.950Z,3.7686,72.3876,232.3367,0.3114,0.0529,2.8835,65.0964,231.0791,0.282,0.0444,2.7007,63.3755,231.7725,0.2737,0.0427
2016-04-03T00:51:59.316Z,3.9701,72.473,232.6224,0.3114,0.0561,3.3722,62.5926,230.9634,0.2713,0.0544,2.7989,61.6589,232.33,0.2653,0.0493
2016-04-03T00:52:59.768Z,4.2118,72.7335,232.922,0.3127,0.0584,3.2636,62.2665,231.2983,0.269,0.0517,2.4308,64.099,232.4366,0.2758,0.0398
2016-04-03T00:53:59.179Z,4.8057,72.7306,232.8429,0.3121,0.0674,3.0449,62.9644,231.5981,0.2717,0.0468,2.7187,63.0797,231.7208,0.2723,0.0429
2016-04-03T00:55:59.536Z,4.2979,72.4866,232.9538,0.3115,0.0604,2.9115,65.3555,232.0426,0.2817,0.0451,2.2462,63.7258,231.8191,0.2748,0.0349
2016-04-03T00:56:59.681Z,4.0273,71.7007,232.9859,0.3076,0.0599,3.3134,62.8443,232.3752,0.2705,0.053,1.8338,63.479,232.1958,0.2733,0.0308
2016-04-03T00:57:59.979Z,4.931,72.4984,232.9873,0.3108,0.0691,2.454,63.8944,233.1408,0.2738,0.0386,2.1308,65.787,232.8026,0.2829,0.0325
2016-04-03T00:58:59.267Z,4.3877,73.3739,232.7653,0.3148,0.06,2.506,63.6901,233.0013,0.2737,0.039,2.2467,64.1329,232.6254,0.2759,0.0363
2016-04-03T00:59:59.245Z,4.6345,73.2481,232.9938,0.3145,0.0646,2.6218,63.1942,233.0015,0.2714,0.0415,1.6816,64.3764,232.5089,0.2774,0.0268
