2016-02-02T00:00:59.596Z,4.1731,49.5802,232.9257,0.2133,0.0849,2.2369,36.6273,232.7657,0.1574,0.0677,2.8815,36.5108,233.248,0.1564,0.0801
2016-02-02T00:01:59.915Z,4.5696,51.1929,232.2323,0.2202,0.0884,2.6491,33.4518,233.0293,0.1437,0.0839,2.3234,35.7703,233.2482,0.1532,0.0759
2016-02-02T00:02:59.246Z,3.9054,50.479,232.467,0.2164,0.0768,2.976,36.3249,233.0079,0.1557,0.0854,2.7893,33.8481,233.6488,0.1452,0.0844
2016-02-02T00:03:59.526Z,3.8251,49.7964,231.967,0.2153,0.0797,2.7189,35.8525,232.9807,0.154,0.076,2.5201,35.0315,233.6964,0.1496,0.07
2016-02-02T00:04:59.005Z,3.8981,50.3413,231.8758,0.2171,0.0781,3.3098,35.0647,232.9058,0.1502,0.0897,2.7414,33.3191,233.8333,0.1426,0.0868
2016-02-02T00:05:59.239Z,4.5414,51.5071,232.2087,0.2219,0.0907,3.2473,35.2692,233.2967,0.1515,0.0893,2.4278,34.2054,233.9829,0.1464,0.077
2016-02-02T00:06:59.818Z,3.7354,51.2097,232.153,0.2212,0.0733,2.9291,34.3033,232.7939,0.147,0.0823,2.669,35.6591,233.7258,0.1525,0.0785
2016-02-02T00:07:59.157Z,4.3758,49.7247,232.0098,0.2144,0.0871,2.9161,33.3899,232.3547,0.1442,0.0953,3.1732,36.53,233.7696,0.156,0.0891
2016-02-02T00:08:59.834Z,3.7653,49.2178,231.4285,0.2127,0.0768,2.8043,32.125,231.1745,0.1389,0.0921,2.8579,32.4643,234.1591,0.1386,0.0902
2016-02-02T00:09:59.363Z,4.4239,50.373,232.5733,0.2168,0.0887,3.0199,34.4476,232.7402,0.1482,0.0848,2.6452,36.733,234.1983,0.1564,0.0759
2016-02-02T00:10:59.842Z,5.049,50.5445,232.8333,0.2171,0.0986,2.4353,31.4905,232.7793,0.1352,0.0848,3.2696,33.7235,234.2192,0.1442,0.1033
2016-02-02T00:11:59.698Z,3.6415,50.4973,232.9151,0.2169,0.0711,3.2636,37.5638,232.5705,0.1612,0.0898,2.923,34.7754,234.4129,0.1481,0.0812
2016-02-02T00:12:59.115Z,4.9061,51.1996,233.2582,0.2194,0.0966,3.0394,35.1991,232.6571,0.1511,0.0876,2.7672,35.8382,234.3188,0.1528,0.0813
2016-02-02T00:13:59.681Z,3.8928,50.7216,234.068,0.2165,0.0758,2.692,34.1638,232.5962,0.1462,0.0861,3.0233,34.2858,233.6834,0.1472,0.0873
2016-02-02T00:14:59.890Z,3.7729,51.2818,234.0327,0.219,0.0734,2.3321,33.4565,232.6449,0.1434,0.0774,3.1618,35.6363,232.4618,0.1535,0.0893
2016-02-02T00:15:59.774Z,4.4657,50.0537,233.6138,0.2144,0.0864,2.5616,34.4386,230.7296,0.1489,0.0724,2.8192,34.5773,235.0957,0.1469,0.0837
2016-02-02T00:16:59.011Z,5.4201,51.452,233.0187,0.2204,0.1048,2.5112,33.2451,230.0388,0.1444,0.0825,2.3907,36.1348,233.9409,0.1547,0.0742
2016-02-02T00:17:59.492Z,4.8408,50.5465,232.9212,0.2175,0.0948,3.1648,36.3662,231.02,0.1575,0.0896,2.6407,33.0633,232.5927,0.1425,0.0829
2016-02-02T00:18:59.799Z,4.4523,50.8843,233.3967,0.2182,0.0887,2.52,32.5685,229.8976,0.1414,0.0796,2.9698,36.5147,232.5485,0.1568,0.0853
2016-02-02T00:19:59.167Z,3.6438,50.7424,233.4723,0.2172,0.0706,2.349,35.8741,231.6727,0.155,0.0698,2.5437,35.386,233.4742,0.1519,0.0772
2016-02-02T00:20:59.449Z,4.6499,51.5,233.3076,0.2205,0.0904,2.5779,34.5845,232.7546,0.1488,0.0828,3.174,35.7312,233.6823,0.1533,0.0864
2016-02-02T00:21:59.680Z,3.6557,50.8587,233.3252,0.2177,0.0725,2.5504,34.2131,232.4326,0.1474,0.0754,2.4564,34.1192,233.7351,0.1463,0.0791
2016-02-02T00:22:59.367Z,4.5208,51.5583,233.1188,0.2209,0.0878,2.775,36.2468,232.5591,0.1554,0.0823,2.8587,34.0878,234.139,0.1458,0.0889
2016-02-02T00:23:59.821Z,4.5318,52.5062,233.1633,0.2252,0.0852,2.5853,33.7322,232.4366,0.1455,0.084,2.6841,34.6341,234.1124,0.1482,0.0759
2016-02-02T00:24:59.421Z,4.6234,50.7341,233.8813,0.2163,0.0909,2.9436,35.0269,232.6422,0.1504,0.0884,2.6477,36.1598,234.1516,0.1548,0.0809
2016-02-02T00:25:59.957Z,3.8657,51.4861,233.9917,0.2204,0.0758,3.0222,35.4672,232.096,0.1524,0.0899,2.171,34.9189,233.9316,0.1489,0.0632
2016-02-02T00:26:59.243Z,5.2577,51.5074,233.4383,0.2208,0.103,3.1878,34.4574,231.2326,0.1493,0.0952,2.8633,35.4856,233.4433,0.152,0.0877
2016-02-02T00:27:59.082Z,4.4376,49.7591,233.2402,0.2129,0.0879,2.2847,33.6547,231.0337,0.1454,0.0763,2.7998,35.9285,233.1153,0.1543,0.0825
2016-02-02T00:28:59.465Z,3.6956,51.573,232.6879,0.2216,0.0714,3.0314,34.9645,231.5613,0.1515,0.0866,2.3155,34.8012,232.1115,0.1499,0.0719
2016-02-02T00:29:59.758Z,3.5568,50.068,233.4845,0.2143,0.0699,2.9484,34.5861,232.0849,0.1486,0.0872,3.0945,35.1809,233.2436,0.1501,0.0884
2016-02-02T00:30:59.241Z,4.0801,51.419,233.4621,0.2197,0.0801,2.9868,34.288,232.1061,0.1477,0.0878,1.893,35.6313,233.8066,0.1529,0.0556
2016-02-02T00:31:59.517Z,5.1312,50.5454,233.6251,0.2166,0.1011,2.9287,35.9086,231.6929,0.1548,0.0853,2.8488,36.8252,234.1505,0.1579,0.0801
2016-02-02T00:32:59.955Z,3.7832,50.6096,233.6477,0.2166,0.0743,2.5974,32.5757,231.6285,0.1407,0.0827,2.3127,35.3429,233.7686,0.1512,0.0697
2016-02-02T00:33:59.211Z,5.1982,51.082,233.2247,0.2193,0.1012,2.9951,34.6515,232.083,0.1498,0.0869,2.442,35.0865,233.2611,0.1504,0.0733
2016-02-02T00:34:59.418Z,4.8669,51.3832,233.3514,0.22,0.0936,3.1781,32.0301,232.1437,0.1379,0.1025,2.6646,34.3586,233.7387,0.1468,0.0789
2016-02-02T00:35:59.907Z,4.8935,50.5866,233.2866,0.2166,0.0978,2.6439,35.8093,232.4574,0.1541,0.0805,2.6151,35.0153,233.8612,0.1497,0.0798
2016-02-02T00:36:59.248Z,3.5116,51.1078,232.9029,0.2192,0.0684,3.2657,35.2172,231.5512,0.1523,0.0931,2.9107,35.6649,233.3282,0.1531,0.0842
2016-02-02T00:37:59.986Z,3.5085,49.8555,232.7209,0.214,0.0712,2.6885,35.0342,231.231,0.1514,0.0786,2.7205,36.1379,233.2914,0.1543,0.0795
2016-02-02T00:38:59.275Z,4.802,51.0489,231.758,0.2203,0.0939,2.8562,34.7856,231.5336,0.1503,0.0804,3.1753,34.5252,232.417,0.1484,0.0889
2016-02-02T00:39:59.863Z,5.0868,50.8025,232.4284,0.2185,0.1,2.7845,34.9629,232.2262,0.1504,0.0835,2.8329,35.6633,233.6487,0.1524,0.0795
2016-02-02T00:40:59.571Z,4.3498,51.4097,232.7656,0.2213,0.0848,3.0191,31.3787,232.7263,0.1349,0.1013,2.6033,32.158,234.2531,0.1378,0.0797
2016-02-02T00:41:59.845Z,4.5891,50.5554,233.2534,0.2169,0.0904,2.893,34.7565,232.593,0.1492,0.086,3.1529,33.7103,234.2611,0.1441,0.0985
2016-02-02T00:42:59.024Z,4.4203,51.8563,233.519,0.2219,0.0846,2.8027,33.9431,232.5974,0.1456,0.0879,3.0092,35.969,234.1797,0.1536,0.0832
2016-02-02T00:43:59.382Z,4.1737,50.657,233.2168,0.2168,0.0825,2.8522,34.3328,232.7287,0.1474,0.0859,3.0235,36.4799,233.9273,0.1553,0.0848
2016-02-02T00:44:59.668Z,4.7066,50.9653,233.306,0.2185,0.092,3.1424,34.8057,232.5703,0.1496,0.0907,2.7391,36.1509,234.0763,0.1545,0.0802
2016-02-02T00:45:59.024Z,4.8021,51.4773,233.272,0.2206,0.0928,3.2331,35.2918,232.8756,0.1521,0.0938,2.7913,35.3681,234.2012,0.1511,0.082
2016-02-02T00:46:59.254Z,4.3563,50.7186,233.0858,0.2176,0.0855,2.7718,34.4741,231.9341,0.1489,0.0851,2.2489,35.2113,233.4323,0.1513,0.0705
2016-02-02T00:47:59.646Z,4.5441,50.7123,233.2845,0.2175,0.0902,3.0238,34.976,231.2177,0.1507,0.0866,2.6263,35.665,233.8426,0.1525,0.0732
2016-02-02T00:48:59.633Z,4.3225,50.7624,233.3442,0.2173,0.0858,2.9202,34.9658,230.2571,0.1515,0.0871,2.8104,35.6691,232.8809,0.1531,0.0814
2016-02-02T00:49:59.900Z,5.1901,50.8947,233.774,0.218,0.1015,3.4402,33.296,231.5551,0.1437,0.107,2.4582,35.5938,234.3542,0.1518,0.076
2016-02-02T00:50:59.177Z,3.7964,51.6324,233.8223,0.221,0.0738,2.8064,33.6253,232.1697,0.1449,0.0823,2.2244,35.1601,234.2542,0.1502,0.0658
2016-02-02T00:51:59.633Z,4.1019,51.6452,233.6127,0.2215,0.0789,2.7888,36.9409,232.1791,0.1593,0.0808,2.6,33.2656,234.1349,0.1422,0.0821
2016-02-02T00:52:59.214Z,4.2637,51.2565,233.4456,0.2197,0.0801,2.6089,35.1668,232.3343,0.1511,0.0792,2.9521,33.7555,233.7663,0.1437,0.0899
2016-02-02T00:53:59.775Z,4.3122,51.2514,233.1787,0.2201,0.0845,2.8979,36.4264,232.9841,0.1568,0.0825,2.9191,35.9933,233.7958,0.1538,0.0841
2016-02-02T00:54:59.081Z,3.8329,50.9614,233.3309,0.2176,0.076,3.2738,33.9507,232.875,0.1454,0.0971,2.9597,37.3306,234.1709,0.1594,0.0792
2016-02-02T00:55:59.529Z,3.5086,50.1833,233.6724,0.2146,0.0689,3.0702,35.4602,232.9646,0.1517,0.0893,3.0214,36.1541,233.7627,0.1548,0.0827
2016-02-02T00:56:59.836Z,4.5564,51.131,233.2424,0.2198,0.0889,2.8863,35.6549,232.4596,0.1538,0.0789,2.3829,34.7205,233.6968,0.1487,0.0711
2016-02-02T00:57:59.330Z,4.2929,50.211,233.0862,0.2159,0.0843,2.408,33.0663,231.811,0.1427,0.0802,3.2152,36.9437,233.6094,0.1579,0.081
2016-02-02T00:58:59.658Z,4.2078,49.8879,232.3729,0.2146,0.0829,2.6012,32.9934,228.963,0.1445,0.0805,2.6767,35.6898,234.5165,0.152,0.0725
2016-02-02T00:59:59.947Z,4.6764,50.4865,232.7223,0.2169,0.0922,1.9802,33.8058,229.9278,0.1475,0.0644,2.9767,36.5156,234.4496,0.1555,0.0857
2016-02-02T01:00:59.114Z,4.0116,48.6863,232.8816,0.2091,0.0838,3.4696,35.4548,231.74,0.153,0.0968,2.9966,37.1838,233.7212,0.1594,0.0837
2016-02-02T01:01:59.380Z,4.4793,51.0164,232.8198,0.2196,0.0888,3.3975,34.7676,231.8314,0.15,0.0916,2.9775,34.473,233.7008,0.1471,0.0855
2016-02-02T01:02:59.609Z,4.0419,51.9816,233.0623,0.2232,0.0786,2.9434,32.7276,232.0685,0.1407,0.0975,2.5868,36.4337,233.868,0.1556,0.0723
2016-02-02T01:03:59.845Z,4.7045,51.1227,233.1389,0.2191,0.0925,2.7921,32.6011,232.23,0.1405,0.0908,3.293,35.8076,233.8598,0.1533,0.0897
2016-02-02T01:04:59.050Z,3.8923,50.9602,233.0518,0.2184,0.0796,2.274,33.566,232.6508,0.1443,0.0713,2.0784,35.623,234.6051,0.1519,0.0604
2016-02-02T01:05:59.377Z,2.9863,49.9303,233.4537,0.2134,0.0604,2.2131,35.3764,232.6187,0.152,0.0732,2.7659,36.6891,234.8741,0.1558,0.0771
2016-02-02T01:06:59.295Z,4.9878,50.2593,233.2831,0.2158,0.1003,2.8391,34.7943,231.9913,0.1497,0.086,3.3123,35.5458,234.5934,0.1515,0.093
2016-02-02T01:07:59.601Z,4.5892,51.7854,232.9186,0.2221,0.0892,2.6697,33.4816,231.476,0.1443,0.0838,2.8085,36.6176,234.0721,0.1566,0.0773
2016-02-02T01:08:59.125Z,4.1995,50.5452,232.4205,0.2169,0.0837,3.6142,35.2033,230.8907,0.1523,0.106,3.4433,37.0891,234.4545,0.1578,0.0919
2016-02-02T01:09:59.684Z,4.4771,50.8773,232.7331,0.2187,0.087,3.1731,34.9814,231.9847,0.151,0.094,2.779,33.5165,234.279,0.1431,0.0877
2016-02-02T01:10:59.684Z,4.1289,49.9315,233.4471,0.214,0.0827,3.0393,31.8063,231.7158,0.1368,0.0956,3.1874,35.8362,234.4674,0.1526,0.0892
2016-02-02T01:11:59.910Z,5.0099,50.8303,233.7131,0.2171,0.0968,2.7632,34.7298,232.1973,0.1495,0.0833,2.5397,37.0068,234.7555,0.1576,0.0718
2016-02-02T01:12:59.628Z,3.9433,50.8187,233.7565,0.2171,0.0765,2.7405,35.9657,232.3111,0.1548,0.0852,2.9242,36.0555,234.8762,0.1532,0.081
2016-02-02T01:13:59.095Z,3.5318,51.115,234.0326,0.2187,0.0681,3.1357,38.6458,232.0064,0.1666,0.0863,3.2624,35.827,234.9722,0.1527,0.0948
2016-02-02T01:14:59.956Z,3.9373,49.0514,233.698,0.2097,0.0786,2.5029,31.3968,231.7088,0.1361,0.0834,2.8434,36.2675,235.0377,0.1539,0.0814
2016-02-02T01:15:59.366Z,4.3946,51.1824,233.6048,0.2192,0.0856,3.1372,34.9986,231.7286,0.1506,0.0924,2.6144,35.2751,235.4187,0.1499,0.0777
2016-02-02T01:16:59.873Z,4.479,50.8058,233.529,0.2175,0.0871,3.2376,35.2838,232.0283,0.1518,0.0943,2.8512,36.4893,235.6033,0.1543,0.0818
2016-02-02T01:17:59.964Z,3.7821,50.8249,233.1573,0.2177,0.0746,3.0714,33.4721,231.0169,0.1445,0.0952,2.8364,36.127,234.0299,0.154,0.0827
2016-02-02T01:18:59.163Z,5.0381,50.5528,233.606,0.2164,0.0982,2.9388,35.2031,231.1759,0.1523,0.0908,3.474,34.7439,233.7297,0.1483,0.0971
2016-02-02T01:19:59.360Z,4.4518,51.1352,233.853,0.2187,0.0864,2.8367,35.0179,231.6099,0.1514,0.0844,2.4579,36.4209,234.1601,0.1556,0.0711
2016-02-02T01:20:59.932Z,4.1972,50.7939,233.6148,0.2175,0.0832,2.9822,32.6216,232.301,0.1407,0.0995,3.1025,36.6558,234.2584,0.1563,0.09
2016-02-02T01:21:59.229Z,3.9927,50.7894,233.73,0.2172,0.0796,2.901,34.4583,232.4727,0.1482,0.0866,2.4021,35.3698,234.0699,0.152,0.0712
2016-02-02T01:22:59.685Z,3.719,51.1809,233.6416,0.2191,0.0726,2.9081,33.2218,233.2201,0.1422,0.0916,2.6091,34.4746,233.7078,0.1486,0.0814
2016-02-02T01:23:59.907Z,4.3508,50.8399,232.2834,0.2192,0.0845,3.1521,32.8273,233.4498,0.1405,0.0957,2.3389,35.2899,233.5653,0.1505,0.069
2016-02-02T01:24:59.316Z,4.5133,50.4086,231.9146,0.2171,0.0901,3.1721,34.8988,233.132,0.1499,0.0914,2.8566,35.9,232.7251,0.1543,0.0826
2016-02-02T01:25:59.166Z,4.0527,50.7036,231.7269,0.2186,0.0785,3.0863,33.9181,232.9144,0.1462,0.0981,2.5767,35.117,232.4868,0.1511,0.078
2016-02-02T01:26:59.484Z,4.2875,50.1473,232.2463,0.2156,0.0849,3.0204,33.6071,232.6979,0.1452,0.0933,2.5642,34.9887,232.6503,0.1507,0.0762
2016-02-02T01:27:59.965Z,4.6653,50.504,231.7497,0.2178,0.0928,3.1422,35.6305,232.3884,0.1536,0.0863,2.932,35.2439,232.3676,0.1518,0.086
2016-02-02T01:28:59.277Z,4.7002,50.2241,231.6446,0.2169,0.0946,2.8544,32.5733,232.1699,0.1406,0.088,2.9866,36.2047,232.2639,0.1557,0.0889
2016-02-02T01:29:59.595Z,4.6314,49.9211,232.0679,0.2148,0.0899,2.6764,33.1886,232.4213,0.1432,0.0895,2.8335,35.1041,232.6907,0.1511,0.0815
2016-02-02T01:30:59.844Z,4.7639,51.8672,232.7023,0.2225,0.0905,2.9453,34.7399,232.8592,0.1493,0.0891,2.1532,35.4418,232.9857,0.1518,0.0736
2016-02-02T01:31:59.235Z,4.5297,50.4637,234.2236,0.216,0.0894,2.7894,35.6587,232.3459,0.1536,0.0788,2.6231,35.4658,232.9029,0.1526,0.0787
2016-02-02T01:32:59.534Z,4.1804,51.4634,234.3821,0.2195,0.0811,3.3825,32.5968,232.4277,0.1396,0.1016,2.4601,35.0322,233.056,0.1505,0.0743
2016-02-02T01:33:59.608Z,4.5775,50.7905,234.3066,0.2163,0.0905,2.8358,35.3958,232.684,0.152,0.086,3.1051,35.3405,233.5873,0.1512,0.0859
2016-02-02T01:34:59.332Z,4.282,51.3097,234.1172,0.2188,0.0834,3.1389,34.8489,232.619,0.1499,0.0926,2.857,35.5863,233.8688,0.1521,0.0833
2016-02-02T01:35:59.591Z,4.3175,50.7807,233.8274,0.2168,0.0853,2.8607,34.6202,232.7902,0.1486,0.0812,2.9077,35.5026,233.5683,0.1514,0.0837
2016-02-02T01:36:59.591Z,4.4307,51.0526,234.1953,0.2181,0.0853,2.7147,34.5866,232.7297,0.1481,0.0882,2.7458,35.3196,233.6546,0.1509,0.074
2016-02-02T01:37:59.847Z,5.0486,50.8043,233.5389,0.2176,0.101,2.612,32.8375,232.2262,0.1409,0.089,2.9389,34.9262,233.037,0.1502,0.0814
2016-02-02T01:38:59.257Z,4.1619,51.0827,233.6031,0.2186,0.0803,2.6092,36.2977,232.5492,0.1554,0.076,2.7696,36.1144,233.8038,0.1549,0.0786
2016-02-02T01:39:59.046Z,4.7336,50.9473,233.8586,0.2181,0.0927,2.8457,35.479,232.7649,0.1527,0.0823,2.7151,35.9798,234.122,0.1534,0.0816
2016-02-02T01:40:59.436Z,4.3132,50.9955,234.0489,0.2178,0.0843,3.1114,33.0692,233.005,0.1417,0.0982,2.7323,35.1291,234.6129,0.1496,0.0785
2016-02-02T01:41:59.680Z,4.3712,50.7267,233.8146,0.2166,0.0862,2.8544,35.9045,232.8275,0.1538,0.0848,2.9998,37.0523,234.4325,0.158,0.0769
2016-02-02T01:42:59.269Z,4.4599,51.7302,234.4286,0.2203,0.0833,2.0444,34.2069,230.2756,0.1483,0.067,2.7128,36.5516,235.4174,0.1551,0.0784
2016-02-02T01:43:59.798Z,4.8102,50.912,233.9436,0.2179,0.0938,3.2025,36.0976,232.5892,0.1549,0.0936,2.7124,34.7495,234.7225,0.1479,0.0791
2016-02-02T01:44:59.123Z,4.5366,51.5442,233.7936,0.2199,0.0891,2.395,35.4957,232.7111,0.1527,0.0739,2.8039,36.1023,234.8142,0.1537,0.08
2016-02-02T01:45:59.447Z,4.4,50.1645,233.8881,0.2153,0.088,2.8879,33.2835,233.0922,0.1425,0.0926,3.3305,35.8129,234.6769,0.1523,0.0934
2016-02-02T01:46:59.291Z,3.5862,51.0186,233.8358,0.2184,0.0707,2.9823,36.6955,233.1235,0.1576,0.0831,3.2158,33.2724,234.674,0.142,0.0957
2016-02-02T01:47:59.686Z,4.7351,50.9809,233.7834,0.2182,0.0905,3.0209,35.1295,232.5787,0.1505,0.0892,2.504,36.6168,234.302,0.1561,0.0698
2016-02-02T01:48:59.057Z,5.1831,50.7478,233.4909,0.2176,0.1003,2.9211,35.0506,232.3072,0.1506,0.0879,2.9798,34.8338,234.0575,0.1487,0.0854
2016-02-02T01:49:59.744Z,3.9477,51.0997,233.4789,0.2188,0.0784,3.3196,33.6832,232.8532,0.1448,0.1001,2.8663,35.7677,234.268,0.1528,0.0791
2016-02-02T01:50:59.015Z,4.36,50.4037,234.1781,0.2159,0.0868,2.7772,34.3249,233.4967,0.147,0.0813,2.9074,35.3816,234.1716,0.1507,0.0871
2016-02-02T01:51:59.261Z,4.8137,51.7747,234.1305,0.2209,0.0941,2.16,33.6319,233.7995,0.1443,0.07,2.4265,36.2753,234.3053,0.1551,0.0671
2016-02-02T01:52:59.588Z,4.575,51.2559,234.5233,0.2189,0.0883,3.278,35.5137,233.833,0.1518,0.092,3.2386,35.9884,234.6032,0.1538,0.0885
2016-02-02T01:53:59.152Z,3.6469,50.7009,233.8887,0.2173,0.0704,2.7594,35.6038,233.803,0.1524,0.0857,3.1132,35.7508,234.7069,0.1522,0.0878
2016-02-02T01:54:59.080Z,3.9411,51.3005,233.9534,0.219,0.0767,2.601,35.2645,233.807,0.1509,0.0788,2.74,34.4967,234.9135,0.1467,0.0804
2016-02-02T01:55:59.254Z,4.7795,51.0757,232.9703,0.2196,0.0943,2.8452,34.399,234.1234,0.1467,0.0855,2.4179,36.6048,234.8346,0.1559,0.0709
2016-02-02T01:56:59.002Z,4.4525,51.2558,232.64,0.2198,0.0873,3.2409,37.1065,234.1122,0.1589,0.0892,2.5548,35.2967,234.8186,0.1498,0.0751
2016-02-02T01:57:59.652Z,3.8079,50.3607,233.6248,0.2154,0.0741,3.3855,36.2647,233.0735,0.1556,0.0916,2.9656,35.698,233.3841,0.1532,0.0876
2016-02-02T01:58:59.060Z,4.0431,51.48,234.1089,0.2199,0.08,2.6296,35.8788,232.5812,0.1544,0.0818,2.7464,36.2203,232.2217,0.1563,0.0741
2016-02-02T01:59:59.351Z,4.75,50.7385,233.64,0.2175,0.0937,2.9585,33.7572,232.4192,0.1452,0.088,3.0345,35.3758,232.7638,0.1517,0.0896
2016-02-02T02:00:59.981Z,3.8414,49.0098,233.95,0.2095,0.0785,2.8888,35.7778,233.0413,0.1535,0.0862,2.4438,34.2472,232.4395,0.1471,0.0737
2016-02-02T02:01:59.474Z,3.8041,51.8012,233.8707,0.2216,0.0749,2.8151,34.59,232.9749,0.1484,0.0881,2.3296,36.4502,232.7901,0.1569,0.0753
2016-02-02T02:02:59.261Z,4.7726,51.4294,233.7418,0.22,0.0934,2.7455,32.0111,233.0817,0.1373,0.0946,2.8696,34.3304,232.8139,0.1473,0.0862
2016-02-02T02:03:59.564Z,4.3552,50.0286,234.0129,0.2135,0.0873,2.742,35.7899,233.2308,0.1533,0.0796,2.7738,34.5223,232.9947,0.1487,0.0828
2016-02-02T02:04:59.922Z,3.9186,51.7434,233.7535,0.2216,0.0768,3.4674,34.9564,233.1512,0.15,0.1025,3.4112,36.0931,232.9441,0.1549,0.0954
2016-02-02T02:05:59.450Z,4.3657,50.8209,233.7608,0.2178,0.085,2.9797,34.3462,232.6131,0.1476,0.0928,2.7241,34.9324,232.6286,0.1497,0.0782
2016-02-02T02:06:59.882Z,4.0201,51.4229,234.1912,0.2197,0.0785,2.8401,34.2339,232.2574,0.1475,0.0846,2.3539,36.0148,233.6825,0.1537,0.0729
2016-02-02T02:07:59.099Z,3.9533,49.9358,233.9044,0.2137,0.0785,2.7425,32.9637,229.4122,0.1436,0.0845,2.7902,37.0551,233.7464,0.1585,0.0811
2016-02-02T02:08:59.339Z,4.6354,52.1897,233.937,0.2229,0.0887,3.2735,34.9407,228.4826,0.1528,0.0984,2.6847,34.4135,233.7125,0.1463,0.0805
2016-02-02T02:09:59.682Z,4.1404,51.366,234.0132,0.22,0.08,2.9122,32.5609,228.7625,0.1426,0.0911,3.0234,36.0831,233.528,0.1544,0.0867
2016-02-02T02:10:59.136Z,3.9719,50.0193,234.3213,0.2134,0.0797,2.457,34.918,230.9917,0.1511,0.0743,2.7172,35.068,233.6183,0.1508,0.0813
2016-02-02T02:11:59.436Z,4.7803,50.9777,234.6264,0.2178,0.0926,3.1718,35.156,232.5771,0.1508,0.0896,2.8549,36.4771,233.86,0.1557,0.0799
2016-02-02T02:12:59.883Z,4.9239,51.4399,234.3639,0.2193,0.0957,2.9117,35.6163,232.6551,0.1536,0.0824,2.9479,36.2932,233.815,0.1546,0.0822
2016-02-02T02:13:59.497Z,4.5771,50.6773,234.6642,0.2159,0.0911,2.6568,32.4903,232.1342,0.1396,0.0841,2.8286,34.0621,233.8478,0.1456,0.0882
2016-02-02T02:14:59.319Z,4.4898,51.027,234.4511,0.2176,0.0889,3.0377,32.3254,232.2067,0.1388,0.0959,3.0162,35.6995,233.817,0.1527,0.0844
2016-02-02T02:15:59.664Z,4.3402,51.1168,234.541,0.2181,0.0842,3.0795,34.7566,232.1757,0.1497,0.0914,2.8057,36.1389,233.6636,0.1547,0.0831
2016-02-02T02:16:59.871Z,4.2684,50.6115,234.4352,0.2163,0.085,2.915,33.5759,232.0235,0.1445,0.0887,2.1922,36.0396,233.6246,0.1547,0.0676
2016-02-02T02:17:59.936Z,4.1537,51.2862,234.2616,0.2188,0.0805,3.0714,36.6545,231.9188,0.1584,0.0829,3.1445,34.9441,233.2767,0.1495,0.0924
2016-02-02T02:18:59.150Z,4.8452,51.6928,233.972,0.2213,0.0938,3.457,35.4098,231.3647,0.1529,0.0948,3.1235,35.6617,233.4497,0.1529,0.0866
2016-02-02T02:19:59.434Z,4.5442,51.3023,233.9693,0.2196,0.0883,3.005,33.3374,231.7591,0.1435,0.097,2.715,35.03,233.8685,0.1503,0.0815
2016-02-02T02:20:59.704Z,5.0309,51.19,234.1315,0.219,0.0976,2.9038,35.396,232.3923,0.1523,0.0888,3.5542,36.3964,234.7121,0.1556,0.0962
2016-02-02T02:21:59.008Z,4.186,49.9789,234.2694,0.2136,0.0823,3.114,34.0013,233.1659,0.1454,0.0983,2.9227,35.8829,234.954,0.1519,0.087
2016-02-02T02:22:59.374Z,4.3701,51.4974,234.0549,0.2203,0.0868,3.3352,32.8338,233.5924,0.1405,0.1009,2.4919,34.8597,235.1699,0.1478,0.0718
2016-02-02T02:23:59.733Z,4.2958,50.7275,234.0345,0.2166,0.0857,3.029,35.1097,233.3121,0.1502,0.0857,2.8464,36.0666,235.308,0.1532,0.0807
2016-02-02T02:25:59.371Z,4.332,51.1445,234.3844,0.2182,0.0841,2.7352,33.7119,232.0755,0.1453,0.0818,3.1592,36.1595,235.6536,0.1535,0.0836
2016-02-02T02:26:59.413Z,4.7947,51.5062,234.1151,0.22,0.0926,3.1718,35.8366,233.6367,0.1533,0.0922,2.6223,34.8503,235.0955,0.1485,0.0818
2016-02-02T02:28:59.494Z,4.3168,50.6546,232.3662,0.218,0.0858,2.7881,33.4745,231.2781,0.1447,0.0851,2.9407,35.8645,233.8264,0.1533,0.0825
2016-02-02T02:29:59.943Z,3.3424,50.9631,231.0443,0.2204,0.0662,2.519,35.6267,230.0847,0.1546,0.0693,3.166,33.6629,232.3091,0.145,0.0948
2016-02-02T02:30:59.236Z,4.2695,51.4454,231.5077,0.222,0.0851,2.5856,33.0326,230.741,0.1437,0.0816,2.281,35.7038,232.8195,0.1534,0.0664
2016-02-02T02:31:59.611Z,4.4454,50.0808,231.4875,0.2166,0.0865,2.7546,33.6084,230.1048,0.146,0.0868,2.9207,34.2152,232.201,0.147,0.0877
2016-02-02T02:32:59.853Z,3.6741,50.387,231.1703,0.2181,0.0734,2.634,32.6932,229.8418,0.1419,0.0854,2.636,34.5176,232.2219,0.1487,0.0786
2016-02-02T02:33:59.410Z,4.2208,49.5568,230.8739,0.2143,0.0843,2.529,32.8873,229.7329,0.1432,0.0782,2.6287,36.6929,231.8807,0.1584,0.0758
2016-02-02T02:34:59.649Z,4.102,50.0757,230.8629,0.2167,0.0818,2.7947,35.1079,229.4949,0.1533,0.0818,2.6415,36.7267,231.8547,0.1582,0.0758
2016-02-02T02:35:59.427Z,5.1029,50.0281,230.8603,0.2168,0.1011,2.7011,32.3929,229.5741,0.141,0.0863,2.632,36.6282,231.9023,0.158,0.0778
2016-02-02T02:36:59.661Z,4.243,49.8729,231.4085,0.216,0.0848,3.3263,32.7415,229.248,0.1424,0.1011,2.057,36.0499,232.1521,0.1557,0.0598
2016-02-02T02:37:59.081Z,4.5269,50.9702,231.0241,0.2209,0.0887,3.0298,34.2492,229.1854,0.1493,0.0921,2.6833,34.9516,232.1937,0.1504,0.0834
2016-02-02T02:38:59.408Z,3.9889,49.6203,230.4337,0.2155,0.0822,2.8964,32.4149,228.6677,0.1419,0.0937,2.7703,37.8023,231.7093,0.163,0.0763
2016-02-02T02:39:59.668Z,4.0956,49.7487,230.8875,0.2153,0.0826,2.4587,33.7833,229.0496,0.1476,0.0829,3.1057,34.5625,231.6546,0.1491,0.086
2016-02-02T02:40:59.908Z,4.3102,51.2548,231.3382,0.2212,0.0856,3.016,32.8284,229.9958,0.1424,0.094,3.1222,35.999,231.9302,0.1549,0.0855
2016-02-02T02:41:59.152Z,4.7059,50.3501,231.6063,0.2177,0.0944,3.0216,35.0819,229.9378,0.1528,0.088,2.5854,33.1159,231.7079,0.1433,0.0781
2016-02-02T02:42:59.458Z,4.3102,51.1541,231.513,0.2205,0.0839,3.1101,31.5867,230.0053,0.1372,0.0987,2.5093,32.8312,231.5629,0.1417,0.0755
2016-02-02T02:43:59.786Z,3.8965,50.382,231.247,0.2176,0.0768,3.0025,34.4826,230.1501,0.1503,0.091,2.7813,34.9126,231.6331,0.151,0.0824
2016-02-02T02:44:59.878Z,3.5482,49.8784,231.2293,0.2159,0.0716,2.6874,34.548,230.2677,0.1507,0.0835,2.9841,33.4209,231.579,0.1443,0.086
2016-02-02T02:45:59.015Z,4.645,49.4931,230.9414,0.2148,0.0943,2.6114,32.8492,230.5647,0.1422,0.0804,2.821,37.0089,232.0687,0.1593,0.0771
2016-02-02T02:46:59.905Z,4.8195,50.8471,230.925,0.2197,0.0938,2.5466,34.036,230.8604,0.1474,0.0795,2.7811,35.9684,231.756,0.1552,0.0797
2016-02-02T02:47:59.315Z,3.2969,50.5751,231.0421,0.2192,0.0669,2.9491,36.2716,230.5147,0.1571,0.0853,2.4492,33.6644,231.4392,0.1453,0.0719
2016-02-02T02:48:59.761Z,4.1054,50.0115,230.2878,0.2169,0.082,2.3749,35.4934,229.789,0.1544,0.0712,2.7302,35.1968,230.6143,0.1527,0.0797
2016-02-02T02:49:59.106Z,4.3714,50.5169,230.5124,0.2194,0.0876,3.4071,34.9684,229.7639,0.1521,0.096,2.6698,34.2714,231.2662,0.148,0.0823
2016-02-02T02:50:59.424Z,4.4643,49.8167,231.144,0.2154,0.0882,3.3415,33.6517,230.4659,0.1464,0.1047,2.708,34.6015,231.8684,0.1498,0.0813
2016-02-02T02:51:59.731Z,4.6981,51.0244,231.4113,0.2207,0.0926,2.7412,34.7525,231.1357,0.15,0.0787,3.1362,36.3546,231.8965,0.1565,0.0868
2016-02-02T02:52:59.033Z,4.6877,50.6092,231.6299,0.2187,0.0909,2.6801,34.6613,231.3801,0.1492,0.086,3.0131,36.3517,231.7809,0.1568,0.0816
2016-02-02T02:53:59.404Z,4.2879,51.0214,231.4541,0.2203,0.0866,3.2587,35.481,231.3239,0.1534,0.091,2.2028,34.9162,231.9667,0.1503,0.0659
2016-02-02T02:54:59.968Z,3.3554,49.5371,231.5489,0.2142,0.0682,3.4368,33.573,231.1208,0.1454,0.0986,2.194,33.5597,231.612,0.1445,0.0718
2016-02-02T02:55:59.265Z,3.8777,51,231.5279,0.2203,0.077,2.8204,33.4864,231.2443,0.1449,0.0916,2.3558,35.3093,231.6772,0.1529,0.0709
2016-02-02T02:56:59.705Z,4.3749,50.5482,231.3684,0.2189,0.087,2.7133,35.4435,231.0558,0.1537,0.0855,2.2092,35.422,231.8173,0.1529,0.0624
2016-02-02T02:57:59.992Z,4.753,51.2526,231.4199,0.2218,0.0934,2.7653,33.8564,230.5504,0.1465,0.0871,2.9329,36.2888,231.9931,0.1564,0.0844
2016-02-02T02:58:59.250Z,4.4326,49.4129,230.6853,0.2143,0.0879,3.7002,32.7937,229.5856,0.1432,0.1059,2.6679,33.8969,231.4529,0.1464,0.0813
2016-02-02T02:59:59.715Z,3.9581,50.6775,230.6845,0.2193,0.0788,2.5058,34.2354,229.8309,0.1488,0.0771,3.3849,35.2101,231.8416,0.1519,0.0925
2016-02-02T03:00:59.101Z,3.9043,48.6226,230.6174,0.2107,0.0777,2.1918,36.3921,230.8502,0.1578,0.0682,1.5852,36.9358,231.947,0.1596,0.0461
2016-02-02T03:01:59.297Z,4.4578,49.9474,231.4693,0.2157,0.0908,3.2695,32.4451,231.4149,0.14,0.1049,2.902,34.5572,231.877,0.1491,0.0871
2016-02-02T03:02:59.857Z,3.3945,50.6199,231.4016,0.2185,0.0658,2.6416,36.1847,230.8135,0.157,0.0808,2.859,37.5674,231.5673,0.1621,0.0775
2016-02-02T03:03:59.149Z,4.4583,50.224,230.694,0.218,0.0904,2.9799,34.3576,229.8541,0.1494,0.0897,2.4142,35.9803,231.7504,0.1557,0.0697
2016-02-02T03:04:59.438Z,4.4403,50.4034,231.0142,0.2186,0.0888,2.6265,34.5038,229.7119,0.1498,0.0829,2.9446,35.6526,231.6021,0.154,0.0868
2016-02-02T03:05:59.202Z,4.4301,50.5214,231.8471,0.2179,0.0858,2.6049,34.8423,229.9942,0.1511,0.0799,2.9624,35.6996,228.8189,0.1559,0.0858
2016-02-02T03:06:59.588Z,3.3523,50.9103,231.192,0.2209,0.0664,2.8619,33.3764,229.5724,0.1456,0.0829,2.0425,34.6405,232.2301,0.1489,0.0654
2016-02-02T03:07:59.840Z,3.8354,50.1636,231.1686,0.2166,0.0768,2.761,34.7703,229.29,0.1517,0.0823,2.6124,36.5713,232.2043,0.158,0.0747
2016-02-02T03:08:59.635Z,4.1669,50.011,230.5792,0.2168,0.0846,3.3198,33.67,228.9032,0.1468,0.1029,2.9524,37.1898,231.8242,0.1602,0.0792
2016-02-02T03:09:59.072Z,5.0697,50.0439,230.7562,0.2168,0.1006,2.5667,34.4616,229.0437,0.1507,0.0776,2.5334,35.7448,232.0567,0.1533,0.076
2016-02-02T03:10:59.652Z,3.6727,50.6998,231.1062,0.2191,0.0717,2.8315,33.2759,227.98,0.1461,0.085,2.3373,33.9984,233.0368,0.1463,0.0693
2016-02-02T03:11:59.200Z,3.7893,49.7459,231.0126,0.2154,0.0781,2.8607,34.485,226.79,0.1522,0.0827,2.3313,36.3144,233.0456,0.156,0.0706
2016-02-02T03:12:59.589Z,4.9205,50.1475,231.0203,0.2173,0.0983,3.3093,34.0285,229.59,0.1485,0.0989,2.6547,34.1252,232.194,0.1474,0.0746
2016-02-02T03:13:59.186Z,4.2662,50.7618,231.031,0.22,0.0837,2.5578,34.7294,229.6009,0.1516,0.0821,2.2664,33.9619,232.0484,0.1458,0.0722
2016-02-02T03:14:59.591Z,3.8316,49.824,230.7125,0.2154,0.0771,2.9258,34.2085,229.7885,0.1484,0.0877,2.7975,35.7662,231.9007,0.1537,0.0843
2016-02-02T03:15:59.022Z,4.3057,50.4563,230.9082,0.2181,0.0867,2.6514,35.7711,229.4591,0.1564,0.0783,3.0888,34.8354,231.5264,0.1504,0.09
2016-02-02T03:16:59.207Z,4.2082,51.0514,230.8197,0.2212,0.0829,2.731,34.9157,229.5018,0.1521,0.0838,2.1384,36.094,231.4742,0.1558,0.0632
2016-02-02T03:17:59.543Z,4.0564,50.3791,230.7925,0.2181,0.0809,2.5591,35.432,229.3073,0.1545,0.077,3.1871,34.4301,231.2937,0.1488,0.0921
2016-02-02T03:18:59.953Z,4.386,49.6384,230.254,0.2157,0.0864,2.6304,32.2579,228.5761,0.1409,0.0863,2.7816,34.4537,230.8426,0.1491,0.089
2016-02-02T03:19:59.138Z,5.1259,51.1972,230.6397,0.2216,0.0998,3.0758,34.4818,229.179,0.1504,0.0904,2.7233,34.2242,231.4797,0.1477,0.0818
2016-02-02T03:20:59.357Z,4.0459,50.4979,231.2552,0.2184,0.0801,2.9358,33.9702,229.8602,0.1477,0.0878,2.587,34.8947,231.8454,0.1501,0.0758
2016-02-02T03:21:59.648Z,3.6333,50.3375,231.2587,0.2177,0.0731,3.0387,33.521,230.3499,0.1459,0.0934,2.8192,34.6243,232.1096,0.1484,0.0815
2016-02-02T03:22:59.979Z,4.7266,49.8585,231.1579,0.2159,0.0933,2.9993,32.2453,230.2543,0.14,0.0921,2.8517,35.4096,232.2155,0.1523,0.0764
2016-02-02T03:23:59.319Z,4.3214,50.831,230.8701,0.2197,0.0857,3.2591,33.9641,230.261,0.1477,0.1016,2.6172,34.3847,231.6629,0.148,0.0754
2016-02-02T03:24:59.024Z,4.3111,50.2907,231.3338,0.2172,0.0857,2.9963,34.2496,230.4929,0.1481,0.0892,1.9596,35.9812,232.0286,0.155,0.0623
2016-02-02T03:25:59.700Z,4.4292,50.2776,231.3755,0.2176,0.0879,3.0004,34.0226,230.2807,0.1477,0.0882,2.822,35.4479,231.8523,0.1535,0.0804
2016-02-02T03:26:59.910Z,4.474,50.0473,231.9205,0.2157,0.09,2.4589,35.1244,230.5259,0.1524,0.0767,2.9566,34.7376,231.8518,0.1503,0.0865
2016-02-02T03:27:59.186Z,4.5833,51.2531,231.6629,0.2209,0.0889,3.2731,35.0413,230.1196,0.1524,0.0942,2.3642,34.5646,231.8641,0.1496,0.0719
2016-02-02T03:28:59.551Z,4.0605,49.7879,231.2919,0.2156,0.0808,2.9901,34.2932,229.3413,0.1497,0.0905,2.5807,35.0722,231.4453,0.1518,0.0779
2016-02-02T03:29:59.804Z,3.4796,50.3071,231.0888,0.2178,0.0702,3.311,31.2701,229.2993,0.1367,0.1059,2.5534,35.7532,231.556,0.1543,0.0751
2016-02-02T03:30:59.629Z,3.9734,50.3023,231.3996,0.2177,0.0799,2.7842,35.1059,229.7808,0.1529,0.0821,2.5649,35.8683,231.8346,0.1544,0.0734
2016-02-02T03:31:59.022Z,4.5086,50.342,231.0148,0.218,0.0901,2.9514,34.9383,230.2337,0.1518,0.0863,2.2429,35.5306,231.9101,0.153,0.0694
2016-02-02T03:32:59.765Z,4.3578,49.7266,231.3241,0.2145,0.087,2.9412,33.9389,230.3046,0.1479,0.0857,2.391,36.0072,232.0391,0.1551,0.069
2016-02-02T03:33:59.443Z,3.8344,51.1788,231.2473,0.2214,0.0775,3.42,33.0766,230.9255,0.1427,0.1038,2.2548,34.8433,231.7321,0.151,0.0731
2016-02-02T03:34:59.750Z,4.1775,50.0423,231.0936,0.2162,0.0835,2.9102,34.037,230.7903,0.1476,0.088,3.4597,34.529,231.7731,0.1489,0.1018
2016-02-02T03:35:59.009Z,4.3752,50.4084,231.3013,0.2176,0.0858,3.1661,34.3592,231.4162,0.1488,0.1007,3.0949,36.5786,232.1114,0.1577,0.0857
2016-02-02T03:36:59.879Z,4.3254,50.5754,230.9765,0.2189,0.0843,2.9858,34.0427,231.3657,0.1473,0.0938,1.9923,35.2368,231.8625,0.152,0.0661
2016-02-02T03:37:59.891Z,4.2008,49.0016,230.9776,0.2126,0.0845,2.5412,34.133,231.277,0.1478,0.0813,2.7664,35.8279,231.8748,0.1545,0.0773
2016-02-02T03:38:59.077Z,4.6131,50.5237,230.7249,0.2191,0.093,2.7953,32.6488,230.6386,0.142,0.0924,2.7356,35.1897,231.2611,0.1516,0.0831
2016-02-02T03:39:59.517Z,4.062,50.5056,230.9367,0.2186,0.0796,3.4623,35.0396,230.3678,0.152,0.101,2.9512,34.6037,230.5956,0.1504,0.0862
2016-02-02T03:40:59.165Z,4.4496,50.0513,231.3196,0.2163,0.0897,2.9343,33.104,230.7659,0.1434,0.094,2.2597,34.8473,231.0081,0.1509,0.0711
2016-02-02T03:41:59.408Z,125.9233,254.2449,231.4789,1.1018,0.1584,124.0462,239.5758,230.9137,1.0408,0.1619,296.648,424.2418,230.5332,1.8498,0.501
2016-02-02T03:43:59.591Z,987.5176,1408.075,230.1212,6.1192,0.7009,1022.7513,1495.0414,229.098,6.5257,0.6838,1486.7675,2074.6405,228.2578,9.0892,0.7163
2016-02-02T03:44:59.721Z,1010.1196,1417.4114,229.3326,6.1806,0.7123,1055.4352,1506.5244,228.3738,6.5964,0.7006,1516.1294,2085.0059,227.4448,9.1667,0.7279
2016-02-02T03:45:59.093Z,1006.3367,1416.5956,229.1353,6.1828,0.71,1062.9624,1506.101,228.3218,6.5964,0.706,1527.2786,2097.8697,227.8024,9.2091,0.728
2016-02-02T03:46:59.491Z,992.1456,1383.3968,227.1377,6.0906,0.717,1099.2243,1519.2087,228.7659,6.6407,0.7236,1531.3832,2114.8184,227.6501,9.2898,0.7241
2016-02-02T03:47:59.769Z,999.4343,1389.1969,226.4881,6.1334,0.7196,1107.4298,1516.3636,228.518,6.6362,0.7303,1547.0708,2122.3187,227.4578,9.3308,0.7291
2016-02-02T03:48:59.002Z,1007.6007,1388.711,225.9697,6.1455,0.7254,1116.5862,1519.9519,227.8663,6.6701,0.7346,1550.3508,2117.3043,227.2689,9.3162,0.7318
2016-02-02T03:49:59.343Z,1018.4937,1404.3784,226.6517,6.1963,0.7254,1106.3996,1514.7486,227.2912,6.6639,0.7303,1550.3853,2105.9909,227.2061,9.2692,0.7362
2016-02-02T03:50:59.643Z,1030.0357,1424.2228,227.6936,6.2551,0.7228,1098.9728,1522.411,227.7,6.6859,0.7219,1550.2066,2105.49,227.8943,9.2389,0.7366
2016-02-02T03:51:59.958Z,1026.3868,1418.6274,227.8723,6.2257,0.7238,1097.6689,1523.7123,227.9474,6.685,0.7206,1541.4279,2096.242,227.5606,9.2116,0.7357
2016-02-02T03:52:59.844Z,474.4289,695.8329,229.248,3.0487,0.3774,494.7807,729.0676,228.7542,3.1966,0.3858,763.9236,1042.3214,228.4453,4.5791,0.7954
2016-02-02T03:53:59.129Z,348.5888,620.7373,230.754,2.6938,0.3235,373.2619,650.181,228.7358,2.8542,0.3301,447.7985,745.3236,228.9227,3.2657,0.7182
2016-02-02T03:54:59.577Z,739.174,1042.2107,230.4763,4.5311,0.5189,768.9117,1067.5346,225.9302,4.7298,0.5316,860.2442,1197.3944,229.3744,5.2392,0.7551
2016-02-02T03:55:59.860Z,3.4246,50.7261,231.4217,0.2191,0.0671,3.4999,35.3932,227.9962,0.1549,0.1,257.3728,299.3309,230.2332,1.3047,0.8543
2016-02-02T03:56:59.133Z,878.3457,1232.3838,230.1819,5.3627,0.5873,883.4615,1246.1098,228.3349,5.4658,0.581,1360.2769,1793.456,227.8728,7.874,0.7761
2016-02-02T03:57:59.494Z,1071.6349,1502.3197,229.8828,6.5347,0.7134,1056.4901,1499.0097,226.2513,6.6244,0.705,1579.4172,2091.9208,228.0222,9.1737,0.7552
2016-02-02T03:58:59.020Z,1081.6558,1518.0171,229.7469,6.6075,0.7125,1076.2475,1488.7453,224.6022,6.628,0.7227,1631.9271,2129.5551,228.066,9.3373,0.7665
2016-02-02T03:59:59.521Z,1028.2069,1473.9518,229.5197,6.4218,0.6974,1024.9612,1440.9814,224.4607,6.4197,0.7112,1582.945,2083.4164,227.9914,9.138,0.7601
2016-02-02T04:00:59.130Z,934.647,1400.7553,229.3274,6.1081,0.667,944.1184,1369.9455,224.753,6.0951,0.6892,1501.5289,2019.772,228.7013,8.8312,0.7433
2016-02-02T04:01:59.878Z,868.0792,1338.8716,228.6264,5.8555,0.6481,886.0009,1314.3673,224.324,5.8597,0.6744,1436.8309,1959.84,228.3637,8.5822,0.7332
2016-02-02T04:02:59.671Z,845.1251,1314.0415,228.5513,5.7499,0.643,860.9333,1305.2345,224.9787,5.8015,0.6597,1392.6824,1920.4434,228.0027,8.4229,0.7261
2016-02-02T04:03:59.987Z,839.9222,1282.5791,228.2208,5.6197,0.6548,865.0826,1334.9849,226.9226,5.8831,0.6477,1334.6814,1879.7061,227.0733,8.2772,0.7101
2016-02-02T04:04:59.358Z,818.8178,1267.0302,228.1451,5.553,0.6461,864.3945,1336.0489,227.6797,5.8675,0.6472,1326.3572,1888.2508,227.7526,8.2909,0.7024
2016-02-02T04:05:59.681Z,856.7668,1303.352,228.4511,5.705,0.6571,889.8709,1358.4683,227.7272,5.965,0.6548,1359.8003,1910.7332,227.8932,8.3839,0.7117
2016-02-02T04:06:59.194Z,878.1549,1313.3531,228.0813,5.7578,0.6684,926.454,1375.6819,227.4899,6.0471,0.6738,1395.0052,1943.2322,227.8318,8.5292,0.7191
2016-02-02T04:07:59.575Z,882.9437,1316.2684,227.2256,5.7929,0.671,927.0669,1369.8387,227.2602,6.0272,0.6771,1401.9418,1943.6158,228.0712,8.5221,0.7211
2016-02-02T04:08:59.484Z,891.1209,1312.2478,227,5.7806,0.679,939.0298,1381.3333,227.2543,6.078,0.6799,1398.1271,1936.9953,227.4501,8.5163,0.7215
2016-02-02T04:09:59.421Z,894.0209,1312.6726,227.2571,5.7762,0.6807,947.7792,1389.9191,227.4901,6.1103,0.6816,1400.7714,1941.5053,227.2489,8.5434,0.7204
2016-02-02T04:10:59.010Z,913.5139,1334.271,228.3947,5.8422,0.6845,944.5875,1402.8573,227.617,6.1629,0.6737,1398.0793,1933.4229,227.3245,8.5052,0.7229
2016-02-02T04:11:59.269Z,953.6329,1351.0909,229.1758,5.8953,0.7064,945.0047,1432.4243,227.9826,6.2828,0.6604,1367.9518,1880.8376,225.0643,8.3566,0.7276
2016-02-02T04:12:59.845Z,971.5067,1363.6291,229.5611,5.9397,0.7126,944.8864,1442.6993,228.2078,6.3222,0.6551,1362.5726,1868.2024,224.4914,8.3219,0.7301
2016-02-02T04:13:59.660Z,950.2791,1347.7942,228.6852,5.8935,0.7051,967.2391,1432.3415,227.5563,6.2942,0.6751,1396.3819,1914.0166,225.4311,8.4889,0.7296
2016-02-02T04:14:59.920Z,955.1213,1353.2292,227.7448,5.9417,0.7057,1003.417,1440.3506,227.0909,6.3429,0.6967,1440.9754,1965.7409,226.5713,8.6761,0.7329
2016-02-02T04:15:59.376Z,995.6358,1387.1608,228.1462,6.0804,0.7181,1040.9237,1474.1262,227.0615,6.4919,0.7061,1477.1,1994.7652,226.5007,8.8066,0.7407
2016-02-02T04:16:59.618Z,1049.3072,1431.3337,228.2092,6.2721,0.7334,1096.6643,1521.1189,227.1666,6.6963,0.721,1533.559,2045.649,226.6076,9.0272,0.749
2016-02-02T04:17:59.229Z,1075.747,1459.3952,228.1471,6.3961,0.7373,1109.2438,1529.8001,227.0092,6.7385,0.7251,1560.1874,2061.2793,226.3471,9.1065,0.7576
2016-02-02T04:18:59.565Z,1045.7233,1429.1412,227.813,6.2738,0.7314,1078.1729,1502.5604,226.7448,6.6267,0.7176,1522.3472,2023.74,226.1816,8.9477,0.7518
2016-02-02T04:19:59.324Z,1042.7936,1426.3279,227.9827,6.2562,0.7315,1067.7662,1501.197,226.9772,6.6135,0.7116,1506.7509,2009.1984,226.1581,8.8839,0.7492
2016-02-02T04:20:59.687Z,1081.234,1458.0614,228.6279,6.378,0.7409,1122.941,1560.7631,227.9619,6.8469,0.7189,1539.2821,2055.978,226.9498,9.0587,0.7488
2016-02-02T04:21:59.402Z,1083.2818,1444.6991,226.9164,6.367,0.7497,1157.3482,1581.7412,228.3965,6.9251,0.7318,1548.3419,2073.217,226.9442,9.1357,0.7476
2016-02-02T04:23:59.939Z,1064.7723,1437.1379,227.7579,6.3096,0.7417,1095.4194,1534.8967,227.8813,6.7355,0.7137,1508.8134,2015.9276,226.1684,8.9127,0.7482
2016-02-02T04:24:59.328Z,1126.1692,1489.8297,228.7318,6.5131,0.756,1116.339,1563.3121,227.7391,6.8648,0.7143,1538.7297,2018.2411,224.3288,8.9966,0.7631
2016-02-02T04:25:59.946Z,1155.8442,1518.8459,229.6757,6.6132,0.7608,1132.4563,1589.8283,227.8488,6.9777,0.7118,1552.6583,2027.4694,224.0569,9.0489,0.7658
2016-02-02T04:26:59.252Z,1090.7143,1489.2116,229.2602,6.4956,0.7322,1087.2146,1511.4288,225.8317,6.6926,0.7192,1573.5734,2056.0897,226.3257,9.0839,0.766
2016-02-02T04:27:59.577Z,1110.5927,1505.4734,229.6878,6.5543,0.7384,1045.2409,1487.9397,225.5278,6.5972,0.7023,1544.1529,1992.3107,224.2822,8.8828,0.7759
2016-02-02T04:28:59.894Z,1142.4132,1534.5794,229.4609,6.688,0.7442,1059.9813,1496.0477,224.8572,6.6537,0.709,1572.8944,2007.4661,224.0458,8.9596,0.7834
2016-02-02T04:29:59.192Z,1140.084,1532.4416,228.9763,6.692,0.7439,1074.1699,1496.8697,224.6836,6.662,0.7176,1591.5955,2027.8526,224.1569,9.0465,0.785
2016-02-02T04:30:59.416Z,1096.5128,1510.2888,228.6194,6.6056,0.7266,1086.204,1485.7629,224.7934,6.6093,0.7309,1621.6237,2089.2683,226.8021,9.2116,0.7774
2016-02-02T04:32:59.361Z,1111.6987,1502.0103,228.3972,6.5763,0.7398,1114.7354,1532.4972,226.3975,6.7685,0.7275,1592.5936,2074.7032,226.2998,9.1677,0.7672
2016-02-02T04:33:59.648Z,1091.0597,1476.7476,228.7533,6.4559,0.7393,1114.2626,1548.3053,227.6879,6.8003,0.7196,1556.936,2061.5014,226.7648,9.091,0.755
2016-02-02T04:34:59.940Z,1076.6498,1457.651,228.4512,6.3803,0.7388,1116.9962,1548.3758,227.8954,6.7941,0.7212,1545.329,2057.2726,226.7339,9.0739,0.7502
2016-02-02T04:35:59.816Z,1092.3363,1469.6192,228.4917,6.4317,0.7428,1138.9907,1567.6657,228.1051,6.8724,0.727,1562.6108,2074.5901,226.8212,9.1466,0.7516
2016-02-02T04:36:59.485Z,1092.9739,1464.1382,228.0554,6.42,0.7466,1141.6763,1568.9961,227.9042,6.8843,0.7274,1556.8531,2068.5544,226.7066,9.1242,0.7516
2016-02-02T04:37:59.482Z,1075.64,1447.4682,227.0964,6.3738,0.7427,1147.8291,1553.6848,227.1532,6.839,0.7391,1571.6717,2084.7073,226.899,9.1873,0.7527
2016-02-02T04:38:59.739Z,1072.5747,1457.2614,226.4486,6.4344,0.7364,1139.4591,1517.3426,224.9704,6.7447,0.7512,1612.1978,2109.7281,227.4492,9.2757,0.7636
2016-02-02T04:39:59.118Z,1058.85,1443.6694,225.7099,6.3959,0.7337,1140.2319,1504.2219,224.655,6.6955,0.7584,1622.1492,2118.2134,227.281,9.3197,0.7664
2016-02-02T04:40:59.875Z,1069.8189,1434.1112,226.1678,6.3404,0.7457,1179.8652,1566.4649,227.0986,6.897,0.7535,1592.7716,2115.9888,227.223,9.3118,0.7523
2016-02-02T04:41:59.574Z,1079.0036,1429.1307,225.7216,6.3317,0.7547,1180.5492,1573.8121,227.1793,6.9274,0.7502,1572.3625,2087.8227,226.1876,9.2306,0.7525
2016-02-02T04:42:59.929Z,1078.2998,1439.8104,225.7313,6.3784,0.7488,1182.6724,1566.5722,227.0156,6.901,0.7546,1597.7328,2114.3817,226.9378,9.3169,0.7568
2016-02-02T04:43:59.580Z,1080.6989,1454.9726,226.532,6.4229,0.743,1160.3889,1548.64,226.7748,6.8289,0.7496,1603.3075,2110.9565,226.9452,9.3011,0.7592
2016-02-02T04:44:59.883Z,1088.5439,1474.1811,227.026,6.493,0.7386,1153.9326,1536.4397,226.1614,6.7937,0.7512,1626.8197,2124.817,226.9262,9.3641,0.766
2016-02-02T04:45:59.532Z,1090.9656,1480.8555,227.5253,6.5084,0.7363,1152.1565,1537.2842,225.9743,6.8033,0.7504,1629.2196,2125.3942,227.1635,9.356,0.768
2016-02-02T04:46:59.864Z,1085.5729,1476.1706,227.5404,6.4878,0.7358,1146.6777,1532.6388,225.9913,6.7818,0.7481,1622.8466,2121.3018,227.148,9.3389,0.7651
2016-02-02T04:47:59.395Z,1107.0617,1499.6166,227.8511,6.5812,0.7385,1144.9503,1537.1109,225.8393,6.8058,0.7453,1632.2899,2121.9545,227.1547,9.3416,0.7694
2016-02-02T04:48:59.031Z,1113.0627,1502.6742,227.7309,6.5985,0.7407,1144.4152,1535.5057,225.5226,6.8083,0.7453,1632.0311,2114.3307,226.7348,9.3246,0.7711
2016-02-02T04:49:59.351Z,1139.2563,1523.704,229.7369,6.6324,0.7478,1129.1024,1563.382,227.2271,6.8798,0.7226,1590.0439,2068.0893,225.4266,9.1741,0.7698
2016-02-02T04:50:59.565Z,1134.9283,1526.3104,230.6196,6.6186,0.7438,1152.6063,1599.2203,228.8719,6.9878,0.7206,1596.0412,2103.6508,227.0831,9.2629,0.7583
2016-02-02T04:51:59.791Z,1092.1984,1496.1596,230.1631,6.5001,0.7299,1147.6602,1580.9139,228.8229,6.9084,0.7261,1593.5929,2126.5546,228.9456,9.2881,0.7499
2016-02-02T04:52:59.451Z,1103.8963,1497.7434,229.3542,6.5307,0.7376,1177.3988,1602.201,229.2884,6.9874,0.7346,1609.4828,2144.7299,228.6658,9.3785,0.7506
2016-02-02T04:53:59.680Z,1090.0064,1487.2737,229.4237,6.4823,0.7323,1156.7892,1586.1602,229.2633,6.9188,0.7296,1591.7966,2127.1873,228.6611,9.3023,0.7492
2016-02-02T04:54:59.985Z,1113.039,1506.7008,229.4204,6.5672,0.7386,1165.8653,1593.0303,228.8064,6.962,0.7316,1610.8196,2132.5673,228.1549,9.3461,0.7551
2016-02-02T04:55:59.026Z,1132.6635,1504.2432,229.8408,6.5448,0.7531,1144.0556,1589.3177,228.2964,6.9617,0.7197,1566.748,2060.9756,225.3563,9.1445,0.7601
2016-02-02T04:56:59.299Z,1155.7464,1515.8812,230.4186,6.5786,0.7623,1166.434,1623.549,228.9877,7.09,0.7189,1563.2811,2056.951,224.6174,9.1577,0.7599
2016-02-02T04:57:59.052Z,709.074,957.3069,230.8889,4.16,0.4949,706.83,997.6915,229.0969,4.3648,0.4766,1000.4736,1305.4221,226.3874,5.7948,0.803
2016-02-02T04:58:59.322Z,257.5062,484.8418,231.3831,2.1041,0.2579,254.6157,483.8592,229.379,2.1158,0.2574,340.4626,568.3714,227.7226,2.5041,0.7509
2016-02-02T04:59:59.828Z,700.7867,1001.3373,230.2953,4.356,0.5257,708.0451,1048.9645,228.4895,4.5978,0.5048,765.7351,1126.8351,226.519,4.9837,0.7252
2016-02-02T05:00:59.074Z,3.6281,48.7624,231.4033,0.2106,0.0715,3.0629,35.2756,229.2785,0.1539,0.087,229.4381,263.3276,227.1855,1.16,0.8647
2016-02-02T05:01:59.390Z,911.2757,1197.217,230.8092,5.1963,0.5871,900.4744,1244.9686,229.2232,5.4424,0.5565,1346.5964,1720.2499,225.8764,7.6265,0.8025
2016-02-02T05:02:59.176Z,1254.2387,1614.6893,230.5688,7.0034,0.7766,1221.9043,1683.5838,228.3906,7.3713,0.7265,1639.1179,2117.062,225.3216,9.3955,0.7749
2016-02-02T05:03:59.639Z,1210.8363,1575.7218,230.5324,6.8351,0.768,1171.6872,1637.4522,228.1203,7.1778,0.7157,1592.5902,2067.354,225.0104,9.1878,0.7703
2016-02-02T05:04:59.874Z,1091.9591,1491.645,229.5858,6.4971,0.7323,1129.7379,1559.6706,228.1397,6.8362,0.7242,1587.5038,2105.3336,228.105,9.2293,0.7529
2016-02-02T05:05:59.177Z,1067.0509,1482.1009,229.9422,6.4455,0.72,1102.8579,1532.3596,227.9567,6.7222,0.7197,1580.2387,2099.9649,228.6666,9.1835,0.7515
2016-02-02T05:06:59.588Z,1097.751,1506.6678,229.8714,6.5549,0.7292,1126.2611,1548.5248,227.466,6.8074,0.7272,1610.6597,2118.4678,228.3043,9.2792,0.76
2016-02-02T05:07:59.350Z,1143.4102,1550.0262,230.0338,6.7382,0.7376,1163.2837,1583.4365,227.5112,6.9602,0.7347,1651.281,2152.3854,228.0379,9.4385,0.7675
2016-02-02T05:08:59.618Z,1135.8328,1544.3222,229.9459,6.7163,0.7353,1146.8969,1568.8938,227.1357,6.9069,0.731,1639.5637,2138.0901,227.9889,9.3781,0.7674
2016-02-02T05:09:59.326Z,1101.9451,1520.4393,229.307,6.63,0.7246,1092.1879,1504.7644,225.6576,6.6683,0.726,1615.2674,2096.6618,227.5079,9.2157,0.7703
2016-02-02T05:10:59.755Z,1117.2042,1527.8301,229.2482,6.6647,0.731,1114.3602,1525.1709,225.7587,6.7553,0.7307,1625.4938,2106.0866,227.1007,9.2737,0.771
2016-02-02T05:11:59.996Z,1166.628,1546.3424,229.0506,6.7506,0.7551,1180.1266,1599.4047,226.6678,7.0561,0.7377,1635.7316,2122.5491,226.3674,9.3761,0.77
2016-02-02T05:12:59.710Z,1158.667,1532.701,228.5142,6.7069,0.756,1183.7006,1593.0503,226.3436,7.0382,0.7429,1635.342,2118.5102,225.6033,9.3901,0.7708
2016-02-02T05:13:59.281Z,1119.553,1503.9454,228.9992,6.568,0.7446,1133.2926,1550.3801,226.1375,6.856,0.7311,1595.2199,2079.929,225.6911,9.2153,0.7672
2016-02-02T05:14:59.630Z,1142.6659,1529.7343,229.2302,6.6731,0.7472,1125.3189,1548.2917,225.8433,6.8548,0.7271,1604.2514,2072.4232,225.4983,9.19,0.7738
2016-02-02T05:15:59.268Z,1190.9729,1565.5858,230.0783,6.8045,0.7602,1142.0073,1575.9347,225.559,6.9869,0.7246,1612.589,2060.3551,223.8201,9.2054,0.7825
2016-02-02T05:16:59.680Z,1194.9303,1555.7691,230.6021,6.7467,0.7683,1132.4309,1590.2028,226.1353,7.0322,0.7126,1567.5956,2016.2423,223.0274,9.04,0.7776
2016-02-02T05:17:59.958Z,1189.4456,1560.37,229.5509,6.7974,0.7622,1165.8826,1596.1338,226.1173,7.0582,0.73,1619.7759,2083.8006,224.8152,9.2686,0.7777
2016-02-02T05:18:59.592Z,1167.5883,1537.4801,229.9145,6.6871,0.7596,1167.4487,1609.4498,227.1039,7.0865,0.7257,1594.4257,2081.8125,225.773,9.2212,0.7653
2016-02-02T05:19:59.943Z,1156.8291,1526.7739,229.7873,6.6444,0.7574,1168.6914,1611.443,227.8146,7.0736,0.7259,1590.4843,2081.8273,225.9174,9.2149,0.7628
2016-02-02T05:20:59.292Z,1170.7702,1533.3203,230.0835,6.6642,0.7638,1170.4822,1621.5504,227.6576,7.1231,0.7219,1580.3425,2068.0804,225.4682,9.1722,0.7637
2016-02-02T05:21:59.596Z,1172.1374,1535.7548,229.7576,6.6842,0.763,1165.3334,1609.7587,227.1787,7.0854,0.7238,1586.3833,2064.9683,225.1729,9.1709,0.7694
2016-02-02T05:22:59.897Z,1171.9866,1540.5046,229.5237,6.7113,0.761,1158.209,1594.798,226.6096,7.0373,0.7271,1598.6646,2072.1586,225.323,9.1953,0.7727
2016-02-02T05:23:59.629Z,1183.6416,1553.6324,229.7896,6.7616,0.7619,1150.3091,1583.2949,225.6729,7.0155,0.7263,1606.9427,2063.3757,224.5656,9.1882,0.7798
2016-02-02T05:24:59.962Z,1183.6856,1538.6279,229.5172,6.7038,0.769,1171.5812,1604.9908,226.4397,7.0881,0.73,1595.7756,2057.5802,223.6423,9.2009,0.776
2016-02-02T05:25:59.323Z,1198.9514,1557.2722,229.2841,6.792,0.7701,1155.7809,1583.0853,225.2699,7.0272,0.7299,1608.2551,2048.8016,223.1806,9.1802,0.7856
2016-02-02T05:26:59.622Z,1211.4069,1573.5956,229.7213,6.8504,0.7699,1148.9138,1583.7462,225.1668,7.033,0.7258,1606.4456,2042.5689,223.2261,9.1506,0.7874
2016-02-02T05:27:59.504Z,1204.9013,1571.1599,228.8669,6.8651,0.7672,1144.3871,1561.7437,224.4,6.9596,0.7322,1625.3622,2054.6763,223.1166,9.2092,0.7901
2016-02-02T05:28:59.868Z,1218.6311,1573.9902,229.4049,6.8613,0.7738,1155.8527,1587.9356,224.622,7.0688,0.7277,1607.7949,2039.0988,222.891,9.1481,0.7888
2016-02-02T05:29:59.291Z,1229.2027,1576.3103,229.5594,6.8664,0.78,1165.6087,1603.2798,224.4848,7.1426,0.727,1597.8407,2026.6972,222.5152,9.1075,0.7891
2016-02-02T05:30:59.729Z,1230.039,1570.0473,229.5483,6.8399,0.7836,1174.3662,1616.5426,224.9453,7.1859,0.726,1588.8894,2023.6169,222.2847,9.1034,0.7854
2016-02-02T05:31:59.456Z,1208.6402,1576.6047,228.5653,6.8975,0.7667,1161.5737,1578.8175,224.5315,7.0313,0.7361,1635.3975,2075.8926,224.5254,9.2454,0.789
2016-02-02T05:32:59.407Z,1207.0143,1587.6483,228.3055,6.9545,0.7601,1148.0039,1553.423,223.6328,6.946,0.7388,1658.0622,2089.9342,225.0154,9.288,0.7929
2016-02-02T05:33:59.801Z,1209.6073,1623.2687,231.2426,7.0199,0.7452,1138.0759,1581.5233,225.9019,7.0009,0.7198,1657.0851,2117.4513,227.8146,9.2947,0.7814
2016-02-02T05:34:59.382Z,1197.2912,1603.6867,230.913,6.945,0.7468,1154.0273,1597.0176,226.831,7.0405,0.7228,1648.4289,2123.6017,227.7456,9.3234,0.7765
2016-02-02T05:35:59.892Z,1188.2616,1600.4567,231.0348,6.9274,0.7426,1185.1015,1620.6488,227.8134,7.1135,0.7318,1674.04,2176.3942,229.291,9.4924,0.7697
2016-02-02T05:36:59.477Z,1218.6827,1619.9784,230.846,7.0181,0.752,1217.2009,1652.9297,227.9455,7.251,0.7367,1691.3731,2188.264,228.7111,9.5676,0.7713
2016-02-02T05:37:59.157Z,1188.944,1591.7474,230.5392,6.9049,0.7466,1184.1919,1614.8357,227.1258,7.1102,0.7333,1666.5617,2158.9534,228.4187,9.452,0.7712
2016-02-02T05:38:59.460Z,1182.6318,1578.8613,230.6468,6.8459,0.7493,1189.1678,1627.577,227.4069,7.1569,0.7303,1645.7418,2145.0503,228.3761,9.3926,0.7681
2016-02-02T05:39:59.403Z,1193.5458,1597.619,230.5691,6.9288,0.7472,1166.0882,1589.8083,225.6083,7.0463,0.7337,1668.3927,2139.9233,227.7671,9.3948,0.7794
2016-02-02T05:40:59.768Z,1205.5881,1624.5551,231.141,7.028,0.742,1158.8404,1581.404,225.1276,7.0246,0.7332,1692.6623,2156.7809,228.38,9.4439,0.7842
2016-02-02T05:41:59.446Z,1283.5703,1674.9903,231.9304,7.2221,0.7666,1181.652,1631.834,225.2108,7.2454,0.7244,1678.6361,2112.4148,225.6687,9.3607,0.7952
2016-02-02T05:42:59.720Z,1251.3057,1629.386,231.5861,7.0359,0.7686,1181.4408,1642.9882,226.54,7.2526,0.7191,1633.5028,2088.2601,225.5657,9.2579,0.7822
2016-02-02T05:43:59.152Z,1192.5585,1591.2784,230.5732,6.9016,0.7493,1187.2445,1615.7169,226.3941,7.1364,0.735,1665.4628,2153.147,228.2609,9.4324,0.7734
2016-02-02T05:44:59.525Z,1179.8201,1576.1822,230.6428,6.8337,0.7488,1176.6096,1616.0524,227.4363,7.1054,0.7279,1639.2856,2134.5091,228.2186,9.3521,0.7693
2016-02-02T05:45:59.505Z,1193.7141,1587.6234,230.8994,6.8757,0.7516,1198.8413,1640.4454,228.0949,7.1916,0.7309,1652.8209,2151.8173,228.4781,9.4178,0.7698
2016-02-02T05:46:59.839Z,1194.6518,1593.9893,230.7868,6.9063,0.7484,1189.4798,1626.3052,227.7068,7.1417,0.731,1661.6039,2154.1577,228.5659,9.4242,0.7709
2016-02-02T05:47:59.607Z,1180.2294,1580.5763,230.6093,6.8534,0.747,1176.3921,1615.8255,227.6472,7.0979,0.7281,1647.2472,2141.4985,228.5674,9.3693,0.7698
2016-02-02T05:48:59.349Z,1186.6835,1594.0339,230.1618,6.926,0.7451,1182.8157,1610.2524,227.4958,7.0782,0.7343,1677.0297,2171.7976,229.2482,9.4737,0.7718
2016-02-02T05:49:59.619Z,1161.1817,1580.0949,230.1559,6.8652,0.7346,1172.252,1595.4903,227.7623,7.0049,0.7344,1676.9842,2181.8634,230.0438,9.4842,0.7684
2016-02-02T05:50:59.820Z,1179.3652,1595.0617,229.6726,6.9454,0.7398,1181.9949,1597.9633,227.5039,7.024,0.74,1697.7201,2193.7582,229.6743,9.551,0.7742
2016-02-02T05:51:59.212Z,1169.1536,1575.9369,229.3723,6.8702,0.7425,1175.9984,1591.978,227.4652,6.9989,0.7381,1673.2802,2166.3676,228.8725,9.4651,0.7733
2016-02-02T05:52:59.775Z,1173.748,1552.587,227.8182,6.8148,0.7558,1223.248,1629.2268,227.9621,7.1463,0.7503,1671.7001,2177.5504,228.3379,9.5362,0.7692
2016-02-02T05:53:59.199Z,1155.6391,1531.2208,227.3635,6.7347,0.7545,1214.7836,1615.1339,227.4589,7.1008,0.7515,1658.9983,2164.7248,228.1884,9.4868,0.7667
2016-02-02T05:54:59.626Z,1169.6701,1536.7535,227.2301,6.7626,0.7607,1239.3696,1634.7793,227.437,7.1878,0.7585,1672.2596,2178.1033,227.8499,9.5588,0.7684
2016-02-02T05:55:59.340Z,1169.366,1536.0411,227.6238,6.748,0.7607,1217.6334,1621.539,227.3982,7.131,0.7504,1654.5617,2150.4545,227.1253,9.468,0.77
2016-02-02T05:56:59.867Z,1192.0274,1556.2369,227.9452,6.8268,0.7658,1227.0263,1637.5526,227.6774,7.1923,0.7492,1663.6998,2152.3309,226.7274,9.4931,0.7728
2016-02-02T05:57:59.707Z,1192.3329,1561.5306,228.8284,6.8236,0.7637,1206.674,1635.8401,228.4091,7.1619,0.7376,1640.2303,2128.3458,226.7048,9.3879,0.7702
2016-02-02T05:58:59.024Z,1212.4322,1587.348,229.2079,6.9251,0.7639,1205.6455,1622.7112,226.8626,7.1522,0.7436,1673.1126,2143.6699,226.5893,9.4603,0.7808
2016-02-02T05:59:59.239Z,1206.4199,1607.572,230.6094,6.9708,0.7508,1165.919,1581.395,225.5536,7.011,0.7372,1686.647,2141.5684,226.9616,9.436,0.7869
2016-02-02T06:00:59.568Z,1228.9963,1604.6891,230.1588,6.9726,0.7664,1198.9339,1630.5658,227.5444,7.1657,0.7354,1667.6087,2129.8762,225.9523,9.426,0.7816
2016-02-02T06:01:59.811Z,1209.2511,1592.0841,230.1482,6.9178,0.7596,1197.5763,1630.5813,228.5126,7.1358,0.7342,1663.8144,2141.8798,226.8902,9.4394,0.7761
2016-02-02T06:02:59.028Z,1205.7715,1588.6958,229.8459,6.912,0.759,1216.4589,1639.5514,228.857,7.1634,0.7417,1678.2123,2166.7245,226.996,9.5451,0.7742
2016-02-02T06:03:59.272Z,1193.7155,1569.0815,229.1463,6.8474,0.7608,1218.8519,1638.638,228.9843,7.1563,0.7435,1668.0633,2160.3031,226.7826,9.5255,0.7711
2016-02-02T06:04:59.493Z,1199.8084,1574.9658,228.929,6.8792,0.7623,1226.9804,1640.0385,228.9314,7.164,0.7482,1680.3991,2168.276,226.5851,9.5692,0.7757
2016-02-02T06:05:59.877Z,1199.3354,1563.907,229.1517,6.8254,0.7669,1232.5397,1653.154,228.9778,7.2194,0.7464,1660.3319,2150.9292,226.0126,9.5168,0.7716
2016-02-02T06:06:59.686Z,1210.7064,1579.9544,229.7481,6.877,0.7668,1231.3777,1654.4982,228.2344,7.249,0.7442,1668.4479,2153.5299,226.2941,9.5162,0.7742
2016-02-02T06:07:59.037Z,1197.4639,1568.5669,229.0884,6.8466,0.7635,1231.8017,1644.3531,228.0374,7.2103,0.7493,1675.1693,2165.1106,226.7561,9.5477,0.7733
2016-02-02T06:08:59.501Z,1195.374,1577.8592,228.6311,6.9013,0.7575,1221.2537,1616.5488,226.811,7.1276,0.7553,1703.0519,2183.7886,227.1795,9.6122,0.7804
2016-02-02T06:09:59.685Z,1201.1404,1589.0608,229.4248,6.9262,0.756,1217.6955,1625.1367,226.897,7.1625,0.7489,1694.4207,2179.3862,227.8294,9.5655,0.7789
2016-02-02T06:10:59.225Z,1217.3135,1604.2011,229.9719,6.9755,0.7584,1208.9526,1626.3751,226.7308,7.1729,0.7427,1687.143,2160.6485,227.2266,9.5087,0.7808
2016-02-02T06:11:59.604Z,1230.1752,1609.2997,230.0802,6.9947,0.764,1215.6663,1638.0614,226.8206,7.2218,0.7421,1681.0369,2149.7397,226.3913,9.4953,0.781
2016-02-02T06:12:59.318Z,1231.9169,1615.0772,230.1968,7.0161,0.7626,1204.5579,1629.56,226.499,7.1944,0.7389,1680.2608,2143.1874,226.3848,9.4668,0.7837
2016-02-02T06:13:59.891Z,1249.7408,1629.928,230.5216,7.0704,0.7672,1207.5037,1640.5643,226.8752,7.2309,0.7361,1678.2658,2136.7462,226.0219,9.4532,0.7844
2016-02-02T06:14:59.328Z,1246.9565,1625.3682,230.2721,7.0587,0.7671,1201.8955,1634.9035,226.768,7.2096,0.7347,1672.5757,2129.0569,225.8365,9.4274,0.7861
2016-02-02T06:15:59.667Z,1246.675,1627.0532,230.8256,7.0486,0.7664,1214.8807,1645.7011,226.7438,7.258,0.7386,1682.2894,2145.0893,226.2723,9.48,0.7836
2016-02-02T06:16:59.636Z,1241.0626,1622.9094,230.589,7.0376,0.7647,1203.3263,1630.2071,226.2516,7.2058,0.7379,1679.9278,2136.2613,226.2328,9.4425,0.7874
2016-02-02T06:17:59.950Z,1238.6098,1617.3909,230.5959,7.0143,0.7664,1228.039,1653.0778,226.8716,7.2866,0.7432,1688.981,2160.5036,226.6461,9.5327,0.7821
2016-02-02T06:18:59.631Z,1218.0892,1589.9133,228.9993,6.9431,0.7658,1229.3666,1640.7161,226.7984,7.2338,0.75,1687.8663,2163.0172,226.7953,9.5367,0.78
2016-02-02T06:19:59.104Z,1228.9791,1588.0049,228.7062,6.9435,0.7733,1256.4906,1667.9176,226.9373,7.3499,0.7529,1684.3497,2164.1162,226.5607,9.5519,0.7791
2016-02-02T06:20:59.505Z,1217.2783,1570.9037,228.931,6.862,0.7749,1253.269,1669.4886,226.9394,7.3564,0.7506,1663.0687,2147.6414,226.175,9.4953,0.7737
2016-02-02T06:21:59.808Z,1225.7316,1579.6129,228.9251,6.8998,0.7762,1269.0512,1683.4182,227.2709,7.407,0.7536,1679.8688,2168.8577,226.6666,9.5687,0.7744
2016-02-02T06:22:59.436Z,1218.5161,1577.6757,228.9443,6.891,0.7724,1243.4587,1653.9206,226.4487,7.3033,0.7513,1674.5372,2150.3207,226.1121,9.5099,0.7794
2016-02-02T06:23:59.687Z,1220.6323,1592.3417,228.6833,6.963,0.7661,1247.3733,1644.4039,226.1631,7.2708,0.7588,1710.5268,2186.5193,226.8779,9.6374,0.7811
2016-02-02T06:24:59.108Z,1193.113,1574.8673,228.4662,6.8931,0.7575,1232.0473,1618.3487,225.8078,7.1661,0.7611,1713.3557,2194.4621,227.407,9.6502,0.7801
2016-02-02T06:25:59.361Z,1204.7906,1581.6721,228.2653,6.9291,0.7609,1252.7358,1633.4911,225.8661,7.2313,0.7671,1730.4531,2211.5191,227.2294,9.7324,0.7813
2016-02-02T06:26:59.137Z,1197.653,1560.9813,227.9416,6.848,0.7678,1246.9075,1634.4153,225.8718,7.2357,0.7625,1698.096,2178.6998,226.5729,9.6161,0.78
2016-02-02T06:27:59.002Z,1191.0435,1571.6857,227.11,6.9207,0.7578,1256.9098,1622.2431,225.8009,7.1842,0.7751,1746.927,2235.3252,227.9949,9.8042,0.7807
2016-02-02T06:28:59.354Z,1155.593,1545.0043,226.617,6.8176,0.7482,1244.8146,1598.9558,225.8963,7.0784,0.7792,1746.6391,2245.642,228.3888,9.8329,0.7787
2016-02-02T06:29:59.603Z,1181.7462,1578.6943,226.5509,6.968,0.7484,1239.4932,1583.9509,224.1414,7.0666,0.7824,1780.4826,2257.7202,228.7344,9.87,0.789
2016-02-02T06:30:59.015Z,1175.2818,1564.993,226.8128,6.8994,0.7508,1233.7387,1592.0829,224.666,7.087,0.7753,1744.5342,2228.053,228.637,9.7446,0.7833
2016-02-02T06:31:59.289Z,1193.5723,1569.0777,226.6119,6.924,0.761,1262.0596,1625.7274,225.3989,7.2126,0.776,1744.9984,2234.0846,228.5051,9.7771,0.7797
2016-02-02T06:32:59.598Z,1168.8563,1532.8479,226.7424,6.76,0.7621,1270.7606,1641.732,226.2118,7.2568,0.7739,1709.8442,2217.434,228.3291,9.7114,0.7708
2016-02-02T06:33:59.931Z,1169.049,1525.6418,226.3574,6.7401,0.7669,1303.4757,1666.2484,226.6534,7.3516,0.7818,1723.9833,2241.991,228.2031,9.8244,0.7698
2016-02-02T06:34:59.232Z,1142.4673,1506.1481,225.3303,6.6843,0.7587,1285.6826,1631.7114,226.1293,7.2155,0.7877,1730.297,2249.3839,228.4202,9.8476,0.7692
2016-02-02T06:35:59.563Z,1166.1317,1535.2092,225.6452,6.8033,0.7591,1289.1639,1636.5878,226.2601,7.2329,0.788,1751.9723,2261.1883,228.466,9.8966,0.7751
2016-02-02T06:36:59.373Z,1158.1758,1507.3306,225.6502,6.6803,0.7683,1300.0704,1664.1819,227.2454,7.3232,0.7812,1704.7918,2226.3509,227.7163,9.7768,0.7658
2016-02-02T06:37:59.870Z,1180.8661,1531.1046,226.2677,6.7671,0.7719,1299.8019,1669.133,226.74,7.3613,0.7788,1715.9819,2227.1651,227.4601,9.7914,0.7701
2016-02-02T06:38:59.493Z,1182.8648,1536.0604,226.4076,6.7849,0.77,1277.8719,1648.5078,225.9827,7.2945,0.7752,1706.9337,2204.0315,226.9709,9.7106,0.7752
2016-02-02T06:39:59.718Z,1206.8941,1569.9088,226.9086,6.9186,0.7683,1269.4762,1640.9097,225.2928,7.2838,0.7732,1728.8029,2209.494,227.1519,9.7264,0.7813
2016-02-02T06:40:59.262Z,1189.1372,1530.6545,225.848,6.7772,0.7767,1290.6541,1660.0982,225.7853,7.3525,0.7783,1700.8859,2197.2832,226.6875,9.6923,0.773
2016-02-02T06:41:59.144Z,1194.2636,1551.1422,225.6468,6.8738,0.7696,1277.3149,1632.6909,224.9344,7.258,0.7832,1737.3621,2219.2332,226.7986,9.7851,0.7819
2016-02-02T06:42:59.853Z,1181.3524,1547.0597,225.2957,6.8669,0.7638,1265.3639,1618.7728,225.5646,7.1767,0.7814,1740.8774,2228.1172,227.4278,9.7967,0.7813
2016-02-02T06:43:59.119Z,1185.4883,1555.9562,226.2527,6.8773,0.762,1275.5588,1635.9713,226.2989,7.2292,0.7793,1746.1891,2242.1829,227.7183,9.8465,0.7797
2016-02-02T06:44:59.896Z,1179.7671,1547.209,225.8992,6.8496,0.7623,1277.8964,1633.9169,225.9881,7.2299,0.7816,1743.1938,2241.1182,227.7317,9.8409,0.7784
2016-02-02T06:45:59.228Z,1186.3802,1554.9933,226.2903,6.8717,0.7634,1279.4572,1636.7384,225.9156,7.2448,0.7813,1746.3137,2242.2113,227.6644,9.8488,0.7799
2016-02-02T06:46:59.569Z,1178.6991,1567.093,226.7261,6.9116,0.7516,1255.5784,1594.6734,223.7524,7.1266,0.7876,1780.5622,2261.0362,228.0894,9.9127,0.7881
2016-02-02T06:47:59.889Z,1192.2703,1559.5592,226.3626,6.8896,0.7637,1274.6256,1635.7414,225.6454,7.2484,0.7796,1743.4281,2233.5778,227.4433,9.8206,0.7813
2016-02-02T06:48:59.576Z,1209.4917,1568.3036,226.9663,6.9097,0.7708,1285.4938,1667.8765,226.8773,7.3515,0.7706,1721.4464,2218.086,227.473,9.7508,0.7767
2016-02-02T06:49:59.574Z,1200.2918,1559.5283,226.2955,6.8917,0.7701,1282.672,1653.6552,226.4437,7.3026,0.7763,1727.9057,2222.3783,227.3222,9.7763,0.7793
2016-02-02T06:50:59.819Z,1190.3942,1547.2736,225.859,6.8498,0.7697,1294.9221,1654.7183,226.1793,7.316,0.7829,1737.3786,2236.7987,227.2809,9.8416,0.7777
2016-02-02T06:51:59.460Z,1179.9033,1547.0618,226.0726,6.8427,0.7627,1284.5055,1640.8348,226.3536,7.2493,0.7824,1743.7491,2245.5492,227.7106,9.8612,0.7775
2016-02-02T06:52:59.465Z,1191.717,1540.4714,226.0357,6.8151,0.774,1308.9433,1674.8643,227.1336,7.3737,0.7813,1725.1599,2230.0863,226.7067,9.8363,0.7733
2016-02-02T06:53:59.764Z,1206.2709,1547.2237,226.8087,6.8219,0.7804,1296.1012,1677.2649,226.6016,7.4014,0.7724,1699.9079,2190.9543,225.7572,9.7049,0.776
2016-02-02T06:54:59.460Z,1242.1812,1578.5947,227.1103,6.9503,0.7872,1285.6374,1677.9201,226.5235,7.4065,0.7666,1700.3958,2168.0506,224.3665,9.6626,0.784
2016-02-02T06:55:59.942Z,1226.5858,1571.8922,227.1727,6.9193,0.7801,1266.8958,1651.6846,226.1262,7.3047,0.7672,1701.8713,2166.6206,224.2402,9.6618,0.785
2016-02-02T06:56:59.450Z,1240.9954,1586.4013,227.0352,6.9876,0.7826,1278.8645,1661.7452,225.9711,7.3531,0.7697,1720.3136,2182.6737,224.4921,9.723,0.7887
2016-02-02T06:57:59.697Z,1239.3396,1576.6829,226.8258,6.9512,0.7857,1270.141,1661.0302,226.0647,7.3473,0.7644,1693.0717,2152.0503,224.1622,9.6001,0.7871
2016-02-02T06:58:59.163Z,1257.9982,1592.3197,226.98,7.0151,0.7901,1281.7854,1671.0855,225.6983,7.404,0.7672,1704.4522,2157.518,223.6049,9.6485,0.7901
2016-02-02T06:59:59.686Z,1242.2366,1571.2221,226.8533,6.925,0.7912,1273.3292,1665.2131,225.7584,7.3768,0.7641,1684.4044,2138.7394,223.2829,9.5788,0.789
