2016-04-17T00:00:59.958Z,5.1266,43.4915,229.5677,0.1891,0.1179,1.8991,20.2675,230.4929,0.0874,0.1077,2.9575,26.2319,230.9451,0.114,0.1324
2016-04-17T00:01:59.258Z,4.91,44.07,229.7153,0.192,0.1131,1.8796,18.5149,231.1049,0.0797,0.1013,2.8297,25.2724,230.8334,0.1101,0.1387
2016-04-17T00:02:59.734Z,4.806,43.7215,229.7566,0.1902,0.1125,1.7258,20.8165,231.2801,0.0895,0.1015,3.3093,24.2721,230.6767,0.1058,0.1487
2016-04-17T00:03:59.228Z,4.7456,43.6177,229.6472,0.1901,0.1102,1.9451,22.1049,231.4306,0.0952,0.1053,3.0252,24.6636,231.2592,0.107,0.1446
2016-04-17T00:04:59.388Z,4.7421,44.3069,229.4431,0.1931,0.1085,1.8451,21.8487,230.9407,0.0945,0.0924,2.8368,24.07,231.3065,0.104,0.137
2016-04-17T00:05:59.780Z,4.5416,43.8615,229.6947,0.1907,0.1026,1.7726,20.1351,231.5296,0.0867,0.1046,2.7797,24.7422,231.2587,0.1068,0.136
2016-04-17T00:06:59.601Z,4.5429,42.74,230.2009,0.1853,0.1063,1.9316,21.7418,232.2788,0.0934,0.1078,2.626,24.8007,231.6147,0.1071,0.1277
2016-04-17T00:07:59.979Z,4.8991,44.1896,230.1904,0.1922,0.1113,1.8321,22.2241,232.4325,0.0954,0.1007,3.1324,23.996,231.7438,0.1037,0.1454
2016-04-17T00:08:59.700Z,4.5499,43.5136,230.1096,0.1889,0.1044,2.057,21.3538,232.2619,0.0918,0.1077,2.8697,26.3192,231.8803,0.1134,0.1316
2016-04-17T00:09:59.045Z,5.3101,44.2986,231.9749,0.1908,0.1211,2.0784,23.2931,231.5644,0.1011,0.1044,2.8967,23.8257,230.6003,0.1033,0.1433
2016-04-17T00:10:59.421Z,3.9012,43.3734,232.0268,0.1877,0.0916,1.6797,21.1546,231.454,0.0918,0.0937,3.2178,23.9448,230.396,0.1041,0.1505
2016-04-17T00:11:59.601Z,3.8982,42.9813,231.275,0.1854,0.0909,2.2757,22.4317,231.161,0.097,0.1084,3.3746,25.0264,229.8512,0.109,0.1522
2016-04-17T00:12:59.215Z,4.379,44.1101,231.5706,0.19,0.0987,1.9321,22.374,231.521,0.0966,0.0992,2.9687,24.4193,229.7877,0.1061,0.1488
2016-04-17T00:13:59.632Z,5.0398,44.4069,231.8222,0.1911,0.1141,1.8709,21.0316,231.5709,0.0913,0.1005,2.7153,24.3404,229.9596,0.1055,0.1388
2016-04-17T00:14:59.391Z,4.8105,44.2176,231.9442,0.1903,0.11,2.2191,25.1471,231.5011,0.1086,0.1005,3.2907,23.6146,229.8685,0.1031,0.1598
2016-04-17T00:15:59.357Z,4.5738,43.3725,232.2231,0.1864,0.1065,1.5479,19.9071,231.9018,0.0862,0.1,3.1915,24.1735,230.0253,0.1047,0.1454
2016-04-17T00:16:59.756Z,5.1298,44.6905,232.4729,0.1923,0.1157,1.952,21.2022,232.5525,0.0907,0.1097,3.0627,23.9534,231.202,0.1034,0.1464
2016-04-17T00:17:59.142Z,4.8729,44.9637,232.401,0.1931,0.1081,1.7101,20.7333,232.1809,0.0896,0.1068,3.0572,23.97,231.4368,0.1037,0.1482
2016-04-17T00:18:59.772Z,4.5572,43.83,232.335,0.1885,0.103,2.1013,21.0704,231.8347,0.091,0.1118,3.1012,25.2891,231.2309,0.109,0.1433
2016-04-17T00:19:59.035Z,3.9959,44.8209,232.4393,0.1928,0.0889,1.6766,19.6732,231.9936,0.0846,0.0997,3.1556,24.4386,231.275,0.106,0.1463
2016-04-17T00:20:59.626Z,4.4115,42.6767,232.3171,0.1839,0.104,1.6234,19.0621,231.9847,0.0828,0.0934,3.5263,27.1123,231.3664,0.1171,0.1542
2016-04-17T00:21:59.957Z,5.1449,43.9878,232.0119,0.1896,0.1171,1.792,21.4202,231.9308,0.092,0.0952,3.2334,25.8786,231.3922,0.112,0.1416
2016-04-17T00:22:59.314Z,4.7197,44.2607,232.2464,0.1897,0.1083,2.2288,22.8088,231.9908,0.0981,0.1088,3.0397,26.166,231.5789,0.1128,0.1371
2016-04-17T00:23:59.908Z,4.8152,44.834,232.4052,0.1925,0.1079,2.1085,23.5088,231.7534,0.1014,0.1011,3.0993,23.7425,231.388,0.1026,0.1485
2016-04-17T00:24:59.182Z,3.9792,43.3721,232.1913,0.1866,0.0921,1.8383,19.7131,231.8889,0.0852,0.105,2.8308,26.2549,231.1839,0.1139,0.1264
2016-04-17T00:25:59.780Z,4.3283,43.9404,231.9004,0.1893,0.0998,2.0021,19.5047,231.585,0.0838,0.1143,2.6964,24.8408,231.0978,0.1074,0.1363
2016-04-17T00:26:59.514Z,4.3842,44.565,231.5487,0.1926,0.0999,1.5338,23.7978,231.4421,0.1026,0.0887,3.2147,25.6213,231.0181,0.1112,0.1469
2016-04-17T00:27:59.752Z,4.5021,43.9471,231.4273,0.1901,0.1029,1.8874,21.7207,231.1823,0.0942,0.0937,3.2431,25.5953,230.9724,0.1102,0.1436
2016-04-17T00:28:59.773Z,4.2542,43.0998,231.2495,0.1864,0.0995,1.6141,22.7549,231.0696,0.0987,0.0889,3.0204,24.6502,230.6645,0.1067,0.1435
2016-04-17T00:29:59.273Z,5.0408,44.09,231.2957,0.1907,0.1134,2.2467,20.8258,231.2111,0.0903,0.1209,2.787,24.4787,230.7793,0.1063,0.1401
2016-04-17T00:30:59.566Z,4.9013,44.4873,231.2129,0.1923,0.1101,2.0825,22.5075,231.1031,0.0979,0.1062,2.9501,23.6973,230.9605,0.1026,0.1432
2016-04-17T00:31:59.876Z,4.55,43.8652,231.9126,0.1893,0.1051,1.7444,21.964,231.5544,0.0945,0.1011,2.8215,24.9731,231.3615,0.108,0.1395
2016-04-17T00:32:59.297Z,4.0641,44.3572,231.6731,0.191,0.091,2.5474,22.3782,231.4227,0.0961,0.1264,2.676,22.8554,231.1546,0.0986,0.1431
2016-04-17T00:33:59.744Z,4.3497,44.6174,231.6116,0.1927,0.0987,2.2399,22.7987,231.3715,0.0984,0.1099,3.0323,23.162,231.1966,0.1002,0.1541
2016-04-17T00:34:59.409Z,4.5031,44.0186,231.3797,0.1909,0.1032,2.0694,20.6866,231.1301,0.0899,0.1051,3.0272,26.1261,231.2938,0.113,0.1392
2016-04-17T00:35:59.760Z,5.0928,44.605,231.5621,0.1929,0.1151,1.9138,20.2537,230.8571,0.0879,0.1022,2.8695,24.4373,231.5972,0.1051,0.1404
2016-04-17T00:36:59.535Z,4.9772,43.4011,232.2293,0.187,0.1138,1.9607,21.3206,229.582,0.0929,0.1061,2.7317,23.2744,232.1066,0.1007,0.142
2016-04-17T00:37:59.725Z,4.9952,44.513,232.4622,0.1915,0.1118,1.6425,23.1908,228.3716,0.1012,0.0745,2.5476,24.173,232.3354,0.1035,0.1274
2016-04-17T00:38:59.159Z,4.9572,44.5311,231.8976,0.1921,0.1118,2.0261,19.2512,230.6117,0.0834,0.1109,2.6119,23.7246,231.958,0.1024,0.1392
2016-04-17T00:39:59.788Z,4.6898,44.024,231.9435,0.1899,0.108,1.9182,22.903,230.4514,0.0996,0.1044,3.1854,23.1201,231.8035,0.1001,0.1565
2016-04-17T00:40:59.058Z,3.4923,43.5173,231.9486,0.1874,0.0814,1.7916,21.1819,230.6853,0.0923,0.096,3.0666,26.9204,231.9584,0.1161,0.1384
2016-04-17T00:41:59.253Z,4.4924,44.1301,231.5257,0.1907,0.1029,2.0498,23.8449,231.2053,0.1029,0.0978,3.0449,22.2058,232.2635,0.0959,0.1538
2016-04-17T00:42:59.505Z,5.0041,45.2952,231.5626,0.1959,0.1119,2.1286,21.4274,231.4509,0.0922,0.1078,3.2513,24.5204,231.7527,0.1056,0.1552
2016-04-17T00:43:59.897Z,4.9042,44.3054,231.6427,0.1912,0.1119,1.512,21.9474,231.6005,0.0949,0.0886,2.9833,24.8585,230.7857,0.1077,0.1411
2016-04-17T00:44:59.699Z,4.8946,43.8146,231.7981,0.1886,0.1126,2.1368,23.006,231.6298,0.0999,0.107,3.1516,23.4273,230.7925,0.1014,0.1501
2016-04-17T00:45:59.114Z,3.6881,43.5542,231.3471,0.1881,0.0849,1.8177,22.5141,230.9362,0.0976,0.0853,2.9527,25.7868,232.0723,0.1112,0.1371
2016-04-17T00:46:59.162Z,3.6578,42.9298,231.2704,0.1855,0.0862,1.7963,23.3274,230.6369,0.1012,0.0942,3.0224,24.5153,231.7056,0.1055,0.1421
2016-04-17T00:47:59.346Z,4.8862,44.76,230.9789,0.1935,0.1095,1.8875,19.0055,229.9105,0.0826,0.1122,3.2186,24.377,231.2555,0.1056,0.1513
2016-04-17T00:48:59.480Z,5.1131,44.6619,230.6821,0.1932,0.1147,1.6945,21.5354,229.7174,0.094,0.0971,2.7904,24.2323,230.7966,0.1053,0.1424
2016-04-17T00:49:59.873Z,4.5699,43.4661,231.0884,0.1883,0.1058,1.5173,20.7126,229.3541,0.09,0.0899,2.6062,24.6385,230.9098,0.1065,0.1345
2016-04-17T00:50:59.055Z,5.0144,43.2612,231.2707,0.1872,0.1167,1.7613,18.8058,228.8296,0.0825,0.1079,3.1473,24.4982,231.2119,0.106,0.153
2016-04-17T00:51:59.307Z,4.8689,44.0391,231.7057,0.1901,0.1109,1.8726,20.6315,229.06,0.0901,0.1109,3.2493,24.0808,231.4517,0.1039,0.1536
2016-04-17T00:52:59.611Z,4.576,43.3969,232.0756,0.1876,0.1064,1.4524,19.3471,230.1199,0.0844,0.0956,2.8286,27.2946,232.2385,0.118,0.1281
2016-04-17T00:53:59.978Z,4.1967,43.969,231.8022,0.1903,0.0976,1.7839,24.469,230.2445,0.1064,0.0959,3.2542,23.5913,231.7721,0.1012,0.1511
2016-04-17T00:54:59.496Z,3.7179,44.6249,231.6304,0.1928,0.0859,1.7473,17.9163,230.5804,0.0774,0.116,2.973,22.9524,231.6572,0.0991,0.1492
2016-04-17T00:55:59.965Z,4.6704,43.7534,231.3692,0.1896,0.1077,2.0275,17.3275,230.6297,0.0752,0.1259,3.194,21.2439,231.2682,0.0917,0.1729
2016-04-17T00:56:59.314Z,4.9693,43.8148,231.0635,0.1897,0.1142,1.6517,17.7438,230.9265,0.0769,0.1053,3.0264,24.6934,231.2985,0.1069,0.1489
2016-04-17T00:57:59.959Z,4.9235,43.7012,230.9899,0.1889,0.1126,2.017,23.434,231.0942,0.1011,0.0982,2.7836,25.6298,231.2762,0.1111,0.1384
2016-04-17T00:58:59.370Z,4.3852,43.264,231.1914,0.1867,0.1027,1.8714,20.6884,231.0489,0.0893,0.1056,2.2472,25.5544,231.093,0.1109,0.1175
2016-04-17T00:59:59.611Z,4.7349,43.3828,231.2631,0.1872,0.1102,1.83,20.662,230.9264,0.0895,0.113,3.2568,24.8599,230.9135,0.1076,0.1502
2016-04-17T01:00:59.378Z,5.0233,44.5352,231.6873,0.1922,0.1121,1.6836,25.8692,230.9878,0.1118,0.0908,2.6747,24.4407,230.803,0.106,0.1268
2016-04-17T01:01:59.657Z,4.8812,44.5405,231.8152,0.192,0.1102,2.0395,23.2648,230.5011,0.1007,0.0988,3.3205,24.512,230.7066,0.1064,0.1491
2016-04-17T01:02:59.988Z,4.0465,43.0982,232.0475,0.1858,0.093,2.0396,20.2955,230.9277,0.0877,0.1027,3.0982,26.593,230.8074,0.1151,0.1363
2016-04-17T01:04:59.973Z,4.2719,43.7862,232.1076,0.1886,0.0994,2.1267,21.9162,231.4027,0.0949,0.1037,2.9143,25.5804,230.823,0.1108,0.1353
2016-04-17T01:05:59.197Z,5.0524,43.9204,232.1014,0.1891,0.1148,1.5942,20.394,231.3744,0.088,0.0952,2.754,26.5306,230.8839,0.1151,0.1311
2016-04-17T01:06:59.598Z,4.7207,44.0703,232.4303,0.1889,0.1095,1.8987,24.4999,231.7628,0.1057,0.0903,2.9727,25.65,231.2139,0.1107,0.1397
2016-04-17T01:07:59.091Z,4.2083,43.8394,232.4951,0.189,0.0956,1.9254,17.9468,231.8778,0.0773,0.1127,3.1766,24.5782,231.4418,0.106,0.1512
2016-04-17T01:08:59.456Z,3.8084,45.3987,232.5026,0.1952,0.083,2.1337,25.0827,231.9846,0.1087,0.0968,3.0726,21.9762,231.3986,0.0952,0.1557
2016-04-17T01:09:59.930Z,5.0518,43.8398,232.5788,0.1886,0.1153,1.8916,21.1517,232.3211,0.0913,0.107,2.9234,25.1367,231.6771,0.1085,0.1401
2016-04-17T01:10:59.254Z,4.9794,43.7543,232.356,0.1879,0.1137,1.7736,21.4037,231.989,0.0917,0.0971,2.8479,26.4544,231.3516,0.1143,0.1317
2016-04-17T01:11:59.921Z,4.5569,44.2174,231.6908,0.1909,0.1029,1.803,22.4102,231.649,0.0969,0.0899,2.9732,25.1311,231.0159,0.1084,0.1409
2016-04-17T01:12:59.282Z,3.9009,44.07,232.0809,0.1902,0.0888,2.3822,26.1812,231.9052,0.1129,0.1089,2.8063,22.9576,231.2957,0.0991,0.1445
2016-04-17T01:13:59.790Z,4.0753,44.4397,232.6282,0.1913,0.0912,1.9913,21.4955,232.6642,0.0923,0.1071,3.2415,22.9646,231.8427,0.0987,0.1603
2016-04-17T01:14:59.277Z,4.3396,44.7398,232.6869,0.1926,0.0991,2.3228,20.9658,232.6181,0.0901,0.1116,3.2111,23.1453,231.846,0.1003,0.1606
2016-04-17T01:15:59.110Z,4.8387,44.0077,232.5952,0.1892,0.1109,2.207,22.4016,232.8843,0.0964,0.1063,3.1749,26.1378,232.2652,0.1132,0.1411
2016-04-17T01:16:59.800Z,4.7905,44.5203,232.5729,0.1918,0.1088,1.9752,24.3275,232.8078,0.1041,0.0986,2.8647,25.3855,232.0122,0.1093,0.1362
2016-04-17T01:17:59.132Z,4.4929,44.4928,232.7878,0.1912,0.1011,1.6282,19.654,232.7024,0.0846,0.1009,2.6617,24.5521,231.5803,0.1061,0.1303
2016-04-17T01:18:59.281Z,4.9012,43.6422,232.8831,0.1874,0.1131,1.9276,21.7202,232.894,0.0929,0.1046,3.0359,25.9753,231.6887,0.1121,0.1401
2016-04-17T01:19:59.695Z,4.8227,44.659,232.7539,0.1916,0.11,1.6341,19.9088,232.8917,0.0854,0.1002,3.0959,24.992,231.7392,0.1078,0.1475
2016-04-17T01:20:59.515Z,4.823,43.9177,232.9167,0.1886,0.1121,2.0042,23.0891,233.0898,0.0991,0.1002,3.15,24.7531,231.9558,0.1062,0.1476
2016-04-17T01:21:59.253Z,3.9208,44.0092,233.148,0.1886,0.0891,1.9725,20.9431,232.6922,0.0905,0.1079,3.1002,25.7734,232.3238,0.1111,0.1412
2016-04-17T01:22:59.404Z,4.461,43.3819,232.6276,0.1865,0.1033,1.8825,21.6309,231.9064,0.0932,0.1027,2.8749,23.7359,231.4099,0.1031,0.1442
2016-04-17T01:23:59.729Z,4.6516,44.2241,232.3354,0.1901,0.1067,1.9934,22.1456,231.8348,0.0955,0.1099,2.7871,23.5459,231.1179,0.1015,0.141
2016-04-17T01:24:59.275Z,4.716,44.1879,232.2398,0.1903,0.1077,2.0752,21.5645,232.1252,0.0927,0.1066,3.2307,25.5421,230.8377,0.1108,0.1464
2016-04-17T01:25:59.345Z,4.6825,44.3492,232.3496,0.1905,0.1048,1.7253,24.4225,232.0453,0.1049,0.0785,3.0691,25.2809,230.2467,0.1093,0.1423
2016-04-17T01:26:59.782Z,4.3967,44.1193,231.9741,0.1903,0.1003,2.1736,24.6205,232.2674,0.1064,0.0987,2.749,23.9713,230.8985,0.1035,0.1348
2016-04-17T01:27:59.740Z,3.9304,43.9624,231.7348,0.19,0.0927,2.618,23.4762,232.1149,0.101,0.1154,3.0256,23.1369,231.4477,0.1001,0.1491
2016-04-17T01:28:59.122Z,4.9244,43.5547,231.4022,0.188,0.1141,1.6571,19.4822,232.0946,0.0833,0.1071,2.731,25.5481,232.0297,0.1108,0.1299
2016-04-17T01:29:59.415Z,5.0932,44.0576,232.2068,0.1897,0.1163,1.8205,21.4665,232.3052,0.092,0.1045,3.0935,26.5259,232.4146,0.114,0.1396
2016-04-17T01:30:59.216Z,4.9411,45.2543,232.4234,0.1948,0.1096,1.6124,22.3393,232.4304,0.096,0.0943,2.714,23.5802,232.2649,0.1018,0.1379
2016-04-17T01:31:59.984Z,3.8896,43.4834,232.4046,0.1872,0.0891,1.6098,22.3502,232.2815,0.0962,0.0872,3.2404,25.6946,232.0361,0.1105,0.1435
2016-04-17T01:32:59.234Z,4.632,43.4601,232.1498,0.1876,0.1074,1.561,20.5989,232.0506,0.0882,0.1031,2.9187,23.9554,231.4176,0.104,0.1488
2016-04-17T01:33:59.580Z,5.0943,44.5231,232.1374,0.1913,0.1154,2.01,22.5824,232.3419,0.097,0.1031,2.8449,24.7826,231.6379,0.1075,0.1351
2016-04-17T01:34:59.318Z,5.1181,44.8319,232.4155,0.1932,0.1141,1.9709,23.2388,232.3414,0.1001,0.104,2.8596,22.5724,231.8974,0.097,0.1467
2016-04-17T01:35:59.235Z,4.4129,44.121,232.6185,0.1902,0.1008,1.7634,20.6627,231.9878,0.0893,0.0938,3.0184,24.5615,232.4076,0.1059,0.1402
2016-04-17T01:36:59.908Z,4.5108,42.8046,232.1602,0.1845,0.1066,2.2952,24.7143,231.477,0.1065,0.1108,2.7878,23.9812,232.5714,0.1036,0.139
2016-04-17T01:37:59.342Z,5.133,44.414,231.8126,0.1917,0.1166,1.6954,22.7743,231.3036,0.0984,0.0998,3.252,25.9498,232.4758,0.1114,0.1438
2016-04-17T01:38:59.697Z,4.7465,44.1084,231.7333,0.1904,0.1087,1.6191,22.6462,231.0576,0.0984,0.0909,2.8031,25.228,232.3197,0.1086,0.1344
2016-04-17T01:39:59.858Z,4.6633,43.5403,231.186,0.1881,0.1084,2.288,23.506,230.7742,0.1018,0.1116,2.8742,22.5147,232.2085,0.0973,0.1414
2016-04-17T01:40:59.071Z,4.843,44.376,231.168,0.1917,0.1091,2.045,19.8161,231.156,0.0858,0.1211,2.7562,24.1564,232.5259,0.1039,0.1396
2016-04-17T01:41:59.838Z,4.7971,44.7608,231.0648,0.1934,0.1089,1.9283,22.3117,231.2171,0.0961,0.108,3.3786,25.653,232.4021,0.1105,0.1468
2016-04-17T01:42:59.357Z,4.715,43.8207,231.0143,0.1897,0.1086,1.95,20.2394,231.1247,0.0876,0.1177,2.7927,25.5626,232.2713,0.1102,0.1323
2016-04-17T01:43:59.986Z,4.4555,43.6313,231.0939,0.1886,0.1035,1.7608,22.6251,231.3782,0.098,0.099,3.1973,24.5199,231.8822,0.1059,0.1503
2016-04-17T01:44:59.274Z,4.8346,43.4509,231.1749,0.1879,0.1113,1.5407,20.474,231.7498,0.0887,0.0963,2.8607,26.8234,232.1689,0.1157,0.1341
2016-04-17T01:45:59.914Z,4.8716,44.8276,231.4415,0.1936,0.1102,1.7374,21.8622,231.9359,0.0948,0.0976,3.0683,25.3203,232.6367,0.1089,0.1411
2016-04-17T01:46:59.177Z,4.5834,44.068,231.6343,0.1903,0.1038,2.1253,24.1892,231.6793,0.1049,0.0911,3.0918,23.6153,232.3516,0.1014,0.1541
2016-04-17T01:47:59.318Z,3.7156,43.2409,232.0958,0.1863,0.0858,2.1769,21.93,231.932,0.0947,0.1109,3.2136,25.9625,232.559,0.1119,0.1427
2016-04-17T01:48:59.646Z,4.9289,44.462,231.9759,0.1918,0.1118,2.2166,22.9621,232.0165,0.0988,0.1124,3.1596,24.3143,232.4198,0.1048,0.1526
2016-04-17T01:49:59.996Z,4.8687,43.4283,231.8241,0.1871,0.1112,1.8146,18.8467,231.5722,0.0812,0.1149,2.9683,24.5296,232.5677,0.105,0.1417
2016-04-17T01:50:59.386Z,5.2068,43.6826,232.0683,0.1887,0.1196,1.8207,21.3661,231.4678,0.093,0.0969,3.0687,26.3136,232.6306,0.1128,0.1393
2016-04-17T01:51:59.715Z,4.2071,44.2782,231.8581,0.1907,0.0955,1.6507,22.0224,231.142,0.0952,0.0924,2.9424,24.8716,232.6436,0.1069,0.1424
2016-04-17T01:52:59.527Z,4.5378,44.0802,232.2153,0.19,0.1047,1.8557,21.774,231.6632,0.0937,0.1015,2.8938,25.0055,232.9176,0.1075,0.1371
2016-04-17T01:53:59.041Z,512.8983,731.5184,230.099,3.1879,0.398,562.7028,821.9901,231.4866,3.5644,0.4162,875.6051,1196.0665,230.3247,5.216,0.7446
2016-04-17T01:54:59.033Z,1171.3119,1559.7116,229.3761,6.7996,0.7512,1230.4063,1673.9847,230.5482,7.2601,0.7349,1662.7849,2239.0108,228.6819,9.7902,0.743
2016-04-17T01:55:59.471Z,1215.526,1610.2217,230.158,6.9958,0.7546,1256.7309,1700.333,229.896,7.3961,0.7394,1704.272,2264.2367,229.0983,9.8827,0.7518
2016-04-17T01:56:59.015Z,1223.2261,1613.3682,229.8603,7.0188,0.7589,1267.3767,1707.0361,229.5743,7.4358,0.7428,1709.1638,2263.0491,228.8953,9.8866,0.7552
2016-04-17T01:57:59.259Z,1298.0299,1659.3612,230.4993,7.1985,0.7808,1289.0372,1756.0049,229.7011,7.6451,0.7336,1696.7451,2213.478,225.8766,9.7995,0.7674
2016-04-17T01:58:59.718Z,1283.7962,1660.0485,229.9668,7.2182,0.7737,1317.2637,1754.9804,229.3496,7.6522,0.751,1751.0945,2283.4543,228.014,10.0136,0.767
2016-04-17T01:59:59.663Z,1288.183,1663.6235,229.5923,7.2461,0.7738,1352.6505,1778.4498,229.6655,7.7442,0.7614,1777.3969,2320.8464,228.997,10.1348,0.7669
2016-04-17T02:00:59.985Z,1294.0836,1659.4896,228.3897,7.2656,0.78,1382.6706,1795.3313,229.7679,7.8134,0.7697,1795.5954,2341.2316,228.8558,10.2303,0.7678
2016-04-17T02:01:59.352Z,1303.6407,1675.2163,228.7349,7.3239,0.7793,1392.3854,1805.6086,229.9964,7.8507,0.7706,1810.8505,2358.7399,229.1344,10.2945,0.7687
2016-04-17T02:02:59.388Z,1322.8413,1694.2988,228.8452,7.4034,0.7814,1406.9663,1823.1236,230.2351,7.9185,0.7719,1826.3648,2372.5793,229.3295,10.3459,0.77
2016-04-17T02:03:59.626Z,1356.3508,1726.083,229.0256,7.5364,0.7875,1436.638,1851.7499,230.0104,8.0504,0.7762,1854.8138,2395.186,229.4906,10.4367,0.773
2016-04-17T02:04:59.888Z,1256.5435,1665.5765,229.6706,7.2523,0.7535,1306.4319,1707.1808,227.6925,7.4983,0.7648,1805.3018,2331.5295,230.4082,10.1192,0.7736
2016-04-17T02:05:59.403Z,1274.4628,1666.3615,230.6013,7.2261,0.7645,1316.819,1746.4366,229.2598,7.6167,0.7552,1762.9308,2294.372,229.4442,9.9997,0.7678
2016-04-17T02:06:59.740Z,1294.599,1677.0271,230.9722,7.2608,0.7713,1332.7303,1777.573,230.4521,7.7134,0.7499,1753.8204,2287.1093,228.9212,9.9909,0.7681
2016-04-17T02:07:59.923Z,1304.7038,1683.6952,230.9546,7.29,0.7744,1349.3054,1793.1437,230.8728,7.7666,0.7517,1764.2061,2296.4918,229.0312,10.027,0.7687
2016-04-17T02:08:59.343Z,1316.4947,1693.667,230.9167,7.3349,0.7785,1361.5115,1800.4031,230.5378,7.8102,0.7566,1779.2467,2307.8154,228.9456,10.0802,0.77
2016-04-17T02:09:59.073Z,1317.9557,1690.7564,230.7781,7.3266,0.78,1374.543,1808.0169,230.5352,7.8428,0.76,1787.3732,2316.7402,228.8835,10.1223,0.77
2016-04-17T02:10:59.725Z,848.3203,1102.4366,231.3811,4.7757,0.5258,874.508,1157.2749,231.2062,5.0226,0.5215,1234.8351,1578.0452,229.8769,6.8864,0.8093
2016-04-17T02:11:59.484Z,3.9357,43.3707,232.3344,0.1866,0.0938,1.9813,23.0471,232.572,0.0989,0.1063,20.2372,41.7852,231.9827,0.1802,0.2461
2016-04-17T02:12:59.804Z,4.9251,44.1655,232.1215,0.19,0.1115,1.5493,19.8887,232.759,0.0852,0.0962,2.8678,26.6415,231.9738,0.1146,0.1325
2016-04-17T02:13:59.270Z,4.7243,44.6109,232.5472,0.1923,0.1088,2.0483,21.9453,232.8356,0.0941,0.1137,2.796,25.0363,232.2281,0.108,0.1336
2016-04-17T02:14:59.130Z,4.8611,44.0234,232.5016,0.1892,0.1121,1.9416,20.8043,232.7662,0.0898,0.1093,2.8634,24.6944,232.2468,0.1066,0.1392
2016-04-17T02:15:59.830Z,3.7434,43.1379,232.6107,0.1854,0.0859,1.9376,22.9705,232.9218,0.0985,0.1027,2.7405,26.5396,232.2527,0.114,0.1263
2016-04-17T02:16:59.371Z,4.6256,44.4612,232.9287,0.191,0.1058,2.0127,22.8091,232.9382,0.0974,0.111,2.8905,23.3984,232.5997,0.101,0.1451
2016-04-17T02:17:59.759Z,5.4473,44.5023,233.1276,0.1911,0.1216,1.7775,20.6507,233.0845,0.0881,0.1038,2.7819,26.9321,232.8927,0.1163,0.1312
2016-04-17T02:18:59.605Z,5.2696,44.1728,233.1726,0.1892,0.1196,2.2425,23.6701,233.1478,0.1015,0.1004,3.0561,25.7912,232.6863,0.1107,0.1422
2016-04-17T02:19:59.234Z,4.2724,44.6415,233.2338,0.1912,0.0956,1.7631,21.4646,233.0867,0.0926,0.1011,3.0525,24.3076,232.5863,0.1048,0.1447
2016-04-17T02:20:59.736Z,3.8695,43.9262,233.1483,0.1883,0.0873,1.4981,22.4905,233.1603,0.0963,0.0911,2.8622,25.9957,232.4422,0.1118,0.132
2016-04-17T02:21:59.263Z,4.8058,44.4854,233.1186,0.1903,0.1087,1.7176,23.3082,233.363,0.0999,0.0964,3.1036,24.7056,232.4546,0.1062,0.1454
2016-04-17T02:22:59.611Z,4.9748,44.5753,232.7859,0.1916,0.1126,2.0859,22.0053,233.0262,0.0946,0.1042,3.2424,26.1423,232.2977,0.113,0.1509
2016-04-17T02:23:59.881Z,4.7199,44.3632,232.6821,0.1908,0.1075,1.9352,21.1818,232.995,0.0912,0.1073,3.1702,25.249,232.1049,0.1083,0.1478
2016-04-17T02:24:59.393Z,4.1326,43.9938,232.8334,0.1891,0.0943,2.0517,21.8276,233.1898,0.0939,0.1112,2.9707,24.544,232.0777,0.1058,0.1407
2016-04-17T02:25:59.320Z,3.7022,44.126,232.9069,0.1891,0.0841,1.5779,17.3684,232.9847,0.074,0.1034,2.8545,26.4541,232.2265,0.1138,0.1293
2016-04-17T02:26:59.327Z,4.4562,43.5214,232.7763,0.1869,0.1046,2.1522,22.8351,233.1176,0.0974,0.1023,2.9456,24.1401,232.2903,0.1041,0.1441
2016-04-17T02:27:59.623Z,4.946,43.9095,232.2297,0.189,0.1131,2.0315,17.871,232.7165,0.0767,0.1269,3.4938,24.8062,232.2788,0.1069,0.1575
2016-04-17T02:28:59.931Z,5.0114,44.016,232.2987,0.1897,0.1142,1.8438,23.4074,232.9113,0.1012,0.0907,2.849,25.1777,232.243,0.1086,0.1362
2016-04-17T02:29:59.185Z,4.5972,44.3831,232.4326,0.1907,0.1036,1.952,20.2569,232.6336,0.0873,0.1073,2.875,23.5768,231.9347,0.1018,0.1421
2016-04-17T02:30:59.445Z,5.251,44.654,232.4488,0.192,0.1173,1.626,20.0335,232.1064,0.0865,0.1132,3.0799,23.7347,231.8022,0.1024,0.1503
2016-04-17T02:31:59.799Z,5.2703,44.3611,232.7737,0.1904,0.1185,2.0242,24.0522,232.5457,0.1032,0.0898,3.1602,25.7173,232.0163,0.1109,0.1428
2016-04-17T02:32:59.208Z,4.7451,44.55,232.5812,0.1918,0.1078,1.9099,21.4407,232.3926,0.0923,0.1011,3.0842,25.3961,231.9409,0.1098,0.1416
2016-04-17T02:33:59.283Z,4.1137,43.4505,232.3852,0.1878,0.0955,1.9441,19.3342,231.8552,0.0836,0.1137,2.8905,26.3325,231.9977,0.1137,0.1345
2016-04-17T02:34:59.536Z,4.9369,45.2389,232.189,0.1953,0.11,1.7195,22.7214,231.6099,0.0982,0.0908,2.9697,24.1282,231.4856,0.1042,0.1418
2016-04-17T02:35:59.860Z,4.6646,44.1721,231.935,0.1904,0.1073,1.6653,19.2617,231.6002,0.0834,0.0965,2.8664,25.4265,231.1448,0.1099,0.135
2016-04-17T02:36:59.800Z,4.0391,43.7869,231.9971,0.1888,0.0932,2.1559,20.684,231.554,0.089,0.1085,3.0574,24.2962,231.1854,0.1055,0.1489
2016-04-17T02:37:59.026Z,3.4765,43.684,232.3121,0.1882,0.0804,2.3562,22.5382,231.9574,0.0974,0.1128,2.8322,25.01,231.5848,0.1079,0.1318
2016-04-17T02:38:59.467Z,4.4507,44.2241,232.4088,0.1902,0.1011,1.6966,21.9637,231.8052,0.0946,0.0945,2.8287,25.7217,231.332,0.1112,0.1333
2016-04-17T02:39:59.755Z,4.8711,44.7078,232.6684,0.1923,0.1103,2.0718,24.0559,232.6098,0.1036,0.1091,3.0009,22.3323,231.8338,0.0963,0.1567
2016-04-17T02:40:59.143Z,4.9127,44.6052,232.4638,0.1918,0.1112,1.7458,22.4127,232.4217,0.097,0.0964,3.3062,25.3301,231.6782,0.1098,0.1519
2016-04-17T02:41:59.223Z,4.6648,43.7827,232.3176,0.1887,0.1067,1.8937,23.3102,232.5929,0.1,0.0935,3.0893,23.953,231.594,0.1037,0.148
2016-04-17T02:42:59.619Z,3.8184,43.5996,232.4259,0.1877,0.0882,2.053,23.6953,232.5076,0.102,0.1002,2.9695,25.2421,231.6462,0.1087,0.137
2016-04-17T02:43:59.852Z,4.7422,44.3574,232.4925,0.1904,0.1077,2.2002,23.3976,232.4355,0.1001,0.1014,2.7211,24.0375,231.6524,0.1043,0.1352
2016-04-17T02:44:59.188Z,4.9886,45.1729,232.6743,0.1944,0.1108,2.1672,22.0923,232.3434,0.0953,0.106,2.9728,24.9124,232.2863,0.1072,0.1426
2016-04-17T02:45:59.534Z,4.9713,44.2612,232.7407,0.1905,0.1122,1.9533,22.7301,232.2544,0.0975,0.0996,2.9431,25.8724,232.4404,0.1115,0.1385
2016-04-17T02:46:59.756Z,4.1691,45.0055,232.6373,0.1936,0.0939,1.507,23.7671,231.9653,0.1025,0.0662,3.0441,22.7118,232.0334,0.0983,0.1504
2016-04-17T02:47:59.056Z,3.8984,43.4673,232.3859,0.1862,0.0906,1.9987,18.1489,231.2466,0.0782,0.118,2.8119,24.6166,232.5513,0.1058,0.1343
2016-04-17T02:48:59.057Z,4.7114,42.85,232.269,0.1844,0.1108,1.6393,23.1018,231.357,0.0998,0.0809,2.6032,25.9139,232.643,0.1111,0.1298
2016-04-17T02:49:59.486Z,5.1153,44.7593,232.1449,0.1927,0.1142,2.2925,22.167,231.1751,0.0959,0.1085,2.7991,25.3715,232.5084,0.1089,0.1385
2016-04-17T02:50:59.823Z,5.0825,44.3315,232.1642,0.1907,0.1162,2.036,20.7879,231.7307,0.0898,0.1073,3.049,24.3184,232.1808,0.1049,0.1446
2016-04-17T02:51:59.473Z,4.3334,43.3152,232.846,0.1864,0.1019,2.1779,26.0579,231.683,0.1127,0.0907,2.7814,24.7934,231.7759,0.107,0.1346
2016-04-17T02:52:59.012Z,3.9432,44.3584,233.426,0.1901,0.0892,1.909,21.9244,231.7588,0.0944,0.1052,2.8053,24.9311,231.1758,0.1077,0.1359
2016-04-17T02:53:59.680Z,3.9674,42.7429,233.1112,0.1832,0.0932,1.6211,19.0018,231.7813,0.0823,0.1049,3.0046,27.5503,231.8195,0.1189,0.1302
2016-04-17T02:54:59.850Z,4.6357,44.933,232.6685,0.1932,0.1041,2.0093,21.1656,231.9574,0.0911,0.1078,3.1201,24.6662,232.0966,0.1062,0.1478
2016-04-17T02:55:59.162Z,5.1301,44.565,232.4579,0.1922,0.1158,2.1958,21.2342,231.9899,0.0912,0.1183,3.1937,25.6992,232.1318,0.1111,0.1462
2016-04-17T02:56:59.840Z,4.4559,43.9185,232.6478,0.1893,0.1054,2.1295,23.8323,232.153,0.1027,0.1038,3.1158,24.4778,232.3372,0.105,0.1509
2016-04-17T02:57:59.180Z,4.927,44.5798,232.7053,0.1914,0.1112,1.648,20.6806,232.3359,0.0887,0.0923,3.0329,25.684,232.5394,0.11,0.1407
2016-04-17T02:58:59.547Z,5.0208,44.1167,232.4295,0.19,0.1145,1.8403,20.0319,232.1679,0.0867,0.1052,2.8395,25.1165,232.2698,0.1085,0.1389
2016-04-17T02:59:59.458Z,4.8291,44.804,232.6446,0.1925,0.1092,1.7835,21.1487,231.2649,0.0913,0.0986,2.9898,23.6225,232.8526,0.1014,0.1475
