2016-04-10T00:00:59.158Z,1.6258,43.3082,229.7009,0.1892,0.0395,2.3578,23.611,233.0391,0.1008,0.1267,2.3392,25.7498,233.0622,0.1104,0.1207
2016-04-10T00:01:59.508Z,1.1037,43.162,229.9259,0.1879,0.0272,2.0717,23.0515,232.9035,0.0987,0.1242,2.7785,25.7232,233.1224,0.1108,0.1313
2016-04-10T00:02:59.800Z,1.1529,43.4333,229.6002,0.1895,0.0264,2.0219,20.9964,232.6305,0.0903,0.1253,2.9353,26.1142,232.8503,0.1116,0.1345
2016-04-10T00:03:59.412Z,1.2383,42.5904,229.703,0.186,0.0323,2.1731,21.5599,232.5784,0.0921,0.1246,2.6777,25.5829,232.7547,0.1098,0.1338
2016-04-10T00:04:59.807Z,2.2528,43.3617,230.1424,0.1884,0.0529,2.1603,22.7864,232.2051,0.0983,0.1188,2.8337,24.7905,232.8578,0.1065,0.1396
2016-04-10T00:05:59.709Z,2.1403,42.2009,229.7002,0.1841,0.053,2.2492,21.1856,232.1098,0.0918,0.1316,2.8144,25.0607,232.8326,0.1076,0.1388
2016-04-10T00:06:59.018Z,1.2269,43.3712,229.2722,0.1893,0.028,2.2552,19.6238,232.28,0.0851,0.1392,3.095,23.6464,232.6641,0.1021,0.158
2016-04-10T00:07:59.791Z,1.1463,42.7635,228.6457,0.1867,0.0268,2.2505,22.4738,232.3903,0.0966,0.1259,2.9167,26.9241,232.3835,0.1159,0.1379
2016-04-10T00:08:59.445Z,1.6236,42.4895,228.7863,0.186,0.0413,2.3098,22.7553,232.2524,0.0978,0.1243,3.1497,26.0957,232.411,0.1123,0.1482
2016-04-10T00:09:59.722Z,1.8173,42.9125,229.5737,0.1871,0.0438,2.0003,23.2774,232.8381,0.0996,0.1192,3.2924,24.3699,232.3876,0.1048,0.1565
2016-04-10T00:10:59.014Z,1.1597,42.6521,229.0281,0.1861,0.0267,2.1978,20.802,232.6219,0.089,0.138,2.6369,25.5836,231.9087,0.1099,0.139
2016-04-10T00:11:59.564Z,1.0235,43.1554,229.4268,0.1879,0.0248,2.2085,22.1093,232.3473,0.0954,0.1298,3.265,26.4665,232.0011,0.1141,0.1439
2016-04-10T00:13:59.774Z,1.8805,42.7374,231.4962,0.1846,0.0459,2.0761,22.8984,232.0287,0.0986,0.1212,2.8258,24.3623,231.9055,0.105,0.1487
2016-04-10T00:14:59.218Z,0.991,43.5539,231.9131,0.1873,0.0231,2.3268,24.0679,231.8773,0.1039,0.1199,3.3488,24.0137,232.2872,0.1032,0.1591
2016-04-10T00:15:59.495Z,0.9464,43.7799,231.6936,0.1892,0.0231,2.4837,20.7565,232.0381,0.0892,0.1375,3.0363,25.6414,232.3325,0.1105,0.1475
2016-04-10T00:16:59.522Z,1.5655,44.5316,231.97,0.1914,0.0353,2.3432,23.1673,231.9029,0.0996,0.124,3.3353,22.1763,232.3613,0.0954,0.1719
2016-04-10T00:17:59.141Z,2.1899,42.2898,231.4496,0.1828,0.0518,1.9132,14.8249,231.7783,0.0636,0.15,3.4519,26.7979,232.286,0.1157,0.1491
2016-04-10T00:18:59.632Z,1.7566,42.7832,231.1778,0.1849,0.0424,2.4259,19.9029,231.5546,0.0855,0.1409,2.8605,25.0297,232.09,0.108,0.1422
2016-04-10T00:19:59.325Z,1.1241,43.7249,231.034,0.1888,0.0257,2.6021,22.3449,231.2973,0.096,0.1324,3.135,25.9627,231.4428,0.1122,0.1482
2016-04-10T00:20:59.750Z,0.9733,43.4967,231.5301,0.1876,0.0236,2.6147,21.9429,232.0062,0.0943,0.1465,3.2301,26.8927,232.1226,0.1163,0.1491
2016-04-10T00:21:59.145Z,1.4543,43.0083,231.7558,0.1857,0.0364,2.5277,19.635,232.0878,0.0851,0.142,2.7753,25.077,232.2779,0.1084,0.1386
2016-04-10T00:22:59.256Z,0.9437,43.5784,231.5267,0.188,0.0257,2.2151,19.4399,231.9562,0.084,0.1348,3.2247,22.1946,232.4315,0.0956,0.1746
2016-04-10T00:23:59.788Z,1.0765,43.7971,231.4392,0.189,0.0248,1.9532,19.3421,231.7325,0.0838,0.1278,2.8259,24.7625,232.1724,0.1073,0.1462
2016-04-10T00:24:59.397Z,0.9246,43.0656,232.1068,0.186,0.0256,2.3436,24.2206,231.7122,0.1043,0.1171,2.942,25.6787,231.8887,0.111,0.1444
2016-04-10T00:25:59.505Z,1.7985,43.5468,232.2389,0.187,0.042,2.176,19.3829,231.5013,0.0835,0.1288,3.01,24.2752,232.177,0.1044,0.1585
2016-04-10T00:26:59.296Z,0.9816,43.5191,232.1699,0.1878,0.0241,2.1503,22.346,231.6574,0.0964,0.1227,2.9912,23.204,231.7456,0.0999,0.1548
2016-04-10T00:27:59.948Z,0.9349,43.9718,232.1758,0.1892,0.0209,1.973,20.8992,232.5418,0.0901,0.128,3.3401,24.6621,232.3143,0.1067,0.1582
2016-04-10T00:28:59.402Z,1.4454,42.969,232.2766,0.1853,0.0352,2.1098,21.7037,232.5623,0.0933,0.1242,3.173,24.6988,232.5101,0.1063,0.1502
2016-04-10T00:29:59.001Z,1.8932,43.5866,232.2091,0.1874,0.0466,2.06,20.6863,232.0594,0.0896,0.1221,2.7718,25.011,232.5146,0.108,0.1391
2016-04-10T00:30:59.311Z,1.7073,42.7702,232.1346,0.1846,0.0434,1.7885,20.89,229.083,0.0917,0.1128,3.0785,25.6032,232.9925,0.1098,0.142
2016-04-10T00:31:59.805Z,1.204,43.4536,232.0063,0.1877,0.028,2.1023,21.0051,230.914,0.0913,0.1203,3.1573,25.6111,232.496,0.1102,0.1536
2016-04-10T00:32:59.221Z,0.8701,43.1483,231.4521,0.1864,0.0192,2.0641,20.1427,231.8541,0.0868,0.1309,2.8254,26.4741,232.3176,0.1138,0.1371
2016-04-10T00:33:59.442Z,1.5499,43.754,231.7671,0.1893,0.0387,2.0988,20.8885,231.6157,0.0903,0.1275,3.3396,24.1903,232.6265,0.104,0.1611
2016-04-10T00:34:59.756Z,1.023,43.4439,231.9211,0.187,0.0267,2.4593,20.069,232.0888,0.0861,0.1335,3.241,23.6678,232.5642,0.102,0.1598
2016-04-10T00:35:59.060Z,1.2871,43.896,231.9747,0.1891,0.0302,2.0851,22.776,232.1068,0.0986,0.1249,2.986,24.3902,231.8954,0.1048,0.1466
2016-04-10T00:36:59.673Z,1.18,44.3789,232.3536,0.191,0.0289,2.4159,22.4963,232.2268,0.097,0.1299,2.7698,24.0992,232.5427,0.1036,0.1471
2016-04-10T00:37:59.100Z,1.7493,42.7749,232.2788,0.1847,0.0407,2.4689,19.0458,232.253,0.0819,0.1438,2.6148,27.1905,232.643,0.1169,0.1199
2016-04-10T00:38:59.156Z,2.1268,43.1618,232.057,0.1859,0.0515,2.2103,22.7203,231.8991,0.0977,0.1168,2.9002,24.9707,232.7029,0.1075,0.1476
2016-04-10T00:39:59.369Z,0.9048,43.637,231.8049,0.1875,0.022,2.3243,23.4816,231.9069,0.1012,0.1256,3.0068,25.1544,232.4908,0.1084,0.1447
2016-04-10T00:40:59.688Z,1.0214,43.2646,231.7388,0.1874,0.0237,2.2369,21.9051,232.2359,0.0941,0.1266,2.9323,25.1337,232.3476,0.1081,0.1485
2016-04-10T00:41:59.361Z,1.2157,43.5396,231.8233,0.1877,0.0296,2.4741,24.2782,231.7218,0.1046,0.1208,3.097,23.8165,231.2622,0.1034,0.1584
2016-04-10T00:42:59.645Z,1.4638,42.1447,231.5707,0.182,0.0366,2.1486,17.3022,232.0245,0.0751,0.1485,2.9133,25.8998,231.1695,0.1122,0.1414
2016-04-10T00:43:59.959Z,0.7563,43.2726,231.7805,0.1862,0.0181,2.2729,20.8638,231.7757,0.0901,0.1288,2.6405,26.2791,230.912,0.1143,0.1346
2016-04-10T00:44:59.632Z,1.0929,44.0197,231.7088,0.1897,0.0255,1.9105,21.514,231.8041,0.0924,0.1185,3.1177,23.0945,231.4075,0.0997,0.1607
2016-04-10T00:45:59.078Z,1.5412,43.846,231.9574,0.1888,0.0361,2.4128,22.8869,231.497,0.0984,0.1288,2.7377,24.4741,231.9639,0.1053,0.1399
2016-04-10T00:46:59.770Z,1.2685,42.5515,232.3122,0.183,0.0328,2.0493,20.2827,231.7116,0.0871,0.137,2.8367,25.1107,232.4904,0.1082,0.1387
2016-04-10T00:47:59.117Z,1.4524,44.0494,232.2164,0.1893,0.0337,2.1556,19.9584,231.9004,0.0866,0.1299,2.6889,24.7897,232.7767,0.1066,0.137
2016-04-10T00:48:59.398Z,1.2018,43.8181,232.1844,0.1886,0.0276,2.2192,22.1735,232.0579,0.0956,0.1257,3.1971,24.5724,232.6419,0.1057,0.1578
2016-04-10T00:49:59.871Z,1.8358,43.59,232.3761,0.1874,0.0429,2.2223,19.3666,232.1091,0.0834,0.1383,2.9879,24.0638,232.8375,0.1033,0.1476
2016-04-10T00:50:59.312Z,2.3688,43.3266,232.3948,0.1864,0.0546,2.1377,20.4492,232.3503,0.088,0.1412,3.0174,23.0034,232.7583,0.0988,0.1524
2016-04-10T00:51:59.784Z,2.068,43.6132,232.6538,0.187,0.0505,2.6186,22.9788,232.0936,0.0987,0.1312,3.1067,24.7746,232.5559,0.1073,0.1429
2016-04-10T00:52:59.256Z,0.836,44.6138,232.6397,0.1919,0.0202,2.5494,22.396,232.2848,0.0963,0.1371,3.0978,24.8959,232.775,0.1071,0.1497
2016-04-10T00:53:59.589Z,0.9492,44.373,232.2813,0.191,0.0231,1.7853,21.8127,231.8779,0.0942,0.1169,3.0453,24.8536,232.3842,0.1069,0.1456
2016-04-10T00:54:59.749Z,1.2011,42.9034,232.2164,0.1848,0.0303,2.3842,19.3392,231.7493,0.0835,0.1387,2.7728,24.6378,232.1904,0.1061,0.1446
2016-04-10T00:55:59.060Z,1.2289,43.9355,232.2237,0.1898,0.0309,2.2018,20.8177,232.032,0.0898,0.1379,3.0816,23.9292,232.4537,0.1033,0.15
2016-04-10T00:56:59.814Z,0.9473,44.0173,232.4383,0.189,0.0227,2.5024,21.5012,232.1462,0.0932,0.1315,2.6701,25.4298,232.4907,0.1093,0.1345
2016-04-10T00:57:59.448Z,1.3397,43.03,232.6665,0.1849,0.0337,2.181,22.7774,232.8047,0.0975,0.1258,2.9625,24.8436,233.0074,0.1066,0.1484
2016-04-10T00:58:59.845Z,2.2448,43.144,232.9124,0.1857,0.0535,2.0766,22.8922,232.7358,0.0982,0.1171,2.9504,25.1143,232.8651,0.108,0.1449
2016-04-10T00:59:59.185Z,1.4401,43.8066,232.9304,0.188,0.0348,2.2246,20.0396,232.4621,0.0862,0.1442,3.0723,23.4032,232.866,0.1,0.1509
2016-04-10T01:00:59.494Z,1.0773,44.8457,232.6553,0.1929,0.0245,2.5919,24.2003,232.2157,0.1036,0.1305,3.0285,26.7359,232.8419,0.1149,0.1419
2016-04-10T01:01:59.726Z,1.1538,44.7852,233.2238,0.1924,0.0262,2.1754,21.398,231.5075,0.0928,0.1268,3.4374,24.2286,233.0898,0.104,0.1626
2016-04-10T01:02:59.656Z,1.9823,42.9652,233.5078,0.1838,0.048,1.7666,19.2245,229.7664,0.0836,0.1086,2.723,25.791,233.5881,0.11,0.1345
2016-04-10T01:03:59.991Z,1.5245,43.9059,233.2858,0.188,0.0377,2.0477,23.107,231.5005,0.1,0.108,3.1793,24.5912,233.0546,0.1055,0.1521
2016-04-10T01:04:59.551Z,0.6973,43.6599,233.1044,0.1876,0.0173,2.2288,21.1132,232.6444,0.0908,0.1322,2.7809,26.2591,233.0113,0.1134,0.1392
2016-04-10T01:05:59.130Z,1.5703,43.2196,232.8982,0.1862,0.0377,2.171,19.8896,232.6197,0.0856,0.1373,2.6594,23.945,232.6813,0.1027,0.1422
2016-04-10T01:06:59.905Z,1.7573,42.6309,232.7038,0.1832,0.0432,2.231,20.2149,232.3324,0.0876,0.1368,2.8899,26.847,232.3751,0.1161,0.1354
2016-04-10T01:07:59.292Z,2.5467,43.2016,232.6907,0.1858,0.0601,2.178,17.7131,232.2371,0.0765,0.1408,3.0228,25.0826,232.3556,0.108,0.1465
2016-04-10T01:08:59.260Z,1.5524,43.021,232.3248,0.1849,0.0388,2.1434,22.4996,232.3825,0.0963,0.132,2.9991,25.4185,232.4156,0.1096,0.1487
2016-04-10T01:09:59.713Z,1.1067,43.5935,232.4271,0.1872,0.0267,1.9084,20.2634,232.6704,0.0873,0.118,3.112,25.7435,232.6421,0.1112,0.1496
2016-04-10T01:10:59.204Z,0.8831,43.8344,231.9424,0.1892,0.0212,2.6013,23.8443,232.8439,0.1023,0.1268,3.2477,23.9404,232.5321,0.1027,0.1598
2016-04-10T01:11:59.670Z,1.434,42.3242,231.9486,0.1824,0.037,2.1111,23.0164,232.7678,0.0986,0.1177,3.3211,25.0174,232.6898,0.1076,0.1542
2016-04-10T01:12:59.710Z,1.4216,42.8475,231.4307,0.1848,0.0359,2.1055,22.7168,232.4512,0.0976,0.1163,2.9362,24.6626,232.1195,0.1058,0.1458
2016-04-10T01:13:59.996Z,0.8469,43.4065,230.8124,0.1884,0.0201,2.3988,20.8878,232.5966,0.0898,0.1371,2.8799,25.3262,231.9322,0.1095,0.1465
2016-04-10T01:14:59.332Z,0.9666,43.5709,231.2101,0.1886,0.0231,2.3986,22.3852,232.2702,0.0966,0.1267,2.7463,25.5138,231.8201,0.1106,0.1421
2016-04-10T01:15:59.841Z,1.1029,43.2648,231.993,0.1863,0.0251,2.2841,21.5938,232.0692,0.0935,0.1341,2.8847,23.5001,231.6923,0.1018,0.1508
2016-04-10T01:16:59.430Z,1.4399,44.0614,232.1302,0.1898,0.0343,2.0373,20.9303,232.0076,0.0901,0.1203,2.8567,24.6552,231.741,0.1067,0.1428
2016-04-10T01:17:59.732Z,0.9931,44.2424,232.5268,0.1898,0.023,2.8132,22.2185,232.147,0.096,0.1356,2.9907,26.3689,232.0688,0.1142,0.1419
2016-04-10T01:18:59.424Z,0.8091,44.0198,232.541,0.1892,0.0184,1.8493,23.0744,232.5057,0.0995,0.121,2.9956,22.7002,232.3807,0.0978,0.158
2016-04-10T01:19:59.792Z,1.3476,43.2747,233.2303,0.1857,0.0354,1.949,20.1986,231.1504,0.0877,0.1231,2.8464,23.7188,233.0782,0.1018,0.1482
2016-04-10T01:20:59.278Z,1.1493,43.753,233.2321,0.1876,0.0269,2.1802,19.6147,228.9588,0.0854,0.1234,3.067,24.7549,233.6012,0.1063,0.1439
2016-04-10T01:21:59.471Z,0.8908,42.983,232.7255,0.1849,0.0209,2.1447,15.6361,231.4198,0.0672,0.1513,2.6435,26.4024,232.9798,0.1133,0.1335
2016-04-10T01:22:59.097Z,1.3636,43.5153,233.024,0.1864,0.0329,2.2313,24.6948,231.1146,0.107,0.1121,3.3253,24.3382,232.8277,0.1043,0.156
2016-04-10T01:23:59.404Z,2.0926,43.917,232.6829,0.1884,0.049,1.912,21.0152,231.2281,0.0907,0.1156,3.0507,23.0775,232.6643,0.0993,0.1586
2016-04-10T01:24:59.930Z,2.4003,43.0367,232.6478,0.1855,0.0579,2.3433,19.9589,231.56,0.0861,0.1507,3.2026,24.9338,232.4241,0.1067,0.151
2016-04-10T01:25:59.159Z,1.0816,43.6806,232.5376,0.1876,0.0244,2.4603,22.1642,231.874,0.0954,0.1311,2.8712,24.5838,232.4774,0.1056,0.1457
2016-04-10T01:26:59.517Z,0.9351,44.134,232.8185,0.1892,0.021,2.2296,19.8756,232.2005,0.0852,0.1369,3.0964,24.5746,232.9947,0.1057,0.152
2016-04-10T01:27:59.639Z,1.2784,44.4662,232.753,0.1912,0.029,2.4036,24.1873,231.935,0.104,0.126,3.0618,23.4295,232.839,0.1003,0.1553
2016-04-10T01:28:59.481Z,2.0056,43.2554,232.6986,0.1859,0.0469,2.5358,20.8168,231.8394,0.0893,0.1471,2.972,26.8962,232.7731,0.1156,0.1361
2016-04-10T01:29:59.781Z,1.1611,43.0088,232.0061,0.1858,0.0295,2.291,22.5883,231.989,0.0979,0.1266,2.9599,25.1709,232.8087,0.1085,0.1418
2016-04-10T01:30:59.190Z,1.5241,43.7941,231.7128,0.1889,0.0343,2.0963,22.1613,232.1209,0.0954,0.1251,3.3736,24.3799,232.489,0.1049,0.1588
2016-04-10T01:31:59.439Z,0.9165,44.2953,231.2351,0.1916,0.0213,2.4077,21.211,231.8156,0.0915,0.1316,2.7084,24.4175,232.4324,0.1049,0.144
2016-04-10T01:32:59.028Z,1.7516,42.3501,231.5738,0.1832,0.0439,2.5466,22.7246,231.7498,0.0981,0.1353,3.1827,25.1082,232.6648,0.1076,0.1528
2016-04-10T01:33:59.508Z,2.4295,42.9658,231.2304,0.1855,0.0573,2.3548,23.997,231.5628,0.1032,0.1265,2.9661,26.0973,232.5902,0.1121,0.1372
2016-04-10T01:34:59.048Z,1.3104,42.591,231.158,0.1848,0.0326,2.4013,22.7756,231.6637,0.0983,0.1321,3.0423,25.4884,232.61,0.1099,0.1487
2016-04-10T01:35:59.351Z,0.7677,43.8463,231.8143,0.1893,0.018,2.4627,21.5997,231.2499,0.0931,0.1345,2.9386,26.1249,232.653,0.1125,0.1413
2016-04-10T01:36:59.661Z,1.1636,42.7693,231.6921,0.1846,0.0274,1.9236,18.8085,231.3312,0.0812,0.1296,2.8378,25.1318,232.651,0.108,0.1374
2016-04-10T01:37:59.219Z,1.4483,42.9407,231.9722,0.1848,0.0364,2.7699,24.5863,231.3037,0.1062,0.1363,2.9343,25.329,232.343,0.109,0.1464
2016-04-10T01:39:59.740Z,1.5718,43.1522,232.024,0.1862,0.0387,2.4689,23.0945,232.0595,0.0998,0.1249,3.1155,25.5287,232.4462,0.1098,0.1478
2016-04-10T01:40:59.284Z,1.2649,43.5021,232.0112,0.1876,0.0291,2.2473,21.9354,229.6388,0.095,0.1196,2.2639,27.5662,232.9086,0.1188,0.1159
2016-04-10T01:41:59.659Z,1.331,43.3749,231.9393,0.187,0.0312,2.1675,19.673,229.9895,0.0857,0.122,3.1489,25.5759,233.5912,0.1098,0.1485
2016-04-10T01:42:59.261Z,1.3714,43.3293,232.4659,0.1867,0.0336,2.1366,19.5101,232.4215,0.0841,0.1298,3.3979,19.6888,231.1869,0.0852,0.1859
2016-04-10T01:43:59.416Z,1.6264,43.5973,232.7091,0.1871,0.0396,2.2638,15.5633,232.132,0.0668,0.1497,3.1376,21.419,230.9766,0.0931,0.1726
2016-04-10T01:44:59.789Z,1.2003,44.4919,232.1834,0.1915,0.0278,2.4001,22.1513,231.6266,0.0956,0.1268,2.9415,25.1354,232.2912,0.108,0.1459
2016-04-10T01:45:59.048Z,1.1764,44.2862,232.3786,0.1901,0.0266,2.0972,22.3403,231.565,0.0961,0.1254,2.9503,23.7346,232.355,0.1021,0.1478
2016-04-10T01:46:59.208Z,1.5145,43.0413,231.5668,0.186,0.0375,2.243,21.0479,232.4703,0.0907,0.1289,3.3047,25.2736,232.4655,0.1089,0.1548
2016-04-10T01:47:59.664Z,2.1993,44.4839,232.0147,0.1917,0.0502,2.3361,24.2687,232.6004,0.1043,0.1124,2.7215,24.5824,232.5028,0.1052,0.1409
2016-04-10T01:48:59.454Z,1.5835,42.4203,231.9157,0.1826,0.0398,1.996,20.0989,232.3747,0.0867,0.1332,2.7098,25.4766,232.4723,0.1097,0.1325
2016-04-10T01:49:59.961Z,1.1836,43.9076,232.0558,0.1892,0.0269,2.1912,22.3427,232.4335,0.0964,0.1246,3.1989,26.5846,233.1236,0.1138,0.1492
2016-04-10T01:50:59.248Z,1.4369,43.9931,232.1187,0.1893,0.0333,2.4948,23.6802,231.9586,0.1022,0.1347,2.8702,25.772,233.1668,0.1106,0.1464
2016-04-10T01:51:59.457Z,1.8493,43.6002,232.2823,0.1875,0.0438,1.8975,25.7682,232.1903,0.1109,0.1077,3.3444,23.4797,233.218,0.1009,0.1636
2016-04-10T01:52:59.052Z,2.2785,44.3688,232.4324,0.1914,0.0524,2.5592,19.7201,232.4576,0.0848,0.1491,2.9565,24.5275,233.5611,0.1049,0.144
2016-04-10T01:53:59.891Z,1.286,43.416,232.3853,0.1867,0.0323,2.3572,21.3016,232.7015,0.0913,0.1277,3.5449,23.8265,233.5274,0.1021,0.1691
2016-04-10T01:54:59.224Z,1.1566,43.7214,232.1182,0.1886,0.0268,2.7991,22.5704,232.8026,0.0969,0.1396,3.0576,25.8858,233.4891,0.1113,0.1452
2016-04-10T01:55:59.649Z,1.1988,43.6725,232.3956,0.188,0.0278,2.0896,17.7675,232.7357,0.076,0.1413,2.8793,25.7611,233.3049,0.1108,0.1375
2016-04-10T01:56:59.604Z,1.8412,42.4464,232.6726,0.1823,0.047,2.4391,20.4574,232.6574,0.0875,0.1387,3.0611,24.028,233.357,0.103,0.1509
2016-04-10T01:57:59.868Z,1.1755,43.837,232.5851,0.1891,0.0285,2.5552,23.2273,232.8249,0.0996,0.1278,3.1022,25.5574,233.4175,0.109,0.1477
2016-04-10T01:58:59.480Z,1.197,44.0346,232.9701,0.1891,0.0269,2.5694,21.6112,232.7326,0.093,0.1392,3.4409,24.251,233.4163,0.1036,0.1613
2016-04-10T01:59:59.141Z,1.0923,44.0851,232.9242,0.1889,0.0279,2.2439,21.7196,232.7502,0.093,0.1269,3.1431,23.6946,233.3788,0.1017,0.1559
2016-04-10T02:00:59.468Z,2.3677,43.147,232.6458,0.185,0.0565,2.4388,22.9026,232.7502,0.0978,0.1364,2.7862,28.139,233.1788,0.1205,0.1257
2016-04-10T02:01:59.444Z,1.8958,43.3111,232.1143,0.1865,0.0446,2.2387,17.7542,232.5413,0.0772,0.1513,2.9856,24.4871,232.7547,0.1058,0.144
2016-04-10T02:02:59.761Z,1.0541,43.3108,232.1595,0.1865,0.0265,1.9257,23.7923,232.8774,0.1019,0.1042,2.9491,24.4882,232.5245,0.1051,0.1472
2016-04-10T02:03:59.123Z,1.1768,44.7563,232.5773,0.1922,0.028,1.8641,22.026,230.2776,0.0959,0.0936,2.233,25.9486,233.0701,0.1114,0.1232
2016-04-10T02:04:59.285Z,1.3345,43.081,232.4047,0.1853,0.0325,2.2297,20.4088,232.5245,0.088,0.1321,2.7542,24.4847,232.5932,0.1051,0.1414
2016-04-10T02:05:59.582Z,2.3113,42.2297,232.1251,0.182,0.0559,2.2666,19.2448,233.3442,0.0831,0.1385,2.7551,28.1035,232.4941,0.1214,0.1232
2016-04-10T02:06:59.250Z,1.3135,44.2637,232.1601,0.1907,0.0322,2.3295,24.1108,233.2481,0.1034,0.124,3.0979,22.9014,232.1826,0.0991,0.1532
2016-04-10T02:07:59.537Z,0.9476,43.5089,231.7223,0.1882,0.0226,2.0791,19.7773,233.062,0.0847,0.1291,3.1702,25.0813,231.7305,0.1086,0.149
2016-04-10T02:08:59.247Z,1.2444,43.5622,231.9678,0.1884,0.0284,2.5051,22.1186,232.9262,0.0951,0.1353,3.0462,24.7921,231.5059,0.1066,0.1549
2016-04-10T02:09:59.184Z,1.7329,42.8523,231.7458,0.1849,0.042,2.0894,19.4088,233.0686,0.0836,0.1359,3.6161,26.4209,231.8749,0.1141,0.1567
2016-04-10T02:10:59.666Z,1.9254,42.7575,231.9432,0.1845,0.0449,2.1682,24.448,232.9237,0.1051,0.1208,2.8093,24.8083,231.9959,0.1065,0.1487
2016-04-10T02:11:59.344Z,1.6367,44.3454,231.9164,0.1912,0.0408,2.4848,24.6823,232.9754,0.1062,0.1217,3.1904,22,232.0261,0.0948,0.1674
2016-04-10T02:12:59.660Z,1.1073,42.9562,231.5308,0.1852,0.0253,2.1284,22.2487,232.9539,0.0955,0.1288,3.108,24.7904,232.0204,0.1067,0.1496
2016-04-10T02:13:59.985Z,1.0914,43.2356,231.7681,0.186,0.0253,2.6065,23.1079,232.8302,0.0995,0.1353,3.0113,26.4642,232.0415,0.114,0.1403
2016-04-10T02:14:59.885Z,1.4827,42.4788,232.291,0.1833,0.0377,2.219,20.1257,232.476,0.0864,0.137,2.9749,25.2241,230.8768,0.1093,0.1457
2016-04-10T02:15:59.357Z,1.1296,44.3793,232.1134,0.1911,0.0273,2.0433,22.7512,232.0674,0.0984,0.1207,3.3112,22.4982,230.3204,0.0982,0.1712
2016-04-10T02:16:59.725Z,1.217,43.5513,230.893,0.1879,0.0288,2.2001,21.6795,232.2965,0.093,0.127,3.1732,24.8866,231.1062,0.108,0.1523
2016-04-10T02:17:59.408Z,1.1164,43.4386,230.1301,0.1888,0.0302,2.3279,24.7266,232.8238,0.1061,0.1237,3.226,23.726,231.7264,0.1022,0.161
2016-04-10T02:18:59.129Z,2.1581,42.0612,230.2799,0.1827,0.053,2.6711,22.1901,232.7786,0.0958,0.1468,2.5225,27.2678,231.9429,0.1179,0.1238
2016-04-10T02:19:59.823Z,1.8709,42.98,230.6525,0.1865,0.0467,1.6736,22.3048,232.299,0.0958,0.1113,3.3739,24.1261,232.0908,0.1047,0.166
2016-04-10T02:20:59.162Z,1.2566,43.451,231.1369,0.1879,0.0288,1.9029,18.7058,231.8112,0.0803,0.1294,3.0357,24.4526,232.9983,0.1049,0.1571
2016-04-10T02:21:59.487Z,1.0745,44.5685,231.3803,0.1931,0.0252,2.167,21.5058,232.0469,0.0926,0.1199,2.9571,25.0037,232.8798,0.1078,0.144
2016-04-10T02:22:59.563Z,1.4719,43.0115,232.1632,0.1844,0.0367,2.1822,23.4847,232.2411,0.1011,0.128,3.0277,24.6176,233.0408,0.106,0.1459
2016-04-10T02:23:59.114Z,1.974,44.0769,232.9548,0.1897,0.0458,2.5599,25.1138,231.4643,0.1086,0.1197,2.7686,25.4864,232.621,0.1093,0.1364
2016-04-10T02:24:59.019Z,1.629,43.2527,232.9268,0.1855,0.0411,2.264,22.4863,231.3015,0.0978,0.132,3.2822,25.0155,232.6948,0.1073,0.157
2016-04-10T02:25:59.377Z,1.2579,44.3712,233.0726,0.1901,0.0275,1.9113,22.0076,228.3223,0.0968,0.1089,2.8867,24.0096,233.6409,0.1029,0.1474
2016-04-10T02:26:59.641Z,1.2858,44.7126,233.3585,0.1917,0.0284,1.8614,19.2947,228.668,0.0846,0.1166,2.856,24.1086,233.7328,0.1032,0.1422
2016-04-10T02:27:59.354Z,1.5108,43.2212,232.7221,0.1857,0.0364,2.5849,23.233,232.0263,0.1001,0.1357,2.9084,25.0196,232.7893,0.1076,0.146
2016-04-10T02:28:59.410Z,1.6756,42.6515,232.5776,0.1838,0.0429,2.5292,22.2209,231.8364,0.0957,0.1345,2.8057,25.2167,232.6659,0.1085,0.1396
2016-04-10T02:29:59.003Z,1.4809,43.2754,232.6707,0.1863,0.0338,2.1823,20.8205,231.3488,0.0902,0.1386,2.8441,26.336,232.8805,0.1132,0.1378
2016-04-10T02:30:59.223Z,0.3051,44.529,232.2942,0.1912,0.0073,1.6993,13.4746,231.7877,0.0584,0.1449,3.3111,19.5535,232.7116,0.084,0.1912
2016-04-10T02:31:59.664Z,1.8286,43.407,232.6951,0.1869,0.0445,2.0057,22.7967,231.709,0.0986,0.1192,3.2315,24.2689,232.7204,0.1037,0.1552
2016-04-10T02:32:59.613Z,1.7891,43.6047,232.2933,0.1878,0.0444,2.0643,19.4095,231.582,0.0833,0.1324,3.2175,23.2112,232.5834,0.0996,0.1649
2016-04-10T02:34:59.330Z,0.9099,43.7218,232.1564,0.188,0.0227,2.1803,22.2308,231.6034,0.0961,0.1255,3.0469,24.813,232.4119,0.107,0.1519
2016-04-10T02:35:59.822Z,1.5324,43.0486,232.0644,0.1856,0.0364,2.3186,19.2633,231.3523,0.0829,0.1395,2.5492,25.4374,232.4171,0.1099,0.1296
2016-04-10T02:36:59.121Z,1.8914,43.4876,232.9594,0.1868,0.0469,2.1746,21.5661,231.9108,0.0928,0.1277,3.4224,22.4738,232.5197,0.0968,0.1687
2016-04-10T02:37:59.331Z,0.9489,43.7833,232.8813,0.1882,0.0224,2.1177,20.5486,231.7958,0.0887,0.1238,3.2473,23.5553,232.5691,0.1015,0.1614
2016-04-10T02:38:59.593Z,1.087,43.5268,232.3727,0.1877,0.0264,2.1458,17.9324,231.7274,0.0775,0.1385,2.893,24.9638,232.4104,0.1078,0.1461
2016-04-10T02:39:59.587Z,1.0604,43.4009,232.6227,0.1868,0.0274,2.2478,21.7697,232.1478,0.0938,0.1265,2.8238,24.9014,232.6016,0.107,0.1448
2016-04-10T02:40:59.256Z,2.3448,42.6822,232.8198,0.1839,0.057,2.5829,21.9906,232.6372,0.094,0.1377,2.9374,27.3766,232.4479,0.1179,0.1287
2016-04-10T02:41:59.068Z,2.1655,44.1104,233.4664,0.1893,0.0499,2.0523,20.3644,232.7111,0.0874,0.1214,2.8366,25.0684,232.6845,0.1082,0.1415
2016-04-10T02:42:59.457Z,1.1996,43.7222,233.2346,0.1877,0.0295,2.0666,22.2593,232.5548,0.096,0.1198,3.1345,24.8865,232.4111,0.1067,0.1474
2016-04-10T02:43:59.709Z,1.2817,44.3534,232.9062,0.1904,0.0298,2.0971,23.1126,232.6383,0.0997,0.1173,2.7857,24.4101,232.4751,0.105,0.139
2016-04-10T02:44:59.591Z,1.1754,43.735,233.5484,0.1868,0.0309,2.1969,22.7812,232.7851,0.0974,0.1204,2.7567,26.0397,232.5358,0.1123,0.1424
2016-04-10T02:46:59.346Z,2.0854,42.684,233.2879,0.1829,0.0499,2.026,18.8398,232.3514,0.0808,0.1322,3.1496,25.3775,232.2105,0.1093,0.1487
2016-04-10T02:47:59.134Z,1.197,42.9819,232.8869,0.1841,0.0304,2.1429,18.1949,231.4123,0.0782,0.1373,3.2122,25.4268,232.1034,0.1094,0.1523
2016-04-10T02:48:59.811Z,1.156,43.9124,232.5272,0.1888,0.0272,2.549,23.0165,231.1086,0.0997,0.1307,2.9437,25.3122,231.9827,0.1088,0.1474
2016-04-10T02:49:59.359Z,1.001,43.3552,232.5412,0.1865,0.0238,2.0777,19.8521,231.0671,0.0863,0.1296,3.0464,24.8649,231.97,0.1079,0.1489
2016-04-10T02:50:59.014Z,2.0001,43.6253,232.7073,0.1877,0.0494,2.3562,21.0599,231.3052,0.0909,0.1326,3.132,24.3141,232.0839,0.1049,0.1499
2016-04-10T02:51:59.683Z,1.0999,44.0421,233.0599,0.1895,0.0258,2.2443,21.0012,231.9922,0.0902,0.1252,3.1837,26.3859,232.9566,0.1129,0.1481
2016-04-10T02:52:59.066Z,0.9718,43.4951,233.101,0.1869,0.0226,2.8489,21.271,232.0425,0.0914,0.1437,3.1722,25.824,232.9808,0.1107,0.1559
2016-04-10T02:53:59.832Z,1.2612,44.234,233.075,0.1903,0.0304,2.846,22.7567,232.0242,0.0982,0.1404,2.7563,25.0272,232.9865,0.1072,0.1428
2016-04-10T02:54:59.272Z,2.257,41.8636,232.6174,0.1792,0.0542,2.037,18.6386,231.8492,0.0794,0.1427,3.007,27.6649,233.2778,0.119,0.1343
2016-04-10T02:55:59.639Z,1.7988,42.0691,232.3575,0.1818,0.0458,2.1322,17.1818,231.3984,0.0741,0.1449,3.2928,24.3002,233.8663,0.1046,0.1624
2016-04-10T02:56:59.022Z,0.993,43.5047,231.8527,0.188,0.0233,2.198,23.289,231.8323,0.0999,0.1189,2.8579,25.875,233.6018,0.1108,0.1442
2016-04-10T02:57:59.271Z,1.3444,43.7187,231.9286,0.1882,0.0319,2.3492,21.156,231.9341,0.0912,0.1397,2.992,25.7801,233.2679,0.1108,0.1435
2016-04-10T02:58:59.754Z,1.2609,42.8674,231.6103,0.1849,0.0321,2.3451,24.3793,231.3909,0.1049,0.1276,2.9789,24.2733,232.6522,0.1046,0.1509
2016-04-10T02:59:59.179Z,1.9776,43.8637,231.8637,0.1886,0.0469,1.743,21.6777,231.2353,0.0936,0.1164,3.1428,24.5507,232.8362,0.1057,0.1573
