2016-01-03T00:00:59.918Z,1095.1448,1507.1318,226.8697,6.6427,0.7269,1174.5452,1542.419,224.1169,6.8822,0.7612,1691.2753,2195.6721,229.5644,9.5642,0.7697
2016-01-03T00:01:59.323Z,1116.9393,1515.7268,226.8244,6.6822,0.737,1197.4369,1578.8118,224.9861,7.0161,0.7585,1686.5693,2198.1174,229.4493,9.58,0.7668
2016-01-03T00:02:59.651Z,1115.2337,1512.3363,227.1424,6.6578,0.738,1164.0697,1563.9611,225.6642,6.9306,0.7444,1644.9512,2144.2406,228.4086,9.3873,0.7681
2016-01-03T00:03:59.914Z,1105.5812,1512.8107,227.763,6.6414,0.7302,1144.7237,1548.4413,225.2268,6.8743,0.7392,1641.1979,2141.1923,229.243,9.3402,0.7666
2016-01-03T00:04:59.149Z,1096.702,1501.1017,227.5884,6.5951,0.7308,1152.5138,1558.0987,225.6267,6.9054,0.7396,1630.9761,2140.0046,229.3075,9.3321,0.7619
2016-01-03T00:05:59.536Z,1094.5407,1493.9741,227.3797,6.5693,0.7322,1161.0762,1565.8661,225.9148,6.9312,0.741,1627.1968,2142.0873,229.445,9.3357,0.7584
2016-01-03T00:06:59.853Z,1082.2963,1478.1247,227.2416,6.5038,0.7328,1159.88,1570.7626,227.0514,6.9183,0.7387,1608.4762,2135.2526,229.4016,9.3071,0.7522
2016-01-03T00:07:59.955Z,1084.9443,1491.6945,226.6487,6.5806,0.7274,1162.9069,1562.4403,227.1522,6.878,0.7435,1640.843,2165.6704,229.9333,9.4176,0.7581
2016-01-03T00:08:59.371Z,1099.8639,1503.538,226.9273,6.6253,0.7311,1172.6381,1577.3997,227.3926,6.9369,0.7431,1644.853,2169.2642,230.0063,9.4309,0.7587
2016-01-03T00:09:59.133Z,1074.1092,1470.8732,226.8648,6.4836,0.7294,1156.1861,1567.1457,227.8201,6.8788,0.7373,1604.5596,2136.8456,229.4002,9.3143,0.7512
2016-01-03T00:10:59.508Z,1083.8251,1492.1147,226.8958,6.5761,0.7259,1133.9584,1522.3034,225.0424,6.7636,0.7456,1641.9367,2139.05,228.9408,9.3427,0.7672
2016-01-03T00:11:59.967Z,1118.0005,1521.5557,226.4843,6.7173,0.7349,1169.3135,1545.032,224.6207,6.8781,0.7568,1688.3293,2176.2955,228.7829,9.512,0.7754
2016-01-03T00:12:59.392Z,1176.8349,1555.6618,225.9755,6.8844,0.7565,1213.7811,1600.6902,225.4334,7.0999,0.7587,1696.4068,2174.198,227.4014,9.5609,0.7791
2016-01-03T00:13:59.598Z,1175.316,1563.9952,227.4892,6.8748,0.7513,1169.9336,1578.8247,225.1327,7.0128,0.7409,1663.96,2129.8053,227.0467,9.3804,0.7817
2016-01-03T00:14:59.101Z,1145.2415,1531.0661,227.8824,6.7183,0.7478,1143.5557,1561.9101,225.394,6.9289,0.732,1619.8618,2091.7266,226.7553,9.2242,0.7734
2016-01-03T00:15:59.150Z,1159.6619,1558.4925,227.8911,6.8382,0.7438,1154.4182,1567.6417,225.7813,6.9426,0.7363,1657.2646,2130.3387,227.8485,9.3485,0.7784
2016-01-03T00:16:59.588Z,1183.9214,1583.9079,227.4388,6.9635,0.7477,1201.3638,1603.058,226.4848,7.0777,0.7498,1708.4827,2192.208,228.429,9.5964,0.78
2016-01-03T00:17:59.375Z,1168.3952,1581.0807,227.6543,6.9448,0.7387,1174.0207,1575.2111,226.3973,6.9578,0.7451,1703.7437,2185.3338,228.6434,9.5573,0.7792
2016-01-03T00:18:59.730Z,1121.1076,1531.1461,227.6564,6.7258,0.7327,1153.0304,1558.3596,226.745,6.8727,0.7398,1658.2363,2153.9662,228.6773,9.4179,0.7699
2016-01-03T00:19:59.292Z,1123.1745,1529.7535,227.7547,6.717,0.7343,1177.9393,1580.7038,227.3769,6.9517,0.7453,1666.899,2174.7909,228.9134,9.4997,0.767
2016-01-03T00:20:59.602Z,1164.1844,1552.4526,226.6611,6.8484,0.7492,1228.2246,1612.0578,226.6087,7.1137,0.7616,1712.7093,2208.6841,227.9876,9.6868,0.7767
2016-01-03T00:21:59.531Z,1149.6026,1547.1069,226.421,6.832,0.7431,1214.5958,1593.4067,226.5699,7.0322,0.7617,1716.4074,2213.4469,228.2884,9.6953,0.776
2016-01-03T00:22:59.948Z,1106.4394,1527.585,226.1383,6.7548,0.7243,1148.6173,1522.3729,225.9186,6.7383,0.7543,1698.1513,2187.3539,228.9631,9.5528,0.7772
2016-01-03T00:23:59.505Z,1094.2449,1533.6921,225.9169,6.7881,0.7131,1143.7589,1488.0951,224.089,6.6404,0.7683,1747.1794,2230.4276,229.9218,9.7003,0.7829
2016-01-03T00:24:59.884Z,1134.5886,1565.1188,225.537,6.9393,0.7251,1193.8322,1528.7311,223.9331,6.8262,0.7811,1794.8361,2275.5426,229.7903,9.9021,0.7884
2016-01-03T00:25:59.115Z,1150.7698,1558.8206,225.6119,6.9092,0.7378,1211.2445,1574.7961,225.8687,6.9721,0.7689,1747.1504,2239.6347,229.2667,9.7682,0.7798
2016-01-03T00:26:59.556Z,1127.0927,1544.8281,227.3646,6.7943,0.7299,1159.4199,1556.173,226.4553,6.8717,0.7451,1683.545,2180.8401,229.4749,9.5031,0.7711
2016-01-03T00:27:59.968Z,1126.9158,1540.288,227.45,6.7716,0.7317,1166.3868,1565.6114,226.8583,6.9002,0.7448,1678.232,2177.8383,229.2844,9.4981,0.7711
2016-01-03T00:28:59.187Z,1184.7491,1598.4861,228.0231,7.0099,0.7414,1198.8881,1599.4433,226.7147,7.0547,0.7494,1725.7974,2211.0705,229.0302,9.654,0.7802
2016-01-03T00:29:59.495Z,1187.3651,1598.5968,228.0572,7.0092,0.7427,1207.4956,1609.803,226.972,7.0923,0.7499,1726.2453,2214.104,228.9567,9.6701,0.7796
2016-01-03T00:30:59.040Z,1141.4261,1541.8454,227.6245,6.773,0.7403,1183.6555,1588.1209,226.8956,6.9985,0.7453,1670.1729,2167.6457,228.4942,9.4858,0.7706
2016-01-03T00:31:59.516Z,1179.0338,1551.5347,228.4237,6.792,0.7599,1171.6529,1604.2907,226.8023,7.0735,0.7304,1621.4311,2088.4922,225.3552,9.2673,0.7758
2016-01-03T00:32:59.815Z,1186.5309,1561.869,226.4563,6.8962,0.7591,1233.08,1626.7489,226.3801,7.1857,0.7578,1700.649,2184.3168,227.2381,9.6118,0.7794
2016-01-03T00:33:59.145Z,1193.9398,1557.0668,225.7689,6.8961,0.767,1257.8968,1647.9527,226.769,7.2667,0.7633,1700.4297,2187.9803,226.7048,9.6505,0.777
2016-01-03T00:34:59.639Z,1156.1651,1520.3651,226.3781,6.7158,0.7608,1220.5774,1621.1183,226.8781,7.1448,0.753,1652.3219,2145.5547,226.5836,9.4687,0.77
2016-01-03T00:35:59.779Z,1143.8886,1508.1878,226.625,6.6542,0.7587,1208.7346,1613.3636,227.0602,7.1054,0.7493,1634.3702,2132.0738,226.4776,9.4134,0.7677
2016-01-03T00:37:59.317Z,1192.7324,1569.068,227.5934,6.8939,0.7599,1249.0003,1658.2292,227.5189,7.2881,0.7529,1693.552,2192.7725,227.7287,9.6287,0.7712
2016-01-03T00:38:59.099Z,1163.2586,1546.1557,227.7703,6.7886,0.7529,1219.8493,1629.6173,227.4508,7.1647,0.7484,1669.648,2172.1923,227.6844,9.5399,0.7688
2016-01-03T00:39:59.537Z,1143.3529,1531.9824,227.4851,6.7343,0.7469,1193.0644,1600.9486,227.1569,7.0479,0.745,1655.046,2155.1816,227.9901,9.452,0.7693
2016-01-03T00:40:59.984Z,1175.6651,1562.9014,226.8848,6.8879,0.752,1230.21,1625.8883,227.0423,7.1609,0.7567,1705.776,2200.2854,228.1883,9.6419,0.7753
2016-01-03T00:41:59.360Z,1198.5017,1616.8409,228.2424,7.0837,0.741,1211.9057,1597.8039,224.8118,7.1067,0.7587,1765.6404,2241.9367,229.5807,9.7645,0.7872
2016-01-03T00:42:59.147Z,213.5981,373.4362,230.377,1.6313,0.1546,205.2919,344.2889,225.1526,1.5377,0.1632,403.2563,516.5327,232.0363,2.236,0.7557
2016-01-03T00:43:59.338Z,371.9188,913.765,229.8033,3.9817,0.3459,390.6208,908.0551,227.057,4.0034,0.3599,479.3271,1025.8613,230.7461,4.4496,0.5171
2016-01-03T00:44:59.702Z,490.9892,1088.6621,229.8414,4.7359,0.4516,522.2761,1135.1109,226.8746,5.0034,0.4599,599.6864,1257.9588,230.6117,5.4542,0.4762
2016-01-03T00:45:59.975Z,353.8683,724.7174,229.8481,3.1591,0.327,382.8618,753.5736,228.2033,3.3166,0.3364,476.6678,866.5522,231.5377,3.7529,0.6201
2016-01-03T00:46:59.150Z,4.1317,100.7852,230.6006,0.4367,0.0417,3.9196,90.7439,229.8291,0.3947,0.0413,286.9068,347.2499,232.48,1.495,0.7853
2016-01-03T00:47:59.261Z,907.7741,1274.9353,229.5162,5.5614,0.6064,963.8007,1380.1203,228.5984,6.0466,0.6083,1438.5978,1907.0512,230.2749,8.2882,0.7667
2016-01-03T00:48:59.948Z,1205.3004,1623.3436,229.4282,7.0753,0.7428,1227.9111,1646.7213,227.148,7.2496,0.7453,1741.4868,2248.8916,229.9981,9.7773,0.7737
2016-01-03T00:49:59.232Z,1176.147,1600.5098,229.2017,6.982,0.7345,1210.536,1619.3212,226.6108,7.1456,0.747,1735.4433,2244.467,230.4874,9.7374,0.7733
2016-01-03T00:50:59.496Z,1119.657,1546.44,228.6736,6.7629,0.724,1148.3131,1557.0509,225.8766,6.8932,0.7377,1674.6709,2179.7464,230.0699,9.4739,0.7682
2016-01-03T00:51:59.276Z,1179.5952,1602.2202,228.3655,7.0157,0.7365,1187.0688,1587.2529,225.2493,7.0463,0.748,1734.3034,2217.5825,229.5134,9.6611,0.7819
2016-01-03T00:52:59.676Z,1181.0701,1612.6929,228.6688,7.0521,0.7322,1152.65,1554.6211,224.0582,6.9374,0.7412,1728.4926,2191.3849,228.9062,9.5733,0.7887
2016-01-03T00:53:59.368Z,1166.8753,1597.5038,229.2481,6.9681,0.7304,1129.289,1541.9358,224.2228,6.876,0.7321,1696.8819,2156.8857,228.5471,9.4373,0.7874
2016-01-03T00:54:59.084Z,1143.5539,1569.378,228.9921,6.8534,0.729,1120.8938,1534.9842,224.4392,6.8391,0.7304,1669.5727,2136.8215,228.5173,9.3502,0.7806
2016-01-03T00:55:59.911Z,1171.0577,1593.0236,229.1313,6.9523,0.7352,1155.0484,1569.8568,224.8077,6.9829,0.7358,1694.8842,2169.5272,229.0562,9.4709,0.781
2016-01-03T00:56:59.110Z,1157.7759,1574.6706,228.9196,6.8782,0.735,1171.9911,1595.5016,226.3838,7.0474,0.7343,1680.1033,2176.2781,229.5381,9.4804,0.7716
2016-01-03T00:57:59.535Z,1121.8799,1538.6233,228.9251,6.7214,0.7289,1138.5776,1572.6152,226.9681,6.9287,0.7237,1635.2973,2138.7896,229.354,9.325,0.7644
2016-01-03T00:58:59.037Z,1125.8276,1545.9507,229.5277,6.7349,0.7286,1140.4059,1576.6868,227.0552,6.9435,0.7231,1636.9812,2140.7264,229.3966,9.3317,0.7645
2016-01-03T00:59:59.442Z,1169.6043,1584.3277,229.6165,6.8993,0.738,1186.3244,1620.5944,227.418,7.1256,0.7315,1676.6353,2181.1543,229.7491,9.4934,0.7697
2016-01-03T01:00:59.193Z,1167.4912,1584.3626,229.7563,6.8954,0.7374,1189.1285,1624.4035,227.4251,7.1422,0.7316,1679.4326,2187.4373,229.7671,9.5197,0.769
2016-01-03T01:01:59.594Z,1126.5477,1545.5826,229.3643,6.739,0.729,1148.9048,1578.8667,226.921,6.9578,0.7271,1647.7849,2152.4216,229.2553,9.3886,0.766
2016-01-03T01:02:59.178Z,1122.7683,1542.2211,228.6499,6.7446,0.7283,1137.7757,1559.0815,226.5335,6.8826,0.73,1647.3145,2145.1564,228.9866,9.3679,0.7682
2016-01-03T01:03:59.259Z,1157.1166,1578.9779,228.0811,6.9221,0.7326,1178.5544,1579.3824,225.8616,6.9924,0.7464,1712.4449,2202.8739,229.5831,9.5947,0.7788
2016-01-03T01:04:59.560Z,1160.4681,1576.9499,227.9907,6.9164,0.7359,1196.9916,1593.466,225.905,7.0534,0.7508,1717.3063,2214.9881,229.5637,9.6486,0.7756
2016-01-03T01:05:59.693Z,1100.3462,1539.7642,228.172,6.7479,0.7144,1155.1344,1539.3182,225.2759,6.8323,0.7502,1705.6617,2211.7458,230.4642,9.5971,0.7711
2016-01-03T01:06:59.490Z,1104.159,1546.7613,229.062,6.7524,0.7137,1132.7511,1532.0637,225.3444,6.7981,0.7394,1685.8646,2185.6892,230.2544,9.4921,0.7698
2016-01-03T01:07:59.737Z,1161.6048,1563.3374,228.444,6.8431,0.743,1205.9913,1625.2376,227.5488,7.1421,0.7416,1678.1377,2189.662,229.2591,9.5507,0.767
2016-01-03T01:08:59.114Z,1186.4638,1584.952,228.6346,6.9324,0.7485,1216.3138,1642.1401,227.7071,7.2115,0.7401,1685.8653,2189.9452,228.9713,9.5635,0.7698
2016-01-03T01:09:59.519Z,1145.6818,1540.6428,228.4514,6.7434,0.7441,1191.3117,1623.181,228.2022,7.1123,0.7342,1637.5122,2151.8162,228.6122,9.4119,0.7612
2016-01-03T01:10:59.948Z,1126.8613,1530.9411,228.3491,6.7042,0.7357,1166.1249,1597.8687,227.855,7.0124,0.7298,1633.9888,2147.3148,229.1229,9.3711,0.7611
2016-01-03T01:11:59.731Z,1165.999,1579.9713,227.9257,6.9315,0.738,1184.7721,1594.5636,226.6383,7.0353,0.7433,1703.7785,2195.3855,229.6174,9.5599,0.7761
2016-01-03T01:12:59.985Z,1182.8529,1603.6259,227.7936,7.0397,0.7378,1193.0532,1592.1321,226.1161,7.0411,0.7496,1739.4127,2221.1511,229.6278,9.6726,0.7821
2016-01-03T01:13:59.350Z,1130.8306,1558.5653,227.028,6.8644,0.7257,1163.8247,1548.1092,225.7903,6.8561,0.7521,1714.1807,2203.2434,229.4982,9.6004,0.7789
2016-01-03T01:14:59.245Z,1108.8796,1540.8539,227.1622,6.7827,0.7199,1141.8892,1524.0496,225.6442,6.7537,0.7497,1702.1612,2193.231,229.7446,9.5455,0.7767
2016-01-03T01:15:59.654Z,1146.6564,1563.2838,227.7137,6.8644,0.7336,1189.16,1580.7692,226.3599,6.9828,0.753,1712.5944,2209.0934,229.2948,9.6342,0.7752
2016-01-03T01:16:59.255Z,1180.0064,1592.4512,228.4101,6.9722,0.7413,1212.1037,1616.6221,227.2117,7.1149,0.7507,1722.5636,2218.8602,228.9057,9.6931,0.7782
2016-01-03T01:17:59.961Z,1144.9973,1560.1545,228.1347,6.8386,0.7343,1191.8543,1594.8093,227.4403,7.0115,0.747,1696.1118,2202.7904,229.0732,9.616,0.7697
2016-01-03T01:18:59.507Z,1116.1191,1529.16,228.1646,6.7017,0.7294,1169.1091,1575.0874,227.5627,6.9217,0.7419,1664.4479,2176.5116,228.8957,9.5089,0.7648
2016-01-03T01:19:59.870Z,1148.3879,1548.9587,228.4639,6.7797,0.7416,1208.5448,1623.2544,228.2818,7.1098,0.7446,1672.8024,2188.5071,228.753,9.567,0.7634
2016-01-03T01:20:59.250Z,1185.9861,1581.5627,229.1943,6.9,0.7502,1234.6892,1660.5527,228.2988,7.2727,0.743,1690.0561,2204.4414,228.9061,9.6295,0.768
2016-01-03T01:21:59.522Z,1169.193,1569.8016,229.2416,6.8471,0.7453,1210.542,1634.354,227.843,7.1734,0.7401,1674.1957,2182.2527,228.5613,9.547,0.7678
2016-01-03T01:22:59.824Z,1144.494,1555.3907,229.3184,6.7827,0.7363,1162.5698,1591.0388,227.5006,6.9932,0.7301,1648.3204,2145.449,228.2113,9.4008,0.7696
2016-01-03T01:23:59.361Z,1167.224,1555.6562,228.8007,6.7992,0.7503,1197.5353,1624.1411,227.7167,7.1318,0.7374,1652.5601,2149.4493,227.4636,9.4488,0.7696
2016-01-03T01:24:59.932Z,1191.3652,1576.4158,228.4464,6.9005,0.7554,1233.5102,1651.5964,227.7976,7.2495,0.7471,1689.3791,2187.2118,227.474,9.6143,0.7713
2016-01-03T01:25:59.392Z,1184.4267,1576.005,229.2618,6.8742,0.7514,1217.6076,1647.6472,227.9893,7.2267,0.7387,1672.9267,2174.5451,227.7564,9.5476,0.7686
2016-01-03T01:26:59.150Z,1159.8307,1560.601,230.4718,6.7713,0.7429,1173.4531,1625.4183,228.2891,7.1199,0.7216,1625.0658,2129.478,227.9761,9.3404,0.7617
2016-01-03T01:27:59.373Z,1165.4983,1576.1232,230.3083,6.843,0.7393,1179.2658,1620.8582,227.8399,7.1136,0.7273,1655.1784,2160.5202,229.1273,9.4286,0.766
2016-01-03T01:28:59.854Z,1187.4174,1592.2703,229.466,6.9389,0.7456,1228.4597,1657.4021,228.3323,7.2582,0.7407,1694.4766,2210.6329,229.5828,9.6287,0.767
2016-01-03T01:29:59.601Z,1174.9042,1574.7409,229.1539,6.8722,0.7467,1232.8466,1658.0222,228.4324,7.2576,0.7431,1686.6189,2208.3452,229.417,9.6257,0.7633
2016-01-03T01:30:59.395Z,1134.7935,1536.1308,229.1096,6.7047,0.7392,1196.4281,1625.5753,228.4042,7.1165,0.7364,1643.4337,2169.8648,229.2269,9.4657,0.7588
2016-01-03T01:31:59.824Z,1139.2679,1541.9044,229.0204,6.7325,0.7393,1197.9129,1623.1481,228.4631,7.1044,0.7376,1655.1792,2177.5696,229.1109,9.5044,0.7604
2016-01-03T01:32:59.117Z,1178.2917,1584.2819,228.6586,6.9282,0.7434,1222.8806,1633.3302,227.6636,7.1742,0.7489,1709.8569,2215.2639,228.8267,9.6801,0.7709
2016-01-03T01:33:59.721Z,421.2602,627.9166,229.3748,2.7438,0.282,421.2249,620.7132,227.8923,2.7302,0.286,666.8708,864.6254,230.3769,3.7713,0.7569
2016-01-03T01:35:59.282Z,390.4654,889.0217,228.6032,3.8908,0.374,430.7947,927.1922,227.4141,4.0815,0.3933,521.2148,1081.0974,229.5982,4.711,0.526
2016-01-03T01:36:59.712Z,543.7522,1138.1541,229.5834,4.9571,0.4773,587.2089,1143.9364,226.5094,5.0504,0.514,700.9877,1323.6866,231.1421,5.7259,0.5287
2016-01-03T01:37:59.019Z,137.6496,347.1222,231.7556,1.5042,0.1404,144.8484,327.4557,225.8234,1.4543,0.1531,277.0083,438.4242,233.1503,1.885,0.7108
2016-01-03T01:38:59.336Z,227.7935,410.3997,231.1387,1.7829,0.1844,252.0447,453.7198,228.3469,1.9921,0.1967,682.5588,867.038,231.4338,3.7618,0.8076
2016-01-03T01:39:59.091Z,1134.3121,1570.9169,230.0989,6.827,0.722,1139.5069,1574.1866,227.5626,6.9171,0.7235,1667.6658,2178.6425,229.5355,9.491,0.7657
2016-01-03T01:40:59.479Z,1182.1024,1608.5934,229.6598,7.0043,0.7348,1206.4833,1625.0198,227.3827,7.1464,0.7427,1725.1592,2235.0686,229.4692,9.7397,0.771
2016-01-03T01:41:59.116Z,1152.394,1578.7506,229.7104,6.8728,0.7294,1168.6913,1591.0576,226.9639,7.0094,0.7346,1687.2854,2191.7016,229.0927,9.5665,0.77
2016-01-03T01:42:59.251Z,1121.4103,1558.7206,229.5398,6.7902,0.7201,1106.1256,1531.1029,226.3071,6.765,0.722,1653.1104,2141.8164,228.8184,9.3599,0.7716
2016-01-03T01:43:59.908Z,1109.941,1547.6448,229.1346,6.7538,0.718,1094.6317,1517.2616,226.2,6.7069,0.7218,1642.8123,2127.0652,228.5076,9.3077,0.771
2016-01-03T01:44:59.206Z,1119.1467,1554.2665,230.0009,6.7573,0.7201,1074.8735,1509.7374,225.5066,6.6949,0.7126,1626.7267,2099.6417,228.0608,9.2055,0.7756
2016-01-03T01:45:59.486Z,1120.6979,1549.9503,229.8479,6.7433,0.7227,1085.1547,1516.2364,225.248,6.732,0.716,1625.8066,2097.7139,227.828,9.207,0.7749
2016-01-03T01:46:59.073Z,1107.6463,1535.1181,229.8462,6.6788,0.7212,1101.9873,1540.4703,226.7097,6.7944,0.7157,1613.7673,2109.5043,228.8411,9.2184,0.7638
2016-01-03T01:47:59.735Z,1099.4842,1531.0859,229.597,6.6684,0.718,1114.8181,1542.6023,227.1158,6.792,0.7227,1630.5097,2137.1768,229.4677,9.3132,0.762
2016-01-03T01:48:59.045Z,1088.8487,1526.5521,229.9088,6.6393,0.713,1120.3231,1550.9144,227.7375,6.81,0.7219,1628.7179,2149.404,230.0272,9.3437,0.759
2016-01-03T01:49:59.409Z,1093.7747,1534.5336,230.0387,6.6703,0.7123,1115.5207,1543.5028,227.551,6.7829,0.7222,1639.1718,2151.4501,229.9613,9.3553,0.7619
2016-01-03T01:50:59.873Z,1090.777,1534.3379,230.0386,6.6703,0.7107,1122.3789,1546.2364,227.78,6.7878,0.7252,1648.2098,2166.0724,230.0969,9.4133,0.7603
2016-01-03T01:51:59.706Z,1093.2119,1535.9616,230.4612,6.6641,0.7118,1124.2261,1553.4666,227.8816,6.8166,0.7233,1643.671,2163.3886,230.1058,9.4014,0.7602
2016-01-03T01:52:59.437Z,1100.3799,1535.4302,229.6653,6.6852,0.7166,1128.8774,1551.5115,227.561,6.818,0.7278,1648.4215,2161.9039,229.8251,9.4062,0.7616
2016-01-03T01:53:59.425Z,1096.4052,1531.7543,229.3613,6.6785,0.7158,1124.2471,1543.4733,227.4119,6.7873,0.7281,1645.6953,2155.7481,229.761,9.3825,0.7626
2016-01-03T01:54:59.090Z,1113.4178,1548.4088,229.2444,6.7539,0.7189,1123.578,1537.1821,226.6814,6.7808,0.7312,1662.4813,2156.4769,229.3092,9.4038,0.7707
2016-01-03T01:55:59.672Z,1108.2116,1541.8667,229.4752,6.7186,0.7188,1116.0407,1532.2772,226.2929,6.7706,0.7291,1650.6357,2144.6492,229.1687,9.358,0.7699
2016-01-03T01:56:59.110Z,1110.0389,1537.8436,229.9218,6.6885,0.7212,1154.6835,1583.4635,228.192,6.9389,0.7294,1646.9835,2171.7126,230.103,9.4375,0.7592
2016-01-03T01:57:59.262Z,1091.8757,1520.5431,229.49,6.6252,0.7181,1134.2169,1557.2539,227.6798,6.8392,0.7283,1637.2318,2156.4049,229.6254,9.3904,0.7598
2016-01-03T01:58:59.972Z,1111.7047,1541.6041,230.0344,6.7012,0.721,1145.8081,1568.9422,227.5616,6.8942,0.7303,1654.4082,2168.7626,229.7438,9.439,0.7632
2016-01-03T01:59:59.767Z,1158.8185,1585.848,229.8588,6.8989,0.7307,1185.1549,1597.1084,227.0757,7.0334,0.7417,1709.7031,2211.8296,229.6538,9.6302,0.7738
2016-01-03T02:00:59.164Z,1155.0588,1590.1283,230.201,6.9069,0.7269,1171.7253,1585.2294,226.5529,6.9973,0.739,1712.1771,2209.9155,229.9267,9.6111,0.7748
2016-01-03T02:01:59.673Z,1116.0442,1561.7902,230.2846,6.7812,0.7148,1128.0221,1546.7971,226.717,6.8228,0.7292,1672.6931,2173.8519,229.9259,9.4541,0.77
2016-01-03T02:02:59.001Z,1128.201,1569.4683,229.7289,6.8313,0.7191,1119.6515,1537.7239,226.634,6.7847,0.7284,1675.7903,2161.8726,229.1898,9.432,0.7743
2016-01-03T02:03:59.699Z,1181.539,1615.4788,229.6299,7.0346,0.7313,1159.213,1566.1938,225.9825,6.9298,0.7399,1726.1214,2196.3595,228.6525,9.6054,0.7876
2016-01-03T02:04:59.251Z,1169.8247,1601.2487,228.7753,6.999,0.7308,1165.7133,1560.4874,225.6199,6.9157,0.7461,1730.8525,2204.2392,228.8481,9.6317,0.7858
2016-01-03T02:05:59.554Z,1127.1327,1571.3593,228.6282,6.8732,0.7171,1116.6394,1512.4698,225.1559,6.7178,0.7386,1698.7132,2172.7878,229.3788,9.4722,0.7807
2016-01-03T02:06:59.458Z,1127.7491,1559.472,229.7021,6.7891,0.7231,1136.9906,1558.9937,227.0396,6.8657,0.7289,1663.8877,2160.985,229.506,9.4152,0.771
2016-01-03T02:07:59.762Z,1167.0792,1592.2232,229.8206,6.9281,0.7323,1189.9457,1602.1977,226.8859,7.0617,0.7418,1711.8194,2211.8101,229.6777,9.6296,0.773
2016-01-03T02:08:59.991Z,1172.7081,1599.316,230.0844,6.951,0.7332,1191.7073,1606.1089,226.9297,7.0773,0.7419,1713.5842,2211.8267,229.5076,9.6369,0.7743
2016-01-03T02:09:59.360Z,1130.802,1553.6274,229.8747,6.7584,0.7283,1160.8644,1584.3722,227.473,6.9644,0.7329,1662.0466,2170.4531,229.3356,9.4636,0.7646
2016-01-03T02:10:59.096Z,1122.6869,1543.2551,229.5618,6.7222,0.728,1152.9694,1574.0852,227.2111,6.9273,0.7318,1652.5254,2156.8928,229.0171,9.4175,0.7661
2016-01-03T02:11:59.446Z,1166.3708,1596.527,229.7807,6.9478,0.7308,1184.338,1599.9409,227.5243,7.032,0.7404,1712.9334,2212.7276,229.7987,9.6287,0.7732
2016-01-03T02:12:59.998Z,1175.0347,1611.2082,230.0881,7.0021,0.7296,1191.7489,1609.5856,227.7538,7.0672,0.7407,1727.0879,2230.4971,230.2351,9.6876,0.7741
2016-01-03T02:13:59.503Z,1137.0784,1572.5876,229.502,6.8521,0.723,1157.1757,1575.4337,227.4855,6.9249,0.7345,1688.2238,2191.0967,229.9174,9.5297,0.7704
2016-01-03T02:14:59.961Z,1105.9893,1543.8762,228.7639,6.7476,0.7164,1149.0619,1553.504,227.4212,6.8304,0.7401,1681.1796,2194.1796,230.2177,9.5304,0.7666
2016-01-03T02:15:59.049Z,1149.1701,1585.1339,228.5338,6.9353,0.7254,1183.5265,1578.3745,226.866,6.9572,0.7496,1732.696,2234.4472,230.4754,9.6951,0.7753
2016-01-03T02:16:59.511Z,1169.3218,1591.8507,229.4371,6.9372,0.7347,1220.1346,1641.2222,228.6166,7.1786,0.7432,1715.2303,2238.1386,230.6232,9.7042,0.7657
2016-01-03T02:17:59.471Z,1139.2763,1563.3929,229.8403,6.8017,0.7292,1189.6704,1623.0004,228.9626,7.0883,0.7331,1673.472,2201.5817,230.4878,9.5512,0.7604
2016-01-03T02:18:59.873Z,1116.2607,1535.4331,229.5651,6.688,0.7268,1173.1374,1607.1768,228.9153,7.0208,0.7299,1648.0573,2180.7383,230.3029,9.4686,0.7563
2016-01-03T02:19:59.282Z,1149.9889,1561.1336,229.4975,6.8024,0.7363,1217.182,1646.5398,229.1697,7.1843,0.7387,1680.941,2210.6917,230.034,9.6097,0.7602
2016-01-03T02:20:59.694Z,1176.3703,1586.4152,229.1674,6.9223,0.7418,1222.7444,1641.4556,227.8607,7.2033,0.7447,1708.8236,2218.6156,229.3241,9.6737,0.7699
2016-01-03T02:21:59.173Z,1155.7374,1573.3574,229.252,6.8627,0.7346,1185.8642,1607.7925,227.9566,7.0528,0.7374,1687.8296,2193.4598,229.1593,9.5718,0.7699
2016-01-03T02:22:59.591Z,1177.6574,1588.6658,230.6018,6.889,0.7413,1128.6322,1587.6266,227.8561,6.9669,0.7106,1632.5067,2100.4334,226.6036,9.2683,0.7764
2016-01-03T02:23:59.433Z,1171.3649,1601.4996,229.5249,6.9771,0.7316,1160.4939,1573.8827,226.3566,6.9526,0.737,1711.8376,2187.7438,228.72,9.5651,0.7816
2016-01-03T02:24:59.681Z,1199.6992,1623.8929,229.3701,7.0798,0.7387,1178.6431,1589.9399,226.1636,7.0299,0.7404,1716.9594,2187.2469,228.0703,9.5893,0.7849
2016-01-03T02:25:59.034Z,3.8718,107.376,231.0882,0.4643,0.0352,3.0531,93.3918,228.25,0.4093,0.0374,125.3873,170.1701,231.4051,0.7358,0.7381
2016-01-03T02:26:59.407Z,464.5477,1106.9537,230.397,4.8044,0.4162,487.1062,1101.7347,227.3948,4.8452,0.4384,622.9218,1311.0869,231.2708,5.6699,0.4789
2016-01-03T02:27:59.162Z,462.8937,965.1879,230.9469,4.1829,0.3979,467.3086,938.7627,227.6492,4.1277,0.4056,600.2238,1090.6718,231.4963,4.7151,0.5868
2016-01-03T02:28:59.627Z,3.481,99.7702,231.4951,0.4305,0.0345,3.4793,87.9736,228.4632,0.3851,0.0391,206.2673,256.9877,232.3363,1.1079,0.7722
2016-01-03T02:29:59.776Z,703.2781,1035.1782,229.8927,4.5133,0.4712,713.5119,1026.8407,227.9796,4.5139,0.4807,1272.4637,1670.4379,230.473,7.2582,0.7941
2016-01-03T02:30:59.145Z,1177.4348,1610.4536,229.253,7.0245,0.7306,1192.2756,1613.8328,227.9744,7.0782,0.7385,1728.0707,2237.2922,229.9574,9.7293,0.7719
2016-01-03T02:31:59.846Z,1204.4962,1641.9836,230.2929,7.1296,0.7333,1196.5932,1626.1308,227.6624,7.1417,0.7358,1739.965,2239.4484,229.9777,9.7377,0.7781
2016-01-03T02:32:59.170Z,1134.9062,1592.0482,230.4652,6.9078,0.7126,1107.7283,1541.732,227.2257,6.7845,0.7185,1677.4165,2170.5835,229.9491,9.4391,0.7719
2016-01-03T02:33:59.482Z,1132.4109,1579.5492,229.8234,6.8724,0.717,1119.7124,1542.1079,226.8461,6.7977,0.7263,1683.779,2173.0796,229.4526,9.4706,0.7748
2016-01-03T02:34:59.472Z,1136.1054,1577.2898,230.4058,6.8452,0.7203,1118.3543,1555.7063,227.3579,6.8417,0.7191,1658.6249,2151.4743,228.8709,9.3999,0.7702
2016-01-03T02:35:59.338Z,1093.5506,1540.2369,230.5592,6.6798,0.7097,1094.7303,1544.3404,228.6182,6.7548,0.7092,1617.5076,2130.9494,229.3904,9.289,0.7597
2016-01-03T02:36:59.247Z,1093.6839,1539.4036,230.6042,6.6755,0.711,1105.1112,1555.2952,228.8727,6.7949,0.7107,1622.7502,2145.628,230.1625,9.3224,0.7569
2016-01-03T02:37:59.728Z,1139.8296,1571.4373,230.6212,6.8138,0.7252,1155.41,1608.0746,229.1568,7.017,0.7189,1650.3642,2170.5492,230.0001,9.4368,0.7603
2016-01-03T02:38:59.104Z,1148.5188,1574.9244,230.4625,6.8336,0.7293,1162.9756,1618.8918,229.4007,7.0566,0.7187,1649.9567,2171.2697,229.9505,9.4418,0.7599
2016-01-03T02:39:59.819Z,1112.1673,1544.8988,230.6746,6.697,0.7197,1122.4443,1583.5985,229.2346,6.9078,0.709,1609.8335,2132.7484,229.7785,9.2818,0.7549
2016-01-03T02:40:59.327Z,1099.2485,1524.9019,230.1478,6.6254,0.7212,1129.1807,1582.3526,229.1047,6.9063,0.713,1605.7216,2133.1763,229.6555,9.2879,0.7517
2016-01-03T02:41:59.228Z,1135.353,1560.2672,230.0236,6.7828,0.728,1167.2154,1607.8706,229.0352,7.0201,0.7257,1657.3775,2180.121,229.9501,9.4804,0.7602
2016-01-03T02:42:59.628Z,1155.447,1589.9553,230.6318,6.8933,0.7264,1168.4257,1618.8009,229.312,7.0591,0.7218,1669.5278,2190.2446,230.2714,9.5109,0.7611
2016-01-03T02:43:59.992Z,1124.1416,1555.529,230.4517,6.7497,0.7226,1133.0924,1588.4007,228.928,6.9383,0.7129,1624.4487,2143.2823,229.6529,9.3318,0.7589
2016-01-03T02:44:59.449Z,1117.6633,1550.1384,230.6575,6.7206,0.7204,1117.7383,1580.1434,228.8802,6.9034,0.7069,1608.5316,2122.6988,229.5262,9.2472,0.7583
2016-01-03T02:45:59.001Z,1159.583,1598.7396,230.9999,6.9198,0.7255,1136.877,1592.077,227.9912,6.9824,0.7145,1660.8391,2159.2549,229.7322,9.3983,0.7689
2016-01-03T02:46:59.238Z,1167.5751,1616.3941,231.3214,6.9871,0.7224,1156.0601,1612.7443,228.984,7.0428,0.7178,1686.5753,2197.2189,230.6501,9.5261,0.7691
2016-01-03T02:47:59.484Z,1134.7866,1585.5841,231.7063,6.8427,0.7153,1131.7008,1594.5809,229.1156,6.9597,0.7098,1650.5446,2173.1612,230.8107,9.4146,0.7594
2016-01-03T02:48:59.153Z,1115.9779,1572.6338,232.3331,6.7687,0.7097,1116.3145,1589.1531,229.6204,6.9206,0.7024,1625.8839,2159.8375,231.4335,9.3322,0.7525
2016-01-03T02:49:59.771Z,1144.4569,1600.0942,232.6531,6.8777,0.7153,1154.719,1624.7476,229.9538,7.0656,0.711,1660.877,2198.121,231.8565,9.4802,0.7559
2016-01-03T02:50:59.079Z,1161.6925,1608.1184,232.1789,6.9255,0.7224,1186.6986,1648.1205,229.871,7.1693,0.7194,1683.2451,2220.6068,231.6434,9.5859,0.7594
2016-01-03T02:51:59.183Z,1135.7696,1587.5469,232.3077,6.8333,0.7151,1157.9892,1623.1656,229.6671,7.0667,0.7134,1659.2478,2198.3659,231.7632,9.4848,0.7544
2016-01-03T02:52:59.046Z,1104.242,1580.4045,232.3949,6.8001,0.6988,1111.2264,1568.001,228.7324,6.8543,0.7087,1661.1094,2192.2828,232.4048,9.4324,0.7574
2016-01-03T02:53:59.948Z,1130.0367,1608.3964,231.966,6.9335,0.7023,1127.3677,1559.8178,227.239,6.8642,0.7226,1713.394,2222.4518,232.1251,9.5736,0.7705
2016-01-03T02:54:59.332Z,1169.6753,1633.2594,231.4243,7.0571,0.7161,1158.1718,1586.8833,227.1257,6.9866,0.7297,1734.0657,2230.6796,231.2685,9.6452,0.7771
2016-01-03T02:55:59.990Z,1154.6536,1606.2736,231.5514,6.9368,0.7186,1147.6667,1595.5772,228.3146,6.988,0.719,1686.7822,2196.1018,230.9236,9.5098,0.768
2016-01-03T02:56:59.654Z,1121.9629,1575.4586,231.7271,6.7987,0.7117,1128.8633,1590.9823,229.2516,6.9394,0.7094,1641.8663,2170.4931,231.295,9.3836,0.7572
2016-01-03T02:57:59.338Z,1148.8379,1591.6962,231.8073,6.8664,0.7216,1155.9584,1619.4771,229.2966,7.0624,0.7137,1652.8836,2180.718,231.1034,9.4356,0.758
2016-01-03T02:58:59.020Z,1190.3373,1628.7576,231.9509,7.0219,0.7309,1182.0776,1646.0551,229.0598,7.1856,0.7185,1685.139,2202.3626,231.0325,9.5324,0.7648
2016-01-03T02:59:59.184Z,1171.7402,1614.5987,232.0919,6.9563,0.7258,1172.4467,1636.283,229.3481,7.1344,0.7168,1672.4338,2194.4589,230.735,9.5103,0.7612
2016-01-03T03:00:59.851Z,1127.993,1579.4077,231.8498,6.8123,0.7143,1138.3183,1600.8262,229.3942,6.9779,0.7108,1645.1622,2176.6292,231.1641,9.4156,0.7559
2016-01-03T03:01:59.692Z,1136.2267,1588.7051,231.6022,6.8593,0.7148,1151.1602,1608.6216,229.2434,7.0171,0.7155,1665.2874,2195.9025,231.4678,9.4863,0.7584
2016-01-03T03:02:59.048Z,1173.232,1623.6694,231.2066,7.022,0.7218,1182.9672,1631.5339,229.1135,7.1206,0.7252,1708.7394,2230.6207,231.4444,9.6369,0.7666
2016-01-03T03:03:59.341Z,1162.1623,1622.0458,231.1692,7.0168,0.7162,1168.0172,1608.6406,228.5054,7.0388,0.7261,1719.3148,2233.6138,231.5638,9.6452,0.7706
2016-01-03T03:04:59.682Z,1116.9318,1604.0529,231.1533,6.9388,0.6963,1100.2733,1517.236,225.5384,6.7261,0.725,1717.4164,2208.972,231.3728,9.5463,0.7789
2016-01-03T03:05:59.328Z,1125.3454,1596.3021,230.4197,6.9273,0.7054,1124.9885,1557.6835,227.4656,6.8469,0.7225,1702.7313,2209.1294,231.5562,9.5396,0.7706
2016-01-03T03:06:59.127Z,1168.8547,1629.5555,231.0125,7.0534,0.7171,1172.0435,1617.7144,228.4353,7.081,0.7243,1725.9919,2240.8435,231.6965,9.6702,0.7702
2016-01-03T03:07:59.004Z,1161.5186,1615.114,230.8371,6.9964,0.7184,1180.8414,1626.7203,228.7124,7.1117,0.726,1714.3642,2237.9807,231.573,9.6632,0.766
2016-01-03T03:08:59.728Z,1119.2402,1578.8616,230.8171,6.8397,0.7084,1146.3414,1594.3919,228.656,6.9722,0.7194,1676.4663,2206.3916,231.7044,9.5214,0.76
2016-01-03T03:09:59.267Z,1119.1455,1577.6637,230.8983,6.8325,0.7097,1153.61,1599.9863,229.0229,6.9853,0.7216,1677.3519,2213.9627,232.1365,9.5366,0.7582
2016-01-03T03:10:59.614Z,1157.9477,1615.1603,231.1643,6.9861,0.7168,1197.4044,1643.6316,229.2899,7.1677,0.7281,1719.1738,2260.7412,232.5387,9.7209,0.7602
2016-01-03T03:11:59.904Z,1166.4457,1617.0754,231.8052,6.9756,0.7212,1208.0971,1666.9813,229.8006,7.2536,0.7246,1705.5016,2250.8216,232.1894,9.6933,0.7574
2016-01-03T03:12:59.203Z,1137.9175,1597.1973,232.2067,6.8778,0.7122,1160.663,1632.8807,230.0067,7.099,0.711,1665.4942,2210.1647,232.0525,9.5238,0.7532
2016-01-03T03:13:59.752Z,1137.8355,1595.8789,231.8913,6.8818,0.7127,1142.4432,1612.5205,229.2971,7.0321,0.7089,1655.4004,2186.7364,231.5031,9.4451,0.7563
2016-01-03T03:14:59.873Z,1180.1467,1626.0469,231.2768,7.0302,0.7256,1189.5723,1644.8118,228.9507,7.1833,0.7229,1702.3176,2223.7782,231.2771,9.6149,0.7663
2016-01-03T03:15:59.067Z,622.011,912.3318,231.9074,3.9427,0.4009,620.2108,917.3386,230.676,4.0001,0.3942,929.9636,1229.6567,232.4308,5.3216,0.7159
2016-01-03T03:16:59.574Z,216.2707,601.3951,232.3643,2.5918,0.2014,238.8102,630.4568,231.4816,2.7267,0.2132,325.168,704.6387,233.8446,3.0159,0.5574
2016-01-03T03:17:59.261Z,530.1762,1150.9908,231.8606,4.964,0.4599,587.7884,1235.3011,230.7608,5.353,0.4755,635.1342,1363.2078,233.5402,5.8366,0.466
2016-01-03T03:18:59.801Z,125.79,347.4212,232.3873,1.4981,0.1266,135.404,347.0792,230.8696,1.5037,0.134,248.4857,426.9935,234.1863,1.8269,0.6444
2016-01-03T03:19:59.181Z,271.2026,506.2166,231.7761,2.1897,0.202,283.2153,502.889,230.79,2.1869,0.206,740.8772,957.1815,233.1198,4.1153,0.7891
2016-01-03T03:20:59.193Z,1138.3163,1589.2801,230.6663,6.8897,0.7161,1183.5794,1637.6679,229.8611,7.1235,0.7229,1693.2761,2245.4929,231.9404,9.6809,0.7538
2016-01-03T03:21:59.586Z,1193.7359,1624.8066,229.7747,7.0709,0.7347,1267.7683,1705.1972,229.9868,7.4131,0.7429,1753.0716,2309.2696,231.6924,9.9663,0.7593
2016-01-03T03:22:59.254Z,1164.2891,1600.9674,230.1282,6.9561,0.7269,1219.6089,1667.237,230.0769,7.2458,0.7312,1710.7489,2262.9091,231.8418,9.7597,0.756
2016-01-03T03:23:59.811Z,1114.3588,1559.6322,230.4786,6.7663,0.7147,1159.9811,1619.7367,230.0197,7.0408,0.7162,1653.2075,2205.9868,231.8813,9.5122,0.7491
2016-01-03T03:24:59.587Z,1087.0178,1530.039,229.9374,6.653,0.7103,1134.7534,1590.4887,229.519,6.9285,0.7135,1623.3797,2169.418,231.1837,9.3829,0.7489
2016-01-03T03:25:59.794Z,1108.9208,1548.3681,230.3558,6.7212,0.7157,1153.3012,1610.3139,229.53,7.0152,0.7164,1641.1746,2188.46,231.3574,9.4582,0.7506
2016-01-03T03:26:59.334Z,1132.7675,1570.1828,230.8119,6.8024,0.7213,1176.8453,1640.163,229.9654,7.1326,0.7173,1655.5624,2206.8722,231.6103,9.5278,0.75
2016-01-03T03:27:59.043Z,1114.3242,1562.3806,231.2045,6.7566,0.7129,1157.1826,1622.2465,229.9852,7.0529,0.713,1644.0456,2196.6251,231.72,9.4789,0.7481
2016-01-03T03:28:59.634Z,1082.0913,1528.7897,230.8193,6.6222,0.7078,1138.3484,1601.2958,230.0037,6.9616,0.7108,1618.3911,2177.3841,231.6953,9.3968,0.7431
2016-01-03T03:29:59.987Z,1107.9233,1549.343,230.8586,6.7104,0.715,1167.4504,1627.5112,230.1508,7.0712,0.7174,1643.2747,2200.9259,231.6353,9.5009,0.7461
2016-01-03T03:30:59.673Z,1135.2892,1589.5357,231.0549,6.8787,0.7146,1169.1387,1622.4343,229.2189,7.0773,0.7208,1686.8649,2227.584,232.1334,9.5952,0.7573
2016-01-03T03:31:59.303Z,1127.0824,1593.3747,231.3794,6.886,0.7074,1150.3757,1596.5748,228.4309,6.9884,0.7203,1690.9422,2226.9225,232.3175,9.5847,0.759
2016-01-03T03:32:59.371Z,1120.2914,1560.229,229.4844,6.7982,0.7183,1125.519,1551.1027,225.9358,6.8644,0.726,1668.0886,2163.1136,229.9396,9.4063,0.7714
2016-01-03T03:33:59.695Z,1128.8443,1563.4968,229.0819,6.8243,0.7221,1137.2719,1557.0337,226.0176,6.8884,0.7301,1678.4184,2174.0664,229.7461,9.4622,0.7717
2016-01-03T03:34:59.379Z,1116.4988,1541.3596,228.2904,6.7513,0.7246,1126.2292,1543.2689,225.5765,6.8407,0.7298,1658.5493,2146.4709,229.1183,9.3675,0.7726
2016-01-03T03:35:59.108Z,1117.604,1536.3866,226.9864,6.7676,0.7273,1155.4258,1556.6889,226.1367,6.883,0.7422,1678.0943,2175.4031,229.464,9.4797,0.7715
2016-01-03T03:36:59.352Z,1095.5822,1516.476,226.782,6.6866,0.7223,1149.1556,1552.6598,226.6968,6.8484,0.74,1663.2947,2171.8639,229.8841,9.4468,0.766
2016-01-03T03:37:59.856Z,1118.2721,1534.8807,227.6727,6.7411,0.7288,1165.3674,1577.375,227.0817,6.9456,0.739,1667.4089,2178.3564,229.8817,9.4751,0.7658
2016-01-03T03:38:59.841Z,1093.8437,1500.4271,227.7084,6.5889,0.729,1171.3362,1587.7678,227.7953,6.9691,0.7378,1641.048,2171.5996,229.8509,9.4476,0.7552
2016-01-03T03:39:59.408Z,1117.452,1520.7147,227.4303,6.6858,0.7351,1197.8502,1614.2066,228.1354,7.0747,0.742,1660.1663,2189.3533,229.9576,9.5196,0.7589
2016-01-03T03:40:59.653Z,1097.2899,1509.3941,227.4378,6.6358,0.7267,1170.8119,1586.5846,228.095,6.9556,0.7378,1646.4394,2172.6713,229.9546,9.4473,0.7592
2016-01-03T03:41:59.963Z,1101.3732,1517.9648,227.1782,6.6817,0.725,1150.5217,1559.3704,226.9714,6.8698,0.7377,1659.4572,2170.6568,229.8791,9.4419,0.7648
2016-01-03T03:42:59.341Z,1136.6177,1551.563,227.2194,6.8284,0.733,1171.4583,1577.2747,226.7167,6.9567,0.7426,1688.7974,2185.6808,229.6547,9.5165,0.772
2016-01-03T03:43:59.092Z,1114.5614,1534.7902,226.8343,6.7654,0.7259,1141.2361,1541.8879,226.2416,6.8142,0.7403,1676.8614,2169.7342,229.5033,9.4534,0.7723
2016-01-03T03:44:59.309Z,1109.1096,1525.5771,226.5121,6.7351,0.7271,1140.1958,1535.4398,226.0462,6.7926,0.7427,1675.8846,2165.3304,229.0676,9.4526,0.7733
2016-01-03T03:45:59.666Z,1132.2173,1529.1958,226.307,6.7568,0.7409,1188.7508,1590.3084,227.3849,6.9934,0.7478,1678.2433,2178.5858,228.408,9.5379,0.7707
2016-01-03T03:46:59.901Z,1101.7713,1537.0932,227.1881,6.7647,0.7168,1140.8716,1521.7686,225.1639,6.7574,0.7496,1710.5589,2199.5188,229.682,9.5762,0.7782
2016-01-03T03:47:59.952Z,1114.8707,1549.2513,228.2978,6.7854,0.7199,1124.7994,1529.5008,225.5769,6.779,0.7349,1684.4484,2169.4488,229.4448,9.4546,0.7762
2016-01-03T03:48:59.333Z,1150.4739,1558.5365,227.8383,6.8392,0.7387,1177.7124,1595.1269,226.956,7.028,0.7383,1679.518,2173.4044,228.8538,9.4962,0.7727
2016-01-03T03:49:59.099Z,1144.7287,1557.8328,228.4637,6.8182,0.7348,1154.6326,1582.6613,227.1755,6.9664,0.7297,1658.9656,2150.1278,228.7952,9.3974,0.7712
2016-01-03T03:50:59.387Z,1129.4589,1545.4834,228.5536,6.7608,0.7313,1144.1016,1568.6169,226.9914,6.9101,0.7299,1654.2597,2146.165,228.711,9.3832,0.7704
2016-01-03T03:51:59.725Z,1152.7937,1564.6814,228.6808,6.8409,0.7366,1174.0467,1592.4701,226.9194,7.0178,0.7376,1682.9078,2175.5068,228.8918,9.504,0.7729
2016-01-03T03:52:59.229Z,1142.2601,1556.8304,228.9046,6.8003,0.7331,1158.8415,1581.5703,226.9044,6.9693,0.7326,1667.1544,2162.0157,228.7251,9.4515,0.7715
2016-01-03T03:53:59.653Z,1135.7277,1554.0812,228.7063,6.7946,0.7303,1138.9853,1557.1552,226.6321,6.8704,0.7313,1661.5358,2144.5568,228.3332,9.3908,0.7741
2016-01-03T03:54:59.916Z,1155.018,1563.5943,228.9626,6.8286,0.7387,1126.0371,1553.1519,225.8188,6.8777,0.7244,1650.3484,2109.9209,226.8343,9.3003,0.7809
2016-01-03T03:55:59.433Z,1123.6364,1548.1901,228.4327,6.7767,0.726,1129.2165,1536.8516,225.8866,6.8033,0.7348,1672.4413,2151.8348,228.4361,9.4196,0.7775
2016-01-03T03:56:59.242Z,1120.3252,1558.9139,229.4682,6.7926,0.7189,1134.2002,1556.1743,227.1567,6.8506,0.7284,1669.3121,2169.6381,229.9783,9.4331,0.7698
2016-01-03T03:57:59.772Z,1116.8049,1551.723,229.281,6.7673,0.7194,1138.332,1560.4428,227.1468,6.8688,0.7298,1668.4677,2173.0738,230.122,9.442,0.7683
2016-01-03T03:58:59.191Z,1108.7717,1539.119,229.2626,6.7127,0.7202,1151.7061,1570.3007,227.4652,6.9031,0.7334,1665.3837,2180.9465,230.2229,9.4726,0.7626
2016-01-03T03:59:59.292Z,1113.5606,1543.4278,229.1842,6.7339,0.721,1145.7433,1566.6288,227.124,6.8972,0.7316,1661.9459,2172.3436,230.109,9.4397,0.7646
