2016-02-17T00:00:59.873Z,1088.0896,1477.62,229.5156,6.4379,0.7364,1141.28,1584.76,230.3938,6.8779,0.7197,1565.7614,2102.9018,227.2164,9.2549,0.7446
2016-02-17T00:01:59.091Z,1102.8661,1489.3488,229.7299,6.4827,0.7407,1163.617,1612.2169,230.7088,6.9878,0.7217,1573.58,2119.0428,227.4115,9.3181,0.742
2016-02-17T00:02:59.282Z,1064.7688,1471.7955,229.9585,6.4001,0.7237,1160.3252,1600.9915,230.7396,6.9384,0.7252,1579.2474,2152.8496,229.6227,9.3754,0.7339
2016-02-17T00:03:59.640Z,1070.2001,1475.2229,228.8121,6.4474,0.726,1172.9693,1588.8122,229.4387,6.9248,0.7384,1613.2118,2178.0272,230.0444,9.4677,0.7403
2016-02-17T00:04:59.978Z,1059.3994,1462.2586,228.5304,6.3983,0.7243,1162.0613,1571.9772,228.9949,6.8649,0.7393,1602.5764,2161.7581,229.5072,9.4188,0.7406
2016-02-17T00:05:59.413Z,1067.9952,1475.6424,228.2915,6.4635,0.7235,1173.416,1575.3431,228.8785,6.8829,0.7445,1628.2201,2187.4261,230.1562,9.5037,0.7442
2016-02-17T00:06:59.826Z,1056.7847,1463.0799,229.0688,6.3868,0.7221,1180.2862,1594.5794,229.8838,6.9362,0.7403,1610.7003,2189.6574,230.5093,9.4986,0.7357
2016-02-17T00:07:59.203Z,655.0766,928.4373,229.9594,4.0481,0.4724,729.2699,996.9682,230.6454,4.3336,0.4954,1046.441,1410.6637,231.5658,6.1176,0.7839
2016-02-17T00:08:59.567Z,195.063,419.5018,229.4376,1.8373,0.2196,245.4111,449.3964,231.0278,1.9516,0.2619,350.4241,640.3934,232.242,2.7669,0.7273
2016-02-17T00:09:59.756Z,331.0019,564.8626,228.8016,2.4831,0.3112,395.4974,612.0386,229.9961,2.6694,0.3572,466.7554,743.7178,230.9692,3.2309,0.7422
2016-02-17T00:10:59.070Z,3.3787,50.9153,231.9683,0.2197,0.0661,3.1009,33.7249,231.344,0.1462,0.0984,346.9351,398.5276,231.8226,1.7207,0.864
2016-02-17T00:11:59.506Z,1094.7141,1551.6237,230.534,6.7307,0.7136,1148.0323,1577.0693,228.4806,6.9024,0.7272,1633.9437,2181.1087,229.7569,9.4928,0.7482
2016-02-17T00:12:59.963Z,1153.4566,1584.2366,230.0641,6.8856,0.7276,1194.304,1586.1991,226.1626,7.0129,0.7528,1730.9292,2242.1571,229.4747,9.7713,0.7728
2016-02-17T00:13:59.375Z,1168.6401,1572.6006,229.9648,6.838,0.7429,1227.4909,1647.5652,228.8388,7.1999,0.7451,1691.6803,2222.7008,228.9876,9.7065,0.7609
2016-02-17T00:14:59.691Z,1090.2659,1506.7316,229.9971,6.5517,0.7236,1170.9538,1598.4218,229.6153,6.9611,0.7329,1625.8641,2179.9804,229.8776,9.4831,0.7448
2016-02-17T00:15:59.006Z,1045.9245,1473.902,230.5284,6.3933,0.7096,1129.0716,1568.8608,230.1328,6.8167,0.7201,1581.7672,2151.5525,230.3449,9.3406,0.7353
2016-02-17T00:16:59.345Z,1053.1886,1477.9796,230.3633,6.4157,0.7127,1138.1694,1571.636,229.6873,6.8428,0.7243,1593.5084,2158.8532,230.2897,9.3741,0.7384
2016-02-17T00:17:59.556Z,1074.7666,1491.3126,230.1843,6.4791,0.7208,1169.8386,1596.279,229.5404,6.9542,0.7328,1620.0552,2184.0897,230.0147,9.4957,0.7408
2016-02-17T00:18:59.797Z,1059.0658,1474.3121,229.9346,6.4117,0.7186,1153.9483,1575.9552,229.1467,6.8776,0.7322,1602.6416,2161.4212,229.6684,9.4106,0.7407
2016-02-17T00:19:59.103Z,1059.3772,1479.4866,229.9756,6.4333,0.7156,1154.0364,1576.2514,229.3158,6.8735,0.7324,1611.1714,2170.358,230.0863,9.4326,0.741
2016-02-17T00:20:59.500Z,1099.8312,1512.5217,230.3849,6.5652,0.7271,1178.9074,1607.5614,229.28,7.011,0.7333,1631.1779,2182.8614,229.8757,9.4958,0.7474
2016-02-17T00:21:59.832Z,1072.6028,1491.2876,230.4733,6.4706,0.7193,1151.6051,1584.8778,229.475,6.9056,0.7268,1603.0962,2159.4001,229.882,9.3933,0.7414
2016-02-17T00:22:59.022Z,1056.4163,1477.3716,230.4408,6.411,0.7147,1133.0874,1569.4526,229.4789,6.8399,0.7224,1584.5336,2140.8531,229.7521,9.3179,0.74
2016-02-17T00:23:59.355Z,1078.0861,1491.2962,229.9423,6.4852,0.7223,1130.3968,1554.2434,228.0591,6.8151,0.7278,1602.32,2132.06,228.7641,9.3193,0.751
2016-02-17T00:24:59.635Z,1065.809,1470.3064,229.3753,6.4099,0.725,1128.9432,1548.5258,228.0501,6.7907,0.7292,1586.7238,2114.9953,228.1227,9.2717,0.7501
2016-02-17T00:25:59.188Z,1057.8236,1477.4121,230.192,6.4181,0.7158,1151.2011,1573.1666,229.1544,6.8649,0.7315,1606.3387,2165.0894,229.9916,9.4134,0.7422
2016-02-17T00:26:59.482Z,1046.3279,1472.5782,230.4377,6.3903,0.7107,1145.4864,1571.1623,229.4516,6.8479,0.7293,1600.4174,2168.4633,230.6578,9.4012,0.7388
2016-02-17T00:27:59.745Z,1064.4202,1494.6838,230.2534,6.4913,0.712,1149.2802,1569.6449,229.236,6.8474,0.7318,1624.097,2179.8704,230.7611,9.4468,0.7452
2016-02-17T00:28:59.967Z,1060.4758,1493.7494,230.5941,6.4776,0.7101,1134.6826,1559.6141,229.0678,6.8083,0.7281,1615.6094,2169.7599,230.8088,9.4004,0.7444
2016-02-17T00:29:59.124Z,1074.01,1498.7126,230.498,6.5019,0.7169,1153.9476,1577.5927,229.2349,6.882,0.7317,1622.4664,2176.213,230.4615,9.4427,0.7458
2016-02-17T00:30:59.395Z,1065.9189,1489.5804,230.5157,6.4622,0.7163,1145.462,1571.3517,229.2366,6.8548,0.729,1610.8387,2163.1152,230.0667,9.4022,0.7442
2016-02-17T00:31:59.594Z,1081.1351,1506.5198,230.9302,6.5236,0.7176,1156.0357,1585.081,229.2846,6.9131,0.729,1621.8278,2174.1868,230.1858,9.4451,0.7463
2016-02-17T00:32:59.135Z,1077.9347,1491.073,230.2336,6.476,0.7231,1149.4407,1572.2452,228.4713,6.8817,0.7312,1607.4551,2147.3299,229.2701,9.3657,0.7494
2016-02-17T00:33:59.416Z,1079.8036,1509.6703,230.6361,6.5459,0.7154,1151.4434,1568.6307,228.4946,6.865,0.734,1639.2066,2185.2022,230.4532,9.4822,0.7507
2016-02-17T00:34:59.675Z,1074.1591,1504.9651,230.4456,6.531,0.7142,1137.9404,1548.8069,227.7486,6.8003,0.7346,1636.5269,2170.4783,230.0476,9.4341,0.7549
2016-02-17T00:35:59.012Z,1073.1792,1522.0724,231.8831,6.5639,0.7048,1153.7351,1587.4982,230.0658,6.9001,0.7273,1641.3768,2211.9447,231.6972,9.5465,0.7428
2016-02-17T00:36:59.243Z,1059.5711,1516.9758,232.3728,6.5283,0.6986,1152.8648,1597.7042,231.1503,6.9119,0.7218,1630.5731,2219.866,232.6523,9.5413,0.7342
2016-02-17T00:37:59.551Z,1070.7283,1520.8132,231.6191,6.5663,0.7037,1158.7662,1588.9332,230.2931,6.8998,0.7292,1648.4677,2221.6292,232.0974,9.5719,0.7411
2016-02-17T00:38:59.036Z,1072.9489,1521.3303,231.4317,6.5735,0.7051,1146.5892,1576.2219,229.7092,6.8617,0.7275,1639.9618,2203.5101,231.6936,9.5104,0.7435
2016-02-17T00:39:59.303Z,1082.0168,1512.1437,230.8624,6.5498,0.7153,1166.7086,1589.977,229.506,6.9272,0.734,1637.7132,2197.0059,230.7018,9.5228,0.7454
2016-02-17T00:40:59.560Z,1079.1159,1509.0097,230.5043,6.5459,0.715,1158.7294,1579.9491,229.4132,6.8871,0.7333,1637.4274,2192.6647,230.844,9.4984,0.7473
2016-02-17T00:41:59.739Z,1085.9778,1511.118,230.7301,6.5488,0.7191,1173.3164,1600.2717,230.1287,6.954,0.7328,1635.4891,2195.2254,230.5912,9.5193,0.7449
2016-02-17T00:42:59.066Z,1088.7539,1509.2456,230.7238,6.5411,0.7211,1166.2736,1595.8198,229.8595,6.9426,0.7309,1626.9097,2182.4792,230.2758,9.4774,0.7458
2016-02-17T00:43:59.503Z,1097.7729,1513.7277,230.2273,6.5748,0.7253,1165.466,1587.1878,229.063,6.9291,0.7345,1636.083,2176.9433,229.6045,9.4807,0.7511
2016-02-17T00:44:59.681Z,1104.4534,1515.7653,230.4866,6.5768,0.7291,1160.5549,1588.2354,228.7434,6.9434,0.7307,1620.4428,2153.0272,229.0716,9.3989,0.7532
2016-02-17T00:45:59.816Z,1105.9328,1521.2971,230.484,6.6007,0.7273,1168.2352,1601.9757,229.6763,6.9752,0.7289,1628.2854,2173.4031,229.876,9.4544,0.7499
2016-02-17T00:46:59.076Z,1094.5902,1512.3369,231.0248,6.5461,0.7235,1178.2549,1619.9642,230.4384,7.0308,0.7281,1618.176,2183.2896,230.5343,9.4704,0.7411
2016-02-17T00:47:59.372Z,1088.466,1499.8002,230.4668,6.5079,0.7258,1189.3283,1616.4943,230.2346,7.0209,0.7359,1627.4322,2191.3307,229.9834,9.5281,0.742
2016-02-17T00:48:59.726Z,1085.5718,1494.5674,230.1789,6.4928,0.7263,1188.553,1605.6506,229.8092,6.9869,0.7404,1633.1457,2190.1581,229.4287,9.5459,0.7463
2016-02-17T00:49:59.248Z,1086.6202,1496.3916,230.0312,6.5053,0.7262,1187.9013,1598.3801,229.2545,6.9716,0.7433,1640.4973,2192.2003,229.3447,9.5587,0.7491
2016-02-17T00:50:59.642Z,1095.1112,1513.0046,230.6028,6.5611,0.7237,1184.8053,1609.7412,230.15,6.9941,0.7363,1640.2964,2199.4027,230.312,9.5493,0.7459
2016-02-17T00:51:59.772Z,1095.3153,1507.7491,231.3168,6.5174,0.7264,1192.5789,1627.2534,230.4512,7.0613,0.7327,1626.4824,2191.0154,229.9986,9.5261,0.7414
2016-02-17T00:52:59.148Z,1115.3899,1514.5909,231.741,6.5355,0.7372,1199.6208,1647.2184,230.6458,7.1414,0.7287,1612.9665,2169.4144,229.0317,9.4722,0.742
2016-02-17T00:53:59.471Z,1115.9389,1517.8822,230.7451,6.5777,0.7352,1183.3799,1615.9388,230.0137,7.0256,0.7326,1625.8941,2163.9583,228.6014,9.466,0.7507
2016-02-17T00:54:59.663Z,1107.2279,1521.722,230.356,6.6059,0.7278,1183.5943,1601.9211,229.7143,6.9739,0.7384,1651.2224,2192.3217,229.2776,9.562,0.7522
2016-02-17T00:56:59.241Z,1063.9395,1459.3783,230.6183,6.3302,0.7033,1144.252,1552.5065,230.0958,6.7491,0.7109,1579.8541,2106.9088,229.3886,9.1884,0.7532
2016-02-17T00:57:59.611Z,27.8815,97.0182,232.3535,0.4182,0.0792,39.1853,117.0248,232.0585,0.5054,0.1202,158.0003,233.272,232.0167,1.0068,0.8368
2016-02-17T00:58:59.934Z,605.0086,1143.5837,230.6654,4.9571,0.5279,732.0247,1255.4723,230.2643,5.4526,0.5821,762.4379,1430.1057,230.4169,6.2072,0.5317
2016-02-17T00:59:59.204Z,657.4736,1117.9325,230.9678,4.8426,0.5436,773.9288,1221.2,230.4769,5.3013,0.588,808.9374,1385.2499,230.5539,6.0119,0.6044
2016-02-17T01:00:59.757Z,4.0302,49.1603,233.057,0.2111,0.0824,3.5313,36.0312,232.488,0.1554,0.1031,155.8816,184.2525,233.0901,0.7914,0.8473
2016-02-17T01:01:59.177Z,577.8146,839.8697,232.2394,3.6249,0.418,632.7521,890.1869,231.8833,3.8529,0.4318,1123.7782,1494.1543,231.6183,6.4656,0.7916
2016-02-17T01:02:59.551Z,1142.2554,1544.2403,231.0507,6.6841,0.7394,1244.9323,1679.3257,230.8979,7.273,0.7411,1672.1746,2251.6893,229.741,9.8009,0.7419
2016-02-17T01:03:59.853Z,1163.7121,1558.0802,230.1385,6.7696,0.7466,1276.7861,1691.3325,230.4139,7.3406,0.7553,1709.1219,2277.0472,229.3881,9.9262,0.7499
2016-02-17T01:04:59.089Z,1083.2351,1515.4981,229.4519,6.6043,0.7149,1175.229,1553.15,226.972,6.8425,0.757,1701.2028,2243.9784,229.9453,9.7583,0.7581
2016-02-17T01:05:59.382Z,1184.2036,1588.5926,229.1846,6.9312,0.7456,1313.8756,1694.5952,228.8133,7.4038,0.7751,1791.4779,2352.5087,230.4198,10.2101,0.7609
2016-02-17T01:06:59.589Z,1228.5234,1615.0379,230.2879,7.0129,0.7604,1362.8612,1777.5939,231.071,7.693,0.7673,1776.177,2355.7065,230.237,10.2321,0.7531
2016-02-17T01:07:59.893Z,1215.6698,1604.762,230.4749,6.963,0.7575,1351.8241,1766.623,230.713,7.6567,0.7655,1765.213,2345.992,230.1715,10.1922,0.7524
2016-02-17T01:08:59.227Z,1199.0431,1599.6672,231.2293,6.9176,0.7495,1334.4247,1760.7933,231.3422,7.6114,0.7583,1747.7053,2339.8399,230.8609,10.1355,0.7477
2016-02-17T01:09:59.475Z,1133.2436,1542.3349,231.1781,6.6722,0.7344,1234.0971,1677.3369,230.9438,7.2626,0.736,1653.4976,2238.0562,229.9638,9.7326,0.7383
2016-02-17T01:10:59.735Z,1109.3918,1527.8656,231.7561,6.5924,0.7261,1201.9283,1656.4599,231.188,7.165,0.7259,1622.8683,2210.8156,230.4117,9.595,0.7346
2016-02-17T01:11:59.992Z,1091.7271,1509.241,231.5147,6.5192,0.7228,1187.909,1639.9521,231.312,7.09,0.7242,1607.7823,2194.5958,230.0687,9.539,0.7316
2016-02-17T01:12:59.284Z,1123.2804,1533.249,231.0174,6.6372,0.7326,1210.4131,1646.3176,230.5178,7.1411,0.7352,1646.3628,2214.2031,229.5401,9.6462,0.7434
2016-02-17T01:13:59.620Z,1127.8419,1550.2137,231.3138,6.7014,0.728,1219.7666,1654.2093,231.0372,7.1601,0.7376,1670.3621,2245.6716,230.2819,9.7516,0.7437
2016-02-17T01:14:59.823Z,1091.8632,1527.7601,231.4134,6.6019,0.7144,1176.7713,1613.4957,230.8727,6.9889,0.729,1642.8817,2220.0124,230.4443,9.6338,0.74
2016-02-17T01:15:59.153Z,1092.1232,1506.1225,230.6318,6.5302,0.7247,1166.3622,1598.9615,229.9993,6.9516,0.7293,1615.8217,2174.809,228.7207,9.5085,0.742
2016-02-17T01:16:59.505Z,1125.0136,1542.1107,231.2522,6.6688,0.7296,1211.2993,1641.4219,230.4462,7.123,0.7382,1659.5566,2225.5976,229.6944,9.6891,0.7456
2016-02-17T01:17:59.797Z,1143.4331,1566.3561,231.9974,6.7521,0.7301,1232.2809,1670.0258,230.7829,7.2367,0.7378,1680.0784,2254.4161,230.5598,9.778,0.745
2016-02-17T01:18:59.059Z,1114.2218,1537.7651,231.6097,6.6392,0.7246,1190.9065,1631.5756,230.3976,7.0813,0.7296,1642.3625,2210.8854,230.1581,9.6062,0.7427
2016-02-17T01:19:59.244Z,1088.4899,1514.401,231.7754,6.5337,0.7191,1179.8621,1622.3513,230.7433,7.0302,0.7274,1624.1026,2205.3989,230.3606,9.5737,0.7373
2016-02-17T01:20:59.699Z,1128.5538,1548.11,231.7804,6.6799,0.7289,1210.7164,1647.1262,230.4949,7.1458,0.7354,1658.7034,2226.6853,230.1258,9.6758,0.7454
2016-02-17T01:21:59.005Z,1151.8108,1573.5358,231.7651,6.7895,0.7315,1231.902,1667.2311,230.5248,7.2323,0.739,1685.7214,2253.3544,230.3361,9.7828,0.7492
2016-02-17T01:22:59.295Z,1128.2332,1552.6673,231.812,6.6982,0.7263,1203.8692,1641.3184,230.2407,7.1284,0.733,1659.1762,2226.306,230.2059,9.6709,0.7452
2016-02-17T01:23:59.470Z,1112.9891,1540.1742,231.6022,6.6498,0.7223,1169.1223,1606.8669,229.5104,7.0011,0.728,1636.9733,2190.4036,229.9074,9.527,0.7482
2016-02-17T01:24:59.842Z,1134.3691,1545.5223,230.5092,6.7053,0.7334,1199.0078,1617.0121,228.7941,7.0671,0.7413,1665.9627,2206.7689,229.1387,9.6307,0.7551
2016-02-17T01:25:59.137Z,1163.6869,1568.4135,230.0524,6.8176,0.7421,1230.2702,1636.6821,228.5835,7.1604,0.7515,1702.5106,2235.3725,228.523,9.7818,0.7608
2016-02-17T01:26:59.312Z,1130.7578,1526.4092,229.9797,6.6372,0.7409,1234.7913,1648.946,229.6284,7.1812,0.7487,1665.2966,2222.2343,228.5443,9.7236,0.7482
2016-02-17T01:27:59.626Z,1102.1193,1533.1006,231.1946,6.6309,0.7191,1182.3049,1612.665,230.1606,7.007,0.7329,1650.8749,2220.3119,230.8721,9.6167,0.7436
2016-02-17T01:28:59.993Z,1126.0387,1563.065,231.3272,6.7568,0.72,1185.6522,1608.772,229.3948,7.0131,0.7369,1681.4963,2235.7778,230.8818,9.683,0.7517
2016-02-17T01:29:59.203Z,1155.7049,1582.2408,231.0435,6.8485,0.7298,1234.2226,1649.8956,229.4552,7.1899,0.7486,1717.2199,2275.6433,231.007,9.8509,0.7537
2016-02-17T01:30:59.356Z,1143.277,1553.895,230.7559,6.7344,0.736,1241.2724,1660.228,229.7291,7.2272,0.7484,1685.036,2249.7718,230.2024,9.7726,0.7492
2016-02-17T01:31:59.612Z,1144.6703,1538.4046,230.952,6.6608,0.7434,1193.0886,1637.8066,229.8486,7.126,0.728,1616.4379,2153.6469,227.6083,9.4614,0.7497
2016-02-17T01:32:59.819Z,1147.383,1546.4792,230.8389,6.6998,0.7423,1203.6039,1639.5098,229.9256,7.1308,0.7341,1642.5424,2182.8254,228.0349,9.5713,0.752
2016-02-17T01:33:59.106Z,1178.9262,1588.3457,230.514,6.8903,0.742,1237.3023,1656.7619,229.6032,7.2153,0.7468,1708.5859,2246.2466,229.388,9.7923,0.76
2016-02-17T01:34:59.393Z,1177.6826,1591.5688,230.7971,6.8963,0.7396,1224.2746,1648.8823,229.7837,7.1758,0.7418,1701.8893,2237.276,229.4502,9.7502,0.7603
2016-02-17T01:35:59.740Z,1132.6311,1560.724,230.5019,6.7708,0.7257,1171.2877,1588.9501,229.0067,6.9381,0.7367,1678.0219,2208.8138,229.4624,9.6258,0.7604
2016-02-17T01:36:59.086Z,1143.0308,1567.4912,230.9755,6.7861,0.7291,1180.009,1601.0716,228.6999,7.0004,0.7372,1678.1811,2205.3197,229.1837,9.6225,0.7602
2016-02-17T01:37:59.337Z,1167.0708,1583.4637,230.3539,6.8741,0.7373,1240.9707,1653.8387,229.6842,7.2002,0.75,1718.6893,2265.6372,229.9504,9.8524,0.7598
2016-02-17T01:38:59.574Z,1174.5728,1593.8149,230.9206,6.9021,0.737,1240.512,1662.2901,229.8449,7.2326,0.7463,1716.4852,2265.4914,230.2729,9.8381,0.7591
2016-02-17T01:39:59.870Z,1135.222,1559.427,230.9788,6.7519,0.7279,1199.2723,1629.1437,230.0514,7.0813,0.7362,1670.1498,2224.3161,230.3079,9.658,0.7514
2016-02-17T01:40:59.268Z,1122.7816,1551.2262,230.9666,6.7166,0.724,1200.599,1621.8803,229.9026,7.0545,0.74,1681.3195,2240.3728,230.6973,9.7113,0.7505
2016-02-17T01:41:59.578Z,1168.0276,1577.4387,230.4038,6.8464,0.7402,1248.7961,1663.4307,229.7058,7.2411,0.7511,1715.8079,2265.2893,229.8839,9.8546,0.7586
2016-02-17T01:42:59.818Z,1171.056,1569.5301,229.4223,6.8413,0.746,1260.1009,1661.6932,228.9521,7.2576,0.758,1719.2314,2260.6853,229.1,9.8671,0.7607
2016-02-17T01:43:59.010Z,1132.8037,1553.446,230.2039,6.7484,0.7294,1208.8282,1622.838,229.6507,7.0664,0.7448,1688.177,2238.4115,230.1053,9.7278,0.7539
2016-02-17T01:44:59.192Z,1118.437,1538.5881,229.9707,6.691,0.7272,1199.3016,1602.1409,229.046,6.9948,0.748,1687.8297,2231.4401,229.3726,9.7284,0.7563
2016-02-17T01:45:59.332Z,1171.8512,1574.4926,229.4939,6.8603,0.7447,1241.0199,1634.5182,228.0276,7.1679,0.7598,1726.8598,2251.9153,228.598,9.8508,0.7662
2016-02-17T01:46:59.658Z,1197.8231,1605.2728,230.5082,6.9642,0.7467,1236.1557,1644.6474,228.0121,7.2133,0.7514,1729.8911,2244.2831,228.3796,9.8269,0.7694
2016-02-17T01:47:59.925Z,294.2635,433.9292,231.7243,1.8787,0.2435,301.6092,427.1187,231.27,1.8581,0.2498,504.4997,654.4425,232.0753,2.8424,0.8303
2016-02-17T01:48:59.260Z,451.0491,885.5435,231.2074,3.8312,0.3989,537.934,934.6085,230.3545,4.0613,0.4543,604.5509,1101.7108,231.823,4.7564,0.6207
2016-02-17T01:49:59.436Z,386.6257,671.8448,232.1206,2.9023,0.3402,446.1054,712.1592,230.8672,3.0937,0.3731,524.6032,846.8129,232.4558,3.655,0.7217
2016-02-17T01:50:59.759Z,3.6058,49.6271,232.2386,0.2133,0.0707,3.012,34.4362,231.4781,0.1487,0.0948,326.5155,375.7146,232.4105,1.6168,0.8607
2016-02-17T01:51:59.134Z,1093.6826,1526.3367,230.8474,6.6153,0.6956,1162.4021,1575.46,229.8673,6.8578,0.7085,1632.3203,2166.8021,230.1796,9.4179,0.7561
2016-02-17T01:52:59.376Z,1226.2702,1637.8099,230.9444,7.0921,0.7483,1314.2009,1730.7139,230.0439,7.5236,0.7593,1781.0408,2333.406,230.3415,10.1299,0.7631
2016-02-17T01:53:59.731Z,1155.722,1589.9233,231.4688,6.8698,0.7265,1238.7717,1670.0418,230.7824,7.2367,0.7418,1714.4629,2282.3834,231.1704,9.8733,0.751
2016-02-17T01:54:59.985Z,1195.1881,1624.9454,231.5769,7.0176,0.7353,1268.8067,1694.628,230.3129,7.3579,0.7481,1753.2867,2308.9942,231.0657,9.9931,0.7589
2016-02-17T01:55:59.244Z,1250.4069,1673.9977,231.4337,7.2333,0.7477,1337.1505,1751.1454,230.3841,7.601,0.763,1825.2232,2379.4118,231.196,10.292,0.7675
2016-02-17T01:56:59.482Z,1226.4137,1656.0306,230.3997,7.1874,0.7408,1316.4089,1709.0401,229.0672,7.4608,0.7702,1832.2755,2375.0298,230.9982,10.2819,0.7711
2016-02-17T01:57:59.769Z,1240.9638,1674.1124,231.7774,7.2228,0.741,1314.1782,1715.2598,228.2431,7.5142,0.7662,1834.622,2370.5912,230.9476,10.2647,0.7742
2016-02-17T01:58:59.994Z,1232.2301,1665.2961,232.1272,7.1738,0.7401,1311.6113,1722.9483,228.9006,7.5265,0.7618,1814.7701,2364.6431,231.389,10.2196,0.7673
2016-02-17T01:59:59.346Z,1216.3243,1636.3982,231.5891,7.066,0.7431,1298.0286,1723.5175,230.1691,7.488,0.753,1766.9087,2321.8852,230.7597,10.0617,0.7607
