2016-01-27T00:00:59.205Z,1175.9711,1625.5521,231.3718,7.0258,0.7225,1208.1744,1621.5446,228.6963,7.0899,0.7452,1753.301,2284.029,231.3872,9.8713,0.7688
2016-01-27T00:01:59.443Z,1186.5384,1638.9179,231.6116,7.0763,0.7239,1203.8864,1625.8384,228.6514,7.1103,0.7406,1749.5909,2275.4304,231.4639,9.8304,0.769
2016-01-27T00:02:59.778Z,1135.0553,1589.6611,231.6976,6.861,0.7142,1162.7279,1590.5117,228.6392,6.956,0.7299,1695.5902,2231.4502,231.4487,9.6418,0.7598
2016-01-27T00:03:59.989Z,1143.1381,1598.1524,231.8119,6.8948,0.7152,1164.0279,1589.2526,228.3804,6.9587,0.7326,1704.7985,2234.2376,231.454,9.6531,0.7626
2016-01-27T00:04:59.225Z,1182.4294,1629.429,231.5116,7.0381,0.726,1207.9106,1622.5398,228.2116,7.1102,0.7449,1751.0187,2276.3017,231.3834,9.8376,0.7698
2016-01-27T00:05:59.557Z,1198.3041,1627.5686,231.3737,7.0341,0.7364,1223.4976,1645.6311,228.4879,7.2027,0.7427,1736.8933,2258.6093,230.2526,9.8096,0.77
2016-01-27T00:06:59.930Z,1149.5142,1578.4348,230.9883,6.8336,0.7282,1187.3889,1609.1851,228.5776,7.0399,0.7381,1690.3953,2218.1799,230.0043,9.6441,0.7621
2016-01-27T00:07:59.159Z,1132.2413,1567.4928,230.5157,6.7998,0.7218,1182.8483,1589.543,228.2023,6.9652,0.7443,1702.1035,2230.9195,230.3158,9.6859,0.7623
2016-01-27T00:08:59.390Z,1171.023,1607.8694,230.7571,6.9676,0.7279,1217.7028,1617.0118,227.6144,7.1041,0.7533,1751.3857,2275.6946,230.8022,9.8594,0.7694
2016-01-27T00:09:59.507Z,1181.2327,1647.2777,232.3126,7.0908,0.7176,1203.8737,1603.641,226.8481,7.069,0.7512,1786.8487,2304.9383,231.7502,9.9456,0.7752
2016-01-27T00:10:59.765Z,1154.9561,1592.568,231.9373,6.8664,0.7247,1199.8166,1641.161,230.2916,7.1264,0.731,1686.975,2237.5918,231.0601,9.6841,0.7539
2016-01-27T00:11:59.069Z,1138.0686,1573.6776,231.4381,6.7991,0.7235,1188.0418,1621.618,230.1099,7.0472,0.7325,1679.6899,2226.5726,230.6828,9.6522,0.7537
2016-01-27T00:12:59.362Z,1184.9519,1616.1153,231.6843,6.9757,0.7336,1225.2464,1660.6377,230.0429,7.2186,0.7388,1717.0222,2258.217,230.8186,9.783,0.7599
2016-01-27T00:13:59.637Z,1196.3599,1625.7408,231.6003,7.0196,0.7361,1239.704,1670.2113,229.6338,7.2736,0.7424,1730.9872,2270.51,230.8097,9.8368,0.762
2016-01-27T00:14:59.917Z,1167.9209,1589.6812,231.0974,6.8787,0.7342,1215.7241,1641.4447,229.3502,7.1566,0.7406,1698.1321,2233.0044,230.1693,9.7012,0.7604
2016-01-27T00:15:59.220Z,1154.9709,1576.729,231.0871,6.8227,0.7321,1187.2618,1619.8174,228.943,7.0752,0.7328,1671.0345,2199.5993,229.8631,9.569,0.76
2016-01-27T00:16:59.461Z,1181.3689,1585.9103,230.2503,6.8881,0.7458,1240.1781,1655.4001,228.6934,7.2383,0.7484,1708.4497,2237.5717,229.1791,9.7632,0.7633
2016-01-27T00:17:59.750Z,1205.3867,1612.8408,230.9332,6.9838,0.7476,1247.3212,1665.7923,228.4604,7.2916,0.7487,1727.1697,2246.9572,228.8116,9.8203,0.7677
2016-01-27T00:18:59.033Z,1177.8524,1592.0773,231.3151,6.8827,0.7399,1222.3634,1646.9833,228.4878,7.2084,0.7425,1700.3915,2228.6286,229.2916,9.7199,0.7631
2016-01-27T00:19:59.459Z,1150.6322,1553.216,230.8863,6.7271,0.7406,1213.2873,1654.9036,230.2536,7.1869,0.7332,1646.5953,2194.5603,229.2631,9.5722,0.7502
2016-01-27T00:20:59.699Z,1192.5508,1585.0882,231.1327,6.858,0.7524,1252.0489,1694.3303,230.1508,7.3614,0.7391,1675.7429,2217.3484,228.8969,9.687,0.7564
2016-01-27T00:21:59.972Z,1205.0792,1593.0807,230.9158,6.8989,0.7562,1277.6007,1717.6432,230.6211,7.4474,0.7441,1691.1486,2236.0958,228.6019,9.7813,0.7571
2016-01-27T00:22:59.302Z,1176.2665,1573.2784,230.8013,6.8165,0.7478,1264.9235,1697.8617,230.972,7.3507,0.7446,1686.3907,2242.4634,229.0771,9.7892,0.7516
2016-01-27T00:23:59.442Z,1137.1368,1556.0344,230.8637,6.7397,0.7304,1208.5387,1637.2931,230.4271,7.1052,0.7381,1673.1024,2225.1243,229.822,9.682,0.7526
2016-01-27T00:24:59.721Z,1163.1539,1588.0287,230.6378,6.8856,0.7321,1231.6842,1640.564,229.546,7.1464,0.7506,1730.1161,2270.334,229.9913,9.8708,0.7618
2016-01-27T00:25:59.916Z,1188.7258,1605.5329,230.3547,6.9704,0.7397,1249.9327,1658.0952,229.285,7.2313,0.7537,1743.6622,2273.9924,229.2424,9.9198,0.7667
2016-01-27T00:26:59.092Z,1188.0549,1597.1177,230.1176,6.9402,0.744,1248.9722,1657.0766,229.1197,7.2323,0.7532,1730.5685,2258.3936,228.7926,9.871,0.7666
2016-01-27T00:27:59.346Z,1166.1962,1583.0772,230.8926,6.8559,0.7361,1189.7943,1615.6504,228.6009,7.0676,0.7363,1681.8332,2197.9139,228.581,9.6156,0.7658
2016-01-27T00:28:59.610Z,1201.9809,1613.683,230.9407,6.9873,0.7452,1211.7156,1641.8527,228.6327,7.1808,0.7377,1702.2112,2210.8608,228.5666,9.6722,0.7692
2016-01-27T00:29:59.834Z,1209.4057,1620.5994,231.1129,7.0123,0.7464,1248.1377,1686.0373,230.0546,7.3286,0.7398,1713.2492,2247.7066,229.5791,9.7904,0.761
2016-01-27T00:31:59.292Z,1190.8021,1611.4443,231.8392,6.9504,0.7385,1232.2976,1678.9202,230.261,7.2916,0.7337,1695.5496,2240.8079,230.299,9.7304,0.7566
2016-01-27T00:32:59.557Z,1179.1076,1602.6372,232.0261,6.9069,0.7354,1226.1036,1672.7049,230.397,7.2596,0.733,1689.861,2238.2036,230.3714,9.7156,0.755
2016-01-27T00:33:59.855Z,1236.845,1655.0653,232.66,7.1136,0.7478,1230.7811,1696.3317,230.47,7.36,0.7258,1702.8903,2227.1521,229.4956,9.7043,0.7644
2016-01-27T00:34:59.167Z,1244.2124,1654.527,232.1898,7.1256,0.7518,1250.2678,1705.9291,230.3333,7.4058,0.7333,1715.4557,2237.5967,229.0061,9.7705,0.7655
2016-01-27T00:35:59.383Z,1179.1229,1603.3377,231.7076,6.9196,0.7352,1207.6386,1650.9011,229.9512,7.1798,0.731,1685.4922,2219.3428,229.9652,9.6507,0.7599
2016-01-27T00:36:59.634Z,1178.4916,1599.2129,230.7114,6.9311,0.737,1198.342,1623.0799,228.7239,7.0963,0.739,1699.3266,2215.1467,229.3387,9.6584,0.7669
2016-01-27T00:37:59.999Z,1203.0877,1619.7333,230.6181,7.023,0.7427,1221.8751,1643.3396,228.8378,7.1814,0.743,1721.7047,2235.0648,229.0999,9.7556,0.7701
2016-01-27T00:38:59.293Z,1179.3933,1597.3106,230.718,6.923,0.7387,1199.0864,1625.6245,228.7913,7.1051,0.7378,1694.5272,2210.9685,229.2117,9.646,0.7667
2016-01-27T00:39:59.535Z,1165.3039,1596.0334,231.3931,6.8976,0.7301,1194.1153,1631.9457,229.6944,7.1047,0.7316,1687.9589,2223.7233,230.6426,9.6412,0.7582
2016-01-27T00:40:59.860Z,1195.2639,1623.9892,231.3798,7.0191,0.7359,1221.9843,1651.8791,229.505,7.1981,0.7394,1724.6149,2253.5612,230.7078,9.768,0.7652
2016-01-27T00:41:59.169Z,1175.7124,1602.1844,231.5314,6.9201,0.7339,1205.5809,1646.2908,229.7663,7.165,0.732,1688.4283,2224.0831,230.7868,9.6368,0.7599
2016-01-27T00:42:59.483Z,1162.8839,1597.13,231.182,6.9088,0.7281,1189.3377,1623.11,229.6932,7.0668,0.7327,1692.0154,2226.2287,230.9178,9.6411,0.7609
2016-01-27T00:43:59.763Z,1194.3911,1630.3917,230.758,7.0653,0.7321,1214.7608,1632.4348,229.1332,7.1239,0.7443,1741.8579,2263.174,231.0464,9.7951,0.7693
2016-01-27T00:44:59.955Z,1178.6471,1619.958,230.7576,7.02,0.7276,1190.6598,1612.7253,228.8353,7.0472,0.7382,1723.1866,2244.146,231.3417,9.7002,0.7679
2016-01-27T00:45:59.174Z,1161.796,1597.4937,230.8412,6.9206,0.7274,1186.5416,1612.1769,228.8521,7.0442,0.7358,1699.6761,2227.847,231.1149,9.6391,0.7621
2016-01-27T00:46:59.349Z,1196.1699,1614.0784,230.4056,7.0058,0.7408,1227.2752,1643.6227,228.703,7.1871,0.7464,1725.8712,2244.8386,229.9343,9.7627,0.7696
2016-01-27T00:47:59.616Z,1181.374,1582.0876,230.0031,6.878,0.7467,1225.9353,1647.4584,228.8819,7.1981,0.7441,1687.9918,2212.4811,229.1761,9.6539,0.7628
2016-01-27T00:48:59.960Z,1162.2747,1565.3832,229.8682,6.81,0.7421,1204.2806,1626.1687,228.8139,7.1066,0.7406,1672.2504,2193.0067,228.9434,9.5786,0.7616
2016-01-27T00:49:59.263Z,1161.6869,1575.2595,230.6293,6.8306,0.7378,1207.4377,1635.6542,229.2815,7.1339,0.7383,1678.1599,2210.4998,229.9922,9.6109,0.7594
2016-01-27T00:50:59.503Z,1164.2098,1584.5199,230.9062,6.8623,0.7347,1197.9027,1626.5291,228.8683,7.1068,0.7369,1685.0149,2213.8592,230.3942,9.609,0.7602
2016-01-27T00:51:59.648Z,1152.1114,1604.8242,231.46,6.9329,0.7179,1159.1697,1568.1058,226.8614,6.9117,0.739,1723.2601,2232.9864,231.2982,9.6544,0.7709
2016-01-27T00:52:59.862Z,1152.6512,1593.2938,231.4273,6.8844,0.7233,1170.8059,1590.9147,227.895,6.98,0.7359,1702.178,2220.9519,230.724,9.6258,0.7664
2016-01-27T00:53:59.138Z,1162.8569,1591.5106,231.4264,6.8769,0.7303,1194.0956,1625.1009,229.3267,7.0863,0.7349,1691.896,2224.7951,230.5914,9.6484,0.7602
2016-01-27T00:54:59.408Z,1151.3546,1577.3019,231.2356,6.8216,0.7299,1183.9587,1620.4919,229.5126,7.0609,0.7306,1668.6118,2203.6772,230.6762,9.5529,0.7586
2016-01-27T00:55:59.690Z,1163.6061,1590.0727,231.1827,6.8778,0.732,1191.6099,1627.123,229.3283,7.0949,0.7327,1681.0719,2212.1898,230.7758,9.5861,0.7609
2016-01-27T00:56:59.936Z,1181.6323,1607.8904,231.4818,6.9464,0.7349,1190.1458,1626.402,228.6748,7.1123,0.7311,1691.831,2212.1172,230.7161,9.5882,0.7647
2016-01-27T00:57:59.199Z,220.732,339.6741,232.2938,1.466,0.201,213.647,317.8877,229.9306,1.389,0.2181,402.6041,511.7144,232.8882,2.2134,0.8411
2016-01-27T00:58:59.605Z,345.5688,882.6884,231.6752,3.8114,0.3267,405.0508,961.1869,229.3987,4.1926,0.361,478.1116,1079.413,232.6567,4.6419,0.5103
2016-01-27T00:59:59.857Z,509.3481,1136.1312,232.6261,4.8838,0.4478,563.0919,1193.1736,230.1339,5.1851,0.4713,626.6629,1334.113,232.7756,5.7311,0.4702
