2016-02-20T00:00:59.560Z,1159.7706,1543.4063,229.6234,6.7217,0.7513,1235.1874,1657.1202,229.7488,7.2126,0.7452,1662.5982,2195.6922,228.21,9.6212,0.7582
2016-02-20T00:01:59.889Z,1178.0087,1552.991,229.0614,6.7796,0.7586,1264.1328,1676.3054,229.414,7.3063,0.7537,1687.41,2216.4401,227.8511,9.7273,0.7606
2016-02-20T00:02:59.190Z,1173.3756,1546.5301,228.9743,6.7546,0.7585,1258.5745,1671.3301,229.2176,7.2917,0.7531,1672.8728,2199.6326,227.5729,9.6653,0.7602
2016-02-20T00:03:59.477Z,1187.1686,1562.8479,229.5146,6.8094,0.7594,1285.8684,1705.9192,229.8518,7.4217,0.7538,1688.9979,2231.8273,228.5402,9.7654,0.7576
2016-02-20T00:04:59.786Z,1175.1567,1552.8107,229.1943,6.7752,0.7569,1281.4687,1697.5463,230.0433,7.3792,0.7544,1684.7304,2230.5864,228.5247,9.7607,0.7554
2016-02-20T00:05:59.430Z,1199.8638,1578.2213,229.2151,6.8851,0.7603,1295.5598,1708.5536,229.5829,7.4422,0.7588,1713.6794,2249.9398,228.7362,9.8365,0.7625
2016-02-20T00:06:59.712Z,1199.9401,1585.5501,229.7853,6.8999,0.7566,1280.3456,1695.4627,229.2388,7.3962,0.7547,1714.1948,2244.8767,228.8146,9.8106,0.7631
2016-02-20T00:07:59.770Z,1212.7716,1602.1644,229.7827,6.9726,0.7569,1297.527,1701.9896,229.0291,7.4314,0.7619,1746.5144,2275.3222,229.0781,9.9324,0.7678
2016-02-20T00:08:59.260Z,1210.2686,1600.4267,229.0245,6.9874,0.756,1294.7248,1691.3359,228.7015,7.3958,0.7663,1754.0676,2278.9582,229.163,9.9444,0.7701
2016-02-20T00:09:59.480Z,1215.9257,1599.2054,228.8915,6.987,0.7606,1324.6842,1719.2391,229.1171,7.5037,0.7706,1762.5166,2298.3884,229.5074,10.014,0.7672
2016-02-20T00:10:59.305Z,1212.9661,1598.1626,229.5378,6.962,0.759,1329.0734,1729.906,229.5574,7.5359,0.7682,1759.844,2305.7001,230.0028,10.0245,0.7622
2016-02-20T00:11:59.571Z,30.574,84.2296,231.6267,0.3647,0.0977,22.6399,63.7395,231.4432,0.2759,0.1099,135.6265,175.5059,232.8999,0.7575,0.4725
2016-02-20T00:12:59.997Z,4.7656,49.8866,231.6633,0.2156,0.0954,2.5262,32.8862,228.9031,0.1436,0.0801,1.9191,35.217,233.7486,0.1513,0.0588
2016-02-20T00:13:59.358Z,4.2407,51.0519,232.3656,0.2198,0.0836,2.5156,34.3497,230.3806,0.1494,0.0761,1.476,34.8398,233.7951,0.1494,0.0464
2016-02-20T00:14:59.938Z,4.8022,49.8525,231.8049,0.2152,0.0949,2.6351,34.8289,233.3441,0.1495,0.08,2.1904,35.4455,234.4517,0.1513,0.0717
2016-02-20T00:15:59.126Z,4.2792,51.0828,232.2008,0.2201,0.0846,2.9833,31.6066,233.3418,0.1351,0.0969,2.1264,33.1121,234.6046,0.1414,0.0649
2016-02-20T00:16:59.312Z,4.9671,50.0068,231.7418,0.2157,0.1001,2.9268,33.49,233.1942,0.1435,0.0876,1.8533,34.4592,234.1646,0.1474,0.0592
2016-02-20T00:17:59.279Z,4.388,49.9242,231.8229,0.2152,0.0888,3.1185,34.3284,233.7326,0.1478,0.0913,2.0513,34.7223,234.3304,0.1485,0.0633
2016-02-20T00:18:59.483Z,4.5815,50.014,231.4546,0.2162,0.0908,3.0435,34.454,233.3275,0.1473,0.0955,2.5623,34.307,234.2071,0.1468,0.0725
2016-02-20T00:19:59.748Z,5.1589,49.8162,231.3252,0.2149,0.103,3.408,34.3747,233.4948,0.1474,0.0954,1.8471,35.5865,234.287,0.1522,0.0505
2016-02-20T00:20:59.118Z,4.6618,49.475,231.5192,0.2133,0.0924,3.133,34.6197,233.1611,0.1488,0.0927,1.8292,35.7198,234.2288,0.1523,0.0557
2016-02-20T00:21:59.571Z,4.4577,50.5754,230.9936,0.2186,0.0895,3.3188,34.3836,233.0861,0.1471,0.1001,2.0886,34.9451,234.3264,0.149,0.0625
2016-02-20T00:22:59.878Z,4.3749,50.2149,231.3164,0.2173,0.0885,3.0095,35.0334,232.6859,0.1503,0.0882,2.2768,36.5407,234.1666,0.1557,0.0622
2016-02-20T00:23:59.122Z,3.8191,49.1644,231.7127,0.2121,0.0781,3.2171,33.6797,232.6729,0.1448,0.0948,2.0502,34.6968,234.0111,0.1477,0.0623
2016-02-20T00:24:59.159Z,4.0325,50.1335,231.8548,0.2156,0.0812,2.6885,34.0763,232.4871,0.1462,0.0858,1.6205,35.7508,234.3254,0.1527,0.0459
2016-02-20T00:25:59.432Z,4.2566,50.9486,231.8476,0.2199,0.0836,3.0305,35.0382,231.9967,0.1511,0.0865,2.3237,35.4465,234.0086,0.1511,0.0651
2016-02-20T00:26:59.876Z,4.6884,50.2602,232.0298,0.2163,0.0916,2.8676,34.2051,231.4086,0.1475,0.0854,2.059,35.9312,233.4392,0.1542,0.0591
2016-02-20T00:27:59.203Z,4.7807,50.3817,231.5662,0.2173,0.0928,2.7853,34.7183,230.9731,0.15,0.0886,2.33,35.24,232.9153,0.1511,0.0659
2016-02-20T00:28:59.610Z,3.6992,50.4069,231.6762,0.2178,0.073,2.869,33.6169,230.8543,0.1451,0.0913,2.0433,36.7991,232.5665,0.1581,0.0563
2016-02-20T00:29:59.305Z,3.8907,49.5971,231.6363,0.2143,0.0779,3.1182,34.1098,231.5679,0.1475,0.0985,2.1992,35.2531,232.5677,0.1514,0.0644
2016-02-20T00:30:59.608Z,4.8059,50.7801,231.1196,0.2201,0.094,3.0557,34.5407,230.7189,0.1501,0.0877,2.5205,35.4564,232.4449,0.1523,0.0668
2016-02-20T00:31:59.918Z,4.6229,49.7146,231.3821,0.2141,0.0942,2.5582,35.3314,230.261,0.1531,0.0773,2.2298,34.2016,232.1414,0.1476,0.0685
2016-02-20T00:32:59.331Z,4.1666,50.146,231.2749,0.2172,0.0818,3.0531,33.1954,229.5203,0.145,0.0938,2.0148,34.7758,232.0837,0.1496,0.0581
2016-02-20T00:33:59.800Z,3.5767,50.1167,231.7452,0.2163,0.0699,3.0112,34.6415,230.1111,0.1508,0.0865,1.8928,36.4651,231.3658,0.1577,0.0539
2016-02-20T00:34:59.038Z,4.1326,49.9779,232.125,0.2153,0.0828,2.9088,33.9578,231.4828,0.1469,0.0887,1.954,35.3259,232.079,0.1523,0.0568
2016-02-20T00:35:59.282Z,4.5698,50.1668,231.8113,0.2164,0.0901,2.8434,35.1548,231.6913,0.1521,0.0843,2.366,34.8621,233.1476,0.15,0.064
2016-02-20T00:36:59.776Z,4.9434,51.0844,232.0722,0.2205,0.0975,2.9146,34.3622,231.8608,0.1479,0.0876,2.4474,35.4878,233.3691,0.1527,0.0735
2016-02-20T00:37:59.517Z,4.3471,50.4589,232.206,0.2171,0.0838,2.757,34.5895,232.1666,0.1491,0.0855,1.71,34.6497,233.3288,0.1486,0.0536
2016-02-20T00:38:59.051Z,3.2459,49.291,232.211,0.2127,0.0659,2.2376,34.9069,232.1699,0.1507,0.0666,1.9013,35.6757,233.5299,0.1532,0.0539
2016-02-20T00:39:59.683Z,4.0392,49.4035,230.6107,0.2142,0.0814,3.0518,35.1784,232.0491,0.152,0.0855,2.5698,36.3182,232.8747,0.1561,0.0737
2016-02-20T00:40:59.147Z,4.8366,50.4058,230.5431,0.2183,0.0943,2.7151,33.0414,233.0422,0.1422,0.0911,1.9274,35.1851,233.2936,0.1511,0.0606
2016-02-20T00:41:59.403Z,4.6131,50.9415,231.1282,0.2202,0.0918,3.1291,35.7964,233.797,0.1527,0.0845,1.879,34.8702,233.653,0.1488,0.0575
2016-02-20T00:42:59.952Z,4.146,49.9099,231.2822,0.2158,0.0828,3.0008,34.2113,233.0347,0.1466,0.0859,2.2718,35.5591,232.9765,0.1528,0.0659
2016-02-20T00:43:59.430Z,4.5121,49.7578,232.213,0.2144,0.0912,3.3678,33.3152,232.7584,0.1427,0.0951,2.1746,33.3193,232.9461,0.143,0.0678
2016-02-20T00:44:59.996Z,4.4646,50.9125,232.1166,0.2188,0.0893,2.5658,34.1335,233.4096,0.1461,0.0773,1.7208,35.7316,233.1851,0.1532,0.055
2016-02-20T00:45:59.663Z,4.9121,50.3152,231.9377,0.2167,0.0971,3.0084,32.811,233.1023,0.141,0.0893,2.0567,35.1123,232.9191,0.1502,0.0646
2016-02-20T00:46:59.881Z,4.0791,50.0887,232.3934,0.2157,0.0817,2.76,34.9248,233.3926,0.1502,0.0843,1.657,35.1483,233.6708,0.1505,0.0453
2016-02-20T00:47:59.074Z,3.5178,49.5231,231.3558,0.2142,0.0717,2.9118,34.0564,233.6042,0.1453,0.091,1.574,34.1243,234.1143,0.1463,0.0488
2016-02-20T00:48:59.279Z,4.1807,50.0876,231.7997,0.216,0.0822,2.9217,34.6992,233.5652,0.1482,0.085,2.2892,35.1455,233.9105,0.1498,0.0642
2016-02-20T00:49:59.748Z,5.0486,50.849,231.8837,0.2195,0.0973,3.1769,35.8038,233.6937,0.1531,0.0908,1.6555,35.6504,234.0008,0.1523,0.0498
2016-02-20T00:50:59.345Z,4.6112,50.2649,231.3102,0.217,0.0919,3.2267,35.4796,234.6197,0.1513,0.0918,2.1395,35.9895,234.284,0.1536,0.0618
2016-02-20T00:51:59.883Z,4.7307,48.9321,230.2853,0.2125,0.0955,2.2608,34.7773,234.9369,0.1479,0.071,1.9221,35.3334,234.4998,0.1505,0.0573
2016-02-20T00:52:59.101Z,4.5467,50.6647,229.8697,0.2203,0.0911,3.1914,32.9804,234.1584,0.141,0.097,1.8667,34.3116,233.9773,0.1468,0.0534
2016-02-20T00:53:59.430Z,4.9534,51.1721,231.0666,0.2214,0.0967,3.2591,34.6597,233.8488,0.1486,0.094,1.8463,36.1177,234.0184,0.1547,0.0545
2016-02-20T00:54:59.604Z,4.24,49.2253,231.2325,0.2121,0.0874,2.8649,34.2853,234.6842,0.1462,0.0822,2.2008,35.3967,234.5014,0.1507,0.0676
2016-02-20T00:55:59.899Z,5.4986,50.5374,230.814,0.2189,0.1081,3.3315,35.421,234.4377,0.1507,0.0964,2.3252,35.5998,234.4042,0.152,0.0655
2016-02-20T00:56:59.217Z,5.0653,50.3179,231.4917,0.2174,0.1009,2.5802,33.7946,234.055,0.1443,0.0784,2.1577,34.8687,234.1036,0.1491,0.069
2016-02-20T00:57:59.435Z,4.4848,50.7034,231.8874,0.2187,0.0873,3.0502,34.0459,232.8052,0.1459,0.0931,2.1665,35.5354,233.5566,0.1521,0.0609
2016-02-20T00:58:59.776Z,4.0724,50.5674,232.0158,0.2183,0.079,3.2858,34.9964,233.0557,0.1501,0.0991,1.7682,34.1457,233.7098,0.1459,0.0551
2016-02-20T00:59:59.411Z,4.0494,49.7951,232.1627,0.2144,0.0832,2.6061,34.052,233.2482,0.146,0.0732,2.1158,34.4572,233.8341,0.1473,0.0649
2016-02-20T01:00:59.762Z,4.1334,50.1086,232.4954,0.2157,0.081,2.5121,35.3871,233.2627,0.1516,0.0737,2.2269,36.9931,233.8316,0.1581,0.0618
2016-02-20T01:01:59.022Z,5.1322,50.2339,232.4581,0.2161,0.1012,3.0463,33.4562,233.0344,0.1431,0.0942,2.6068,35.5344,233.858,0.1517,0.071
2016-02-20T01:02:59.211Z,4.0234,49.5967,232.17,0.2135,0.0816,2.618,35.6757,231.8973,0.1537,0.0762,1.7316,34.2213,233.0668,0.1465,0.0527
2016-02-20T01:03:59.547Z,4.7348,50.2695,232.3067,0.2165,0.0936,3.1986,34.7691,230.5779,0.1504,0.0926,2.1252,35.4703,233.6511,0.1516,0.0633
2016-02-20T01:04:59.867Z,3.956,50.7242,232.7249,0.2178,0.0765,2.8767,34.6632,229.7282,0.151,0.0775,1.5885,34.7304,234.2533,0.148,0.051
2016-02-20T01:05:59.312Z,4.6964,51.2471,232.3032,0.2204,0.0918,3.38,31.6656,232.4383,0.1362,0.1108,1.6503,34.8742,233.8376,0.1488,0.0473
2016-02-20T01:06:59.714Z,4.5276,50.8278,232.4593,0.2186,0.0887,2.1809,33.5425,232.2729,0.1446,0.077,1.7444,37.0415,233.7188,0.1586,0.051
2016-02-20T01:07:59.906Z,5.2677,50.3221,232.2702,0.2168,0.1033,2.5936,33.7657,232.1397,0.1454,0.0851,1.6213,33.99,233.0962,0.146,0.0552
2016-02-20T01:08:59.314Z,5.008,50.738,232.8869,0.2183,0.0987,2.8713,33.6704,232.5697,0.145,0.0878,2.21,34.9281,233.5408,0.1494,0.0637
2016-02-20T01:09:59.964Z,4.2309,49.5783,232.719,0.2129,0.0863,3.1896,35.443,232.6847,0.1523,0.0893,2.4438,35.3145,233.2979,0.1514,0.0692
2016-02-20T01:10:59.259Z,4.873,51.2628,232.6651,0.2204,0.0928,3.0673,34.5748,232.8612,0.1482,0.0936,2.2176,35.6687,233.4974,0.153,0.0639
2016-02-20T01:11:59.476Z,5.0993,50.3536,232.8442,0.216,0.1003,2.893,34.3657,233.036,0.1475,0.0901,2.0635,34.2714,233.8288,0.1466,0.0622
2016-02-20T01:12:59.016Z,4.4258,50.32,232.2212,0.2166,0.0871,2.9083,34.3967,232.3444,0.1476,0.0888,2.2158,35.8789,233.6719,0.1538,0.0672
2016-02-20T01:13:59.312Z,3.4516,50.1531,232.4124,0.2157,0.0691,2.9334,33.293,232.6292,0.1433,0.0947,2.6752,35.7545,233.6408,0.1526,0.0734
2016-02-20T01:14:59.082Z,4.2948,49.5765,232.6352,0.213,0.087,3.0226,34.5258,233.1358,0.1477,0.0899,2.4949,34.3311,233.897,0.1474,0.0779
2016-02-20T01:15:59.560Z,4.1651,51.5613,232.3874,0.2222,0.0801,2.4207,32.5797,232.67,0.1397,0.084,2.4686,35.567,233.9291,0.1516,0.0747
2016-02-20T01:16:59.171Z,5.2218,50.1993,232.5403,0.216,0.1026,3.4142,33.5392,232.2605,0.1445,0.1007,3.027,35.3336,233.6005,0.1514,0.0875
2016-02-20T01:17:59.541Z,4.2024,50.5434,232.7608,0.2177,0.082,2.8977,34.4948,232.4166,0.1482,0.0863,2.6707,36.2193,233.6624,0.1546,0.0738
2016-02-20T01:18:59.860Z,3.6597,49.5538,232.8573,0.2132,0.0722,2.5863,34.4087,232.5112,0.1481,0.079,2.76,34.9757,233.5332,0.1496,0.0792
2016-02-20T01:19:59.191Z,5.0157,50.5952,233.1132,0.2171,0.0992,3.1263,34.0047,232.4709,0.1464,0.0906,2.9687,34.1694,233.6714,0.1459,0.0937
2016-02-20T01:20:59.594Z,4.7611,51.3508,233.1323,0.2204,0.0921,2.3487,34.6942,232.7907,0.1495,0.0764,2.45,36.3217,233.5292,0.1552,0.0677
2016-02-20T01:21:59.910Z,5.1621,50.6122,233.162,0.2171,0.1009,2.9024,33.5057,232.6156,0.1442,0.0886,2.7235,36.2303,233.5454,0.1551,0.08
2016-02-20T01:22:59.496Z,4.8576,50.3955,232.9943,0.2164,0.0956,2.8233,34.2765,232.1974,0.1476,0.0837,2.8088,34.1158,233.3885,0.1457,0.0841
2016-02-20T01:23:59.743Z,4.7155,51.1176,232.8644,0.219,0.0903,2.5047,34.8834,232.5192,0.1498,0.0793,2.5474,35.2257,233.3831,0.1512,0.0748
2016-02-20T01:24:59.943Z,4.9066,50.857,233.187,0.2181,0.0966,2.7454,33.8804,233.1299,0.1452,0.0865,2.9054,35.3729,233.686,0.1516,0.0846
2016-02-20T01:26:59.466Z,4.2815,50.0672,233.0298,0.2147,0.086,3.27,35.0014,232.5894,0.1499,0.0962,2.8523,35.0627,233.6307,0.1501,0.0827
2016-02-20T01:27:59.986Z,4.8945,50.9102,232.7371,0.2189,0.0962,2.4142,34.503,232.3158,0.1486,0.0772,2.6627,35.2361,233.1837,0.1511,0.0821
2016-02-20T01:28:59.290Z,4.5198,51.1173,232.6319,0.2194,0.0876,3.2894,34.5502,232.6626,0.1486,0.0929,2.9823,35.7631,233.5893,0.1531,0.0806
2016-02-20T01:29:59.042Z,4.2854,51.0068,233.3208,0.2183,0.0836,2.8591,36.273,232.4252,0.156,0.0812,3.2059,35.4371,233.7214,0.1516,0.0879
2016-02-20T01:30:59.170Z,4.3089,50.6952,232.9452,0.2173,0.0857,2.6607,34.7113,231.513,0.1503,0.0788,2.6383,34.6258,233.7067,0.1476,0.0799
2016-02-20T01:31:59.496Z,5.2188,51.2126,232.5088,0.2202,0.0999,2.7218,33.4554,231.5119,0.1448,0.0913,2.3365,35.0273,233.8708,0.1492,0.0726
2016-02-20T01:32:59.240Z,4.6051,49.3841,232.4652,0.2124,0.094,2.6567,36.0126,231.3562,0.1557,0.0766,2.615,33.8354,233.5543,0.1447,0.0794
2016-02-20T01:33:59.670Z,4.7068,51.2421,232.2496,0.2201,0.0904,3.1934,33.5322,231.7487,0.1447,0.0963,2.55,34.9286,233.6998,0.1496,0.0768
2016-02-20T01:34:59.909Z,4.6266,51.1825,232.3066,0.2202,0.0908,2.6603,32.8604,231.9552,0.1419,0.0903,3.048,36.6978,234.1295,0.1569,0.0815
2016-02-20T01:35:59.710Z,4.7573,50.5118,232.1731,0.2171,0.0932,3.1637,34.8138,231.8447,0.1499,0.094,2.9208,34.2376,234.4644,0.1456,0.0923
2016-02-20T01:36:59.813Z,4.7084,50.4624,232.1347,0.2176,0.0937,2.6231,32.7558,232.1589,0.1412,0.0867,2.8143,34.921,234.7607,0.1481,0.0821
2016-02-20T01:37:59.247Z,4.8031,50.8242,232.1251,0.2189,0.0949,3.6782,34.7869,232.3786,0.1492,0.1033,2.4771,36.1061,234.7279,0.1538,0.0719
2016-02-20T01:38:59.687Z,4.9651,49.7922,232.0722,0.2145,0.0982,3.0438,34.4219,233.0241,0.1479,0.0904,2.981,35.1802,234.791,0.1504,0.0856
2016-02-20T01:39:59.230Z,4.3489,51.1129,232.9581,0.2192,0.0864,3.3521,34.4598,232.9793,0.1482,0.0965,2.2091,34.6379,234.9895,0.148,0.0715
2016-02-20T01:40:59.617Z,5.178,50.8629,232.9046,0.2185,0.102,3.2719,36.1327,233.093,0.1552,0.093,3.0758,35.4182,235.016,0.1504,0.0911
2016-02-20T01:41:59.906Z,4.7949,50.6892,232.5844,0.218,0.0958,3.0315,33.6384,232.9763,0.1451,0.0957,2.6924,34.8986,234.799,0.1486,0.0801
2016-02-20T01:42:59.055Z,4.3182,50.1373,232.5352,0.2154,0.0857,3.3316,34.3768,232.5381,0.148,0.0962,2.6682,36.0078,234.4863,0.1537,0.0742
2016-02-20T01:43:59.364Z,4.3893,49.7154,232.8325,0.2137,0.0874,3.3489,35.2929,233.4658,0.1516,0.094,2.5466,35.8391,234.4893,0.1525,0.0786
2016-02-20T01:44:59.956Z,4.1403,50.0029,232.9164,0.2149,0.0818,3.2812,34.2386,233.4728,0.1466,0.0985,2.2823,36.639,234.1111,0.1563,0.0689
2016-02-20T01:45:59.293Z,4.3148,50.7464,233.2901,0.2171,0.0853,2.7148,34.8752,233.7238,0.1494,0.078,2.6848,35.682,232.2439,0.1536,0.0752
2016-02-20T01:46:59.526Z,4.3808,51.0969,232.7145,0.2201,0.0842,2.9467,34.6202,233.3567,0.1481,0.0878,2.2625,36.1686,234.4822,0.1543,0.0675
2016-02-20T01:47:59.720Z,4.1574,49.4398,233.0818,0.2118,0.0833,2.8391,33.7271,233.4095,0.1442,0.0871,2.2786,34.1374,234.4621,0.1461,0.0736
2016-02-20T01:48:59.153Z,3.7661,50.7637,233.0442,0.2181,0.0723,3.3172,35.3279,233.2424,0.1516,0.0961,2.7236,36.6584,234.0362,0.1568,0.0784
2016-02-20T01:49:59.402Z,4.3185,50.1458,232.128,0.2155,0.0868,3.2535,34.6345,233.243,0.1487,0.0949,3.043,35.4616,233.2274,0.1519,0.0874
2016-02-20T01:50:59.597Z,4.8357,49.9826,231.7413,0.2154,0.0954,3.0267,34.5555,233.71,0.1477,0.0888,2.6033,34.2298,233.847,0.1464,0.0802
2016-02-20T01:51:59.878Z,4.6252,50.4388,231.7049,0.2171,0.0914,2.9736,34.7335,233.8587,0.1481,0.0851,2.7308,36.098,234.053,0.154,0.0774
2016-02-20T01:52:59.118Z,4.4204,49.7097,231.52,0.2149,0.0884,3.2762,33.9431,233.0326,0.1458,0.0962,2.961,34.0466,233.3432,0.1459,0.0884
2016-02-20T01:53:59.214Z,4.2558,49.12,231.4751,0.2124,0.089,2.7857,35.0265,232.8638,0.1499,0.0809,2.46,34.6699,233.0341,0.1486,0.0759
2016-02-20T01:54:59.478Z,4.9399,51.6741,232.905,0.2216,0.095,2.2787,33.8518,231.4875,0.1463,0.0753,2.4247,35.1115,234.2854,0.1496,0.0696
2016-02-20T01:55:59.608Z,4.7934,51.0468,233.1053,0.2191,0.0944,2.7209,33.0152,233.0954,0.1418,0.091,2.3531,35.4529,234.1082,0.1511,0.0654
2016-02-20T01:56:59.956Z,4.4319,50.0037,232.8615,0.2152,0.0882,3.354,34.0047,233.3652,0.1457,0.0966,2.8963,34.9088,233.764,0.1493,0.0807
2016-02-20T01:57:59.598Z,5.0095,51.1673,232.8287,0.2197,0.0979,3.1226,35.4475,233.8008,0.1523,0.0912,2.8378,35.3226,233.8902,0.151,0.0815
2016-02-20T01:58:59.015Z,4.4802,50.6524,232.6019,0.2176,0.0888,2.9038,33.6128,233.7491,0.1438,0.0917,2.1242,34.7082,233.6982,0.1487,0.0653
2016-02-20T01:59:59.668Z,4.5771,51.1021,231.9792,0.2204,0.089,2.8503,34.9966,233.8376,0.15,0.0827,2.4697,35.3044,233.4197,0.1519,0.0756
