2016-01-01T00:00:59.114Z,1196.2576,1592.2099,226.1442,7.0401,0.7515,1233.3126,1605.4782,224.3347,7.1568,0.7683,1749.7073,2220.1273,227.7093,9.7495,0.7884
2016-01-01T00:01:59.557Z,1113.4708,1517.9351,226.176,6.7102,0.7332,1148.4836,1535.1137,224.232,6.8463,0.7481,1660.4844,2141.1641,228.034,9.389,0.7755
2016-01-01T00:02:59.787Z,1132.3757,1533.6467,226.3857,6.7744,0.7382,1169.9793,1566.4348,225.1651,6.9561,0.7466,1663.6243,2149.7727,228.141,9.4226,0.7735
2016-01-01T00:03:59.051Z,1123.5891,1530.0436,227.0376,6.7389,0.7343,1163.2134,1564.5861,225.0818,6.9509,0.7431,1654.4646,2146.3515,228.52,9.3919,0.7703
2016-01-01T00:04:59.360Z,1082.9472,1493.954,227.3323,6.5716,0.7251,1135.0083,1545.7916,225.9333,6.8413,0.7339,1614.132,2120.7548,228.8129,9.2679,0.7608
2016-01-01T00:05:59.713Z,1073.075,1483.7149,227.0288,6.5352,0.7234,1128.7603,1539.2836,226.1802,6.8059,0.7336,1605.097,2112.259,228.614,9.2389,0.76
2016-01-01T00:06:59.044Z,1059.4636,1481.5823,227.1606,6.5222,0.715,1108.7136,1516.7893,226.1741,6.7058,0.7308,1606.5512,2115.0901,229.0732,9.2323,0.7601
2016-01-01T00:07:59.324Z,1077.9596,1501.913,227.2003,6.6098,0.7181,1122.8103,1533.4852,226.7542,6.7622,0.7324,1625.1588,2135.1178,229.6253,9.2973,0.7609
2016-01-01T00:08:59.653Z,1106.342,1516.0796,227.5259,6.6626,0.7298,1159.5561,1581.1616,227.6719,6.9448,0.7336,1625.7677,2140.5508,229.0789,9.3434,0.7598
2016-01-01T00:09:59.961Z,1081.1726,1490.3787,227.6349,6.5467,0.7252,1134.7582,1564.3477,227.8682,6.8648,0.7246,1592.0703,2113.214,229.2561,9.2169,0.7534
2016-01-01T00:10:59.269Z,1062.1448,1467.6509,227.4288,6.453,0.7237,1137.5011,1563.1174,227.9594,6.8566,0.7278,1579.726,2111.4409,229.3399,9.2057,0.7491
2016-01-01T00:11:59.546Z,1073.2043,1472.525,227.2521,6.4791,0.7286,1157.5718,1577.248,227.6923,6.927,0.734,1592.1901,2126.8734,229.5234,9.2659,0.7491
2016-01-01T00:12:59.982Z,1064.8414,1454.2339,227.0548,6.4047,0.7322,1160.5796,1586.6738,228.2473,6.9513,0.7316,1569.5599,2107.3779,228.9606,9.2033,0.7448
2016-01-01T00:13:59.231Z,1060.6801,1450.9068,227.3093,6.383,0.7312,1155.0122,1583.6405,228.4091,6.9334,0.7291,1565.1577,2104.4418,228.9647,9.1901,0.7441
2016-01-01T00:14:59.476Z,1070.6974,1479.2813,227.4896,6.5024,0.7239,1149.6314,1555.2537,226.3917,6.8693,0.7398,1616.6519,2136.6374,229.4981,9.3094,0.7566
2016-01-01T00:15:59.754Z,1070.0554,1474.3841,227.6533,6.4759,0.7252,1150.2682,1560.7936,226.1728,6.9001,0.7369,1604.1998,2126.4556,229.4481,9.2672,0.754
2016-01-01T00:16:59.065Z,1064.7022,1456.2631,227.4573,6.4024,0.7311,1156.9998,1583.8838,227.891,6.9501,0.7306,1572.0655,2108.6303,229.1647,9.201,0.7451
2016-01-01T00:17:59.343Z,1082.5639,1490.2802,227.1714,6.5598,0.7269,1146.5508,1557.3886,226.9953,6.86,0.7357,1618.4149,2133.3694,229.4438,9.2976,0.7581
2016-01-01T00:18:59.518Z,1076.6578,1492.7875,227.3954,6.5645,0.721,1136.0681,1542.2794,226.5646,6.807,0.737,1622.2035,2134.734,229.5638,9.2987,0.76
2016-01-01T00:19:59.716Z,1078.6006,1485.7279,226.8951,6.5477,0.7257,1139.6616,1541.9161,226.2677,6.8141,0.7389,1617.9404,2125.2634,228.8852,9.2849,0.76
2016-01-01T00:20:59.987Z,1079.8522,1486.6561,227.0694,6.5468,0.7263,1143.3321,1548.899,226.4321,6.84,0.7381,1617.5506,2126.6168,229.0713,9.2828,0.7603
2016-01-01T00:21:59.368Z,1077.1752,1478.1107,227.0978,6.5083,0.7288,1156.3071,1564.2828,226.7482,6.8981,0.7396,1609.6885,2127.7038,229.0981,9.2865,0.7578
2016-01-01T00:22:59.517Z,1076.4706,1501.5142,227.5527,6.5984,0.7164,1128.4301,1519.886,224.9791,6.7548,0.7424,1649.5258,2149.2864,229.8623,9.3493,0.7677
2016-01-01T00:23:59.908Z,1068.5429,1512.4641,227.4364,6.65,0.7066,1111.2796,1482.4989,223.3894,6.6362,0.7499,1681.5424,2167.3379,230.1523,9.4169,0.777
2016-01-01T00:24:59.120Z,1070.12,1499.0435,227.0659,6.6019,0.7143,1128.8434,1506.9158,224.4264,6.7143,0.7485,1664.9925,2162.1844,229.8449,9.4065,0.769
2016-01-01T00:25:59.455Z,1078.5614,1499.7922,227.3209,6.5971,0.7189,1137.0718,1527.0048,225.6299,6.7672,0.7447,1649.5783,2151.3568,229.3952,9.3783,0.7674
2016-01-01T00:26:59.619Z,1076.8329,1495.176,227.2784,6.5781,0.7204,1142.9424,1532.6637,225.6431,6.7919,0.7457,1649.6046,2156.1837,229.549,9.3931,0.7654
2016-01-01T00:27:59.861Z,1081.8346,1490.6534,227.3004,6.5578,0.7258,1154.4862,1551.0556,226.1446,6.8579,0.7442,1636.7239,2144.6913,229.097,9.3603,0.7626
2016-01-01T00:28:59.183Z,1079.8883,1481.5876,227.2034,6.5203,0.7289,1162.8974,1561.3684,226.3791,6.8963,0.7445,1628.0291,2141.0482,228.7098,9.361,0.7601
2016-01-01T00:29:59.601Z,1075.7736,1478.7609,227.0741,6.5118,0.7278,1163.623,1557.6963,226.1992,6.886,0.7471,1635.049,2148.2668,228.8719,9.3857,0.7607
2016-01-01T00:30:59.917Z,1074.7266,1472.1584,227.0619,6.4829,0.73,1171.3387,1569.5554,226.6546,6.9244,0.7464,1626.1201,2145.6684,228.6484,9.384,0.7581
2016-01-01T00:31:59.108Z,1075.8173,1472.9628,226.9509,6.4899,0.7298,1173.5826,1569.2075,226.4642,6.9289,0.7478,1629.3568,2149.6505,228.9886,9.3874,0.7593
2016-01-01T00:32:59.404Z,1076.1002,1470.9182,226.9557,6.4803,0.7318,1161.0454,1564.2051,226.4432,6.9074,0.7416,1611.2183,2126.3144,228.5593,9.303,0.7587
2016-01-01T00:33:59.821Z,1082.0669,1473.1631,226.7043,6.4978,0.7342,1174.0514,1574.9256,226.7303,6.9459,0.7458,1620.9181,2136.4168,228.651,9.3429,0.7598
2016-01-01T00:34:59.062Z,1067.1483,1465.7133,226.8554,6.4607,0.7283,1156.9199,1553.0746,226.4844,6.8571,0.7442,1618.2269,2133.6412,228.499,9.3372,0.7596
2016-01-01T00:35:59.309Z,1075.3738,1473.546,226.8442,6.4956,0.7293,1164.8556,1563.4299,227.1027,6.8837,0.7452,1624.5141,2139.5157,228.3461,9.3693,0.7597
2016-01-01T00:36:59.544Z,1064.6878,1462.0932,226.5094,6.454,0.7287,1156.7041,1555.0808,227.1036,6.8469,0.7439,1613.3147,2131.6377,228.469,9.3293,0.7571
2016-01-01T00:37:59.793Z,1067.0262,1463.9622,226.4893,6.4634,0.729,1168.2776,1560.2217,226.8708,6.8767,0.7491,1627.9446,2149.0057,228.8314,9.3907,0.7587
2016-01-01T00:38:59.042Z,1058.2598,1457.9516,226.5399,6.4351,0.7261,1159.7226,1553.8076,226.981,6.845,0.7464,1618.575,2142.2311,229.0256,9.3527,0.7559
2016-01-01T00:39:59.484Z,1068.8624,1473.2436,227.2709,6.4821,0.7252,1164.9182,1566.1819,227.2631,6.8906,0.7432,1621.8546,2146.7617,229.2478,9.3641,0.7559
2016-01-01T00:40:59.802Z,1056.2376,1465.1789,227.3768,6.4441,0.7208,1160.3166,1565.9402,227.8298,6.8728,0.7413,1616.7836,2151.5896,229.7151,9.3658,0.7512
2016-01-01T00:41:59.027Z,1059.4198,1470.2938,227.4437,6.464,0.7202,1164.3034,1570.2124,227.9211,6.889,0.7416,1626.5734,2166.3974,230.3142,9.4053,0.7502
2016-01-01T00:42:59.272Z,1058.7506,1474.6086,227.7608,6.4733,0.7182,1155.5342,1565.6976,228.1722,6.8622,0.7381,1619.0774,2155.9027,230.0811,9.37,0.7504
2016-01-01T00:43:59.583Z,284.246,489.5164,228.4324,2.1459,0.2138,307.251,496.9627,229.395,2.1768,0.225,513.185,698.5531,232.1032,3.0263,0.7043
2016-01-01T00:44:59.830Z,283.9837,580.9168,227.4537,2.5566,0.247,323.8916,578.9359,228.646,2.539,0.2733,428.2962,699.7222,232.4877,3.0173,0.6558
2016-01-01T00:45:59.050Z,3.9876,129.6808,228.3538,0.5671,0.0312,4.063,114.2878,229.0989,0.4992,0.0364,244.3675,309.3381,232.613,1.3318,0.7422
2016-01-01T00:46:59.346Z,839.975,1223.5868,227.9144,5.3701,0.5481,878.2399,1205.9044,226.6914,5.329,0.5716,1406.8373,1815.8556,230.683,7.8813,0.7919
2016-01-01T00:47:59.649Z,1146.5358,1576.2172,228.1891,6.9073,0.7276,1206.6821,1598.3937,226.45,7.0578,0.755,1738.6887,2249.4518,230.1626,9.7724,0.7729
2016-01-01T00:48:59.907Z,1198.6521,1629.4547,227.8145,7.1521,0.7356,1263.1933,1635.2498,225.9733,7.2363,0.7728,1825.5098,2322.9574,230.6437,10.0708,0.7856
2016-01-01T00:49:59.132Z,1102.401,1537.7689,228.426,6.7309,0.7169,1153.7293,1551.3743,226.1351,6.8598,0.7434,1685.9548,2195.0682,230.1655,9.5363,0.7684
2016-01-01T00:50:59.483Z,1089.1013,1520.5666,228.0544,6.6673,0.7161,1154.8878,1552.9686,226.5526,6.8546,0.744,1674.2738,2190.0451,230.0318,9.5198,0.7649
2016-01-01T00:51:59.731Z,1066.7506,1486.503,228.0256,6.5188,0.7182,1146.0922,1556.9707,226.8932,6.8612,0.7357,1627.3848,2156.0276,229.7859,9.3826,0.7554
2016-01-01T00:52:59.995Z,1031.2336,1456.9524,227.9291,6.3916,0.7083,1112.7743,1527.2777,227.1943,6.7218,0.7282,1595.6377,2128.507,229.8782,9.2587,0.7491
2016-01-01T00:53:59.520Z,1035.6612,1467.4209,227.6635,6.4454,0.7057,1118.9338,1524.7434,226.8334,6.721,0.7334,1616.4087,2145.7821,230.3592,9.3147,0.7522
2016-01-01T00:54:59.811Z,1085.6794,1497.1612,227.4386,6.5822,0.7252,1164.6133,1567.3439,226.7556,6.912,0.7426,1645.0908,2164.105,229.4302,9.4326,0.7597
2016-01-01T00:55:59.041Z,1070.8576,1496.3691,227.564,6.5752,0.7154,1134.9327,1536.3229,226.4411,6.7843,0.7389,1640.9028,2154.6379,229.5801,9.3851,0.7613
2016-01-01T00:56:59.457Z,1036.1044,1466.6571,227.6816,6.441,0.7058,1100.6202,1506.7662,226.2693,6.6589,0.731,1607.5272,2126.7868,229.8652,9.2521,0.7569
2016-01-01T00:57:59.788Z,1037.0213,1470.1788,227.6533,6.4572,0.7052,1110.6369,1504.5031,225.6718,6.6662,0.7384,1627.2488,2142.8977,229.8311,9.3233,0.7584
2016-01-01T00:58:59.172Z,1078.4186,1526.5478,227.8348,6.7001,0.706,1124.9847,1494.5063,223.4236,6.6885,0.7523,1705.6647,2196.4455,230.3715,9.5343,0.7773
2016-01-01T00:59:59.339Z,1084.5607,1510.994,227.3918,6.6446,0.7184,1138.4292,1535.7649,225.9379,6.7966,0.7411,1657.1637,2161.5314,229.5556,9.4153,0.767
