2016-01-12T00:00:59.834Z,4.2202,126.5154,229.5598,0.551,0.0337,4.7967,112.452,231.7372,0.4848,0.0437,3.4965,114.6032,233.3396,0.4914,0.0293
2016-01-12T00:01:59.156Z,3.8317,126.6559,228.8677,0.5529,0.0307,4.8323,114.1907,232.484,0.4903,0.0423,3.5576,111.8768,233.3963,0.4794,0.0309
2016-01-12T00:02:59.501Z,4.8377,129.9645,228.5475,0.5687,0.0359,4.3496,113.8375,231.558,0.4912,0.0385,3.9489,110.5036,232.7591,0.4744,0.0355
2016-01-12T00:03:59.764Z,4.1795,128.9358,228.0078,0.5648,0.0335,4.546,112.6374,231.4408,0.4868,0.0421,4.1863,112.4243,232.58,0.483,0.037
2016-01-12T00:04:59.276Z,5.473,127.9352,228.8386,0.5588,0.0434,5.0077,111.348,231.7069,0.4808,0.0441,5.4564,110.6826,232.5034,0.4762,0.0487
2016-01-12T00:05:59.306Z,4.0998,127.5623,229.1812,0.5567,0.0301,4.291,112.356,231.7752,0.4853,0.0367,2.1757,111.9868,232.7013,0.4814,0.023
2016-01-12T00:06:59.644Z,3.9685,128.8264,229.3971,0.5612,0.0312,3.1698,112.7291,231.9825,0.4863,0.0286,2.4169,114.0733,232.9333,0.4901,0.0211
2016-01-12T00:07:59.900Z,5.4507,128.6481,229.54,0.5601,0.0432,3.8045,112.9551,231.8345,0.4874,0.0321,4.0427,112.7656,233.7292,0.4821,0.0366
2016-01-12T00:08:59.152Z,4.3578,127.0076,230.2152,0.5517,0.0339,4.2108,111.1687,231.4162,0.4802,0.037,3.9542,112.6494,233.7563,0.4819,0.0343
2016-01-12T00:09:59.461Z,4.6309,131.086,230.3731,0.5687,0.0356,3.1445,109.4251,231.7968,0.4721,0.0337,3.3897,111.6313,233.7389,0.4781,0.0303
2016-01-12T00:10:59.816Z,4.5064,130.816,230.8818,0.5667,0.0335,4.3037,111.8021,232.6814,0.4803,0.0385,3.5707,114.9995,234.461,0.4904,0.0311
2016-01-12T00:11:59.310Z,5.5152,129.3152,230.4941,0.5603,0.044,4.9019,112.7003,233.091,0.4836,0.0417,4.1998,114.7853,234.604,0.489,0.0366
2016-01-12T00:12:59.696Z,5.1398,131.3258,231.013,0.5682,0.04,4.3107,112.2771,233.2926,0.4811,0.037,3.9541,113.9595,235.1489,0.4844,0.0355
2016-01-12T00:13:59.043Z,5.9594,131.0298,231.5078,0.5654,0.0444,3.418,112.5056,233.2283,0.4821,0.031,3.3982,111.687,235.9547,0.4733,0.0323
2016-01-12T00:14:59.410Z,4.9787,130.2363,230.3865,0.5647,0.0382,3.2389,112.2502,231.6223,0.4844,0.0302,3.799,111.7213,234.8062,0.4762,0.0337
2016-01-12T00:15:59.941Z,3.2665,129.2365,229.7414,0.5622,0.026,5.1108,115.9771,230.7788,0.5021,0.0452,3.4735,110.8828,233.28,0.4753,0.0333
2016-01-12T00:16:59.316Z,4.8532,130.7792,229.5277,0.5694,0.0387,3.2989,112.9012,230.6523,0.4892,0.0314,4.3986,112.593,233.5433,0.4826,0.0362
2016-01-12T00:17:59.691Z,5.5675,128.4209,228.9631,0.5608,0.0441,3.2667,111.9825,229.9811,0.4865,0.0281,3.363,112.0018,232.8602,0.4808,0.0296
2016-01-12T00:18:59.297Z,3.6681,126.7881,228.7349,0.5542,0.0281,4.2544,110.9267,229.4193,0.4836,0.0407,4.0928,111.5398,232.1799,0.4804,0.0359
2016-01-12T00:19:59.652Z,4.0629,128.0984,227.7447,0.5626,0.0323,3.761,110.1885,227.2708,0.4844,0.0334,3.7897,110.3529,231.5838,0.4766,0.0338
2016-01-12T00:20:59.909Z,4.6985,130.197,228.2199,0.5696,0.0353,3.3867,108.7971,225.5097,0.4825,0.031,3.6453,111.6451,231.7038,0.4816,0.0318
2016-01-12T00:21:59.102Z,4.7019,128.5749,229.1462,0.5604,0.0365,3.8281,112.4707,227.9282,0.4936,0.0331,2.3679,112.4691,230.9536,0.487,0.0222
2016-01-12T00:22:59.468Z,4.3837,129.0678,229.0893,0.5632,0.034,4.55,110.2629,228.1049,0.4826,0.042,3.552,112.4598,231.0749,0.4865,0.0331
2016-01-12T00:23:59.946Z,3.9838,124.174,229.0268,0.5414,0.0327,3.5377,107.7877,228.2215,0.4722,0.0328,3.3707,107.7853,230.9135,0.4666,0.0333
2016-01-12T00:24:59.594Z,3.5891,126.6529,228.7262,0.5532,0.0276,3.5714,112.2526,228.2817,0.4918,0.0326,3.6228,110.6321,230.6304,0.4791,0.0322
2016-01-12T00:25:59.060Z,4.3321,127.9137,228.5868,0.5589,0.034,3.9208,110.4414,227.4264,0.4854,0.0367,4.1932,112.8166,230.5388,0.4898,0.0372
2016-01-12T00:26:59.315Z,4.1555,128.4886,228.2737,0.5624,0.0334,3.502,109.7553,227.3618,0.4831,0.0327,3.3465,112.2888,230.4509,0.4873,0.0315
2016-01-12T00:27:59.631Z,4.3777,127.9085,228.2665,0.5601,0.0334,3.5587,112.8136,227.237,0.4972,0.0322,4.3378,112.1537,230.2746,0.4868,0.0386
2016-01-12T00:28:59.369Z,4.9804,125.8398,228.8051,0.5493,0.0381,4.3208,108.7928,227.4721,0.4781,0.0419,3.5657,108.792,230.2624,0.4723,0.0331
2016-01-12T00:29:59.192Z,4.3578,127.0769,228.785,0.5552,0.036,3.9483,109.8512,227.3461,0.483,0.0359,3.2414,107.9041,230.2863,0.4679,0.0319
2016-01-12T00:30:59.484Z,4.3387,126.3414,228.7252,0.5523,0.0346,3.2722,108.017,227.0511,0.4754,0.0311,3.0758,111.8045,229.5502,0.487,0.0279
2016-01-12T00:31:59.751Z,3.7289,131.3327,229.0286,0.5727,0.0282,3.6412,110.0213,227.076,0.4842,0.0332,3.2426,110.5637,230.1397,0.4807,0.0291
2016-01-12T00:32:59.983Z,3.7395,129.0157,228.3345,0.5649,0.0286,4.4318,109.5292,226.9081,0.4829,0.0401,3.2145,111.0007,229.9429,0.4824,0.0301
2016-01-12T00:33:59.697Z,2.843,129.4611,231.0366,0.5602,0.022,3.5898,113.4813,229.2997,0.4949,0.0316,4.1242,112.9569,232.6314,0.486,0.0359
2016-01-12T00:34:59.986Z,4.0927,128.7934,230.8359,0.5576,0.0311,3.9016,109.3016,229.4599,0.4763,0.0326,2.5529,113.7411,233.2091,0.4873,0.0218
2016-01-12T00:35:59.261Z,5.2531,129.9787,231.261,0.5619,0.0409,3.6613,111.7294,229.9288,0.4859,0.0339,3.065,110.0376,233.3296,0.4716,0.0271
2016-01-12T00:36:59.919Z,4.3122,127.7701,230.9643,0.5525,0.0338,3.9445,112.7621,230.7871,0.4888,0.036,3.7957,111.9143,232.7335,0.481,0.0342
2016-01-12T00:37:59.223Z,4.316,128.0973,231.2636,0.5543,0.0328,4.1393,113.1488,231.3989,0.4893,0.0394,3.9479,112.3266,233.0053,0.482,0.0348
2016-01-12T00:38:59.555Z,4.7954,130.2866,231.0712,0.563,0.0357,2.8663,111.7191,230.8878,0.4841,0.0275,3.5999,112.1139,233.2883,0.4803,0.0334
2016-01-12T00:39:59.753Z,4.4084,130.7157,231.7425,0.564,0.0308,4.368,109.4148,231.6404,0.4722,0.0399,3.7366,111.4891,233.8369,0.4773,0.0336
2016-01-12T00:40:59.114Z,3.7409,130.3681,231.7471,0.5623,0.0289,4.431,112.7973,232.1383,0.4861,0.04,4.0027,113.5992,233.9946,0.4852,0.0352
2016-01-12T00:41:59.872Z,4.692,128.5416,231.8933,0.5542,0.0378,4.1153,116.3946,231.9071,0.5018,0.0346,2.5148,110.7642,233.8388,0.4734,0.0233
2016-01-12T00:42:59.162Z,3.6848,129.1189,230.9171,0.5589,0.0286,4.2958,113.7547,232.0264,0.4911,0.0397,3.4482,110.8023,233.9912,0.4733,0.0308
2016-01-12T00:43:59.397Z,4.3496,128.7089,231.1801,0.5567,0.0337,3.9778,111.0278,232.7281,0.4775,0.0389,3.3586,112.86,234.6384,0.4809,0.031
2016-01-12T00:44:59.542Z,4.0032,130.4947,232.3729,0.5614,0.0311,2.6611,112.051,233.2205,0.4809,0.0236,3.0866,112.3622,234.8753,0.4784,0.0267
2016-01-12T00:45:59.928Z,4.1035,130.482,232.2363,0.5616,0.0318,4.7891,112.6196,233.0589,0.483,0.0411,3.8499,112.7459,234.7609,0.4796,0.0352
2016-01-12T00:46:59.524Z,5.3625,132.4373,232.9269,0.5685,0.0412,4.6448,110.8889,233.0886,0.4749,0.0412,3.6184,114.3557,234.9367,0.4866,0.0311
2016-01-12T00:47:59.875Z,4.3453,132.0289,232.9125,0.5667,0.0337,4.3727,114.2397,233.7697,0.4882,0.0396,4.1588,114.2786,235.3179,0.486,0.0371
2016-01-12T00:48:59.068Z,4.1115,129.5107,231.9269,0.558,0.0316,3.4513,114.0571,232.6289,0.4907,0.033,2.5138,113.5735,234.0566,0.4848,0.0252
2016-01-12T00:49:59.382Z,3.657,128.1033,229.7222,0.5575,0.0273,4.5993,110.6686,230.608,0.4798,0.0415,2.6959,111.9849,231.5747,0.4835,0.0258
2016-01-12T00:50:59.594Z,4.3934,129.323,229.3562,0.5634,0.0347,3.9582,107.818,229.703,0.4695,0.0369,3.6447,109.0625,231.7873,0.4704,0.0333
2016-01-12T00:51:59.779Z,3.9638,126.8731,229.8965,0.5516,0.0309,4.6097,108.8599,227.0298,0.4795,0.0404,2.8188,113.7197,232.0868,0.4898,0.0256
2016-01-12T00:52:59.202Z,4.1974,127.8942,229.9696,0.5559,0.033,4.1773,108.897,226.8418,0.4797,0.0368,2.7858,110.3944,231.961,0.4759,0.0261
2016-01-12T00:53:59.632Z,5.0359,129.6925,228.974,0.5658,0.0388,3.9185,110.212,229.1727,0.4813,0.036,4.1363,111.0657,230.4582,0.4818,0.0377
2016-01-12T00:54:59.891Z,3.5996,125.9163,228.0738,0.5521,0.0287,3.8866,109.7053,229.6677,0.4778,0.0364,2.9616,110.8738,230.1211,0.4815,0.0265
2016-01-12T00:55:59.177Z,3.8932,127.1706,227.7252,0.5582,0.0306,3.8277,115.2779,229.6991,0.5018,0.0351,4.1223,109.14,229.8973,0.475,0.037
2016-01-12T00:56:59.391Z,3.3292,129.6245,228.8397,0.5652,0.0257,4.3307,111.5307,229.4598,0.4865,0.0388,2.7642,111.2541,230.5069,0.4824,0.0244
2016-01-12T00:57:59.992Z,3.9487,127.5814,228.8892,0.5573,0.0303,3.8488,109.5709,229.4563,0.4777,0.035,3.9347,109.2437,230.91,0.4724,0.0366
2016-01-12T00:58:59.162Z,3.2329,126.4918,228.956,0.5526,0.0256,4.0881,107.3916,229.5291,0.4675,0.0406,3.2698,108.3688,230.8056,0.469,0.034
2016-01-12T00:59:59.399Z,3.9576,127.5993,228.8427,0.5568,0.0302,3.72,112.1735,229.0837,0.4897,0.0341,3.8571,112.9557,230.6141,0.489,0.0319
