2016-03-12T00:00:59.482Z,2.3997,69.5189,225.1721,0.3082,0.0337,3.3201,59.6708,230.7954,0.2584,0.058,1.657,62.212,231.0846,0.2692,0.0278
2016-03-12T00:01:59.708Z,2.7274,68.637,224.1512,0.3068,0.0397,3.3654,62.6885,230.7495,0.2714,0.0534,2.8662,63.5942,231.1741,0.2754,0.0462
2016-03-12T00:02:59.127Z,2.522,69.1457,224.8177,0.3077,0.0364,3.3758,63.236,230.4703,0.2743,0.0542,2.1544,62.3881,231.6666,0.2686,0.0356
2016-03-12T00:03:59.318Z,2.122,70.2997,225.5413,0.3114,0.0308,3.2799,65.3648,231.1045,0.2825,0.05,1.8479,64.493,232.3835,0.2775,0.0287
2016-03-12T00:04:59.718Z,2.3533,69.9901,225.7963,0.3092,0.034,3.2267,62.4592,231.5623,0.2698,0.052,2.2303,65.1932,232.915,0.28,0.0359
2016-03-12T00:05:59.968Z,2.4578,70.3992,225.9288,0.3121,0.0341,3.3,63.1208,232.564,0.2716,0.0534,2.3957,63.5236,232.9153,0.2724,0.0393
2016-03-12T00:06:59.704Z,2.0452,69.7277,226.9846,0.3072,0.0297,3.5108,64.597,233.2868,0.277,0.0546,1.888,63.9451,233.4999,0.2739,0.0296
2016-03-12T00:07:59.033Z,2.1016,71.2127,227.7504,0.3127,0.0304,3.1977,64.2582,233.4836,0.2751,0.0504,2.617,64.2094,233.621,0.275,0.041
2016-03-12T00:08:59.308Z,2.4113,71.1682,228.1249,0.3119,0.0344,3.3578,64.6792,234.0485,0.2766,0.0529,1.9097,64.5796,234.0313,0.2759,0.0303
2016-03-12T00:09:59.796Z,2.9061,70.1633,228.3616,0.3071,0.0418,3.3791,64.7393,234.6414,0.2758,0.0526,2.4813,64.2467,234.2742,0.2748,0.0385
2016-03-12T00:10:59.271Z,2.3099,70.4831,228.7852,0.3081,0.0343,3.3311,62.2908,234.5706,0.2653,0.0552,2.6863,62.9164,234.6069,0.2682,0.0453
2016-03-12T00:11:59.615Z,2.1442,71.94,230.5264,0.3117,0.0304,3.3722,64.257,233.8205,0.2751,0.0533,2.5921,65.7279,234.5507,0.28,0.0395
2016-03-12T00:12:59.162Z,1.9282,72.5297,231.5621,0.313,0.0264,3.3266,62.0617,233.5023,0.2658,0.0521,1.7824,63.7809,235.1412,0.2713,0.0266
2016-03-12T00:13:59.531Z,2.3112,72.5929,231.9046,0.3131,0.0311,3.4678,63.2648,233.5566,0.2713,0.0555,2.1554,63.1176,235.5523,0.2676,0.0338
2016-03-12T00:14:59.742Z,2.6745,72.3426,232.1257,0.3113,0.0391,3.2011,63.7689,231.0777,0.2762,0.0499,1.8933,65.4703,236.1902,0.2774,0.0305
2016-03-12T00:15:59.237Z,2.2933,71.1299,232.2856,0.3062,0.0312,3.3069,63.8091,232.7999,0.2736,0.0523,1.8619,64.3905,236.2689,0.2731,0.0288
2016-03-12T00:16:59.533Z,2.8487,72.1026,231.6962,0.3116,0.0387,3.5656,64.9938,233.6753,0.2778,0.0547,1.8415,63.7065,235.5005,0.2705,0.0284
2016-03-12T00:17:59.102Z,2.8961,71.9391,231.044,0.3113,0.0402,3.5013,62.4141,233.4882,0.2672,0.0568,2.3206,66.0631,235.7638,0.28,0.0356
2016-03-12T00:18:59.464Z,2.9641,71.9996,230.9566,0.312,0.0395,3.7973,65.1593,232.848,0.2799,0.0591,2.134,63.971,236.2275,0.2704,0.0339
2016-03-12T00:19:59.297Z,1.96,70.2904,230.0071,0.3058,0.0258,3.6917,62.1484,234.0272,0.2656,0.0624,2.0901,63.3914,236.3538,0.2681,0.0354
2016-03-12T00:20:59.691Z,2.2065,71.5014,230.8666,0.3097,0.0309,2.9314,63.05,233.7658,0.2693,0.0475,1.4666,65.9937,236.4817,0.2786,0.022
2016-03-12T00:21:59.170Z,2.2136,70.3983,230.674,0.3052,0.0312,3.9807,64.8359,233.3289,0.2773,0.0627,1.8173,65.5947,236.3304,0.2777,0.0296
2016-03-12T00:22:59.384Z,2.2905,72.2641,230.9338,0.3131,0.0305,3.7481,65.3279,233.5015,0.2796,0.0577,2.3513,65.4644,236.8248,0.2762,0.0354
2016-03-12T00:23:59.731Z,2.2639,72.0177,231.2713,0.3114,0.0315,3.3958,64.6822,233.4177,0.2774,0.0538,2.0385,64.9818,236.658,0.2739,0.0317
2016-03-12T00:24:59.151Z,2.2379,71.82,232.3194,0.3091,0.031,3.6194,62.0491,232.6901,0.2668,0.0608,2.1693,63.3304,236.5077,0.2681,0.0351
2016-03-12T00:25:59.576Z,2.6043,73.7427,232.7433,0.3168,0.036,3.4734,63.5615,232.5142,0.2734,0.0562,2.5398,63.7029,236.0923,0.27,0.0398
2016-03-12T00:26:59.990Z,3.5313,70.779,233.0061,0.3037,0.0521,3.4832,60.7345,231.8282,0.2623,0.0584,2.4837,64.495,236.2728,0.2725,0.039
2016-03-12T00:27:59.808Z,2.3484,71.1943,232.9669,0.3052,0.0323,3.8036,64.0249,232.2718,0.2751,0.059,1.7064,65.3508,236.204,0.2767,0.0266
2016-03-12T00:28:59.980Z,2.1293,71.6156,233.1859,0.3064,0.03,3.6738,64.5175,232.8741,0.2769,0.0582,2.3031,64.1984,236.0533,0.2723,0.0354
2016-03-12T00:29:59.220Z,2.432,71.5462,233.2518,0.3068,0.034,3.4996,63.6709,233.2723,0.2727,0.0581,1.9644,64.2941,236.0991,0.273,0.03
2016-03-12T00:30:59.421Z,2.1813,72.6946,233.217,0.3115,0.0286,3.3336,64.0277,233.219,0.2749,0.0534,2.281,64.8498,236.0929,0.2751,0.0352
2016-03-12T00:31:59.625Z,2.0725,72.0388,232.9801,0.3089,0.028,3.4663,63.5329,232.3619,0.2732,0.0553,1.9687,65.9176,235.8097,0.2791,0.0289
2016-03-12T00:32:59.792Z,2.5163,71.3897,233.4122,0.3058,0.0356,3.1074,62.9897,232.8687,0.2708,0.0492,1.8869,62.51,236.4367,0.2648,0.0309
2016-03-12T00:33:59.140Z,2.7984,72.1774,232.9661,0.3097,0.0398,3.3587,64.5799,232.598,0.2777,0.0518,2.0743,64.5152,235.6168,0.2737,0.0326
2016-03-12T00:34:59.424Z,2.4745,72.4297,233.4897,0.3099,0.0345,3.7687,62.8397,233.0115,0.2699,0.0601,2.0998,63.5485,236.1374,0.2692,0.0335
2016-03-12T00:35:59.508Z,1.87,72.1165,232.7358,0.3095,0.0254,3.5176,63.4024,232.8285,0.2729,0.0552,2.5608,63.4622,235.4593,0.2693,0.0407
2016-03-12T00:36:59.850Z,2.2119,72.0515,231.7287,0.3105,0.0303,3.4895,64.242,231.4155,0.2775,0.0555,2.0052,63.6144,234.1267,0.2719,0.032
2016-03-12T00:37:59.493Z,2.2833,72.0471,232.3728,0.3104,0.0313,3.1854,63.9477,232.0252,0.2757,0.0508,2.039,65.5936,234.3913,0.2798,0.0308
2016-03-12T00:38:59.089Z,2.3955,71.5362,231.9147,0.3085,0.0338,2.9969,62.6646,231.1526,0.2711,0.0463,2.3296,63.9846,234.1814,0.2731,0.0377
2016-03-12T00:39:59.302Z,1.7682,72.2354,231.879,0.3115,0.0248,3.6148,63.5849,231.499,0.2749,0.0568,2.0057,64.0158,233.9901,0.2736,0.0321
2016-03-12T00:40:59.377Z,1.4869,72.1079,231.5402,0.3119,0.0197,3.3191,61.0859,231.6142,0.264,0.0524,2.2637,62.4777,233.3803,0.2684,0.0373
2016-03-12T00:41:59.600Z,2.6902,72.9199,231.2814,0.3152,0.0379,3.0426,62.6399,231.4514,0.2708,0.0492,1.8259,63.0249,233.6064,0.27,0.0311
2016-03-12T00:42:59.539Z,2.2081,71.1854,231.0056,0.3085,0.0308,3.2288,64.0718,231.6988,0.2765,0.0513,2.232,65.034,233.8481,0.2784,0.0334
2016-03-12T00:43:59.826Z,2.2258,71.5505,231.027,0.3093,0.0302,3.4375,64.0356,231.7907,0.2767,0.0533,2.4454,64.4502,234.2516,0.2751,0.0368
2016-03-12T00:44:59.237Z,2.5853,72.6368,230.9178,0.3142,0.0356,3.6019,65.4297,231.3972,0.2821,0.0561,2.291,64.4951,233.8961,0.2751,0.0363
2016-03-12T00:45:59.702Z,2.6321,71.7957,230.8558,0.3108,0.0371,3.3203,63.0969,231.5852,0.2725,0.0536,2.2742,64.3808,234.0446,0.2749,0.0354
2016-03-12T00:46:59.183Z,2.5312,70.2773,231.1401,0.3037,0.0373,3.2313,61.6855,231.338,0.2664,0.0532,2.4867,63.9507,234.5196,0.2727,0.0387
2016-03-12T00:47:59.412Z,1.747,71.4076,231.6236,0.3082,0.0236,2.9321,63.839,231.3579,0.2758,0.0475,2.0541,63.1278,231.7604,0.2725,0.0342
2016-03-12T00:48:59.043Z,2.1734,71.6781,231.09,0.3101,0.0308,3.4505,63.6093,232.1458,0.2741,0.0548,2.3074,64.69,233.229,0.2775,0.0375
2016-03-12T00:49:59.309Z,2.5021,71.656,231.6104,0.3091,0.0355,3.3203,63.1251,232.6963,0.2716,0.0525,2.3544,64.9801,233.1708,0.2789,0.0353
2016-03-12T00:50:59.848Z,2.861,71.6092,231.3715,0.3091,0.0409,3.1961,62.5773,232.187,0.2693,0.0518,2.3551,64.5007,232.4803,0.2774,0.0363
2016-03-12T00:51:59.205Z,2.74,72.3156,231.0003,0.3128,0.0382,3.3778,62.9323,232.2356,0.2713,0.0539,1.7932,62.9201,232.8348,0.2703,0.0288
2016-03-12T00:52:59.326Z,1.703,72.4929,231.5336,0.313,0.0238,3.2073,61.8547,232.6916,0.2655,0.0515,2.3459,62.284,233.3848,0.2671,0.0374
2016-03-12T00:53:59.544Z,1.7348,71.9385,231.4141,0.311,0.0242,3.2616,61.9435,232.7673,0.2659,0.053,2.137,61.4024,233.8901,0.2627,0.0348
2016-03-12T00:54:59.692Z,1.9893,71.572,230.5473,0.3102,0.0276,2.822,61.6498,231.7754,0.2665,0.0459,1.9652,61.9807,233.3449,0.2657,0.0334
2016-03-12T00:55:59.060Z,3.2658,69.9604,230.7846,0.3029,0.0454,3.3316,64.7512,231.954,0.2792,0.0513,2.3141,64.2136,233.3354,0.2757,0.0377
2016-03-12T00:56:59.164Z,2.9819,72.3193,231.5622,0.312,0.041,3.496,63.6433,232.1257,0.2741,0.0545,2.0396,65.3973,232.6577,0.2811,0.0319
2016-03-12T00:57:59.422Z,2.3073,71.8398,231.5951,0.3097,0.0309,3.0742,63.8682,232.5899,0.2739,0.0484,2.2803,63.4191,233.0163,0.272,0.0366
2016-03-12T00:58:59.523Z,1.4929,71.58,230.9274,0.3103,0.0205,3.7431,61.9905,232.4562,0.2665,0.0638,1.9253,62.396,234.1388,0.2668,0.0323
2016-03-12T00:59:59.137Z,2.2863,72.1353,230.6227,0.3121,0.0312,3.1058,63.3523,232.5574,0.2726,0.0509,1.925,63.8596,234.2401,0.2728,0.031
