2016-02-22T00:00:59.870Z,4.0173,48.3318,230.1086,0.2107,0.0851,3.3374,33.5504,232.3127,0.1442,0.1,2.9446,36.9895,232.9335,0.1583,0.0718
2016-02-22T00:01:59.186Z,3.3593,48.9397,230.643,0.2122,0.0694,2.5663,34.5851,232.3229,0.1488,0.0814,2.0197,33.8579,233.1742,0.146,0.0599
2016-02-22T00:02:59.490Z,4.2446,50.6292,230.8489,0.2192,0.0819,2.8945,32.9446,233.0927,0.1408,0.0946,1.9946,35.2425,233.6699,0.1512,0.056
2016-02-22T00:03:59.682Z,4.8848,49.8675,231.6165,0.2148,0.0988,2.7514,34.9034,233.6196,0.1497,0.0803,1.8378,33.114,232.9578,0.1419,0.0587
2016-02-22T00:04:59.950Z,4.3893,49.697,231.8557,0.2143,0.0881,2.7347,32.3525,233.7047,0.1382,0.0869,1.7325,35.3507,232.3257,0.1513,0.0562
2016-02-22T00:05:59.155Z,4.6157,50.0149,230.7969,0.2169,0.0932,2.9862,32.3629,233.6629,0.1384,0.0962,3.0284,35.1654,234.1301,0.1502,0.085
2016-02-22T00:06:59.402Z,5.0178,50.8781,231.0168,0.2197,0.0988,3.1297,35.6465,233.5684,0.1524,0.0882,2.3286,34.0298,234.74,0.1449,0.0693
2016-02-22T00:07:59.639Z,4.7276,50.01,230.5743,0.2172,0.0958,2.511,33.3579,234.3195,0.1424,0.0785,1.388,34.7237,234.9299,0.1476,0.0441
2016-02-22T00:08:59.949Z,4.3552,50.4809,230.9592,0.2187,0.086,2.8998,34.3915,233.9527,0.1474,0.0857,1.9729,35.2256,235.2145,0.15,0.0591
2016-02-22T00:09:59.209Z,5.0232,49.7343,230.9202,0.2153,0.0993,2.7707,33.6777,234.168,0.1434,0.0858,2.1931,34.4006,234.8349,0.1466,0.0667
2016-02-22T00:10:59.392Z,4.8312,50.6345,230.6995,0.2198,0.0953,2.9146,34.1575,234.2991,0.1455,0.0847,1.9063,34.5927,234.7785,0.1474,0.0648
2016-02-22T00:11:59.594Z,4.6989,49.9591,230.8684,0.2165,0.0951,2.6123,35.6892,234.0221,0.1525,0.0756,2.4735,35.3725,234.6465,0.1501,0.0657
2016-02-22T00:12:59.951Z,4.5621,49.2805,230.4392,0.2142,0.0909,2.8208,34.3335,233.4341,0.1473,0.0871,1.703,33.5985,234.2683,0.1434,0.0578
2016-02-22T00:13:59.219Z,3.6314,49.1969,229.9639,0.2138,0.0709,2.4826,33.6762,233.1006,0.1446,0.0766,1.9119,34.0923,234.1004,0.1458,0.056
2016-02-22T00:14:59.507Z,4.5408,50.0521,229.8711,0.2176,0.0921,2.8423,34.7459,233.1342,0.1489,0.0859,2.4792,35.4281,234.0884,0.1518,0.0738
2016-02-22T00:15:59.711Z,4.5846,50.0179,230.1418,0.2176,0.0924,2.0555,32.4953,233.3598,0.1396,0.0687,2.4411,35.2046,234.0895,0.1501,0.0668
2016-02-22T00:17:59.300Z,4.0378,50.1905,230.9527,0.2173,0.0802,2.3968,33.8977,233.0913,0.1457,0.0751,1.9738,34.8841,234.4282,0.1491,0.0588
2016-02-22T00:18:59.686Z,3.514,49.138,230.2618,0.2135,0.0721,2.8691,32.0175,232.3219,0.138,0.0938,2.0727,33.9014,233.9853,0.1447,0.0559
2016-02-22T00:19:59.027Z,4.2702,50.3242,230.7038,0.2186,0.0856,3.2769,33.7869,232.3667,0.1457,0.0982,2.0371,35.1607,234.1602,0.1501,0.0629
2016-02-22T00:20:59.424Z,4.7868,50.1078,230.5582,0.2171,0.0954,2.7664,34.0137,232.5991,0.1465,0.0775,1.8447,34.2767,234.2452,0.1461,0.0603
2016-02-22T00:21:59.668Z,4.5778,49.4265,230.6549,0.2146,0.0922,3.0525,32.1337,232.4245,0.1382,0.0987,2.1633,35.8543,233.9266,0.1531,0.0629
2016-02-22T00:22:59.936Z,3.6373,49.9942,231.8051,0.2154,0.0727,3.4527,35.1653,232.1012,0.1518,0.0982,2.0798,33.8258,233.306,0.1451,0.0637
2016-02-22T00:23:59.254Z,3.3278,49.9431,232.4413,0.2146,0.066,2.863,34.2248,231.7609,0.1473,0.084,2.2509,33.9446,233.1894,0.1458,0.0672
2016-02-22T00:24:59.611Z,4.8175,50.0418,232.8857,0.2145,0.0961,2.7983,32.7535,232.4686,0.141,0.0852,1.4752,33.126,232.9455,0.1423,0.0473
2016-02-22T00:25:59.746Z,5.0592,50.8509,232.9132,0.218,0.1013,3.0979,33.707,232.5336,0.1451,0.0926,2.1387,35.2701,233.5633,0.1509,0.0588
2016-02-22T00:26:59.142Z,4.5519,50.3937,233.2563,0.216,0.0909,2.1717,32.8042,229.9399,0.1423,0.0693,2.2989,32.7904,234.2051,0.1401,0.0703
2016-02-22T00:27:59.359Z,4.7185,49.9534,233.2926,0.2138,0.0934,2.8454,32.7777,233.1197,0.1402,0.0915,2.3166,33.8462,233.2968,0.1449,0.071
2016-02-22T00:28:59.686Z,4.9116,50.4352,233.081,0.2168,0.0965,2.7544,35.4632,233.1154,0.1529,0.0832,1.887,34.2003,233.5829,0.1465,0.0597
2016-02-22T00:29:59.888Z,4.7022,50.2545,233.0414,0.2157,0.0941,3.0111,32.6326,232.8851,0.1403,0.0985,1.909,33.7096,233.7498,0.1445,0.0615
2016-02-22T00:30:59.243Z,3.8173,50.864,233.0389,0.2184,0.0742,3.2172,33.0284,230.0334,0.1436,0.0989,2.0819,35.3596,233.8903,0.1513,0.0553
2016-02-22T00:31:59.574Z,3.3152,49.2214,233.1858,0.211,0.0698,2.8071,32.8687,229.7748,0.1434,0.0882,1.959,35.0003,233.6793,0.1498,0.0608
2016-02-22T00:32:59.928Z,4.8227,50.6145,233.0855,0.2171,0.0943,2.6897,30.9274,232.8254,0.1331,0.0902,1.9046,33.5985,233.487,0.1437,0.0625
2016-02-22T00:33:59.275Z,4.5039,50.6678,232.8496,0.2173,0.0882,2.7873,34.5738,233.3462,0.1482,0.0888,2.0311,33.828,233.401,0.1447,0.0657
2016-02-22T00:34:59.431Z,4.6463,50.0051,232.6985,0.2152,0.092,2.9519,33.4579,233.3265,0.1433,0.0899,2.3708,36.181,233.3458,0.1558,0.068
2016-02-22T00:35:59.727Z,3.8149,48.9632,232.0716,0.2108,0.0774,3.0099,32.8691,233.3322,0.1402,0.093,2.1477,34.648,233.2679,0.1487,0.0712
2016-02-22T00:36:59.130Z,4.1821,49.8972,231.9979,0.2144,0.0831,3.4218,33.0233,233.3842,0.1418,0.1046,1.6958,34.9729,233.3489,0.1501,0.0583
2016-02-22T00:37:59.383Z,5.1265,50.6701,231.9462,0.2186,0.1002,2.9511,34.5576,233.6213,0.1481,0.0905,1.9902,35.0946,233.5387,0.1503,0.064
2016-02-22T00:38:59.746Z,4.0218,50.2573,231.6499,0.2173,0.0805,2.6111,33.6253,233.4057,0.144,0.0828,1.9876,35.3583,233.3805,0.1515,0.0605
2016-02-22T00:39:59.971Z,3.9595,49.7977,231.9988,0.2154,0.0789,2.7666,31.9915,233.3233,0.1371,0.0942,2.3237,35.6656,233.513,0.1526,0.0646
2016-02-22T00:40:59.203Z,4.3826,49.1356,232.3277,0.2111,0.0877,3.1062,33.6939,233.2584,0.1439,0.0953,1.9736,34.7279,233.746,0.1487,0.0643
2016-02-22T00:41:59.338Z,4.4202,49.5553,232.4274,0.2134,0.089,2.3452,32.4449,233.1433,0.1398,0.0818,2.1782,35.2245,233.7784,0.1503,0.0674
2016-02-22T00:42:59.664Z,4.3401,50.9522,232.0682,0.2197,0.0843,2.9968,33.4719,232.4964,0.1442,0.0913,2.047,33.9882,233.4846,0.1455,0.0593
2016-02-22T00:43:59.973Z,5.0462,49.66,232.0521,0.2139,0.1012,2.7838,33.5188,232.6455,0.144,0.0855,2.2382,34.9411,233.4942,0.1492,0.0661
2016-02-22T00:44:59.201Z,4.4135,50.6344,232.4337,0.2173,0.0881,2.4583,33.6587,233.0557,0.1444,0.0784,1.8062,33.8365,233.332,0.1448,0.059
2016-02-22T00:45:59.542Z,4.6638,50.3178,232.6643,0.2164,0.0927,2.656,32.8704,233.0924,0.1414,0.0815,2.1088,34.4637,232.602,0.148,0.0599
2016-02-22T00:46:59.775Z,4.7816,50.3466,233.0033,0.2159,0.0951,2.5426,32.6003,233.2477,0.1398,0.0841,1.8878,34.306,232.7709,0.147,0.0523
2016-02-22T00:47:59.037Z,3.9288,50.1953,232.9419,0.2158,0.0784,2.6298,33.9817,233.0408,0.1459,0.0818,2.3666,35.2312,232.6716,0.1511,0.0728
2016-02-22T00:48:59.343Z,4.3516,49.6992,232.9771,0.2132,0.0875,2.65,32.841,233.0766,0.1412,0.0785,1.9298,34.6658,232.8411,0.1488,0.06
2016-02-22T00:49:59.657Z,4.3976,49.7366,233.0943,0.2134,0.089,2.7726,31.538,232.9177,0.1352,0.09,1.7193,34.5579,233.2643,0.1479,0.0487
2016-02-22T00:50:59.801Z,4.652,50.6154,232.8845,0.2177,0.091,2.7369,31.2762,232.6963,0.1346,0.0974,2.2016,33.4255,233.2502,0.1435,0.0713
2016-02-22T00:51:59.155Z,4.6342,50.3406,232.6706,0.2163,0.0917,2.7307,31.7737,232.5236,0.1367,0.0836,1.7148,32.4102,232.9576,0.1391,0.0586
2016-02-22T00:52:59.347Z,4.4716,50.3396,232.828,0.2162,0.0886,2.5653,33.9616,232.5148,0.1465,0.0867,1.8963,32.4938,232.672,0.1396,0.0597
2016-02-22T00:53:59.547Z,4.6849,50.9859,232.646,0.2192,0.0913,2.7184,32.8418,232.6926,0.1416,0.0897,2.058,34.2678,232.7902,0.1473,0.064
2016-02-22T00:54:59.800Z,4.6791,50.6775,232.6721,0.218,0.091,3.0207,32.5809,232.6636,0.14,0.0938,2.0715,34.6827,233.2023,0.1487,0.061
2016-02-22T00:55:59.999Z,4.3778,49.4787,232.6878,0.2129,0.0901,2.8298,33.6702,232.7998,0.1447,0.0926,2.1459,33.2548,233.2219,0.1426,0.0649
2016-02-22T00:56:59.203Z,3.6457,50.4944,233.0329,0.2169,0.0704,2.9602,34.3049,233.0814,0.1474,0.0888,1.9398,35.4886,233.2084,0.1519,0.0557
2016-02-22T00:57:59.528Z,4.7282,50.4313,233.2442,0.2159,0.0942,2.9077,32.9513,233.0719,0.1413,0.0924,1.9155,34.7041,233.571,0.1488,0.0602
2016-02-22T00:58:59.777Z,4.2952,51.3797,233.493,0.2198,0.083,2.9029,33.6856,233.8214,0.1441,0.0912,1.7462,33.1636,234.3851,0.1421,0.0587
2016-02-22T00:59:59.909Z,4.7002,50.736,233.3551,0.2177,0.0938,2.8107,33.5718,234.0785,0.1436,0.0878,2.5754,36.0226,234.4876,0.1533,0.0703
