2016-03-25T00:00:59.339Z,1.9402,50.774,233.6246,0.2171,0.0375,3.1419,36.7255,233.408,0.1576,0.0913,1.6111,35.1135,234.9674,0.1495,0.0537
2016-03-25T00:01:59.495Z,1.937,50.8084,233.0574,0.2176,0.0378,3.6875,32.4419,232.9678,0.1396,0.1148,2.14,30.867,234.0764,0.1324,0.0757
2016-03-25T00:02:59.598Z,1.0538,50.5374,232.6609,0.2176,0.0219,3.1543,30.386,232.8593,0.1307,0.1063,1.9521,30.1836,233.9067,0.1293,0.0693
2016-03-25T00:03:59.646Z,0.9391,51.6495,233.5585,0.221,0.0169,3.1997,30.8893,233.62,0.1324,0.1012,1.6438,29.5,234.2767,0.1253,0.0576
2016-03-25T00:04:59.003Z,1.9711,51.178,232.8488,0.2194,0.0388,3.118,32.2372,232.8851,0.1384,0.0944,2.2403,32.3606,233.242,0.1384,0.0653
2016-03-25T00:05:59.086Z,2.0058,50.9837,232.4386,0.2189,0.0407,3.8726,31.0818,233.1407,0.1333,0.1166,1.4833,29.2737,233.1563,0.1255,0.0584
2016-03-25T00:06:59.234Z,1.6405,51.3679,232.4091,0.2205,0.0311,3.1575,31.8882,233.2921,0.1367,0.0989,2.0496,31.3987,233.2755,0.1346,0.0684
2016-03-25T00:07:59.413Z,1.7762,51.4263,232.237,0.2214,0.0342,3.384,30.5216,233.7146,0.1304,0.1104,2.0954,31.6358,233.4837,0.1357,0.0702
2016-03-25T00:08:59.628Z,1.8896,51.2744,232.1436,0.2212,0.0369,3.1477,35.3899,234.4333,0.151,0.0923,2.0627,32.1781,233.608,0.1378,0.0659
2016-03-25T00:09:59.928Z,2.7389,50.8432,231.0797,0.2201,0.0531,3.1088,33.7733,234.5513,0.1436,0.1035,2.3325,35.1566,233.5954,0.1505,0.067
2016-03-25T00:10:59.123Z,1.7584,50.5033,231.1097,0.219,0.0349,3.1402,33.6236,234.4404,0.1438,0.0977,1.7893,32.7362,233.7073,0.14,0.0628
2016-03-25T00:11:59.352Z,2.2099,50.6666,231.3832,0.219,0.0421,3.1496,33.1645,234.5831,0.1416,0.103,2.2156,34.6075,234.0845,0.1478,0.0688
2016-03-25T00:12:59.624Z,1.5766,50.0322,231.0393,0.2171,0.0315,3.3275,34.8372,234.5363,0.1488,0.098,1.9014,35.7038,234.2063,0.1526,0.0585
2016-03-25T00:13:59.912Z,2.7567,50.4149,231.4588,0.218,0.0547,2.8077,33.8897,234.2549,0.1447,0.097,2.651,34.7577,234.6036,0.1486,0.0785
2016-03-25T00:14:59.238Z,1.9621,49.8164,231.1193,0.2153,0.0394,3.3127,33.7151,231.6448,0.145,0.0989,2.1857,34.384,232.5192,0.1483,0.0701
2016-03-25T00:15:59.414Z,1.5646,50.8984,230.7171,0.2207,0.031,3.1244,33.3215,231.0536,0.1446,0.097,2.7899,34.4511,232.1522,0.149,0.0812
2016-03-25T00:16:59.626Z,1.8605,50.9903,230.7676,0.2209,0.036,3.3018,30.4446,230.4134,0.1329,0.1086,2.1116,33.7757,231.7887,0.1454,0.0662
2016-03-25T00:17:59.784Z,1.6936,50.3104,230.9788,0.2185,0.0347,3.1556,32.3096,230.3935,0.1405,0.104,2.04,33.7586,232.9698,0.1447,0.0601
2016-03-25T00:18:59.095Z,2.2459,50.7791,231.9016,0.2184,0.0449,2.9821,33.947,231.6771,0.1462,0.0926,2.2714,33.93,233.2894,0.1452,0.0653
2016-03-25T00:19:59.240Z,2.5493,50.3429,231.8504,0.2171,0.0501,3.3486,30.4935,231.6536,0.1318,0.1132,2.1685,33.5522,233.2226,0.1442,0.0665
2016-03-25T00:20:59.492Z,2.0503,51.0184,231.7862,0.2199,0.0392,2.8859,34.4589,231.321,0.1486,0.0866,2.5046,34.9937,232.9338,0.1499,0.0723
2016-03-25T00:21:59.634Z,1.3219,50.782,231.36,0.2197,0.0256,3.2455,31.0177,231.6019,0.1338,0.1047,1.9029,31.369,232.9288,0.1345,0.0589
2016-03-25T00:22:59.928Z,1.4752,50.2224,230.5953,0.2179,0.0276,3.0503,33.9236,231.4126,0.1468,0.0988,2.2095,34.4967,232.6893,0.148,0.0658
2016-03-25T00:23:59.222Z,1.8663,51.3631,231.6811,0.2219,0.0347,2.8721,35.0757,231.3776,0.1516,0.0931,2.4192,34.205,232.8307,0.1463,0.0779
2016-03-25T00:24:59.448Z,1.7285,50.5314,231.506,0.2181,0.0347,3.3654,34.3208,231.9588,0.1479,0.0998,2.229,33.3634,232.959,0.1429,0.071
2016-03-25T00:25:59.671Z,1.8132,51.0747,232.0963,0.2201,0.0358,2.9677,34.0339,231.9095,0.1466,0.0877,2.4537,34.7366,231.0677,0.1503,0.0718
2016-03-25T00:26:59.075Z,2.3433,51.002,231.7336,0.2201,0.0458,2.8018,35.1759,231.4607,0.152,0.0849,2.5517,34.782,231.4601,0.1501,0.0762
2016-03-25T00:27:59.446Z,2.5062,50.4677,231.0937,0.2184,0.0491,3.1336,32.4575,230.793,0.1403,0.0962,1.8776,34.3501,232.1833,0.1481,0.0586
2016-03-25T00:28:59.823Z,2.101,51.5122,231.6135,0.2218,0.0404,2.9091,34.8051,230.5947,0.1511,0.089,2.0345,32.1314,232.1381,0.1384,0.068
2016-03-25T00:29:59.117Z,1.7698,50.9306,231.5079,0.2207,0.0352,3.0814,34.0608,230.8603,0.1482,0.0961,1.8474,34.2614,231.899,0.1478,0.0584
2016-03-25T00:30:59.378Z,1.2304,49.9678,230.5852,0.2167,0.0251,3.1993,34.0095,230.0962,0.1476,0.0918,1.683,34.3512,231.2804,0.1483,0.0568
2016-03-25T00:31:59.670Z,2.4565,50.7992,231.1348,0.2198,0.0468,2.7675,34.8375,230.6853,0.1503,0.0853,2.5929,34.9985,231.9086,0.1509,0.0798
2016-03-25T00:32:59.864Z,1.7497,51.2215,230.9742,0.2212,0.0336,3.1224,33.5465,231.0266,0.1453,0.0963,2.0956,33.9957,232.5238,0.1468,0.0674
2016-03-25T00:33:59.193Z,1.8964,50.2964,230.7287,0.2184,0.0368,2.82,32.5472,230.7911,0.1409,0.0948,2.0779,35.3098,232.4147,0.1524,0.0603
2016-03-25T00:34:59.483Z,1.3043,51.0666,230.376,0.2219,0.0265,3.3147,34.2437,230.7232,0.1487,0.0998,1.8941,35.4678,232.0325,0.1527,0.0604
2016-03-25T00:35:59.750Z,2.3687,50.3945,230.5117,0.2185,0.0474,3.5423,34.8334,230.9984,0.151,0.1032,2.0609,32.333,232.275,0.1392,0.069
2016-03-25T00:36:59.199Z,2.7026,50.8739,230.5644,0.221,0.0527,3.3666,34.2193,231.2339,0.1481,0.1074,2.1764,33.4633,232.2971,0.144,0.0647
2016-03-25T00:37:59.443Z,1.6313,50.8326,229.6607,0.2208,0.0323,2.726,32.5232,230.9027,0.1405,0.0877,1.9633,33.6499,232.4414,0.1448,0.0602
2016-03-25T00:38:59.643Z,1.3534,50.4103,229.7858,0.2193,0.0265,2.9759,29.5144,230.5556,0.1278,0.1021,1.9934,29.8638,232.3267,0.1284,0.0705
2016-03-25T00:39:59.822Z,1.2419,51.1686,229.7884,0.2226,0.0257,2.9423,29.6223,229.9834,0.1286,0.1016,1.4931,30.7152,231.6124,0.1325,0.0516
2016-03-25T00:40:59.090Z,2.3516,50.5184,230.7274,0.2188,0.047,2.9016,33.1814,230.3986,0.1439,0.0967,2.4471,34.1907,231.9587,0.1478,0.0726
2016-03-25T00:41:59.371Z,2.7873,50.008,230.9827,0.2162,0.0539,3.3313,32.0789,230.4723,0.1388,0.1083,2.121,34.2577,231.9026,0.148,0.0651
2016-03-25T00:42:59.669Z,2.1013,50.6673,230.7186,0.2196,0.0414,3.1955,34.392,230.5909,0.1489,0.0988,2.0564,34.669,231.9035,0.1497,0.0642
2016-03-25T00:43:59.847Z,1.8408,50.8637,230.667,0.2207,0.0354,2.7184,33.3663,230.6331,0.1449,0.0869,2.362,34.4964,231.9922,0.1489,0.0713
2016-03-25T00:44:59.980Z,1.6441,51.2686,230.1548,0.2227,0.0296,3.2677,28.8697,230.1298,0.1251,0.1118,2.0164,29.7893,231.6019,0.1281,0.0716
2016-03-25T00:45:59.181Z,2.628,49.642,229.7433,0.2156,0.0524,3.2458,34.3341,230.3258,0.1487,0.1002,2.3042,34.5046,231.3171,0.1493,0.0698
2016-03-25T00:46:59.372Z,1.929,50.5379,229.1759,0.2207,0.037,2.7976,32.3634,230.1951,0.1401,0.0896,2.5437,35.0696,231.3215,0.152,0.0734
2016-03-25T00:47:59.580Z,2.081,50.0798,228.9457,0.2186,0.0418,2.7392,33.3854,230.0145,0.1451,0.0881,2.3402,33.8409,230.9709,0.1467,0.0729
2016-03-25T00:48:59.842Z,1.6839,50.5792,228.8043,0.2213,0.0332,3.1992,34.1383,230.2713,0.1486,0.0965,2.2001,32.6357,231.2113,0.1413,0.0676
2016-03-25T00:49:59.061Z,2.1764,49.5854,230.774,0.2146,0.0457,3.1747,33.7269,230.7857,0.1462,0.095,1.7789,33.9844,231.918,0.1464,0.0551
2016-03-25T00:50:59.337Z,1.7865,51.3963,230.5047,0.2232,0.0353,3.3145,33.6,230.7237,0.1458,0.1004,2.2127,33.7669,231.8285,0.1458,0.0684
2016-03-25T00:51:59.469Z,1.5229,51.1698,230.4168,0.2222,0.0293,3.3532,32.4542,230.3871,0.1407,0.1098,2.0177,32.6958,231.7459,0.1416,0.0622
2016-03-25T00:52:59.746Z,1.8826,50.3816,230.7055,0.2185,0.0374,3.0607,34.3149,230.7508,0.1489,0.0929,2.2868,33.6351,232.3303,0.1453,0.0747
2016-03-25T00:53:59.023Z,2.3506,50.0596,230.4718,0.2172,0.0461,3.1558,33.5197,230.8727,0.1447,0.1016,1.8354,33.1749,232.367,0.1432,0.0597
2016-03-25T00:54:59.215Z,1.9301,51.7617,231.4209,0.224,0.0379,3.228,31.8707,231.3804,0.1373,0.1054,2.3385,32.0382,232.1864,0.1379,0.0729
2016-03-25T00:55:59.367Z,1.5753,50.3801,231.3479,0.2179,0.0307,3.313,29.2005,231.6324,0.126,0.1142,2.1469,31.3408,232.908,0.1344,0.0791
2016-03-25T00:56:59.576Z,2.1322,50.372,231.0999,0.218,0.0441,3.6316,31.7318,231.4256,0.137,0.1136,2.2263,32.2946,232.7824,0.1387,0.0725
2016-03-25T00:57:59.777Z,1.6965,50.1249,231.1948,0.2164,0.034,2.5865,32.4099,230.9755,0.1407,0.0899,2.7754,32.5538,232.9295,0.1396,0.0874
2016-03-25T00:58:59.998Z,2.2082,49.2557,230.6666,0.2138,0.044,3.2911,31.2043,230.4704,0.1356,0.1062,2.7152,31.4662,232.462,0.1351,0.0887
2016-03-25T00:59:59.156Z,2.1601,48.7056,229.9666,0.211,0.0437,2.914,29.2471,229.7761,0.1263,0.1046,2.4716,31.3898,232.0004,0.135,0.0786
2016-03-25T01:00:59.323Z,1.026,50.8325,230.6536,0.2208,0.0205,2.8295,31.8302,230.4751,0.1381,0.0963,1.7496,32.8538,231.8225,0.1416,0.0655
2016-03-25T01:01:59.709Z,0.9496,49.58,231.2487,0.2142,0.0196,3.3849,29.0132,231.2334,0.1252,0.1249,2.2492,30.91,232.4476,0.1333,0.0804
2016-03-25T01:02:59.957Z,2.4298,49.4654,231.6104,0.2136,0.0471,3.1442,32.4077,231.4505,0.1398,0.1029,2.834,35.0455,232.9388,0.1504,0.0847
2016-03-25T01:03:59.186Z,2.1839,49.2127,231.4392,0.2121,0.0444,3.1887,32.8883,231.7837,0.1419,0.1033,1.9507,32.1666,232.4542,0.1384,0.0712
2016-03-25T01:04:59.402Z,1.2227,49.2466,231.0999,0.2133,0.0252,2.3819,29.5712,231.5485,0.1279,0.0941,2.2369,32.6275,232.2465,0.1408,0.0716
2016-03-25T01:05:59.641Z,1.8213,50.6581,231.327,0.2192,0.0359,2.7496,33.9412,231.8136,0.1462,0.0941,2.3724,32.9756,232.4036,0.1416,0.08
2016-03-25T01:06:59.820Z,2.4612,48.7688,230.6205,0.2115,0.0499,3.2488,33.6755,230.8086,0.146,0.0975,2.0123,33.4545,231.8612,0.1444,0.0646
2016-03-25T01:07:59.078Z,2.2309,50.2461,230.8676,0.2174,0.045,3.0192,31.2592,230.5349,0.1357,0.1024,2.0916,34.8081,231.7741,0.15,0.0606
2016-03-25T01:08:59.530Z,2.0077,51.0885,231.0036,0.2209,0.0391,3.0432,35.812,231.5486,0.1544,0.0874,2.0709,33.8841,231.7608,0.146,0.0641
2016-03-25T01:09:59.816Z,1.7445,51.0864,230.9451,0.2217,0.035,3.1141,31.4093,231.4375,0.1361,0.1032,2.1089,33.0786,231.5315,0.1427,0.064
2016-03-25T01:10:59.059Z,1.3556,50.1986,229.903,0.2189,0.027,3.3782,33.2448,230.4484,0.1441,0.1008,1.9426,32.2498,230.7733,0.1399,0.0669
2016-03-25T01:11:59.332Z,2.1797,51.128,230.6048,0.2218,0.0426,3.2959,34.2853,231.4162,0.148,0.0975,2.4097,34.1404,231.6493,0.1475,0.073
2016-03-25T01:12:59.577Z,2.3513,49.2148,230.7747,0.2132,0.0484,2.7038,32.9491,231.2218,0.1425,0.0945,1.9535,34.7595,231.5307,0.1498,0.0608
2016-03-25T01:13:59.791Z,2.1436,51.0325,230.8519,0.2213,0.0393,2.9968,33.2959,231.2095,0.1434,0.0992,2.0299,33.5998,231.4395,0.1452,0.0599
2016-03-25T01:14:59.122Z,2.0543,50.9651,230.5833,0.2211,0.0402,3.3886,34.2642,230.6134,0.1486,0.099,2.2898,33.2966,231.0081,0.1439,0.0766
2016-03-25T01:15:59.367Z,2.1832,50.96,230.3403,0.2213,0.0411,2.9578,33.4617,230.1826,0.1454,0.0929,2.2211,31.1275,230.462,0.135,0.0735
2016-03-25T01:16:59.501Z,1.9944,50.3642,230.9669,0.2179,0.041,2.7347,34.2944,228.2462,0.1498,0.0835,2.2059,35.486,231.7346,0.153,0.0653
2016-03-25T01:17:59.680Z,1.6852,50.9025,230.7857,0.2204,0.0321,2.8996,34.3268,227.4399,0.1516,0.0859,1.9381,34.6566,231.4125,0.15,0.0633
2016-03-25T01:18:59.851Z,1.7302,50.6604,231.1893,0.2197,0.034,2.8219,31.8873,230.5825,0.1382,0.0975,2.1838,33.5363,231.7309,0.1448,0.0665
2016-03-25T01:19:59.008Z,2.2619,49.899,231.4392,0.2157,0.0447,3.3966,32.4973,231.2252,0.1399,0.1092,2.3493,35.4752,231.9852,0.1533,0.0718
2016-03-25T01:20:59.298Z,2.7846,50.8558,230.9247,0.2204,0.0544,2.9878,32.9356,230.8607,0.1427,0.0987,1.729,31.6604,231.9047,0.1367,0.0563
2016-03-25T01:21:59.753Z,2.2583,50.1133,230.5659,0.2178,0.0445,3.1786,32.1362,230.4502,0.1392,0.0993,2.4801,33.8734,231.791,0.1466,0.0705
2016-03-25T01:22:59.038Z,1.7803,51.4948,230.7681,0.2234,0.0349,3.06,33.6097,230.6548,0.1458,0.0933,1.7612,34.0669,231.6597,0.1474,0.059
2016-03-25T01:23:59.320Z,1.8231,50.1989,230.3127,0.2177,0.0356,3.0991,32.7623,230.1064,0.1423,0.0978,2.511,33.8893,231.057,0.1469,0.0773
2016-03-25T01:24:59.538Z,1.9341,50.2324,230.7815,0.2176,0.0384,2.7008,33.0616,230.5922,0.1429,0.0907,2.6047,36.4592,231.4463,0.1573,0.0751
2016-03-25T01:25:59.874Z,2.7648,50.0693,231.0151,0.2164,0.0553,2.8712,34.4855,230.4112,0.1493,0.0912,2.2316,34.8655,231.1876,0.1509,0.0643
2016-03-25T01:26:59.080Z,2.3889,50.558,231.0145,0.2188,0.0474,2.8343,33.4499,229.7527,0.1458,0.0862,2.0247,34.0556,231.5596,0.1471,0.0642
2016-03-25T01:27:59.302Z,1.6007,51.0576,231.09,0.2214,0.0318,3.0224,34.5292,229.9007,0.1501,0.0907,2.1202,34.3492,231.6547,0.1482,0.0616
2016-03-25T01:28:59.548Z,1.6752,51.3141,230.6295,0.2224,0.0308,2.6824,32.4341,229.2731,0.1416,0.0907,1.7573,32.2169,231.1596,0.1398,0.0577
2016-03-25T01:29:59.968Z,2.2302,50.1581,229.5431,0.2184,0.0444,2.9413,31.7129,229.0963,0.1386,0.0946,2.3242,33.9495,231.0526,0.147,0.0685
2016-03-25T01:30:59.279Z,2.137,49.4981,230.2237,0.2144,0.043,3.0248,34.5952,230.1134,0.1507,0.0918,2.0511,34.81,231.1296,0.1513,0.0637
2016-03-25T01:31:59.501Z,2.7433,50.9007,230.1226,0.2212,0.0534,2.6749,31.8367,229.8171,0.1387,0.0909,2.4101,31.3044,230.8635,0.1363,0.0758
2016-03-25T01:32:59.649Z,1.2201,51.3665,229.7112,0.2235,0.0233,2.8181,28.6384,229.5304,0.1249,0.1013,1.6838,30.1789,230.6102,0.1309,0.0568
2016-03-25T01:33:59.940Z,1.5737,50.5725,229.8789,0.22,0.0297,3.5252,32.9238,229.8148,0.1432,0.1053,2.0827,32.8043,230.5116,0.1424,0.0653
2016-03-25T01:34:59.080Z,1.9442,50.2652,229.9793,0.2183,0.0369,2.8411,32.6115,230.203,0.1413,0.09,1.9053,32.1369,231.0172,0.139,0.0657
2016-03-25T01:35:59.247Z,2.7882,50.593,230.3462,0.2204,0.056,2.7282,31.3923,230.2968,0.136,0.0961,1.7904,35.1389,231.2378,0.1526,0.057
2016-03-25T01:36:59.601Z,2.918,50.0134,230.0991,0.217,0.0578,3.6208,33.2897,230.4225,0.1444,0.1077,2.4698,34.834,231.5523,0.1502,0.0737
2016-03-25T01:37:59.834Z,1.9756,50.6915,230.1841,0.2203,0.0388,2.7716,32.1074,230.3338,0.1392,0.0896,2.5267,34.3015,231.9731,0.1479,0.0738
2016-03-25T01:38:59.021Z,1.7017,49.9888,230.119,0.2173,0.0344,3.0436,32.9438,230.2457,0.1436,0.0941,2.408,33.6216,231.6918,0.1451,0.0706
2016-03-25T01:39:59.151Z,1.6721,50.9909,229.7008,0.2216,0.0318,2.9595,34.1131,229.8475,0.1486,0.0932,2.6655,35.0715,231.4714,0.1516,0.0771
2016-03-25T01:40:59.409Z,1.6851,48.8874,230.1788,0.2118,0.0346,3.1419,32.2449,230.0305,0.1397,0.103,2.1458,35.2897,231.6043,0.1523,0.0684
2016-03-25T01:41:59.725Z,2.4402,49.1515,229.8179,0.2138,0.0488,3.2992,32.2173,229.382,0.1403,0.1021,2.3122,36.2271,231.1279,0.1567,0.0671
2016-03-25T01:42:59.913Z,1.9601,50.18,229.9133,0.2187,0.0399,3.0344,32.6091,229.2295,0.142,0.0982,2.2168,35.0902,230.9231,0.1525,0.0712
2016-03-25T01:43:59.083Z,1.5135,49.6674,229.0731,0.2169,0.0296,3.0835,31.2285,229.9092,0.1356,0.0994,2.0262,33.9535,231.4347,0.1465,0.0624
2016-03-25T01:44:59.315Z,1.8929,50.0379,229.0747,0.219,0.037,3.2677,32.9962,230.2125,0.1434,0.1027,2.7284,32.7891,231.4984,0.1416,0.0778
2016-03-25T01:45:59.644Z,1.7955,49.5675,229.4185,0.2163,0.0356,3.1368,34.3566,229.6714,0.1492,0.0964,2.5103,34.0768,231.2629,0.1477,0.0762
2016-03-25T01:46:59.003Z,2.2718,50.4888,229.75,0.2202,0.0459,2.8123,32.0924,229.5289,0.1402,0.0906,2.1213,32.1969,231.0371,0.139,0.0694
2016-03-25T01:47:59.378Z,2.6528,49.997,229.9668,0.2177,0.0514,2.8441,32.1761,229.7059,0.1397,0.0999,1.8351,34.6018,231.546,0.1495,0.0564
2016-03-25T01:48:59.719Z,1.3652,50.5682,230.447,0.2192,0.0267,3.3245,35.1118,230.2197,0.1526,0.0973,2.0199,34.0847,231.5208,0.1471,0.0676
2016-03-25T01:49:59.853Z,1.5738,50.628,230.0607,0.2202,0.031,3.6087,32.4027,229.8408,0.1412,0.1141,1.9777,33.2596,230.9209,0.144,0.0627
2016-03-25T01:50:59.085Z,1.7008,50.9199,230.2982,0.221,0.0354,3.1169,34.4074,229.6892,0.1498,0.0943,1.7338,34.724,230.9534,0.1502,0.0551
2016-03-25T01:51:59.300Z,2.5845,51.0392,230.3988,0.2216,0.0499,3.0636,30.3457,229.8184,0.1321,0.1064,1.8689,31.6891,231.0729,0.137,0.062
2016-03-25T01:52:59.530Z,2.5073,50.2484,229.4769,0.2187,0.0495,3.3733,30.326,229.2976,0.1322,0.1111,2.3075,33.9518,230.8725,0.1471,0.0689
2016-03-25T01:53:59.012Z,1.5856,50.7729,229.7549,0.2207,0.0314,3.2791,34.6152,229.2282,0.1508,0.0975,2.288,33.6334,230.541,0.1457,0.0723
2016-03-25T01:54:59.231Z,1.7331,50.3396,230.3233,0.2187,0.0342,3.149,33.8965,230.1332,0.1468,0.0986,2.3029,33.942,231.3538,0.1463,0.0724
2016-03-25T01:55:59.488Z,1.7213,50.7369,229.8067,0.2209,0.0351,2.9156,35.2888,229.3665,0.1538,0.0864,1.8411,34.9501,230.6321,0.1512,0.056
2016-03-25T01:56:59.721Z,2.41,50.2253,230.0823,0.2181,0.0484,3.1031,32.9392,229.4695,0.1435,0.0969,2.4699,34.3566,230.3968,0.149,0.0722
2016-03-25T01:57:59.987Z,2.0072,50.7775,230.3515,0.2202,0.0391,2.7054,32.3488,230.2842,0.1405,0.0872,2.1297,32.3828,230.818,0.1401,0.0682
2016-03-25T01:58:59.359Z,1.9508,50.3029,230.4212,0.2181,0.0389,2.6454,34.3411,230.3109,0.1493,0.0836,2.5241,34.9119,230.9432,0.1512,0.0761
2016-03-25T01:59:59.572Z,1.8918,51.0182,230.4752,0.2212,0.0365,3.3659,33.0364,230.5934,0.1436,0.1054,1.8097,33.4214,231.0274,0.1446,0.056
2016-03-25T02:00:59.657Z,1.5468,49.7453,230.6425,0.2154,0.0302,2.8673,31.9019,230.5949,0.1384,0.0931,1.7513,32.7642,231.2591,0.1419,0.0584
2016-03-25T02:01:59.974Z,1.7034,51.416,231.2299,0.2229,0.0322,2.7489,35.6025,230.7929,0.1544,0.0841,2.254,34.8346,231.5716,0.1502,0.0666
2016-03-25T02:02:59.367Z,1.979,50.8191,231.0619,0.2199,0.0378,2.9651,33.7237,230.5512,0.1462,0.0937,2.2834,34.389,231.3051,0.1487,0.0682
2016-03-25T02:03:59.735Z,2.6277,49.616,231.6252,0.214,0.0533,3.7499,33.8217,230.9388,0.1455,0.1079,1.9298,32.881,231.8398,0.1417,0.0601
2016-03-25T02:04:59.101Z,1.9306,51.2667,231.6538,0.2211,0.0379,2.8393,32.2694,231.075,0.1394,0.0961,2.3648,35.2503,232.2401,0.1518,0.0678
2016-03-25T02:05:59.372Z,1.9101,50.5829,231.7931,0.2184,0.0381,3.5809,34.2476,231.6712,0.1474,0.1076,2.5896,34.4356,232.416,0.1481,0.0765
2016-03-25T02:06:59.552Z,1.8779,50.7029,232.2477,0.2185,0.0379,3.0256,32.3233,231.3538,0.1401,0.1018,2.0015,34.303,231.8368,0.1475,0.0623
2016-03-25T02:07:59.828Z,1.9542,50.6185,231.7224,0.2186,0.0375,3.5237,33.0323,231.0579,0.1429,0.1105,2.2322,34.1347,231.2589,0.147,0.0673
2016-03-25T02:08:59.149Z,2.5968,50.8022,231.2089,0.2202,0.0522,2.827,32.803,230.0516,0.1427,0.0947,2.3811,33.5247,231.9682,0.1444,0.0687
2016-03-25T02:09:59.443Z,1.7326,50.872,231.2455,0.2195,0.0354,2.7395,33.0204,227.8352,0.1454,0.0861,2.0612,32.9035,233.3166,0.1411,0.0601
2016-03-25T02:10:59.619Z,1.3597,50.2759,229.9537,0.2184,0.0279,2.9926,33.1403,230.3852,0.1441,0.0918,1.7901,34.8709,232.7003,0.1498,0.0519
2016-03-25T02:11:59.811Z,2.1598,49.8265,229.9086,0.2169,0.0405,3.5442,33.027,232.4107,0.1419,0.1159,2.2049,34.7551,233.2377,0.1485,0.0651
2016-03-25T02:12:59.181Z,2.1032,50.7646,229.7734,0.2199,0.0396,3.0012,33.6447,232.605,0.145,0.098,1.9666,34.6726,233.1874,0.1493,0.0642
2016-03-25T02:13:59.289Z,1.7371,51.2229,229.7098,0.2232,0.0352,3.2518,30.4876,232.1646,0.1315,0.1066,2.0708,30.7244,232.9052,0.1321,0.0726
2016-03-25T02:14:59.467Z,1.2508,50.4756,229.5357,0.22,0.0243,3.1648,30.0477,231.2351,0.13,0.0996,1.8997,30.9541,232.9968,0.133,0.0642
2016-03-25T02:15:59.045Z,2.5061,49.6743,229.5934,0.2162,0.0526,3.0707,34.885,231.1404,0.1507,0.0933,1.9813,35.9783,232.892,0.1543,0.0556
2016-03-25T02:16:59.246Z,1.9995,51.4316,231.1636,0.2229,0.0389,3.0998,33.4903,231.4005,0.1446,0.0942,2.5367,34.81,232.9267,0.1491,0.0754
2016-03-25T02:17:59.477Z,1.6919,50.24,230.9738,0.2177,0.033,3.2138,35.7092,231.7162,0.1541,0.093,1.5976,35.1564,232.7987,0.1503,0.0603
2016-03-25T02:18:59.880Z,2.1638,50.7147,230.9867,0.2198,0.0426,3.0881,33.082,231.4589,0.143,0.1034,2.3621,34.819,232.9316,0.1495,0.0656
2016-03-25T02:19:59.161Z,2.5226,49.7932,230.715,0.2153,0.0509,2.9552,33.8682,230.9172,0.1462,0.0947,2.2364,34.9407,232.5004,0.1504,0.0706
2016-03-25T02:20:59.398Z,1.7343,51.0004,231.0696,0.2208,0.0341,3.2773,31.3568,230.9718,0.1359,0.1038,2.5133,33.9138,233.0868,0.1455,0.0714
2016-03-25T02:21:59.568Z,2.2758,50.8293,231.2669,0.2201,0.0435,3.2314,34.1819,230.5208,0.1485,0.0975,2.3616,36.5452,232.8842,0.1571,0.0666
2016-03-25T02:22:59.973Z,1.3988,49.7457,231.2529,0.2148,0.028,3.1266,33.1613,230.6479,0.1436,0.0969,1.9626,35.4342,232.797,0.152,0.0611
2016-03-25T02:23:59.236Z,2.5843,49.7273,230.6328,0.216,0.0509,3.3014,33.5741,230.2823,0.1456,0.1004,2.617,34.9463,232.1573,0.1499,0.0736
2016-03-25T02:24:59.581Z,2.1296,50.6322,230.4515,0.2198,0.0424,3.3855,32.7733,230.0409,0.1425,0.1055,2.0881,31.6155,231.453,0.1368,0.0676
2016-03-25T02:25:59.789Z,1.1028,50.6982,230.3516,0.2203,0.0221,3.0746,30.6136,230.2396,0.1328,0.108,1.9813,32.9817,231.5664,0.1424,0.0633
2016-03-25T02:26:59.053Z,2.3238,50.6855,230.699,0.2201,0.0455,3.2115,33.4919,230.2734,0.1454,0.1007,2.3276,34.4017,231.4969,0.1482,0.0688
2016-03-25T02:27:59.241Z,2.048,49.9411,230.9705,0.216,0.0408,3.2721,34.1412,230.3732,0.1485,0.0999,2.2626,35.6199,231.5791,0.1541,0.0665
2016-03-25T02:28:59.529Z,2.3647,49.6047,230.6882,0.2149,0.0476,3.1392,33.4186,230.3197,0.1457,0.0999,2.2693,33.9279,231.518,0.1468,0.0637
2016-03-25T02:29:59.623Z,1.916,51.4116,231.0134,0.2225,0.0362,2.9719,30.5584,229.2303,0.1338,0.1029,2.048,33.7557,231.4355,0.146,0.0603
2016-03-25T02:30:59.906Z,1.341,50.4051,229.954,0.2189,0.0263,2.927,35.5624,228.5182,0.1555,0.0871,1.9037,34.6214,231.3657,0.1498,0.0611
2016-03-25T02:31:59.096Z,1.9557,50.205,230.0907,0.2183,0.0382,3.2703,32.0297,228.6924,0.1407,0.1094,2.2626,32.4433,231.541,0.1402,0.0739
2016-03-25T02:32:59.453Z,2.5279,50.4538,230.5516,0.2186,0.0498,2.3842,34.7476,228.5489,0.1516,0.0773,1.9979,34.2922,232.198,0.1474,0.063
2016-03-25T02:33:59.780Z,1.9817,50.2123,229.6317,0.218,0.0393,2.9637,33.0054,227.873,0.145,0.0949,2.1588,34.7199,231.4486,0.1503,0.0661
2016-03-25T02:34:59.064Z,1.835,50.9922,230.2057,0.2214,0.0344,2.7361,32.8793,229.3741,0.1437,0.0927,1.791,33.9841,231.3541,0.1471,0.0589
2016-03-25T02:35:59.260Z,1.9336,50.1723,230.2379,0.2181,0.0384,2.8693,34.408,229.7257,0.15,0.0896,1.9144,34.6432,231.2903,0.15,0.0622
2016-03-25T02:36:59.492Z,2.2896,50.2993,230.0495,0.2184,0.0452,3.3873,32.2491,229.6821,0.1401,0.1068,2.1037,33.0641,231.2719,0.1429,0.0616
2016-03-25T02:37:59.712Z,1.8016,50.7771,230.4333,0.2199,0.0368,2.7016,34.6038,229.922,0.1507,0.0819,1.8534,33.1782,231.6834,0.1427,0.0576
2016-03-25T02:38:59.876Z,1.4378,50.9941,230.3911,0.2208,0.0284,3.3934,33.1388,230.5623,0.1438,0.1021,2.1238,34.314,232.2502,0.1477,0.0622
2016-03-25T02:39:59.017Z,2.0509,50.3099,230.4516,0.2182,0.0404,3.2796,30.3882,230.3757,0.132,0.1107,1.9693,33.696,232.3663,0.1447,0.0633
2016-03-25T02:40:59.394Z,1.887,50.353,230.086,0.219,0.0385,3.0216,34.3671,230.2535,0.1493,0.096,2.2303,34.2432,232.0352,0.1476,0.066
2016-03-25T02:41:59.610Z,2.1342,50.5684,229.8077,0.2203,0.0421,3.4307,33.0049,230.2534,0.1438,0.102,2.2077,35.6151,231.8579,0.1537,0.0668
2016-03-25T02:42:59.888Z,1.9551,50.2609,230.3351,0.2181,0.0387,3.0898,33.0771,230.2135,0.1432,0.0956,2.3069,33.9126,232.1897,0.1463,0.0727
2016-03-25T02:43:59.122Z,2.3308,50.3341,230.308,0.2184,0.0452,3.1331,35.1196,230.1967,0.1528,0.0954,2.1491,34.5664,231.9483,0.1489,0.0644
2016-03-25T02:44:59.304Z,2.4465,50.6943,230.6118,0.22,0.0469,3.2496,32.6613,229.9475,0.1426,0.1013,1.867,34.6014,231.5811,0.1493,0.0558
2016-03-25T02:45:59.716Z,2.0571,50.5914,230.8987,0.2192,0.0402,3.0161,33.8715,230.4463,0.1467,0.091,2.5113,34.8105,231.7559,0.1499,0.0771
2016-03-25T02:46:59.963Z,1.4514,51.4826,231.1284,0.2224,0.0282,3.1403,32.9615,230.8142,0.143,0.098,1.4062,32.8714,231.8879,0.1413,0.0497
2016-03-25T02:47:59.121Z,1.6597,51.03,231.4349,0.2201,0.0316,2.875,30.7243,230.5491,0.1332,0.0968,2.143,32.5694,232.1356,0.1397,0.0676
2016-03-25T02:48:59.382Z,2.3725,50.6993,231.3652,0.219,0.0464,3.78,33.1364,230.8677,0.1435,0.1092,2.1259,35.2877,232.5249,0.1519,0.0653
2016-03-25T02:49:59.958Z,2.5555,50.6805,231.1829,0.2188,0.0507,3.7976,33.9297,230.5375,0.1473,0.1101,2.25,33.2578,232.2716,0.1435,0.0721
2016-03-25T02:50:59.172Z,2.2087,50.2751,231.3207,0.2175,0.0425,3.2603,33.3135,230.168,0.1447,0.0958,2.1103,34.8371,232.0901,0.1502,0.0661
2016-03-25T02:51:59.401Z,1.5958,50.4241,230.9007,0.2182,0.0321,3.2943,33.1254,229.9042,0.1437,0.1003,2.0729,33.7597,231.6275,0.1455,0.0643
2016-03-25T02:52:59.744Z,2.1071,50.548,231.304,0.2186,0.0423,3.4514,33.2849,230.2478,0.1445,0.1046,2.0649,34.377,231.799,0.1481,0.0641
2016-03-25T02:53:59.009Z,2.7908,50.4803,231.173,0.2176,0.0562,2.8976,34.0609,230.2786,0.1477,0.0903,2.4094,32.7878,231.6606,0.1423,0.0707
2016-03-25T02:54:59.387Z,2.8966,50.4701,231.4132,0.2184,0.056,3.4831,34.0757,230.7188,0.1477,0.1076,2.2564,34.6356,232.1808,0.1497,0.0652
2016-03-25T02:55:59.751Z,1.4975,51.0158,231.3043,0.2205,0.029,2.7068,32.429,230.4147,0.1401,0.089,2.3399,32.0854,232.3247,0.1382,0.0753
2016-03-25T02:56:59.110Z,1.6098,50.7142,230.8613,0.2201,0.0306,2.9487,29.482,230.3144,0.1276,0.1059,2.2011,32.2561,232.1286,0.1389,0.0669
2016-03-25T02:57:59.357Z,2.0607,50.8945,231.1564,0.2207,0.0402,3.1968,34.5646,230.4305,0.1499,0.0991,2.1412,34.4579,231.8525,0.1491,0.0623
2016-03-25T02:58:59.682Z,2.4938,50.4808,231.2546,0.2183,0.0488,2.8064,34.9187,230.8874,0.1509,0.0837,2.2255,32.5886,231.8657,0.1407,0.0679
2016-03-25T02:59:59.227Z,2.4439,49.7611,231.2251,0.2156,0.0502,3.5467,34.3791,230.4521,0.1493,0.1012,2.0779,34.8568,231.5851,0.1508,0.0649
