2016-03-18T00:00:59.529Z,1.5754,50.4777,230.6626,0.2188,0.0329,3.6935,35.5164,231.4231,0.1537,0.1105,2.3158,36.8623,231.9419,0.1582,0.0677
2016-03-18T00:01:59.695Z,2.0746,51.1288,230.8962,0.2219,0.0386,3.2558,33.1529,231.5587,0.1431,0.1045,3.2533,34.6441,232.52,0.1489,0.0933
2016-03-18T00:02:59.839Z,1.5625,52.2693,231.301,0.2258,0.0316,2.5679,34.4059,231.0015,0.1495,0.0812,3.1112,35.6791,232.2614,0.1536,0.0889
2016-03-18T00:03:59.037Z,1.4826,50.1941,231.2154,0.217,0.0284,2.7331,34.6113,230.9528,0.1499,0.0942,2.8648,33.0602,231.9662,0.1422,0.0871
2016-03-18T00:04:59.219Z,2.556,51.0459,231.3113,0.2207,0.0488,2.5257,31.3885,231.0799,0.1356,0.0904,2.5241,31.592,232.1266,0.1367,0.079
2016-03-18T00:05:59.356Z,2.1574,51.3641,230.9441,0.2223,0.0412,2.6641,32.4403,231.5088,0.1402,0.0893,2.6219,32.7671,232.4054,0.1409,0.0821
2016-03-18T00:06:59.652Z,1.6968,50.0205,230.7476,0.2168,0.032,3.272,33.9751,231.8965,0.1466,0.0996,2.7981,35.358,232.2245,0.1523,0.0822
2016-03-18T00:07:59.870Z,1.7912,50.4803,230.5885,0.2191,0.0346,3.4134,34.6987,230.8951,0.1505,0.1009,2.9888,33.2475,231.7576,0.1434,0.0895
2016-03-18T00:08:59.055Z,1.648,49.9291,231.5294,0.2156,0.0328,3.2777,32.9892,230.9066,0.1429,0.1122,3.2938,34.4827,232.5754,0.148,0.1014
2016-03-18T00:09:59.305Z,1.7444,49.9918,231.4574,0.2165,0.0342,3.2895,33.1235,230.9335,0.1431,0.104,2.6107,33.392,232.8153,0.143,0.0833
2016-03-18T00:10:59.508Z,1.7489,51.6618,231.3593,0.2234,0.0334,3.2132,30.4782,230.6841,0.1322,0.1067,2.2791,32.3137,232.1507,0.1387,0.072
2016-03-18T00:11:59.679Z,1.8587,50.6011,231.3324,0.2191,0.0377,2.4504,33.9303,230.5696,0.1466,0.078,2.7505,33.7205,232.0072,0.1448,0.0883
2016-03-18T00:12:59.945Z,2.3879,50.4224,231.2596,0.2177,0.0481,3.2068,32.9812,230.6814,0.1434,0.104,2.3488,35.1101,231.371,0.1518,0.0709
2016-03-18T00:13:59.230Z,2.0283,51.2993,231.4142,0.2214,0.0398,2.8866,34.8876,230.8112,0.1508,0.09,3.3492,33.8946,231.6902,0.1469,0.1006
2016-03-18T00:14:59.568Z,1.6305,50.4051,231.5526,0.2176,0.0327,3.0811,35.9201,231.3482,0.1554,0.0843,2.8038,32.9805,231.9252,0.1424,0.0903
2016-03-18T00:15:59.786Z,2.0248,50.5648,231.628,0.2179,0.0401,3.1409,32.0344,231.2847,0.1392,0.108,3.0903,34.6012,232.0227,0.1493,0.09
2016-03-18T00:16:59.246Z,2.0289,49.7199,231.9928,0.2144,0.0404,3.2546,33.9219,231.3704,0.1468,0.096,3.1431,35.0641,232.1628,0.1509,0.094
2016-03-18T00:17:59.385Z,1.5945,50.3893,232.0058,0.2166,0.031,3.0308,32.7591,231.2486,0.1415,0.1015,2.8825,35.266,232.2997,0.1514,0.084
2016-03-18T00:18:59.590Z,1.6414,50.7889,232.3768,0.2188,0.031,3.2282,34.8736,231.26,0.1507,0.098,3.1063,33.8937,232.4567,0.1459,0.0925
2016-03-18T00:19:59.875Z,2.0497,51.4898,232.4246,0.2213,0.0396,2.9897,34.3325,231.789,0.148,0.0905,2.4535,33.4041,231.4516,0.1442,0.0758
2016-03-18T00:20:59.246Z,2.5672,50.7439,233.2516,0.2179,0.0497,2.7521,34.5894,232.3206,0.1493,0.0883,2.8639,34.038,229.9772,0.148,0.0894
2016-03-18T00:21:59.429Z,2.3705,51.3715,232.4421,0.2211,0.0473,3.0415,33.4629,232.0175,0.1444,0.0957,2.646,33.1101,232.2968,0.143,0.0752
2016-03-18T00:22:59.621Z,1.5245,50.7948,232.1085,0.2185,0.03,2.8646,33.2837,231.6455,0.1433,0.0898,2.8478,32.9705,232.3954,0.1424,0.0913
2016-03-18T00:23:59.739Z,1.3536,50.381,231.8886,0.2173,0.0266,3.0471,31.3187,231.5311,0.1353,0.1001,2.591,32.7715,232.055,0.1415,0.0864
2016-03-18T00:25:59.144Z,1.7694,49.9996,231.8548,0.2157,0.0344,3.0902,33.5901,231.6688,0.1449,0.0956,3.0093,35.6938,232.0903,0.1536,0.0882
2016-03-18T00:26:59.350Z,1.7196,50.9738,231.7275,0.2199,0.0329,3.1153,31.919,231.3042,0.138,0.0966,2.5052,32.266,232.0182,0.1389,0.0797
2016-03-18T00:27:59.511Z,1.7837,51.5616,231.1659,0.2232,0.0335,3.0976,32.3266,231.0803,0.1401,0.0991,2.5,32.0935,231.8918,0.1384,0.0823
2016-03-18T00:28:59.682Z,2.0555,50.1426,231.411,0.2166,0.0395,3.0004,30.9682,230.9927,0.1337,0.1014,2.7413,32.298,232.3421,0.1393,0.0905
2016-03-18T00:29:59.028Z,2.1984,49.316,231.2351,0.2133,0.0443,3.4789,33.3109,231.1289,0.1434,0.1107,2.2236,34.627,232.163,0.1489,0.0687
2016-03-18T00:30:59.237Z,1.7614,51.3808,231.1503,0.2216,0.0337,2.8004,34.0119,230.8696,0.1476,0.0867,3.3271,34.0486,232.158,0.1475,0.0973
2016-03-18T00:31:59.471Z,1.9364,50.2308,231.5758,0.217,0.0378,2.912,33.7098,231.0359,0.1464,0.0908,2.8766,34.7629,232.3887,0.1499,0.0851
2016-03-18T00:32:59.706Z,1.8751,50.5288,231.2955,0.2185,0.0378,3.5347,33.5539,230.9686,0.1448,0.1111,2.5064,35.0266,232.3266,0.1508,0.072
2016-03-18T00:33:59.900Z,1.7242,50.6935,231.0588,0.2192,0.0347,3.0187,32.8499,230.7012,0.1426,0.1003,2.571,33.9488,231.9125,0.1463,0.0815
2016-03-18T00:34:59.073Z,1.5718,50.1831,231.5219,0.2167,0.0307,3.401,32.8363,231.3004,0.142,0.1063,2.6811,33.5462,232.2429,0.1447,0.082
2016-03-18T00:35:59.240Z,1.5945,51.4426,230.8955,0.2225,0.031,2.879,33.8266,231.1818,0.1464,0.0935,2.4231,34.3945,231.9671,0.1479,0.0682
2016-03-18T00:36:59.396Z,2.0741,49.7145,230.9212,0.2153,0.0409,2.6316,32.2986,230.2374,0.1403,0.0901,2.5521,35.4077,231.8655,0.1526,0.082
2016-03-18T00:37:59.661Z,1.6178,50.2088,230.8532,0.2168,0.0301,2.8542,32.2123,230.3434,0.1399,0.0945,2.5523,33.2296,232.1651,0.1426,0.0802
2016-03-18T00:38:59.853Z,1.4768,49.7951,231.2425,0.2152,0.0299,2.9546,33.486,230.863,0.1448,0.0931,2.9058,34.6605,232.8614,0.1488,0.0862
2016-03-18T00:39:59.146Z,1.9324,50.9817,231.1934,0.2206,0.0368,3.0324,33.7756,230.7357,0.1463,0.0928,3.1639,34.9268,232.618,0.1499,0.0881
2016-03-18T00:40:59.276Z,2.2013,49.3379,231.2121,0.2132,0.0438,3.2138,32.6841,230.4607,0.1421,0.0981,2.254,33.3954,232.442,0.1438,0.0703
2016-03-18T00:41:59.532Z,1.7861,51.5775,231.4807,0.2229,0.034,2.8374,35.1122,230.1335,0.1529,0.0858,2.1611,34.262,232.1783,0.1472,0.0692
2016-03-18T00:42:59.800Z,1.5802,50.6521,229.9729,0.2199,0.0305,2.6538,33.3684,230.1745,0.1451,0.0888,3.1114,34.8136,232.4918,0.1503,0.0904
2016-03-18T00:43:59.040Z,2.2879,50.0328,229.2118,0.2179,0.0454,3.2078,33.4954,230.5469,0.1451,0.1003,2.8078,33.1253,232.3782,0.1423,0.0856
2016-03-18T00:44:59.379Z,2.5147,49.2129,229.2003,0.2144,0.0497,2.856,33.8281,230.6679,0.1466,0.0907,2.2742,33.8581,232.0768,0.1451,0.0704
2016-03-18T00:45:59.651Z,2.054,49.2137,228.8049,0.215,0.0415,3.1724,33.4564,230.8122,0.144,0.1023,2.5026,34.6264,232.5416,0.1485,0.0805
2016-03-18T00:46:59.993Z,1.4518,50.4069,228.6282,0.2203,0.0284,2.9253,32.6199,230.8207,0.1411,0.0995,2.0843,34.0718,232.3604,0.1465,0.0649
2016-03-18T00:47:59.201Z,1.6479,49.134,228.6316,0.2149,0.0333,3.5391,33.5433,230.5649,0.1461,0.1083,2.7917,35.6714,232.2752,0.1538,0.0787
2016-03-18T00:48:59.510Z,2.3698,49.4402,229.1198,0.216,0.0474,3.1121,32.2952,230.2862,0.1402,0.1034,3.0668,33.2589,232.226,0.1434,0.0964
2016-03-18T00:49:59.796Z,1.3591,50.8392,231.0801,0.2201,0.0266,3.5029,33.5813,229.7971,0.1467,0.1095,2.7331,36.0149,231.8769,0.1553,0.0809
2016-03-18T00:50:59.988Z,1.9017,50.6563,231.1053,0.219,0.0366,3.0868,33.4455,229.9941,0.1452,0.1,2.8562,34.8579,231.9105,0.1507,0.0801
2016-03-18T00:51:59.220Z,1.6182,50.0104,231.5474,0.2161,0.0319,3.2519,34.6543,230.608,0.1504,0.0978,3.1617,34.8411,232.6629,0.15,0.0939
2016-03-18T00:52:59.410Z,2.6487,51.0095,231.8876,0.2199,0.0524,3.3237,33.7799,230.7416,0.1464,0.1029,2.6313,34.5553,232.9236,0.1483,0.0763
2016-03-18T00:53:59.660Z,2.3732,50.5404,231.5308,0.2186,0.0471,3.02,34.0215,230.7229,0.1475,0.0935,2.8143,34.974,232.7991,0.1503,0.0844
2016-03-18T00:54:59.835Z,1.6807,50.4687,231.6353,0.2179,0.0336,3.1355,32.557,230.6841,0.1409,0.099,3.0752,34.9622,232.6001,0.1507,0.0893
2016-03-18T00:55:59.014Z,2.1511,51.0274,231.971,0.2201,0.0426,3.6991,34.8993,230.8716,0.1513,0.1077,2.5246,34.1384,232.0979,0.1471,0.0753
2016-03-18T00:56:59.357Z,1.9503,50.3925,231.3808,0.218,0.0384,3.0999,34.8181,231.268,0.1507,0.0922,2.6834,34.9479,231.2751,0.151,0.0815
2016-03-18T00:57:59.585Z,2.251,49.8745,231.3738,0.2154,0.0451,2.8733,31.9701,231.2997,0.1384,0.0966,2.9614,35.7293,231.4932,0.1543,0.0916
2016-03-18T00:58:59.823Z,2.1419,50.358,231.1009,0.2179,0.0414,2.8034,31.7237,230.8574,0.1377,0.0931,2.6244,33.8986,232.3189,0.1457,0.0815
2016-03-18T00:59:59.998Z,1.5537,50.5151,231.8967,0.2174,0.0307,3.2944,31.2395,231.1216,0.1345,0.1062,2.7701,32.2923,232.651,0.1387,0.0848
2016-03-18T01:00:59.368Z,1.5948,50.0919,231.7424,0.2156,0.0311,3.0868,34.2684,231.0329,0.1489,0.0924,2.8421,35.1864,232.5267,0.1512,0.0792
2016-03-18T01:01:59.677Z,1.8346,51.05,229.5374,0.2225,0.0346,3.0121,34.7214,230.8746,0.1508,0.0934,2.9613,35.7422,232.0807,0.1537,0.0876
2016-03-18T01:02:59.941Z,2.9824,50.3007,229.482,0.2193,0.0601,3.0884,34.0341,231.2666,0.1473,0.0968,2.4031,31.5978,232.6709,0.1359,0.0776
2016-03-18T01:03:59.183Z,2.2359,49.8853,229.4403,0.2176,0.0452,3.0206,34.8896,231.2188,0.1514,0.0926,2.5577,32.3516,232.5116,0.139,0.0816
2016-03-18T01:04:59.513Z,1.9834,49.1925,229.3748,0.2144,0.0397,3.4033,35.0344,231.423,0.1513,0.102,2.3785,35.056,232.5991,0.1505,0.0713
2016-03-18T01:05:59.803Z,1.8585,49.3742,229.767,0.2151,0.0384,3.1107,34.1326,231.3249,0.1482,0.0989,3.0101,34.7343,232.8985,0.1495,0.0911
2016-03-18T01:06:59.049Z,2.2101,50.2072,229.9475,0.2181,0.0447,3.0073,33.631,231.3673,0.1455,0.094,2.7866,35.3991,232.5498,0.1529,0.0763
2016-03-18T01:07:59.387Z,2.2604,50.0314,230.2653,0.2171,0.0461,2.9983,35.8453,231.6802,0.1541,0.0892,1.9416,33.7565,232.5548,0.1449,0.0642
2016-03-18T01:08:59.648Z,2.0748,49.4033,230.8325,0.2135,0.0424,3.5816,35.7677,231.8548,0.1541,0.106,2.5013,33.7214,232.9266,0.1451,0.0823
2016-03-18T01:09:59.042Z,2.0476,52.1696,231.804,0.2249,0.039,3.1877,34.8599,231.8848,0.1501,0.0926,2.9717,34.5968,232.7246,0.1491,0.0856
2016-03-18T01:10:59.238Z,2.139,50.5882,232.2587,0.218,0.0418,3.318,33.3035,229.9775,0.1449,0.0996,3.061,35.4007,233.0215,0.152,0.091
2016-03-18T01:11:59.446Z,2.0951,49.9803,232.5809,0.2147,0.0426,2.7713,32.6185,230.3836,0.1414,0.0893,2.391,35.341,232.1858,0.1527,0.0745
2016-03-18T01:12:59.893Z,1.6533,50.0825,231.9284,0.2159,0.0338,3.3303,33.3254,231.6796,0.1434,0.1071,2.4788,35.5617,230.9382,0.1539,0.0727
2016-03-18T01:13:59.121Z,1.828,51.1369,232.0673,0.2201,0.0356,3.1974,33.4281,231.9647,0.144,0.1003,2.828,32.9064,231.3516,0.1429,0.089
2016-03-18T01:14:59.295Z,1.6737,50.6803,231.7722,0.2193,0.0319,3.207,32.9421,232.2675,0.1418,0.1035,2.3174,33.4362,231.3887,0.1448,0.0753
2016-03-18T01:15:59.425Z,1.7208,51.303,231.6142,0.2213,0.032,3.5036,32.7659,231.9107,0.1414,0.1078,2.8546,33.0754,231.198,0.1424,0.0875
2016-03-18T01:16:59.669Z,1.8293,50.8235,231.7237,0.2199,0.0344,3.1862,32.9999,231.951,0.1419,0.1034,2.4757,34.8107,231.4238,0.1502,0.0743
2016-03-18T01:17:59.928Z,1.8891,50.5673,231.7423,0.2184,0.0367,3.3385,33.1292,232.0046,0.1424,0.1053,2.6491,35.5046,231.6398,0.1535,0.0841
2016-03-18T01:18:59.161Z,1.9688,49.7678,231.8107,0.2146,0.0399,3.2635,32.5175,231.9689,0.1402,0.0994,2.3351,35.0999,231.5267,0.1518,0.0711
2016-03-18T01:19:59.411Z,2.0554,50.5679,231.6464,0.218,0.0396,3.2297,33.4791,231.9353,0.1434,0.1022,2.4654,31.5517,231.3752,0.1364,0.0817
2016-03-18T01:20:59.623Z,1.6723,51.3046,231.7153,0.2211,0.032,2.7185,31.8427,232.1367,0.1371,0.0933,2.572,32.7443,231.1741,0.1413,0.0757
2016-03-18T01:21:59.045Z,2.0132,50.6136,231.9007,0.2181,0.0364,3.0067,34.8611,232.4087,0.1501,0.0888,2.9932,33.9968,231.1532,0.1472,0.0923
2016-03-18T01:22:59.356Z,2.2977,50.4222,231.8555,0.2173,0.0462,3.1464,32.2718,231.8919,0.139,0.108,2.4238,33.2176,230.9122,0.1442,0.0803
2016-03-18T01:23:59.623Z,2.4397,50.193,231.9501,0.2163,0.0478,3.127,34.6812,231.9376,0.1497,0.0951,2.7408,36.4609,231.2342,0.1576,0.0809
2016-03-18T01:24:59.788Z,1.8931,51.5032,232.1226,0.2215,0.0367,2.6105,33.5018,232.0735,0.1449,0.0814,2.8968,34.2346,231.4448,0.1481,0.0873
2016-03-18T01:26:59.114Z,1.5539,50.5086,231.7961,0.2181,0.031,3.1453,32.2536,231.9102,0.1388,0.1024,2.6638,32.3239,233.0094,0.1386,0.0828
2016-03-18T01:27:59.243Z,2.5655,50.3618,231.5364,0.2176,0.0509,3.3162,32.1937,231.3375,0.1396,0.1036,2.816,33.4559,232.5884,0.1443,0.0875
2016-03-18T01:28:59.582Z,2.1857,50.6347,231.7985,0.2187,0.0431,3.1147,33.7876,231.2065,0.1457,0.0948,2.113,32.5246,232.4827,0.1404,0.0711
2016-03-18T01:29:59.848Z,1.9811,51.6819,232.0466,0.2227,0.0365,2.7935,33.7881,231.5831,0.1465,0.0902,2.8176,33.6627,232.7449,0.1447,0.0864
2016-03-18T01:30:59.024Z,1.7127,50.8664,232.0391,0.2199,0.0339,3.0404,33.0722,231.2278,0.1429,0.0941,2.7006,33.8834,232.4591,0.1457,0.083
2016-03-18T01:31:59.341Z,1.9058,50.6807,232.281,0.2181,0.0357,3.0181,33.147,231.2085,0.1431,0.0993,3.063,34.8446,232.3947,0.1497,0.0869
2016-03-18T01:32:59.623Z,2.0941,50.9178,232.126,0.2195,0.0416,2.8379,34.4568,230.6948,0.15,0.0865,3.0612,33.5886,231.5437,0.1448,0.0891
2016-03-18T01:33:59.884Z,1.572,50.5056,232.25,0.2171,0.0326,3.2042,33.5211,230.8145,0.1451,0.0969,2.6289,34.7522,231.2846,0.1503,0.0802
2016-03-18T01:34:59.972Z,1.4859,51.2133,231.937,0.2211,0.0299,3.2876,30.7558,230.8434,0.1329,0.1102,2.6101,33.1641,231.36,0.1436,0.0802
2016-03-18T01:35:59.202Z,1.9931,50.8672,231.9921,0.2192,0.0388,3.1168,31.1136,230.7668,0.1348,0.1043,2.451,31.2814,231.2324,0.1349,0.0887
2016-03-18T01:36:59.598Z,2.3175,50.0568,232.3066,0.2152,0.0451,2.987,32.8304,230.7046,0.1425,0.1029,2.5954,34.5232,231.4103,0.149,0.0811
2016-03-18T01:37:59.677Z,2.4144,50.6576,231.67,0.2186,0.0486,3.2533,31.3663,230.4408,0.1367,0.1065,2.5685,30.2854,231.3256,0.1309,0.0855
2016-03-18T01:38:59.945Z,1.3205,51.1,231.3423,0.221,0.0267,3.2422,33.8271,230.6228,0.1465,0.0986,2.7197,34.1235,231.061,0.148,0.0809
2016-03-18T01:39:59.108Z,2.0203,50.599,232.1636,0.2185,0.0391,3.1963,35.1616,230.6506,0.1526,0.0982,2.8539,33.0009,231.3346,0.1426,0.088
2016-03-18T01:40:59.285Z,2.1754,51.0685,232.74,0.2195,0.0442,3.3307,32.0984,231.106,0.1388,0.1116,2.3644,34.4574,231.4204,0.1489,0.0723
2016-03-18T01:41:59.607Z,2.6778,49.9117,232.1836,0.2151,0.0546,2.7462,34.3967,230.7133,0.1488,0.0854,3.2773,34.5822,230.893,0.1496,0.0993
2016-03-18T01:42:59.883Z,4.2109,51.0652,232.2831,0.2196,0.0819,2.9162,34.2163,230.2762,0.1488,0.0903,2.7048,34.4874,231.0145,0.1492,0.0803
2016-03-18T01:43:59.116Z,4.3233,50.9536,232.4664,0.2191,0.0848,2.3194,35.464,230.445,0.1539,0.0706,2.8207,34.4097,230.7369,0.1488,0.0873
2016-03-18T01:44:59.350Z,4.2008,50.67,231.9965,0.2184,0.0816,2.4934,33.1882,229.843,0.1443,0.0793,2.6582,34.15,230.6541,0.148,0.0793
2016-03-18T01:45:59.668Z,3.8993,50.4221,231.6502,0.2175,0.0768,2.6313,34.0262,229.872,0.1479,0.0803,2.5858,32.6793,230.1311,0.1422,0.0874
2016-03-18T01:46:59.144Z,3.7546,50.1661,231.4917,0.217,0.0751,2.2631,35.1294,229.9984,0.1526,0.065,2.7607,34.181,230.4442,0.1481,0.0851
2016-03-18T01:47:59.462Z,4.1984,50.4418,231.5232,0.2172,0.0847,2.3887,31.5112,229.8072,0.1372,0.082,2.8536,34.2075,230.4176,0.1485,0.0853
2016-03-18T01:48:59.995Z,4.2053,51.1224,231.3443,0.2208,0.0826,2.8239,34.9211,229.6687,0.1513,0.081,2.654,34.3139,230.5232,0.149,0.0823
2016-03-18T01:49:59.245Z,4.2904,49.9217,231.1944,0.216,0.0881,2.9112,34.2966,229.5845,0.15,0.0827,2.9574,35.8521,230.4961,0.1554,0.0829
2016-03-18T01:50:59.498Z,3.5245,49.5803,231.4418,0.2141,0.0703,2.9226,34.0363,229.7084,0.1484,0.0864,3.0896,32.5376,230.9266,0.1413,0.0953
2016-03-18T01:51:59.692Z,3.5149,51.3055,231.5141,0.2216,0.068,2.5716,31.3691,229.8732,0.1364,0.087,2.2219,31.4019,230.8811,0.1359,0.0668
2016-03-18T01:52:59.124Z,4.5368,50.1944,231.8133,0.2169,0.0899,2.9463,33.3131,230.1631,0.1448,0.0888,2.539,35.1973,231.505,0.1519,0.0763
2016-03-18T01:53:59.382Z,4.379,50.4149,231.4511,0.2179,0.0868,2.9263,31.9732,230.5715,0.1385,0.0874,2.8725,35.5447,231.9407,0.1535,0.0791
2016-03-18T01:54:59.503Z,4.1319,50.7459,231.2478,0.2195,0.0821,2.688,32.0369,230.0237,0.1399,0.0846,2.1814,34.3455,231.8212,0.1484,0.0674
2016-03-18T01:55:59.631Z,3.976,50.6078,231.1495,0.219,0.0781,2.7058,29.2289,229.2042,0.1274,0.0957,2.5473,30.742,232.0034,0.1323,0.0848
2016-03-18T01:56:59.781Z,4.1239,50.1438,230.3655,0.2179,0.0828,2.7754,31.3767,228.4267,0.1375,0.0877,2.583,31.9593,231.5567,0.138,0.0822
2016-03-18T01:57:59.053Z,4.1012,51.5787,230.8235,0.2233,0.0793,2.3974,35.341,229.8157,0.154,0.0722,2.8235,35.7134,231.3847,0.1544,0.0831
2016-03-18T01:58:59.401Z,4.4058,50.3741,231.2367,0.2179,0.0878,2.9389,33.2584,230.2522,0.1447,0.0876,2.6616,32.4278,231.873,0.1403,0.082
2016-03-18T01:59:59.705Z,3.6043,50.6829,231.6952,0.2188,0.07,3.0818,33.3896,230.9989,0.1448,0.0918,2.2036,33.5581,232.5718,0.144,0.0667
