2016-01-24T00:00:59.073Z,1066.8867,1479.8338,228.7872,6.4684,0.7202,1108.6253,1538.6567,228.176,6.7423,0.7208,1576.9143,2103.8297,228.8066,9.1946,0.7488
2016-01-24T00:01:59.545Z,1045.8137,1467.2449,228.8973,6.4099,0.7128,1121.1312,1551.3767,229.4813,6.7599,0.723,1582.1536,2134.3489,229.8498,9.286,0.7417
2016-01-24T00:02:59.178Z,1028.6698,1469.9022,229.8845,6.3944,0.7,1095.1012,1536.5457,229.7479,6.6878,0.7127,1573.7835,2133.492,230.6518,9.2496,0.739
2016-01-24T00:03:59.584Z,1051.3387,1485.5743,229.7003,6.4672,0.7077,1122.2943,1557.6742,229.9173,6.7746,0.7206,1595.2377,2152.5094,230.5206,9.3369,0.7407
2016-01-24T00:04:59.413Z,1045.943,1488.5004,229.9401,6.4733,0.7029,1122.9864,1556.8619,230.4571,6.7553,0.7212,1607.1201,2170.1406,230.8199,9.4016,0.7409
2016-01-24T00:05:59.701Z,1021.2853,1460.8751,229.7692,6.3573,0.699,1107.6311,1543.9527,230.4552,6.6992,0.7174,1577.7924,2147.3769,230.5908,9.3126,0.7344
2016-01-24T00:06:59.123Z,1048.0263,1468.6358,230.0282,6.384,0.7135,1138.4802,1584.1773,230.809,6.8634,0.7188,1573.5619,2146.0376,230.2769,9.319,0.7326
2016-01-24T00:07:59.564Z,1066.0483,1490.4318,230.4314,6.4674,0.7152,1140.1166,1592.7677,230.7543,6.902,0.7158,1582.8491,2150.9497,230.5869,9.3276,0.7363
2016-01-24T00:08:59.955Z,1042.6222,1471.7691,229.6493,6.4084,0.7087,1116.5803,1555.0811,229.9733,6.7619,0.7178,1580.6928,2138.6306,230.3268,9.285,0.7389
2016-01-24T00:09:59.406Z,1060.9557,1485.8636,229.5748,6.4715,0.7139,1128.9496,1560.076,229.1649,6.8076,0.7234,1599.7927,2146.23,230.1206,9.3258,0.7455
2016-01-24T00:10:59.782Z,1068.0406,1485.3706,229.532,6.4707,0.7192,1147.375,1577.4263,229.4999,6.873,0.7277,1603.418,2153.8017,229.6458,9.3784,0.7441
2016-01-24T00:11:59.466Z,1041.635,1478.2645,229.7951,6.433,0.7049,1118.8798,1549.6106,229.4411,6.7539,0.722,1593.9131,2152.6575,230.814,9.3261,0.7402
2016-01-24T00:12:59.694Z,1047.5767,1486.7218,229.9212,6.4658,0.7045,1108.3105,1547.759,229.5731,6.7418,0.7164,1589.5357,2144.3791,230.9571,9.2847,0.7402
2016-01-24T00:13:59.285Z,1047.8987,1485.7926,230.0713,6.4581,0.7052,1108.8139,1554.944,229.9372,6.7621,0.7126,1580.3478,2138.7903,231.0143,9.2587,0.7399
2016-01-24T00:14:59.900Z,1047.7363,1488.746,230.3039,6.4641,0.7038,1104.781,1548.3901,229.9421,6.7337,0.7131,1587.985,2144.439,231.1303,9.2783,0.7402
2016-01-24T00:15:59.712Z,1043.9382,1477.5934,229.6817,6.4334,0.7066,1094.6373,1535.1549,229.2943,6.6951,0.7132,1574.0972,2120.0488,230.5093,9.1969,0.7429
2016-01-24T00:16:59.960Z,1043.2828,1475.0111,229.4349,6.4292,0.7074,1093.5811,1534.6419,229.2887,6.6936,0.7129,1572.4924,2119.0177,230.6268,9.1887,0.7407
2016-01-24T00:17:59.479Z,1048.2243,1483.0445,229.7961,6.4534,0.7069,1112.8281,1552.876,229.7732,6.7586,0.717,1587.01,2145.1292,231.1677,9.2798,0.74
2016-01-24T00:18:59.311Z,1031.8137,1467.9843,229.2773,6.4023,0.7031,1104.5067,1529.9822,229.1513,6.6769,0.7216,1590.9668,2142.9618,230.7838,9.2862,0.741
2016-01-24T00:19:59.010Z,1022.7883,1457.9727,229.0775,6.3651,0.7013,1105.3055,1526.2248,229.2033,6.6591,0.7239,1590.2426,2144.1194,230.4698,9.3035,0.7403
2016-01-24T00:20:59.552Z,1047.3564,1464.2088,229.3461,6.3839,0.7154,1130.9123,1561.15,229.8004,6.7932,0.7242,1586.7578,2139.5773,229.8431,9.3089,0.7406
2016-01-24T00:21:59.119Z,1034.7242,1472.3742,230.1576,6.3967,0.7027,1121.0809,1558.3475,230.3415,6.7653,0.7197,1590.4066,2158.8009,231.2128,9.3365,0.7369
2016-01-24T00:22:59.556Z,1020.3381,1468.2788,230.0448,6.3823,0.6948,1110.7246,1542.7405,230.3335,6.6974,0.7202,1596.0425,2168.5354,231.7879,9.3557,0.7364
2016-01-24T00:23:59.916Z,1036.7717,1481.3586,230.0321,6.4393,0.7004,1127.1629,1558.7347,230.2147,6.7708,0.7228,1607.5574,2178.0489,231.8603,9.3932,0.7397
2016-01-24T00:24:59.545Z,1037.5013,1487.7254,230.0283,6.4671,0.6973,1116.5372,1546.7082,229.9579,6.7264,0.7216,1613.7488,2179.1042,232.1719,9.3852,0.7404
2016-01-24T00:25:59.172Z,1030.7536,1473.1796,230.1609,6.4008,0.6996,1114.9828,1552.1746,230.4322,6.7355,0.7181,1588.99,2158.0743,231.6392,9.3165,0.7364
2016-01-24T00:26:59.646Z,1048.5903,1483.2118,230.0513,6.4467,0.7072,1132.7761,1566.5222,230.3484,6.8007,0.7229,1601.7154,2165.5771,231.1926,9.3664,0.7399
2016-01-24T00:27:59.576Z,1049.2214,1480.619,229.8803,6.4409,0.7086,1133.7607,1567.7154,230.3363,6.8058,0.7234,1599.1887,2163.4817,231.0182,9.3649,0.7398
2016-01-24T00:28:59.386Z,1045.5763,1474.5221,229.6134,6.4211,0.7093,1112.8871,1550.6431,229.6558,6.7518,0.7182,1579.8089,2133.3834,230.6053,9.2506,0.74
2016-01-24T00:29:59.744Z,1058.2348,1494.7391,230.1888,6.4936,0.7081,1125.7724,1561.5654,229.6312,6.8002,0.7207,1604.3549,2159.9088,231.2731,9.339,0.7434
2016-01-24T00:30:59.740Z,1065.029,1501.9574,230.6415,6.5121,0.7099,1120.5531,1558.2143,229.1019,6.8009,0.7193,1605.7218,2153.5952,230.8528,9.3284,0.7465
2016-01-24T00:31:59.278Z,1040.094,1473.586,230.2657,6.3987,0.7062,1121.7409,1562.4558,230.1678,6.7881,0.7182,1581.2204,2147.5833,231.024,9.2956,0.7363
2016-01-24T00:32:59.240Z,1049.6068,1478.12,229.5308,6.4394,0.7102,1141.7838,1575.3963,230.5922,6.8317,0.7249,1598.1199,2166.032,230.9888,9.3772,0.7387
2016-01-24T00:33:59.882Z,1056.2679,1490.978,230.006,6.4827,0.7089,1134.8269,1574.9723,230.8298,6.8231,0.7204,1600.549,2166.8432,231.1557,9.3734,0.7394
2016-01-24T00:34:59.220Z,479.3137,717.7317,230.5393,3.1213,0.3539,514.4262,749.3931,231.8766,3.2443,0.3622,787.8342,1065.1379,232.5667,4.6049,0.7713
2016-01-24T00:35:59.684Z,217.3031,613.777,230.7008,2.6662,0.2213,252.7021,620.3071,231.8691,2.6807,0.249,326.7079,749.1451,233.3491,3.2147,0.5929
2016-01-24T00:36:59.578Z,464.867,1096.5106,230.1203,4.7651,0.4231,541.3591,1160.251,230.6974,5.0292,0.4663,595.481,1331.6644,233.2224,5.7096,0.4467
2016-01-24T00:37:59.319Z,161.6647,364.141,230.8403,1.5816,0.191,175.3451,371.1252,231.384,1.6098,0.1767,286.066,487.5832,233.7173,2.092,0.7248
2016-01-24T00:38:59.019Z,154.0318,296.6222,230.5128,1.2918,0.1591,166.825,300.5739,231.3277,1.3044,0.1566,594.9978,785.2098,232.54,3.3906,0.8113
2016-01-24T00:39:59.314Z,1081.101,1526.0213,228.8333,6.6684,0.7082,1138.8487,1542.6271,228.3719,6.7542,0.7383,1676.8432,2215.696,230.9397,9.5934,0.757
2016-01-24T00:40:59.755Z,1112.4733,1569.7594,228.4927,6.8697,0.7087,1162.5172,1536.9528,226.6937,6.779,0.7571,1752.7817,2272.4093,231.5307,9.8148,0.7707
2016-01-24T00:41:59.172Z,1083.8764,1519.6647,229.0958,6.6337,0.7133,1150.5225,1570.8628,229.7528,6.8369,0.7326,1650.968,2201.2003,231.1255,9.5238,0.7504
2016-01-24T00:42:59.350Z,1094.9178,1521.4276,229.5452,6.6274,0.7196,1151.9469,1588.9403,230.2037,6.902,0.7249,1629.584,2178.9023,230.6577,9.4462,0.7486
2016-01-24T00:43:59.568Z,1189.9166,1604.0927,229.74,6.9814,0.7423,1252.3322,1681.1121,230.3266,7.2989,0.7441,1726.4326,2269.447,230.6099,9.8403,0.7601
2016-01-24T00:44:59.665Z,1211.138,1617.1065,229.5696,7.0438,0.7494,1284.0298,1709.8202,230.2372,7.4261,0.7513,1745.3127,2292.3281,230.4613,9.9463,0.7613
2016-01-24T00:45:59.344Z,1182.2729,1586.2003,229.0585,6.9248,0.7451,1277.2518,1698.0096,230.5963,7.3631,0.7525,1726.2127,2281.1822,230.0499,9.9155,0.757
2016-01-24T00:46:59.522Z,1075.4162,1495.6556,229.5262,6.5168,0.7196,1159.5692,1604.5782,231.0171,6.9456,0.723,1601.9643,2170.9399,230.0613,9.4361,0.7391
2016-01-24T00:47:59.860Z,1060.7046,1487.6562,229.5459,6.4807,0.7128,1143.2491,1584.0417,230.6661,6.8671,0.7218,1598.6471,2167.048,230.3604,9.4077,0.7382
2016-01-24T00:48:59.640Z,1067.817,1490.6419,229.0646,6.5075,0.717,1155.1094,1584.966,230.2584,6.8835,0.7288,1617.1897,2179.0242,230.3279,9.4607,0.741
2016-01-24T00:49:59.775Z,1048.8976,1478.6233,228.7138,6.4646,0.7098,1121.948,1546.0702,229.5627,6.7348,0.7256,1604.0918,2155.5547,230.3586,9.3573,0.7437
2016-01-24T00:50:59.096Z,1038.4001,1476.483,228.6845,6.4562,0.7027,1116.6556,1537.0912,229.8721,6.6865,0.7265,1611.0683,2167.4074,230.7718,9.3915,0.7415
2016-01-24T00:51:59.567Z,1044.2043,1484.9381,229.7652,6.463,0.7032,1111.1361,1549.3686,230.0521,6.7344,0.7174,1597.181,2156.1353,231.1386,9.3279,0.7408
2016-01-24T00:52:59.357Z,1058.5712,1512.0538,231.2353,6.5391,0.7009,1100.88,1563.4507,231.2081,6.7613,0.7045,1592.111,2154.1989,231.4966,9.3054,0.7392
2016-01-24T00:53:59.759Z,1068.128,1529.3559,232.0607,6.5903,0.6989,1093.1018,1562.4216,230.9831,6.764,0.6997,1597.081,2152.6358,231.5236,9.2976,0.7407
2016-01-24T00:54:59.002Z,1076.8297,1534.0797,232.2746,6.6046,0.702,1097.3292,1569.1435,230.8555,6.7969,0.6993,1597.7853,2148.3267,231.2947,9.2884,0.7424
2016-01-24T00:55:59.023Z,1069.9699,1528.1283,232.0216,6.5856,0.7001,1106.3983,1569.4213,231.0421,6.7929,0.7052,1605.6674,2165.2716,231.4713,9.3546,0.7404
2016-01-24T00:56:59.503Z,1076.9031,1542.5562,232.549,6.6333,0.6988,1100.6777,1570.0756,230.9655,6.7977,0.701,1612.0829,2168.5174,231.9123,9.3507,0.7427
2016-01-24T00:57:59.860Z,1083.0814,1541.146,232.1433,6.6386,0.703,1104.1042,1568.3724,230.4807,6.8052,0.7034,1611.6688,2158.2762,231.3174,9.3302,0.7466
2016-01-24T00:58:59.465Z,1079.5979,1527.4963,231.329,6.603,0.7073,1113.9924,1564.2702,230.1849,6.7958,0.7125,1619.1016,2164.7662,231.022,9.3708,0.7492
2016-01-24T00:59:59.350Z,1089.7056,1544.2949,232.2063,6.65,0.7053,1107.8019,1569.8489,230.2936,6.8164,0.7062,1617.2742,2158.9485,231.0153,9.3451,0.7494
2016-01-24T01:00:59.687Z,1093.028,1549.8974,232.2177,6.674,0.7052,1104.3581,1562.4499,229.7264,6.8007,0.7072,1625.2746,2161.5202,230.8603,9.3622,0.7503
2016-01-24T01:01:59.082Z,1085.0764,1553.2158,232.4275,6.6828,0.6992,1107.7034,1570.6948,230.3637,6.8184,0.7054,1628.6853,2181.0115,231.9006,9.4046,0.7465
2016-01-24T01:02:59.388Z,1083.7086,1524.5586,230.1784,6.6232,0.7107,1123.888,1557.1484,229.041,6.7984,0.7221,1629.9863,2165.7529,230.5599,9.3933,0.7521
2016-01-24T01:03:59.702Z,1110.4458,1530.9613,229.9342,6.6576,0.7254,1121.2987,1560.9417,228.6583,6.8261,0.7179,1617.2467,2126.5653,228.5874,9.3032,0.7601
2016-01-24T01:04:59.840Z,1111.4949,1527.6845,229.592,6.6535,0.7276,1128.6343,1562.2688,228.1913,6.8467,0.7224,1618.5938,2126.7222,228.6307,9.3013,0.7624
2016-01-24T01:05:59.136Z,1088.6661,1521.7028,229.3945,6.6336,0.7153,1131.5085,1549.8371,228.1864,6.792,0.7298,1644.7706,2170.5963,230.3162,9.4235,0.7594
2016-01-24T01:06:59.421Z,1090.5397,1526.1766,229.429,6.6523,0.7141,1130.941,1551.2076,228.4042,6.7909,0.7292,1647.8954,2173.4913,230.4548,9.4309,0.7597
2016-01-24T01:07:59.491Z,1096.2478,1530.2635,229.6271,6.6642,0.7165,1130.4316,1551.7118,228.159,6.8003,0.7283,1646.7657,2168.521,230.2909,9.4161,0.7598
2016-01-24T01:08:59.923Z,1099.4244,1529.8719,229.3259,6.6705,0.7187,1132.9502,1551.892,227.9249,6.8084,0.73,1648.0331,2166.5825,230.1889,9.4124,0.7604
2016-01-24T01:09:59.607Z,1102.9076,1515.3653,229.1797,6.6118,0.7276,1140.0676,1563.4101,228.0327,6.8557,0.7294,1623.9753,2140.4131,229.0543,9.3449,0.7598
2016-01-24T01:10:59.906Z,1122.4817,1524.9332,228.5786,6.671,0.7363,1175.7238,1583.8317,228.044,6.9451,0.7421,1656.0051,2167.226,228.1724,9.4979,0.7652
2016-01-24T01:11:59.721Z,1110.7457,1521.5687,228.8102,6.6499,0.7301,1163.8022,1573.1166,228.2249,6.8924,0.7399,1652.9089,2169.4883,228.7467,9.4839,0.7618
2016-01-24T01:12:59.051Z,1125.0909,1555.441,229.7266,6.7709,0.7233,1159.3417,1572.0001,228.2016,6.8889,0.738,1681.6809,2196.8941,229.8032,9.5597,0.7653
2016-01-24T01:13:59.195Z,1124.4678,1554.8361,229.9384,6.7616,0.7239,1148.6621,1565.0997,227.9012,6.8676,0.7342,1672.4371,2182.3876,229.5777,9.506,0.7667
2016-01-24T01:14:59.572Z,1107.6251,1543.9791,230.3167,6.7036,0.7178,1135.8343,1558.352,228.217,6.8281,0.7293,1656.5114,2173.1081,230.0234,9.4469,0.7606
2016-01-24T01:15:59.309Z,1109.7088,1541.2728,230.3715,6.6897,0.7201,1134.6401,1559.1681,227.8556,6.843,0.7285,1648.7873,2163.8028,230.0657,9.4048,0.7603
2016-01-24T01:16:59.724Z,1107.2462,1538.7724,229.8814,6.6936,0.7196,1132.2334,1554.6627,227.9152,6.8208,0.7282,1644.5358,2159.8087,229.8937,9.3947,0.7602
2016-01-24T01:17:59.241Z,1098.586,1540.067,229.6807,6.7048,0.7128,1128.1626,1536.6517,227.1613,6.7642,0.7341,1667.9482,2180.0494,230.4581,9.4589,0.7647
2016-01-24T01:18:59.528Z,1101.071,1521.8018,228.8312,6.6501,0.7232,1141.6212,1546.1321,227.0687,6.8089,0.739,1654.5349,2163.4851,229.4133,9.4301,0.7654
2016-01-24T01:19:59.649Z,1088.8731,1501.5851,228.4852,6.5718,0.7243,1133.5726,1537.0604,227.0052,6.7706,0.7374,1634.6452,2141.2224,228.6007,9.3662,0.7632
2016-01-24T01:20:59.285Z,1107.912,1521.578,229.2261,6.6378,0.7281,1134.2101,1545.4015,226.7889,6.8138,0.7338,1639.1375,2138.9374,228.5175,9.3594,0.7675
2016-01-24T01:21:59.222Z,1142.1689,1569.819,230.0962,6.8221,0.7273,1135.2496,1544.0817,225.6949,6.8409,0.7352,1681.3457,2163.8328,228.9721,9.4496,0.7767
2016-01-24T01:22:59.476Z,1136.6968,1598.1472,230.5591,6.9309,0.7119,1124.7072,1512.7039,224.508,6.7376,0.7432,1739.348,2217.2997,230.5407,9.6173,0.7834
2016-01-24T01:23:59.276Z,1120.9573,1556.0712,229.932,6.7683,0.7203,1123.4458,1534.7711,226.4317,6.7776,0.7318,1669.2455,2164.0189,229.8309,9.4151,0.7711
2016-01-24T01:24:59.731Z,1128.0363,1546.096,229.3028,6.7422,0.7297,1155.8426,1564.8407,227.175,6.8882,0.7389,1669.1717,2170.3997,229.2711,9.4659,0.7699
2016-01-24T01:25:59.466Z,999.9336,1371.5107,229.4975,5.9802,0.6492,1034.1654,1396.4929,228.2387,6.1265,0.6592,1482.4983,1929.876,229.9211,8.4061,0.7742
2016-01-24T01:26:59.051Z,61.4491,205.725,230.623,0.8966,0.0958,55.8121,170.3941,230.0691,0.743,0.1,170.5022,267.7734,232.0404,1.1557,0.7728
2016-01-24T01:27:59.650Z,429.0177,1051.0653,229.6112,4.5778,0.4079,501.9121,1113.0729,228.6485,4.8682,0.4501,559.3808,1273.7588,230.8413,5.5181,0.4393
2016-01-24T01:28:59.181Z,337.7663,701.2366,229.8072,3.0575,0.3234,383.4852,739.9034,228.9681,3.2383,0.3491,467.5088,871.8318,230.6587,3.7878,0.6288
2016-01-24T01:29:59.534Z,3.4717,71.9134,230.0259,0.3118,0.0484,3.6172,61.593,230.4554,0.2672,0.0589,285.536,334.98,230.757,1.4554,0.8317
2016-01-24T01:30:59.852Z,921.3432,1270.9301,228.6079,5.564,0.632,968.2803,1340.1234,228.9018,5.8617,0.6284,1453.0456,1947.0548,227.8104,8.553,0.7631
2016-01-24T01:31:59.673Z,1172.7569,1560.939,228.646,6.8269,0.7512,1209.9602,1626.6243,228.753,7.1109,0.7436,1680.8117,2192.9264,227.8142,9.626,0.7678
2016-01-24T01:32:59.644Z,1222.4609,1628.5057,230.0142,7.0797,0.7508,1244.0476,1663.4152,228.7552,7.2712,0.7473,1740.8012,2251.9932,229.2149,9.8249,0.7723
2016-01-24T01:33:59.955Z,1133.2566,1554.9871,230.5712,6.7439,0.7283,1141.8609,1580.6571,228.47,6.9182,0.7223,1642.0462,2158.0456,229.3914,9.408,0.7606
2016-01-24T01:34:59.187Z,1213.3459,1621.2275,230.253,7.0409,0.7489,1226.1173,1652.8797,228.4025,7.2366,0.7416,1720.8435,2227.0881,228.9419,9.7275,0.7736
2016-01-24T01:35:59.689Z,1239.8804,1651.8364,230.3568,7.1711,0.7496,1253.4398,1671.6338,228.0214,7.3311,0.7501,1763.1197,2267.9263,228.9456,9.9057,0.7788
2016-01-24T01:36:59.892Z,1143.0146,1568.3996,230.4342,6.8058,0.729,1153.7821,1585.92,227.9716,6.9561,0.7276,1661.8084,2174.285,228.8837,9.4993,0.7641
2016-01-24T01:37:59.582Z,1116.5526,1535.6449,229.8315,6.6817,0.7276,1124.9053,1555.7536,227.5227,6.8382,0.7231,1625.6597,2132.7507,228.2233,9.3453,0.7624
2016-01-24T01:38:59.465Z,1130.8874,1549.3336,229.6781,6.7451,0.7301,1136.3577,1556.9213,226.991,6.8592,0.7302,1653.7667,2152.9066,228.3047,9.4294,0.7693
2016-01-24T01:39:59.487Z,1101.3002,1522.6037,228.6892,6.658,0.7236,1116.1488,1521.4597,226.2501,6.7242,0.7338,1645.8909,2142.0435,228.4171,9.3774,0.7693
2016-01-24T01:40:59.822Z,1092.0179,1517.8828,228.4616,6.6441,0.7191,1105.122,1506.2032,226.3553,6.654,0.7342,1646.5373,2142.8363,228.707,9.369,0.7691
2016-01-24T01:41:59.407Z,1116.8358,1540.717,228.4501,6.7436,0.7245,1139.2529,1536.9046,226.716,6.7789,0.7413,1676.0248,2176.2994,228.9445,9.5052,0.77
2016-01-24T01:42:59.605Z,1096.0779,1519.5202,229.4868,6.6214,0.7208,1140.0857,1559.751,228.2846,6.8327,0.7311,1637.6293,2164.7477,229.4952,9.4328,0.7564
2016-01-24T01:43:59.880Z,1091.0893,1521.5426,230.1164,6.6123,0.7164,1125.8231,1554.5626,228.4292,6.8052,0.7241,1626.8021,2155.4292,229.851,9.3771,0.7536
2016-01-24T01:44:59.232Z,1123.2212,1555.2387,230.0573,6.76,0.7221,1152.5979,1572.5385,228.3115,6.8871,0.7335,1673.1275,2194.6466,230.0669,9.5392,0.7612
2016-01-24T01:45:59.483Z,1109.5139,1537.4296,229.8734,6.6879,0.7212,1144.8378,1568.5066,228.4741,6.8649,0.7298,1649.8803,2175.5818,229.8177,9.4657,0.759
2016-01-24T01:46:59.821Z,1101.3164,1527.9544,230.2421,6.6361,0.7206,1139.3888,1572.832,229.0029,6.8684,0.7246,1630.5177,2162.387,229.7596,9.4116,0.7532
2016-01-24T01:47:59.593Z,1103.644,1524.8479,229.9954,6.6293,0.7235,1135.3491,1563.3471,228.5296,6.8408,0.7263,1630.1452,2153.7602,229.2602,9.394,0.7574
2016-01-24T01:48:59.019Z,1103.6396,1520.5224,229.7671,6.6178,0.7256,1130.6131,1556.5976,228.0275,6.826,0.7263,1624.3567,2139.9342,228.846,9.3508,0.7597
2016-01-24T01:49:59.669Z,1129.1003,1542.4971,229.223,6.7294,0.7318,1160.6631,1569.5177,227.4184,6.9013,0.7389,1666.7774,2174.5299,229.0834,9.4922,0.7674
2016-01-24T01:50:59.333Z,1114.0503,1539.5134,229.2825,6.7145,0.7236,1151.1634,1561.6533,228.0985,6.8464,0.7371,1669.5783,2188.5507,229.9108,9.5191,0.7619
2016-01-24T01:51:59.713Z,1133.6467,1563.7738,229.7288,6.807,0.7251,1158.8376,1569.0491,227.9951,6.8815,0.7386,1690.441,2205.0845,230.2111,9.5784,0.7667
2016-01-24T01:52:59.901Z,1129.9885,1559.3632,230.2712,6.772,0.7248,1160.4834,1585.5524,229.0885,6.9213,0.732,1674.6734,2199.39,230.2946,9.5497,0.7613
2016-01-24T01:53:59.228Z,1116.8669,1548.4172,230.7272,6.7112,0.7209,1146.8796,1582.1985,229.6246,6.8902,0.7246,1650.5557,2179.5294,230.1065,9.4716,0.7584
2016-01-24T01:54:59.402Z,1114.7814,1549.9519,230.7134,6.7177,0.7194,1138.0001,1567.0572,229.0633,6.8412,0.7263,1656.9736,2179.2288,230.1434,9.4686,0.76
2016-01-24T01:55:59.753Z,1109.8637,1544.8509,230.5504,6.7009,0.7187,1141.283,1570.2481,229.0474,6.8554,0.7266,1652.9351,2180.7368,230.4153,9.4643,0.7598
2016-01-24T01:56:59.456Z,1120.7811,1559.9063,231.0139,6.7524,0.7194,1131.2865,1566.5669,228.7883,6.8467,0.7222,1654.5164,2175.258,230.5215,9.4361,0.7604
2016-01-24T01:57:59.268Z,1121.0436,1558.3556,230.7889,6.7518,0.7192,1123.1954,1553.7162,228.1489,6.8097,0.723,1656.7692,2167.2719,229.9973,9.4229,0.7647
2016-01-24T01:58:59.499Z,1133.8869,1563.5483,230.2867,6.7892,0.7257,1146.6064,1563.6876,227.845,6.8628,0.7338,1679.7262,2184.5617,229.5414,9.517,0.7694
2016-01-24T01:59:59.568Z,1169.4236,1595.9914,230.8663,6.9131,0.7321,1142.227,1567.9134,226.5568,6.9199,0.7281,1686.8679,2169.3819,228.9659,9.4742,0.7783
2016-01-24T02:00:59.822Z,1144.3397,1572.0403,230.8349,6.8104,0.7284,1121.7157,1547.2544,226.2197,6.8396,0.7257,1659.368,2145.3514,228.7566,9.3781,0.7726
2016-01-24T02:01:59.134Z,1150.7674,1575.6571,231.0797,6.8183,0.7303,1149.2988,1577.4873,227.1282,6.9455,0.7287,1672.2128,2171.9473,229.3484,9.47,0.7687
2016-01-24T02:02:59.736Z,1156.5549,1585.8258,231.271,6.8571,0.7294,1176.739,1609.2808,228.7067,7.0363,0.7312,1687.125,2207.6403,230.4031,9.5818,0.7629
2016-01-24T02:03:59.169Z,1123.9862,1556.7667,230.701,6.7475,0.7219,1148.7991,1574.2948,228.3546,6.8939,0.7299,1668.1171,2191.4804,230.3346,9.5138,0.7606
2016-01-24T02:04:59.588Z,1141.077,1555.4286,230.1782,6.7574,0.7334,1166.961,1590.9846,228.2739,6.9694,0.7337,1663.3332,2176.1442,229.2273,9.4936,0.7647
2016-01-24T02:05:59.147Z,1164.7236,1571.1089,230.3753,6.8198,0.7415,1195.5392,1624.4019,228.6771,7.1035,0.736,1672.424,2189.4352,229.1762,9.5537,0.7646
2016-01-24T02:06:59.096Z,1135.198,1551.04,230.4728,6.7299,0.7313,1168.2473,1603.3458,229.0863,6.9987,0.729,1649.2962,2175.3146,229.6762,9.4707,0.7593
2016-01-24T02:07:59.383Z,1140.6142,1574.2526,230.3879,6.8331,0.7249,1143.7519,1559.5203,227.0514,6.867,0.7336,1685.601,2184.8901,229.7819,9.5077,0.7719
2016-01-24T02:08:59.673Z,1160.1674,1594.0608,230.2456,6.9232,0.7282,1165.9779,1561.2669,225.5944,6.9199,0.7472,1731.2407,2221.7371,229.8417,9.6663,0.7784
2016-01-24T02:09:59.258Z,1146.2434,1547.1011,229.6522,6.7367,0.7408,1172.3048,1595.8866,228.1633,6.9946,0.7346,1650.9645,2157.5198,228.1047,9.4582,0.7652
2016-01-24T02:11:59.309Z,1128.4925,1538.0711,229.6591,6.6969,0.7336,1154.0734,1575.6277,228.1006,6.9071,0.7327,1647.6016,2157.2568,228.5798,9.4375,0.7632
2016-01-24T02:12:59.634Z,1119.2394,1549.4601,230.839,6.7119,0.7228,1132.4137,1569.5791,228.6711,6.8634,0.7214,1639.6448,2158.5674,229.8973,9.3894,0.76
2016-01-24T02:13:59.574Z,1132.2944,1551.8783,230.6502,6.7287,0.7297,1154.3843,1592.2923,228.8593,6.9569,0.7251,1644.8748,2167.6524,229.7762,9.4334,0.76
2016-01-24T02:14:59.365Z,1128.2716,1551.5666,230.7171,6.7246,0.7266,1146.5785,1584.7058,228.9134,6.9226,0.7231,1640.9949,2161.1618,229.7662,9.4056,0.7599
2016-01-24T02:15:59.707Z,1113.9947,1537.5738,230.6187,6.6671,0.7246,1140.909,1577.8888,228.9386,6.892,0.7227,1633.533,2159.166,229.714,9.399,0.7581
2016-01-24T02:16:59.444Z,677.4427,952.5197,230.9902,4.1352,0.4566,689.5816,975.7016,229.6512,4.2589,0.4529,1016.7972,1338.5267,230.6043,5.8297,0.7799
2016-01-24T02:17:59.635Z,166.0621,467.1819,231.5337,2.0221,0.1862,185.8263,479.5831,229.6318,2.0973,0.198,298.0019,630.4086,231.5797,2.7288,0.6504
2016-01-24T02:18:59.925Z,490.1771,1088.7863,230.1461,4.7314,0.449,554.0189,1145.9205,228.4743,5.0155,0.4829,618.0357,1297.1828,230.5538,5.626,0.4753
2016-01-24T02:19:59.180Z,85.8309,215.5383,230.9208,0.9367,0.1255,92.751,210.568,228.708,0.924,0.1253,207.8179,311.7789,231.2368,1.35,0.7743
2016-01-24T02:20:59.438Z,332.0455,523.8807,230.76,2.2748,0.2662,335.8552,545.2646,228.0786,2.4054,0.2595,818.0976,1059.0516,229.6619,4.6258,0.8166
2016-01-24T02:21:59.680Z,1171.0078,1582.2854,229.9366,6.8813,0.74,1164.0866,1583.8454,226.8049,6.9833,0.7357,1680.7366,2174.5303,228.5109,9.5162,0.773
2016-01-24T02:22:59.196Z,1210.9278,1628.072,230.4001,7.066,0.7431,1224.3269,1649.1799,228.5883,7.2146,0.7422,1733.031,2249.732,230.1098,9.7764,0.7707
2016-01-24T02:23:59.716Z,1202.6619,1631.8213,230.7814,7.0707,0.7367,1204.5282,1634.345,228.8593,7.1409,0.7368,1729.1224,2245.5917,230.5987,9.7378,0.77
2016-01-24T02:24:59.880Z,1133.6523,1570.2981,230.7003,6.8062,0.722,1132.9413,1572.0947,228.6607,6.8751,0.721,1654.025,2172.9819,230.3091,9.4352,0.7602
2016-01-24T02:26:59.923Z,1117.5946,1557.2913,230.8297,6.7464,0.7175,1116.6273,1558.6327,228.7395,6.814,0.7166,1639.8785,2161.2512,230.4171,9.3798,0.7595
2016-01-24T02:27:59.134Z,1112.0179,1560.1017,231.4887,6.7391,0.7122,1096.9834,1553.1169,228.9826,6.7824,0.7066,1622.4675,2144.8994,230.8642,9.2904,0.7571
2016-01-24T02:28:59.488Z,1106.7262,1543.8363,230.8056,6.6883,0.7171,1088.5647,1534.9534,228.049,6.7304,0.7094,1613.7248,2122.4438,229.8217,9.2353,0.7601
2016-01-24T02:29:59.673Z,1121.0826,1557.452,230.1611,6.7666,0.7196,1113.1834,1542.444,227.942,6.7666,0.7221,1649.7303,2154.3078,229.8966,9.3702,0.7652
2016-01-24T02:30:59.517Z,1124.7111,1560.9447,229.8587,6.7904,0.7207,1121.0785,1541.9725,227.6716,6.773,0.7273,1662.8308,2167.2651,229.9564,9.4243,0.7684
2016-01-24T02:31:59.878Z,1101.3481,1531.6682,229.6032,6.6709,0.7188,1105.0934,1531.18,227.8318,6.7208,0.7216,1631.8683,2142.725,229.6839,9.3293,0.7602
2016-01-24T02:32:59.042Z,1122.6608,1544.1348,230.3878,6.702,0.7272,1134.7184,1578.1495,228.924,6.8936,0.7187,1626.506,2148.8835,229.5916,9.3594,0.7574
2016-01-24T02:33:59.692Z,1144.9211,1567.2097,230.3979,6.8023,0.7297,1146.8888,1583.7043,228.6116,6.927,0.724,1652.3505,2165.634,229.3379,9.4427,0.762
2016-01-24T02:35:59.713Z,1102.9625,1534.5036,230.0788,6.6697,0.7188,1104.6286,1538.3564,228.3316,6.7368,0.7183,1625.9806,2137.645,229.2482,9.3241,0.76
2016-01-24T02:36:59.597Z,1108.1564,1534.5983,230.1754,6.6672,0.7219,1105.2493,1541.7184,228.0613,6.7601,0.7172,1617.4242,2126.9362,229.0258,9.2871,0.76
2016-01-24T02:37:59.893Z,1106.8729,1531.309,230.169,6.6528,0.7224,1098.0678,1534.9728,227.6824,6.7414,0.7157,1611.399,2115.216,228.6866,9.2489,0.7617
2016-01-24T02:38:59.494Z,1120.6011,1536.5184,230.4634,6.6673,0.7297,1108.2676,1548.1427,227.6374,6.8006,0.7161,1610.0279,2109.55,228.21,9.2442,0.7617
2016-01-24T02:39:59.712Z,1105.9353,1522.6563,229.6603,6.63,0.7264,1108.4738,1537.5941,227.535,6.7574,0.7213,1615.1089,2118.9941,228.481,9.274,0.761
2016-01-24T02:40:59.726Z,1094.166,1520.3106,229.3188,6.6297,0.72,1105.7564,1522.6384,227.2307,6.7006,0.726,1629.391,2134.1829,228.9526,9.3212,0.7622
2016-01-24T02:41:59.517Z,1111.3976,1534.5788,229.6083,6.684,0.7242,1116.04,1537.038,227.4084,6.7585,0.7262,1636.9756,2141.521,229.0035,9.3511,0.7649
2016-01-24T02:42:59.611Z,1116.8526,1534.0917,230.7299,6.6483,0.7277,1121.7642,1575.0816,229.1942,6.8724,0.712,1600.3184,2119.1979,229.0634,9.2509,0.755
2016-01-24T02:43:59.354Z,1110.0841,1532.05,230.6937,6.6411,0.7249,1113.0141,1562.22,228.9909,6.8225,0.7122,1605.3702,2124.524,229.3683,9.2624,0.7567
2016-01-24T02:44:59.233Z,1118.5056,1537.8558,230.5249,6.6711,0.727,1130.422,1573.1283,229.1301,6.865,0.7188,1619.2514,2138.8459,229.3552,9.3251,0.7581
2016-01-24T02:45:59.190Z,1113.6166,1535.1876,230.5628,6.6586,0.7256,1125.1974,1568.954,229.102,6.8481,0.7178,1616.7552,2138.2932,229.5167,9.3161,0.7573
2016-01-24T02:46:59.515Z,1103.8513,1530.6657,230.7719,6.6327,0.7212,1115.9099,1561.2811,229.0156,6.8173,0.7149,1610.7726,2133.5938,229.631,9.2911,0.7551
2016-01-24T02:47:59.791Z,1122.1009,1553.1364,230.489,6.7383,0.7222,1113.9676,1548.4148,228.0264,6.7901,0.7199,1638.4318,2142.7163,229.5221,9.3357,0.7638
2016-01-24T02:48:59.354Z,1120.9883,1551.1716,230.7184,6.7236,0.7221,1107.4131,1535.8503,227.0544,6.764,0.7209,1638.5061,2134.3835,229.0944,9.316,0.7683
2016-01-24T02:49:59.627Z,1113.4741,1535.2369,230.5221,6.6596,0.7251,1106.6767,1538.4343,227.3078,6.7686,0.7193,1620.7963,2118.4757,228.699,9.2633,0.7652
2016-01-24T02:50:59.607Z,1127.0403,1544.4088,230.31,6.7054,0.7298,1121.2154,1549.5244,227.454,6.8123,0.7234,1632.2036,2127.5557,228.554,9.3089,0.7671
2016-01-24T02:51:59.254Z,1117.9808,1574.7431,231.0476,6.8155,0.7101,1078.3483,1488.1812,224.7682,6.621,0.7248,1678.5236,2153.3235,229.8278,9.3694,0.7791
2016-01-24T02:52:59.501Z,1112.4736,1549.7147,231.1969,6.703,0.718,1098.267,1537.6813,227.5253,6.7576,0.7138,1626.9951,2130.8652,229.8393,9.271,0.7633
2016-01-24T02:53:59.712Z,1127.0536,1561.366,231.203,6.7539,0.7215,1109.8209,1548.9256,227.6358,6.8043,0.7167,1640.7612,2143.0845,229.9152,9.3212,0.766
2016-01-24T02:54:59.220Z,1129.8757,1559.1939,231.0825,6.747,0.7249,1113.5562,1560.5317,228.3913,6.8324,0.7135,1627.184,2134.5213,229.7056,9.2924,0.7619
2016-01-24T02:55:59.556Z,1105.6843,1536.2914,230.5653,6.663,0.7198,1106.8439,1548.3088,228.666,6.7708,0.7142,1618.942,2134.2612,229.8652,9.2846,0.7591
2016-01-24T02:56:59.806Z,1114.2233,1539.1071,230.6272,6.6734,0.7238,1132.5323,1569.1106,228.8066,6.8579,0.7213,1631.0889,2155.0759,230.1133,9.365,0.7588
2016-01-24T02:57:59.130Z,1107.2727,1537.4402,230.4053,6.6727,0.7206,1126.0097,1560.3792,228.9183,6.8165,0.7215,1634.2346,2159.1892,230.3252,9.3738,0.7579
2016-01-24T02:58:59.432Z,1116.0608,1539.7309,229.6868,6.7038,0.7249,1117.4078,1548.0687,227.8947,6.793,0.7218,1632.359,2139.7411,229.6796,9.3162,0.7611
2016-01-24T02:59:59.606Z,1122.7361,1550.4491,230.0504,6.7397,0.7239,1113.716,1544.3993,227.6714,6.7836,0.7209,1636.9621,2138.3362,229.6211,9.3122,0.7654
