2016-02-10T00:00:59.052Z,5.032,44.7163,231.0248,0.1937,0.1126,1.8908,19.8278,230.5733,0.0857,0.1123,2.522,23.6514,231.5247,0.1023,0.13
2016-02-10T00:01:59.232Z,4.1088,44.4743,231.2134,0.1924,0.0942,1.9103,20.1734,230.5444,0.0877,0.1058,3.0838,24.2175,230.4027,0.1048,0.1444
2016-02-10T00:02:59.639Z,4.1883,43.5189,231.2858,0.1884,0.0965,1.8014,21.8751,229.5808,0.0953,0.091,3.3578,24.3562,228.7251,0.1061,0.1543
2016-02-10T00:03:59.777Z,5.0457,44.4496,230.6307,0.1925,0.1145,1.9315,20.3816,229.0281,0.0891,0.1025,3.3205,23.4425,230.02,0.1015,0.1619
2016-02-10T00:04:59.076Z,4.8725,43.4974,230.1826,0.189,0.1129,1.8422,19.5463,228.5739,0.0856,0.1119,3.3104,23.5378,229.4593,0.1021,0.1587
2016-02-10T00:05:59.346Z,4.6203,43.6707,231.1625,0.1896,0.1046,1.7949,20.0692,229.2014,0.0873,0.1069,3.3368,24.8862,231.7023,0.1076,0.152
2016-02-10T00:06:59.725Z,4.868,44.4271,231.7051,0.1909,0.107,1.6387,21.0955,229.376,0.0923,0.1035,3.5254,23.2935,232.1357,0.1008,0.1648
2016-02-10T00:07:59.909Z,5.2647,44.553,232.2047,0.1919,0.1187,1.8595,20.19,229.5322,0.0877,0.1024,2.7284,24.2436,232.189,0.1047,0.144
2016-02-10T00:08:59.239Z,4.8592,44.2172,231.6278,0.1912,0.1111,1.4764,21.1691,229.691,0.0919,0.0903,3.4176,25.1003,231.7236,0.1087,0.1524
2016-02-10T00:09:59.502Z,4.3807,44.673,232.4626,0.1926,0.0974,1.8851,22.3474,230.0755,0.0965,0.0956,3.2418,25.0571,232.2649,0.1079,0.1493
2016-02-10T00:10:59.717Z,4.3374,44.2121,232.3415,0.1903,0.0964,2.0556,21.8692,229.8277,0.0951,0.1003,3.281,23.7498,232.3743,0.1023,0.1567
2016-02-10T00:11:59.209Z,4.2584,43.4772,232.2573,0.1872,0.0979,1.8667,20.1519,229.7077,0.0877,0.0891,2.678,26.2283,231.796,0.1129,0.1301
2016-02-10T00:12:59.481Z,5.042,44.4278,232.1223,0.1912,0.1139,1.528,21.3242,229.749,0.0926,0.098,3.1258,24.8741,232.0163,0.1072,0.1488
2016-02-10T00:13:59.699Z,4.8909,44.4014,231.6611,0.1915,0.1108,2.1649,20.7308,229.6381,0.0896,0.1071,2.7556,24.4062,232.3621,0.1053,0.1331
2016-02-10T00:14:59.007Z,4.2889,43.2417,231.1381,0.1874,0.0993,1.8097,19.4403,228.6453,0.0844,0.1018,2.7412,25.1464,232.6506,0.1082,0.1351
2016-02-10T00:15:59.347Z,3.6469,44.3962,231.6904,0.1918,0.0831,1.7327,19.0155,229.4934,0.0827,0.1076,3.2135,24.0611,232.4224,0.1034,0.1496
2016-02-10T00:16:59.658Z,4.2627,43.4067,231.5626,0.187,0.0996,1.8788,20.3915,229.5992,0.0886,0.1036,3.2731,24.1971,232.4045,0.1045,0.1559
2016-02-10T00:17:59.894Z,4.9733,44.3705,231.9659,0.1912,0.1128,1.8023,21.2687,229.7579,0.0925,0.1096,3.2696,24.1947,232.2338,0.1048,0.1479
2016-02-10T00:18:59.248Z,4.8739,44.8264,232.2081,0.1931,0.1099,1.7186,21.1533,230.2696,0.0919,0.0959,2.7434,24.3159,232.0209,0.105,0.1423
2016-02-10T00:19:59.579Z,4.7105,44.9082,232.5929,0.1934,0.1067,1.4971,18.567,230.2707,0.0812,0.1014,3.0793,21.0721,232.5995,0.0905,0.1587
2016-02-10T00:20:59.665Z,5.1582,44.5299,232.3609,0.1915,0.1169,1.7066,22.1543,230.5738,0.0963,0.0929,3.1274,23.9153,232.36,0.1029,0.1545
2016-02-10T00:21:59.966Z,5.2052,44.8062,232.4408,0.1931,0.116,1.7786,20.7207,231.0052,0.0897,0.0943,3.0678,25.1198,232.3364,0.1082,0.1422
2016-02-10T00:22:59.169Z,5.3358,44.2072,231.9309,0.1908,0.1198,1.4989,20.0152,230.186,0.0864,0.0866,2.9254,24.4019,231.7902,0.1058,0.1437
2016-02-10T00:23:59.379Z,4.84,44.1179,231.3368,0.1911,0.1107,1.4029,18.6543,229.7004,0.0811,0.0881,3.1085,24.2008,231.214,0.1046,0.1587
2016-02-10T00:24:59.606Z,5.082,44.5623,231.0184,0.1929,0.1142,1.785,21.3447,228.7425,0.0932,0.0929,2.9114,25.1532,231.782,0.1086,0.1395
2016-02-10T00:25:59.828Z,4.2319,44.3132,232.1357,0.1907,0.0957,1.7603,19.6607,229.6909,0.0855,0.1008,3.0371,23.2311,232.2752,0.1002,0.1565
2016-02-10T00:26:59.282Z,4.2391,44.0526,232.4093,0.1896,0.0954,1.5939,20.6599,229.614,0.0902,0.0932,3.0827,25.6073,232.3637,0.1101,0.1406
2016-02-10T00:27:59.569Z,4.4586,44.2145,232.6922,0.1897,0.1012,2.0151,20.3566,228.877,0.0889,0.1084,3.1193,23.4101,232.7844,0.1009,0.1493
2016-02-10T00:28:59.779Z,5.3993,44.3527,232.6614,0.191,0.1222,1.7673,19.1911,228.7602,0.0836,0.1047,3.4114,23.7017,232.9174,0.1017,0.1612
2016-02-10T00:29:59.020Z,5.3637,44.4974,232.4028,0.1917,0.1212,1.7652,21.369,229.1951,0.093,0.0937,2.9535,24.3089,231.9046,0.1043,0.1471
2016-02-10T00:30:59.198Z,5.0671,43.9795,232.421,0.1888,0.1157,1.9366,18.3911,229.562,0.0793,0.1079,2.9311,24.8654,231.537,0.1073,0.1465
2016-02-10T00:31:59.372Z,4.8197,44.7559,232.3758,0.1921,0.1086,1.8075,19.498,230.046,0.0848,0.1047,3.0091,23.0776,231.4188,0.0992,0.1541
2016-02-10T00:32:59.545Z,4.9963,44.9575,231.7597,0.1941,0.1121,2.0788,20.2942,229.6447,0.088,0.1076,2.8486,23.3688,231.018,0.1019,0.1476
2016-02-10T00:33:59.889Z,4.7835,43.8026,231.3982,0.1898,0.1086,2.0581,20.41,229.9903,0.088,0.1097,3.3265,24.8324,230.843,0.1079,0.1536
2016-02-10T00:34:59.304Z,3.6504,44.0711,231.7701,0.1901,0.0829,2.3937,20.5044,229.3082,0.0898,0.111,3.017,23.7431,230.6586,0.1027,0.1503
2016-02-10T00:35:59.538Z,4.8986,43.8653,231.6965,0.1892,0.1117,1.594,21.0663,230.3648,0.0913,0.0883,2.9683,24.0038,231.4643,0.1037,0.149
2016-02-10T00:36:59.835Z,5.0566,44.682,232.1086,0.1923,0.1136,2.2127,19.9396,230.8699,0.0864,0.1163,2.9438,21.1659,231.7299,0.0918,0.1586
2016-02-10T00:37:59.264Z,4.9219,44.3708,231.9524,0.1907,0.1116,1.3974,19.6866,230.8059,0.0853,0.0918,2.7522,23.4523,231.7469,0.1013,0.1429
2016-02-10T00:38:59.546Z,3.5449,43.8867,232.0086,0.1895,0.0821,1.8136,21.701,230.7825,0.0943,0.0899,3.0819,24.6091,231.473,0.1065,0.1482
2016-02-10T00:39:59.767Z,4.8509,44.9157,232.4798,0.1934,0.1085,1.7958,21.4318,231.5468,0.0924,0.1043,2.8361,24.1142,231.8073,0.1043,0.1441
2016-02-10T00:40:59.973Z,5.018,44.2234,231.8285,0.1911,0.1136,1.5223,18.8836,230.984,0.0814,0.0897,2.9953,25.5026,232.1109,0.1099,0.1453
2016-02-10T00:41:59.274Z,5.0914,44.1428,231.9362,0.1904,0.116,1.74,21.1198,231.278,0.0912,0.0954,3.1141,24.1558,232.4383,0.1038,0.1527
2016-02-10T00:42:59.773Z,3.5877,43.8826,230.9259,0.19,0.0814,1.8186,22.5724,230.9608,0.0975,0.0968,2.7688,22.5396,232.0758,0.0975,0.1441
2016-02-10T00:43:59.171Z,3.9573,44.1294,231.3,0.1906,0.0904,1.4403,18.5871,228.4674,0.0811,0.0913,3.1678,21.6322,232.4041,0.0928,0.159
2016-02-10T00:44:59.250Z,5.788,45.0681,232.3113,0.1938,0.1286,1.2277,14.1201,228.5481,0.0613,0.0985,3.39,20.4913,232.2237,0.0886,0.1842
2016-02-10T00:45:59.572Z,5.2865,45.3516,232.5459,0.1951,0.1164,1.8724,21.7696,231.4425,0.0942,0.0967,2.6824,23.6282,232.7041,0.1021,0.1388
2016-02-10T00:46:59.899Z,4.9203,44.4821,231.7688,0.1913,0.1116,1.9678,22.0695,230.4453,0.096,0.0922,3.0141,24.2807,232.1322,0.1046,0.1437
2016-02-10T00:47:59.172Z,5.0456,44.9764,231.8672,0.1936,0.1113,1.8486,20.3227,230.6137,0.088,0.1029,3.3007,23.3188,231.981,0.1007,0.1608
2016-02-10T00:48:59.379Z,5.0854,44.7522,231.7925,0.1927,0.114,1.6362,19.5501,230.2363,0.0854,0.098,3.2188,24.4548,231.5343,0.1063,0.1544
2016-02-10T00:49:59.669Z,4.9032,44.5196,232.2372,0.1918,0.1108,1.6102,18.2432,230.405,0.0793,0.0973,2.9705,24.0959,231.5997,0.1047,0.1446
2016-02-10T00:50:59.965Z,4.7622,43.8292,232.2116,0.1884,0.1074,1.6986,19.1938,230.811,0.083,0.0934,3.0687,25.3085,231.6902,0.1091,0.1443
2016-02-10T00:51:59.216Z,4.6888,44.2632,232.5796,0.1901,0.1052,2.058,20.3947,231.3183,0.0878,0.1081,2.6389,25.4372,231.9513,0.1098,0.1258
2016-02-10T00:52:59.622Z,5.1318,44.7536,231.9227,0.193,0.1154,2.062,20.2383,230.6986,0.0871,0.108,2.5137,23.6604,231.7292,0.1018,0.133
2016-02-10T00:53:59.818Z,5.1652,44.0221,231.7142,0.19,0.1185,1.791,18.6948,230.1325,0.0808,0.1048,3.5323,25.419,231.7003,0.1097,0.1533
2016-02-10T00:54:59.153Z,4.0477,43.8681,231.6724,0.1903,0.092,1.8904,20.9068,227.9652,0.0921,0.1014,3.0621,25.6004,231.7423,0.1102,0.1389
2016-02-10T00:55:59.415Z,4.4657,44.5591,232.0604,0.192,0.1011,1.7796,19.914,227.837,0.0869,0.1099,2.9784,23.7324,232.1655,0.1022,0.1497
2016-02-10T00:56:59.702Z,4.8564,44.6258,231.8145,0.1924,0.1099,1.4888,19.9212,230.5271,0.0864,0.0897,3.0209,24.9409,231.6598,0.1078,0.1441
2016-02-10T00:57:59.853Z,5.1261,44.4166,231.3954,0.1921,0.1165,2.0275,20.4892,230.5111,0.0887,0.1051,2.8757,23.7701,231.9422,0.1028,0.1448
2016-02-10T00:58:59.129Z,3.6913,43.8971,231.1489,0.1901,0.0843,1.6466,21.7628,230.3369,0.0947,0.0909,2.9894,23.1012,231.8778,0.0998,0.1444
2016-02-10T00:59:59.543Z,3.9009,43.6544,231.322,0.1886,0.0891,1.4651,21.4875,230.1259,0.0937,0.0771,2.894,25.3363,231.6781,0.1096,0.1416
2016-02-10T01:00:59.663Z,5.0313,44.5502,230.873,0.1925,0.1126,1.4825,20.9775,230.28,0.092,0.0942,3.0081,25.7521,231.833,0.1112,0.1325
2016-02-10T01:01:59.841Z,5.1727,44.3704,230.7844,0.1923,0.1175,2.0433,21.211,230.3796,0.0922,0.1026,3.1192,24.6243,231.1898,0.1066,0.1413
2016-02-10T01:02:59.150Z,4.7956,43.813,230.5163,0.1899,0.1083,1.6523,19.238,229.6582,0.0833,0.1074,3.494,22.8904,230.5712,0.0999,0.167
2016-02-10T01:03:59.375Z,3.7712,43.202,230.3575,0.1878,0.0871,1.7345,17.2882,229.9304,0.0748,0.1138,2.8379,25.0342,230.822,0.1081,0.1388
2016-02-10T01:04:59.603Z,3.8241,44.1776,229.8204,0.1923,0.0873,1.4671,22.3487,230.7561,0.0959,0.0839,2.9802,22.3846,230.7437,0.0965,0.1557
2016-02-10T01:05:59.840Z,4.8896,43.9634,229.7721,0.1912,0.1119,2.0271,19.8212,231.1679,0.0855,0.1136,2.9757,25.1953,232.8354,0.1084,0.1409
2016-02-10T01:06:59.101Z,5.0892,43.8464,229.5552,0.1903,0.1167,2.0354,22.5176,231.8097,0.0966,0.0989,2.8792,25.1153,232.8996,0.1074,0.1403
2016-02-10T01:07:59.288Z,4.5807,43.5337,229.6691,0.1893,0.1063,1.4348,18.0637,232.0302,0.0776,0.108,2.9927,24.1699,232.973,0.1034,0.1471
2016-02-10T01:08:59.519Z,4.1697,43.6801,229.6567,0.1898,0.0949,1.6922,16.7353,231.8696,0.072,0.109,3.1134,22.0016,233.1414,0.0951,0.1648
2016-02-10T01:09:59.851Z,4.6716,43.8864,229.8204,0.1908,0.1055,2.1676,22.891,231.6199,0.0987,0.1127,3.3769,23.5619,233.0357,0.1011,0.1551
2016-02-10T01:10:59.048Z,5.0212,44.2544,229.9018,0.1919,0.1137,1.5176,20.0348,231.5682,0.0869,0.0927,3.3638,24.7703,232.7948,0.1064,0.1538
2016-02-10T01:11:59.334Z,4.9435,44.4843,230.8958,0.1926,0.113,1.8571,19.8433,231.6156,0.0856,0.1007,3.2812,24.264,232.9893,0.1042,0.1515
2016-02-10T01:12:59.537Z,4.4183,43.6854,231.8199,0.1885,0.1023,1.4108,18.7572,230.7367,0.0812,0.1028,2.7557,24.0945,232.6072,0.1037,0.1403
2016-02-10T01:13:59.839Z,3.7309,43.8455,231.4755,0.1902,0.0844,1.5424,20.6776,230.3427,0.0897,0.0945,3.3185,25.1992,232.1715,0.1082,0.1553
2016-02-10T01:14:59.260Z,4.8268,43.9056,230.4297,0.1902,0.1101,1.3702,21.1623,229.4928,0.092,0.0933,3.5981,23.969,232.2308,0.1028,0.1664
2016-02-10T01:15:59.531Z,5.0177,44.4088,231.8703,0.1913,0.1141,1.6858,20.1731,230.6625,0.087,0.0969,3.0931,24.2237,232.2998,0.1043,0.1527
2016-02-10T01:16:59.982Z,4.6643,43.9322,231.593,0.1896,0.1057,1.9516,20.5109,230.8277,0.0888,0.1043,2.9615,25.685,232.631,0.1097,0.1374
2016-02-10T01:17:59.181Z,4.5698,44.8268,232.0026,0.1933,0.1026,1.6522,20.6033,231.0486,0.0891,0.0984,3.0731,22.9181,232.9853,0.0986,0.154
2016-02-10T01:18:59.442Z,5.3251,44.5121,231.4027,0.1923,0.1208,1.9593,20.4016,231.0307,0.0881,0.1078,3.0644,22.5603,232.8692,0.0969,0.1533
2016-02-10T01:19:59.627Z,5.1046,44.5355,230.2018,0.1933,0.1154,2.0868,18.0302,231.4875,0.078,0.1259,3.0802,21.0868,232.7007,0.091,0.1618
2016-02-10T01:20:59.886Z,4.9641,44.4962,230.6701,0.1932,0.1119,1.3798,14.0737,231.6074,0.0607,0.1204,3.2777,18.1922,232.9134,0.0782,0.1877
2016-02-10T01:21:59.312Z,3.9011,44.2443,231.36,0.1914,0.0877,1.9724,19.9611,231.0203,0.0864,0.1161,2.9324,23.0028,232.7396,0.099,0.1423
2016-02-10T01:22:59.455Z,4.3249,43.7899,230.4978,0.1897,0.0999,2.1158,19.6467,229.7197,0.0854,0.122,3.14,21.9772,231.2592,0.095,0.1607
2016-02-10T01:23:59.727Z,5.212,44.0493,230.2988,0.1912,0.1191,1.7587,19.1767,229.6284,0.0827,0.1065,3.2547,24.1377,230.9377,0.1048,0.1535
2016-02-10T01:24:59.891Z,5.0496,43.3155,229.0618,0.1888,0.1175,1.4297,18.0404,229.4045,0.0786,0.106,3.2576,23.3473,231.3567,0.1013,0.1557
2016-02-10T01:25:59.131Z,4.572,44.0698,230.4812,0.1913,0.1041,1.8918,19.8323,230.3376,0.086,0.1133,2.844,22.405,231.1987,0.0971,0.1494
2016-02-10T01:26:59.398Z,4.6314,44.5863,230.84,0.1936,0.1053,1.9197,20.0482,230.3045,0.0869,0.103,3.0124,23.8501,231.1889,0.1032,0.1458
2016-02-10T01:27:59.573Z,5.1271,44.6857,231.1557,0.1931,0.1154,1.3608,18.8034,228.3755,0.0822,0.0955,2.6135,23.3524,231.5146,0.1009,0.1311
2016-02-10T01:28:59.760Z,4.5802,44.2876,231.1723,0.192,0.1043,1.8387,20.3141,228.2418,0.0888,0.1051,2.7203,24.3312,231.3386,0.1052,0.1339
2016-02-10T01:29:59.941Z,4.7453,44.0265,230.9827,0.1911,0.108,1.6878,20.2024,230.3311,0.0875,0.0942,3.2476,24.6848,231.3322,0.107,0.1538
2016-02-10T01:30:59.249Z,4.9616,44.2363,230.8733,0.1917,0.1127,1.7326,20.4507,229.968,0.0891,0.0992,3.2033,24.1717,231.0599,0.1049,0.1487
2016-02-10T01:31:59.443Z,5.3146,44.3699,230.7749,0.1925,0.1202,2.0611,20.3757,230.1781,0.0882,0.1131,3.0757,23.2977,231.5775,0.1009,0.1564
2016-02-10T01:32:59.682Z,3.8007,42.9293,230.2856,0.1858,0.0888,2.2095,19.2559,229.5992,0.0841,0.1235,2.8041,24.5632,231.0646,0.1057,0.1349
2016-02-10T01:33:59.898Z,4.7174,44.4237,230.6091,0.1923,0.1071,1.6863,19.6331,229.6558,0.0856,0.1069,3.0977,25.2135,230.8362,0.1092,0.1434
2016-02-10T01:34:59.194Z,4.975,44.4233,231.8769,0.1918,0.113,1.6092,20.3912,230.7999,0.0882,0.1017,3.1404,24.4708,232.2464,0.106,0.1483
2016-02-10T01:35:59.483Z,4.9275,44.431,231.7573,0.1916,0.1129,2.1943,21.037,231.4509,0.0914,0.114,3.6541,22.8603,233.0667,0.0978,0.1724
2016-02-10T01:36:59.742Z,3.783,43.7564,231.6466,0.189,0.087,1.6048,21.0767,231.0374,0.0911,0.0907,2.8236,23.5316,233.163,0.1007,0.1449
2016-02-10T01:37:59.054Z,3.9771,44.192,231.961,0.1906,0.0908,1.6657,20.5052,231.1848,0.0889,0.101,3.4359,23.8396,233.2236,0.102,0.1602
2016-02-10T01:38:59.258Z,4.8163,44.5134,232.0468,0.1921,0.1092,1.7682,20.7903,230.8815,0.0901,0.096,3.0143,25.1689,233.2787,0.1076,0.1478
2016-02-10T01:39:59.507Z,4.9323,44.1483,231.5052,0.1904,0.1125,2.0308,20.7585,230.4185,0.0898,0.1085,2.6235,23.915,232.6835,0.1029,0.1349
2016-02-10T01:40:59.656Z,4.7176,44.3587,231.4721,0.1913,0.1059,1.8357,19.1268,230.3187,0.083,0.1062,3.0056,22.2529,232.4327,0.0958,0.1582
2016-02-10T01:41:59.929Z,3.8935,43.6235,231.7352,0.1885,0.0896,1.5359,21.13,230.626,0.0916,0.094,3.0513,24.6144,232.3107,0.1058,0.1459
2016-02-10T01:42:59.114Z,5.1741,44.1313,231.2097,0.1908,0.1178,1.8291,19.6369,230.2822,0.0852,0.1148,3.0099,23.7219,231.8883,0.1021,0.1474
2016-02-10T01:43:59.501Z,5.4195,43.9226,231.0604,0.1898,0.1239,1.8671,21.0853,230.3692,0.0915,0.0935,2.875,24.2427,231.4558,0.1048,0.1474
2016-02-10T01:44:59.908Z,4.6399,43.7705,231.0888,0.1897,0.1064,1.634,21.5887,230.0804,0.0933,0.0938,3.0819,24.0382,230.9015,0.1038,0.1516
2016-02-10T01:45:59.115Z,4.8344,44.4023,230.424,0.1924,0.1086,1.5771,15.5243,230.3474,0.0678,0.1154,3.1983,21.6927,230.7999,0.0941,0.1641
2016-02-10T01:46:59.378Z,4.8693,44.4267,231.0273,0.1929,0.1107,1.6083,18.2543,230.291,0.0796,0.1033,3.057,22.3736,230.7635,0.0972,0.1598
2016-02-10T01:47:59.609Z,5.0235,44.1893,230.9236,0.191,0.1137,1.6042,20.4384,229.8236,0.0885,0.0955,2.5302,24.9069,230.2626,0.1079,0.1314
2016-02-10T01:48:59.871Z,3.9559,44.2829,230.5804,0.1918,0.09,1.9069,20.0559,229.9899,0.0874,0.1069,3.1478,21.8826,229.8359,0.0954,0.1622
2016-02-10T01:49:59.177Z,3.7411,43.679,230.1076,0.19,0.0867,0.9488,21.3234,229.456,0.0933,0.0762,3.0133,24.0641,229.9,0.1044,0.1448
2016-02-10T01:50:59.458Z,4.7482,43.8236,230.1842,0.19,0.1084,1.8944,21.6143,229.6805,0.0941,0.0999,2.968,24.3113,230.0863,0.1062,0.1379
2016-02-10T01:51:59.778Z,4.7873,44.2479,230.046,0.1927,0.1087,1.5128,19.9937,229.2759,0.0872,0.0951,3.5489,24.1559,229.9501,0.1046,0.1624
2016-02-10T01:52:59.038Z,3.658,43.8734,229.6093,0.1908,0.0847,2.1817,21.6343,227.8122,0.0949,0.1064,2.7481,23.3082,229.754,0.1014,0.1397
2016-02-10T01:53:59.485Z,3.8799,43.4953,228.992,0.1901,0.0891,1.9657,20.8987,228.0343,0.092,0.0919,3.1455,22.36,229.1544,0.0975,0.1601
2016-02-10T01:54:59.763Z,3.6093,43.0046,228.8949,0.1879,0.0838,1.6254,21.796,228.6467,0.0952,0.0887,3.413,24.2193,229.0884,0.1057,0.149
2016-02-10T01:55:59.896Z,4.9905,43.9987,229.442,0.1919,0.1129,1.6751,20.221,228.6937,0.0884,0.0965,3.4787,24.7065,229.7357,0.1076,0.1579
2016-02-10T01:56:59.184Z,4.868,44.3101,229.8443,0.1929,0.112,2.0242,20.791,229.3849,0.0904,0.1089,2.9634,24.5408,230.5101,0.1063,0.1367
2016-02-10T01:57:59.541Z,4.8829,44.467,231.2385,0.1915,0.1107,1.7069,20.2518,229.6221,0.0885,0.1011,3.2351,22.7101,232.0942,0.0981,0.1559
2016-02-10T01:58:59.750Z,5.2881,43.9313,230.9313,0.1904,0.1205,1.7957,19.7853,230.2979,0.0859,0.0977,2.6398,25.9993,232.341,0.112,0.1264
2016-02-10T01:59:59.968Z,5.1562,44.4589,231.2391,0.192,0.116,2.0105,20.5312,229.8789,0.0893,0.1124,2.5378,25.1459,232.2087,0.1085,0.1273
