2016-03-16T00:00:59.639Z,1095.0212,1486.4622,230.2719,6.4552,0.7364,1122.2771,1583.4723,228.9994,6.9143,0.7088,1538.1641,2063.1117,226.4288,9.11,0.7453
2016-03-16T00:01:59.924Z,1090.3807,1497.9106,229.6853,6.5216,0.728,1145.3438,1586.6719,229.069,6.9269,0.7221,1586.2889,2125.1136,228.0731,9.3174,0.7471
2016-03-16T00:02:59.073Z,1067.6608,1493.4231,229.848,6.4977,0.7152,1103.4839,1547.1439,228.7878,6.762,0.7132,1571.7967,2104.6134,228.3951,9.2147,0.7473
2016-03-16T00:03:59.450Z,1060.5841,1479.2846,229.5919,6.4427,0.7167,1108.1513,1545.5942,228.5698,6.7617,0.7172,1566.6319,2101.9197,228.303,9.2063,0.7454
2016-03-16T00:04:59.765Z,1045.4144,1458.6256,229.1962,6.3633,0.7164,1118.5831,1544.6254,228.7772,6.7514,0.7241,1566.1082,2108.1944,228.0116,9.2452,0.7424
2016-03-16T00:05:59.080Z,1051.0589,1469.0057,229.8579,6.3911,0.7156,1118.0508,1555.0287,229.4524,6.7769,0.7189,1563.2025,2110.3278,228.5031,9.2348,0.7404
2016-03-16T00:06:59.337Z,1054.5498,1478.5848,230.4369,6.4161,0.7132,1123.0738,1570.5198,230.1342,6.8236,0.7149,1563.2672,2121.9688,229.3478,9.2519,0.7376
2016-03-16T00:07:59.525Z,1049.1863,1461.1165,229.4866,6.3672,0.7182,1133.2018,1570.4954,229.9334,6.8296,0.7208,1560.5393,2120.6088,229.1642,9.2537,0.7364
2016-03-16T00:08:59.745Z,1040.9691,1435.8231,227.794,6.3028,0.7247,1162.0639,1579.5563,229.8721,6.8713,0.736,1567.9488,2133.693,228.8213,9.3243,0.7347
2016-03-16T00:09:59.023Z,1031.6771,1432.28,227.4673,6.2971,0.7206,1150.6978,1555.2361,228.8985,6.7942,0.7406,1579.9144,2139.7654,229.0538,9.3419,0.7387
2016-03-16T00:10:59.509Z,1047.1977,1455.8982,228.0622,6.3838,0.719,1147.3076,1550.8871,228.5717,6.7847,0.7397,1601.5249,2151.7097,229.1232,9.3911,0.7438
2016-03-16T00:11:59.786Z,1044.836,1464.7881,228.324,6.4154,0.7133,1129.6663,1534.3902,228.3662,6.7184,0.7361,1603.628,2145.1567,229.1771,9.3599,0.7473
2016-03-16T00:12:59.020Z,1050.4073,1471.6799,228.2145,6.4484,0.7144,1144.931,1546.3008,228.9435,6.754,0.7403,1618.0732,2167.3134,229.5343,9.442,0.7469
2016-03-16T00:13:59.199Z,1039.4077,1462.827,228.4107,6.4039,0.7107,1132.5132,1532.5183,228.4644,6.7086,0.7396,1612.9559,2159.6612,229.4892,9.4108,0.7471
2016-03-16T00:14:59.430Z,1061.1021,1473.3793,228.2397,6.4546,0.7197,1152.5433,1551.7716,228.3474,6.795,0.7416,1619.4893,2156.8064,229.016,9.4171,0.7502
2016-03-16T00:15:59.821Z,1065.5182,1483.4623,229.5361,6.4629,0.7184,1131.7744,1546.3062,228.084,6.7792,0.732,1605.9042,2136.8997,228.6876,9.3438,0.7509
2016-03-16T00:16:59.020Z,1080.5193,1505.1752,229.9913,6.5444,0.7178,1141.4906,1558.9335,228.284,6.8287,0.7322,1620.5843,2152.8271,229.1776,9.3937,0.7516
2016-03-16T00:17:59.318Z,1064.1019,1497.3737,230.6407,6.4916,0.71,1131.5591,1561.0134,229.2307,6.8093,0.7248,1606.69,2156.1381,229.8621,9.38,0.7448
2016-03-16T00:18:59.611Z,1084.9194,1513.1999,230.8208,6.5557,0.7169,1148.0957,1575.7621,229.0057,6.8804,0.728,1619.5657,2160.1743,229.7101,9.4037,0.7498
2016-03-16T00:19:59.936Z,1073.5713,1503.7029,230.9859,6.5096,0.7141,1135.4394,1568.2542,229.0762,6.8458,0.7236,1607.1819,2152.6086,229.9662,9.36,0.7476
2016-03-16T00:20:59.200Z,1092.6706,1514.0667,230.7698,6.5609,0.7215,1159.9568,1592.8256,229.3892,6.9433,0.7281,1615.7113,2160.8864,229.6717,9.4084,0.7489
2016-03-16T00:21:59.517Z,1085.2898,1511.1568,231.0484,6.5408,0.7186,1139.3421,1578.2064,229.2722,6.8836,0.7217,1603.1119,2146.6276,229.829,9.3399,0.7471
2016-03-16T00:22:59.765Z,1110.8353,1531.0693,230.6728,6.6373,0.725,1147.5324,1584.5103,228.9649,6.9204,0.724,1621.1164,2151.1529,229.3253,9.3801,0.753
2016-03-16T00:23:59.011Z,1085.1242,1506.1952,230.6844,6.5289,0.7203,1147.0127,1582.0315,229.274,6.9,0.7249,1605.5496,2150.1453,229.7648,9.358,0.7472
2016-03-16T00:24:59.342Z,1105.4086,1520.7751,230.4774,6.5981,0.7268,1166.3941,1594.2443,228.9463,6.9633,0.7313,1625.954,2162.708,229.3904,9.4282,0.7514
2016-03-16T00:25:59.709Z,1097.0273,1505.0852,229.6211,6.5547,0.7287,1147.3628,1568.8934,228.0587,6.8792,0.7313,1608.974,2131.1043,228.3153,9.3344,0.7547
2016-03-16T00:26:59.041Z,1117.1941,1523.9159,230.0152,6.6248,0.7322,1166.2315,1589.6602,228.1388,6.968,0.7335,1627.7745,2149.8289,228.499,9.4085,0.7592
2016-03-16T00:27:59.292Z,1097.6461,1518.8379,230.7602,6.5818,0.7224,1149.9856,1583.8016,229.0592,6.9146,0.7262,1618.3279,2155.5219,229.4336,9.3954,0.7504
2016-03-16T00:28:59.530Z,1116.768,1526.7206,230.0794,6.6353,0.732,1172.972,1593.526,228.505,6.9734,0.7363,1637.4463,2164.5247,228.9217,9.4549,0.757
2016-03-16T00:30:59.310Z,1118.1183,1533.1928,230.2477,6.6587,0.7293,1163.6629,1590.1316,228.6683,6.9532,0.7315,1633.1369,2158.6688,228.9513,9.4283,0.7577
2016-03-16T00:31:59.617Z,1124.1899,1539.6641,230.493,6.6798,0.7301,1149.9177,1583.4976,228.3647,6.9337,0.726,1623.0574,2139.9266,228.5626,9.3624,0.7592
2016-03-16T00:32:59.880Z,1132.729,1552.6567,230.6866,6.7302,0.7294,1158.2409,1593.775,228.8604,6.9637,0.7262,1635.1422,2155.3454,228.875,9.4176,0.7597
2016-03-16T00:33:59.134Z,1123.621,1539.9695,230.8259,6.671,0.7305,1160.3042,1600.3215,229.2981,6.9793,0.7255,1621.0952,2150.8016,228.8225,9.3986,0.7525
2016-03-16T00:34:59.347Z,1134.0754,1527.6763,230.4987,6.6278,0.7423,1189.6987,1628.2569,229.2517,7.1021,0.7302,1612.3089,2140.3263,227.7733,9.396,0.7528
2016-03-16T00:35:59.653Z,1118.8227,1517.2502,229.7418,6.6042,0.7371,1185.5867,1608.1609,229.0491,7.0214,0.7376,1624.2488,2154.3751,227.9448,9.4512,0.7536
2016-03-16T00:36:59.929Z,1127.2984,1523.9407,229.5816,6.6377,0.7396,1190.3133,1611.0906,228.9202,7.0374,0.7386,1634.1153,2159.638,228.024,9.4707,0.7571
2016-03-16T00:37:59.181Z,974.3643,1328.8042,229.6892,5.7901,0.6448,1027.8049,1397.3156,229.1576,6.1054,0.6462,1416.576,1868.0943,228.4413,8.1939,0.7648
2016-03-16T00:38:59.532Z,72.2049,184.7323,231.7202,0.7988,0.1133,92.8697,234.6565,231.226,1.0193,0.1031,198.1957,296.0444,231.7135,1.2803,0.7776
2016-03-16T00:39:59.846Z,421.5763,694.0723,231.4224,3.0082,0.3493,449.1035,714.6997,230.6967,3.1084,0.3505,546.4091,841.6757,231.4675,3.6447,0.72
2016-03-16T00:40:59.271Z,3.7157,71.4902,232.1862,0.3076,0.052,3.2252,63.4708,231.3552,0.274,0.0508,330.4541,386.1503,231.8572,1.6682,0.8353
2016-03-16T00:41:59.568Z,1143.246,1571.8994,230.8542,6.8101,0.7109,1178.634,1600.2821,229.6977,6.9681,0.7144,1650.7447,2180.4377,229.9321,9.4843,0.7601
2016-03-16T00:42:59.852Z,1192.2992,1608.922,230.9451,6.9666,0.7409,1234.7521,1668.8861,229.7873,7.2619,0.7406,1704.3981,2250.3639,230.0351,9.7828,0.7577
2016-03-16T00:43:59.048Z,1190.5541,1597.2698,230.6466,6.9249,0.7458,1264.0333,1697.7901,230.6587,7.3611,0.7449,1703.8219,2263.3406,229.9556,9.8423,0.7531
2016-03-16T00:44:59.380Z,1143.4029,1552.7242,230.9322,6.7234,0.7364,1214.9876,1657.75,230.6971,7.1856,0.7327,1649.4318,2214.1778,229.8449,9.6331,0.745
2016-03-16T00:45:59.667Z,1101.9902,1510.465,230.3839,6.5558,0.7298,1177.5978,1623.3354,230.4646,7.0437,0.7252,1599.8716,2165.2726,229.5312,9.4333,0.739
2016-03-16T00:46:59.951Z,1102.7397,1511.8749,230.3886,6.5622,0.7293,1162.0702,1609.9462,230.4651,6.9857,0.7217,1593.9733,2151.5177,229.2563,9.3846,0.7406
2016-03-16T00:47:59.601Z,1099.7983,1514.2564,230.5951,6.5665,0.7266,1152.5847,1601.9446,230.3651,6.9542,0.7196,1592.8407,2148.1453,229.3711,9.3647,0.7407
2016-03-16T00:48:59.852Z,1122.8497,1531.2871,230.8031,6.6348,0.733,1147.1784,1601.3111,229.96,6.9636,0.7167,1592.8952,2129.2582,228.5822,9.3149,0.7479
2016-03-16T00:49:59.180Z,1121.3635,1535.3112,230.957,6.6475,0.7302,1132.3303,1585.3127,229.5603,6.9056,0.7142,1595.5897,2124.2916,228.6021,9.2924,0.7501
2016-03-16T00:50:59.507Z,1123.4811,1545.9513,231.4512,6.679,0.7267,1137.4598,1596.9139,230.2317,6.9361,0.7124,1602.9218,2139.5101,229.0404,9.3409,0.7493
2016-03-16T00:51:59.712Z,1123.5056,1536.1559,231.1241,6.6463,0.7319,1141.0932,1598.8067,230.1053,6.948,0.714,1593.7348,2129.4582,228.9482,9.3012,0.7481
2016-03-16T00:53:59.300Z,1116.8537,1537.3047,230.1525,6.6793,0.7266,1145.3824,1576.3977,229.388,6.8717,0.7266,1630.8894,2160.0735,229.0864,9.4285,0.7556
2016-03-16T00:54:59.516Z,1100.0622,1534.6666,230.5758,6.6558,0.7164,1170.0904,1580.9898,228.8778,6.9067,0.7402,1667.8833,2215.837,230.584,9.6096,0.7534
2016-03-16T00:55:59.848Z,1079.2,1540.1488,231.0889,6.6646,0.7003,1135.974,1537.0041,227.6876,6.7506,0.7391,1681.9773,2224.3319,231.3221,9.6154,0.7572
2016-03-16T00:56:59.070Z,1101.5969,1546.7122,230.6454,6.7061,0.7126,1162.2049,1563.9454,227.9221,6.861,0.7431,1687.8947,2229.6219,230.7997,9.6597,0.7565
2016-03-16T00:57:59.269Z,1097.517,1534.9481,229.9456,6.675,0.7147,1141.4194,1535.9218,226.7808,6.7721,0.7431,1674.8667,2195.1743,229.6098,9.5604,0.7618
2016-03-16T00:58:59.653Z,1112.4969,1539.9661,229.1898,6.719,0.7223,1165.0899,1550.2013,226.6877,6.8379,0.7514,1691.0968,2208.6129,229.0903,9.6406,0.765
2016-03-16T01:00:59.315Z,1101.2463,1534.734,229.4893,6.6874,0.7176,1162.0451,1542.7389,226.3934,6.8139,0.7531,1694.7629,2215.012,229.2139,9.6629,0.7662
2016-03-16T01:01:59.558Z,1087.663,1515.1331,228.9799,6.6168,0.7181,1167.4529,1544.0919,226.4456,6.8183,0.7564,1688.1919,2216.8058,229.3299,9.6661,0.7608
2016-03-16T01:02:59.794Z,1114.2231,1539.4903,229.2276,6.7161,0.7238,1188.7639,1571.3564,226.8893,6.925,0.7564,1701.2926,2227.3424,229.3827,9.7098,0.7632
2016-03-16T01:03:59.948Z,1130.9837,1544.7263,230.2944,6.7078,0.7322,1160.1338,1572.0949,227.489,6.9101,0.738,1656.4612,2166.4454,227.5414,9.5207,0.7658
2016-03-16T01:04:59.314Z,1110.3517,1547.7314,230.1392,6.725,0.7173,1188.855,1572.8358,226.7885,6.935,0.756,1713.4843,2250.5135,230.4355,9.7664,0.761
2016-03-16T01:05:59.587Z,1101.4327,1544.7682,230.6116,6.6988,0.7134,1171.6754,1563.6121,226.9217,6.8898,0.7498,1694.9069,2229.788,230.3432,9.6808,0.76
2016-03-16T01:06:59.929Z,1123.0999,1558.7277,230.4898,6.7624,0.7207,1186.1638,1577.3998,226.8989,6.9521,0.7526,1710.9518,2239.8176,230.0198,9.7373,0.7647
2016-03-16T01:07:59.257Z,1113.1311,1563.0645,231.2157,6.7602,0.7117,1158.0817,1552.3557,226.4216,6.8561,0.7456,1707.2267,2229.9585,230.1994,9.6869,0.7657
2016-03-16T01:08:59.537Z,1130.4338,1576.7739,231.0276,6.8249,0.7168,1176.1439,1564.226,226.38,6.9098,0.7521,1730.4474,2249.6559,230.1158,9.776,0.7694
2016-03-16T01:09:59.843Z,1127.253,1577.9051,230.5196,6.8451,0.7147,1152.0872,1529.656,225.0889,6.7956,0.753,1732.7833,2232.8247,229.6567,9.7222,0.7769
2016-03-16T01:10:59.145Z,1140.4524,1604.722,231.2723,6.9383,0.7107,1157.0083,1542.375,225.5658,6.8381,0.7505,1750.0708,2255.3422,230.875,9.7682,0.7769
2016-03-16T01:11:59.331Z,1121.837,1597.5541,231.9721,6.8872,0.7021,1154.787,1551.1607,226.8977,6.836,0.7444,1742.0007,2269.3502,231.8131,9.789,0.767
2016-03-16T01:12:59.789Z,1136.9509,1608.4599,231.6524,6.9432,0.707,1161.9168,1550.0988,226.4323,6.8457,0.7491,1755.9309,2271.5847,231.3638,9.8182,0.7728
2016-03-16T01:13:59.005Z,1131.0824,1595.7419,231.4957,6.8931,0.7088,1159.3926,1547.9437,226.522,6.8339,0.7489,1745.9831,2261.8619,230.9301,9.7947,0.7711
2016-03-16T01:14:59.338Z,1136.7,1590.2447,230.9071,6.887,0.7149,1175.8694,1556.5413,226.2216,6.88,0.7553,1747.8017,2258.6528,230.3852,9.8037,0.7738
2016-03-16T01:15:59.570Z,1131.8846,1581.032,230.6565,6.854,0.7156,1180.8839,1558.564,225.8548,6.9008,0.7579,1744.9683,2260.6904,230.5313,9.806,0.7718
2016-03-16T01:16:59.724Z,1134.2796,1588.3043,230.9566,6.8772,0.7139,1181.7492,1561.9226,226.0571,6.9091,0.7569,1750.281,2269.1156,230.9569,9.8243,0.7713
2016-03-16T01:17:59.935Z,1138.4507,1590.7646,231.1246,6.8819,0.7157,1182.5307,1563.3406,226.0124,6.9173,0.7567,1753.1883,2270.6774,230.7361,9.8413,0.7716
2016-03-16T01:18:59.338Z,1142.2244,1591.9606,231.4887,6.8774,0.7179,1185.5083,1574.2036,226.3343,6.9548,0.7529,1744.8219,2265.5561,230.807,9.8155,0.7698
2016-03-16T01:19:59.611Z,1153.2252,1589.1483,231.286,6.8711,0.7257,1207.0262,1597.4606,226.5478,7.0516,0.7553,1738.556,2259.0007,230.2667,9.8106,0.7699
2016-03-16T01:20:59.769Z,1152.1879,1588.3141,231.3647,6.8646,0.725,1195.4091,1591.0592,226.4378,7.0261,0.7517,1726.8419,2243.1714,230.1564,9.746,0.7701
2016-03-16T01:21:59.995Z,1157.0887,1585.0329,230.8094,6.8674,0.7301,1214.1794,1604.8171,226.786,7.0764,0.7568,1735.0188,2257.2742,230.1326,9.8084,0.7686
2016-03-16T01:22:59.201Z,1133.4555,1565.355,230.4873,6.7917,0.7248,1191.6489,1578.1585,226.5981,6.9641,0.755,1720.8974,2242.9394,230.1982,9.7438,0.7686
2016-03-16T01:23:59.401Z,1124.6241,1557.08,230.4081,6.7578,0.7221,1179.0343,1566.3483,226.5851,6.9128,0.7526,1708.5002,2227.1157,229.7799,9.692,0.768
2016-03-16T01:24:59.691Z,1121.8407,1554.102,230.413,6.745,0.7217,1175.075,1558.9461,226.019,6.897,0.754,1713.2401,2226.3683,229.5197,9.7007,0.7696
2016-03-16T01:25:59.934Z,1136.744,1565.8023,230.6683,6.7878,0.726,1193.9647,1572.4844,225.7478,6.9649,0.7594,1728.6087,2238.6681,229.3832,9.759,0.7711
2016-03-16T01:26:59.240Z,1127.8619,1562.9356,231.1305,6.762,0.7218,1190.1861,1575.0511,226.2228,6.9622,0.7558,1721.9819,2240.8355,229.9242,9.7456,0.768
2016-03-16T01:27:59.439Z,186.1351,316.2104,233.0104,1.3635,0.1598,189.1336,304.5608,228.297,1.3411,0.1674,367.5832,475.3688,232.8812,2.0567,0.7953
2016-03-16T01:28:59.601Z,457.5029,782.5137,232.2873,3.3774,0.3719,526.6098,835.564,226.9153,3.694,0.4074,626.5557,964.6718,231.7216,4.1741,0.7046
2016-03-16T01:29:59.844Z,4.2798,72.2616,233.1856,0.31,0.0598,3.552,62.123,228.4356,0.2718,0.0579,221.5544,264.8949,232.2996,1.1419,0.8169
2016-03-16T01:30:59.228Z,823.9385,1139.8045,231.9047,4.9235,0.5306,875.5797,1201.2169,226.9471,5.307,0.5482,1391.7329,1781.674,229.5481,7.7748,0.8016
2016-03-16T01:31:59.403Z,1224.1297,1639.552,231.3806,7.0853,0.7467,1274.1013,1663.3222,226.1757,7.3543,0.7658,1797.3016,2307.2856,228.8495,10.0818,0.7793
2016-03-16T01:32:59.624Z,1244.9917,1656.5183,230.9004,7.1743,0.752,1289.576,1669.5589,225.8545,7.3918,0.7725,1816.8408,2313.4162,228.2338,10.1361,0.7862
2016-03-16T01:33:59.919Z,1178.8364,1614.9838,232.0569,6.9597,0.7299,1217.0199,1616.825,226.6674,7.1326,0.7524,1751.2596,2266.4206,229.3197,9.8834,0.7727
2016-03-16T01:34:59.184Z,1304.5214,1721.0536,231.3213,7.4398,0.7575,1344.6123,1725.3277,226.3378,7.623,0.7791,1887.5906,2385.6755,228.9584,10.4199,0.7913
2016-03-16T01:35:59.373Z,1301.944,1708.7882,230.813,7.403,0.7614,1359.8886,1738.1652,226.1172,7.6865,0.7824,1876.9688,2377.9418,228.4976,10.4067,0.7898
2016-03-16T01:36:59.637Z,1286.3576,1676.8026,230.3345,7.2802,0.7669,1385.8064,1781.4328,228.6581,7.7907,0.7778,1839.2189,2378.0525,229.167,10.3766,0.7737
2016-03-16T01:37:59.905Z,1279.9271,1660.1008,229.847,7.2221,0.7716,1392.0928,1795.9169,229.751,7.8161,0.7753,1812.7625,2360.3026,228.9285,10.3104,0.7688
2016-03-16T01:38:59.301Z,1259.1913,1647.349,230.6216,7.1425,0.7641,1348.6187,1770.6117,229.812,7.7039,0.7615,1768.2149,2317.6684,229.382,10.1037,0.7634
2016-03-16T01:39:59.579Z,1153.4908,1554.4199,230.6913,6.7372,0.7421,1258.2676,1691.7762,230.2096,7.3491,0.7434,1664.5101,2236.3573,229.779,9.7317,0.7437
2016-03-16T01:40:59.895Z,1127.7747,1526.5843,230.3958,6.6263,0.7389,1227.5823,1659.5072,229.7931,7.2217,0.7397,1639.0609,2206.0394,229.2191,9.624,0.7419
2016-03-16T01:41:59.152Z,1126.2982,1534.7193,230.9325,6.6457,0.7334,1223.3967,1661.3999,230.2629,7.2153,0.7362,1643.4551,2215.2021,230.0107,9.6312,0.7417
2016-03-16T01:42:59.420Z,1134.8178,1547.5463,230.4644,6.7143,0.7324,1205.5368,1631.476,229.5382,7.1072,0.739,1661.1497,2211.3172,229.3776,9.6401,0.7507
2016-03-16T01:43:59.764Z,1153.8262,1552.6724,230.1232,6.7468,0.743,1198.0943,1619.9438,228.321,7.0949,0.7391,1656.2264,2175.5713,227.6261,9.5576,0.762
2016-03-16T01:44:59.067Z,1163.7382,1561.035,230.5066,6.7719,0.7457,1200.4677,1629.4822,228.6538,7.1265,0.7368,1654.6777,2173.3992,227.3925,9.5572,0.7615
2016-03-16T01:45:59.320Z,1157.1244,1558.8612,230.8852,6.7514,0.7424,1212.0019,1638.0549,229.0271,7.1521,0.7397,1662.4918,2191.8109,228.0466,9.6107,0.7596
2016-03-16T01:46:59.646Z,1164.5453,1569.6024,231.1294,6.7904,0.7418,1206.547,1635.1387,228.5942,7.1534,0.7376,1666.3207,2191.0268,228.2704,9.5982,0.76
2016-03-16T01:47:59.880Z,1162.3907,1570.1882,231.2381,6.7906,0.7401,1208.4898,1637.6963,228.8128,7.1573,0.7377,1669.5082,2198.8971,228.4977,9.6239,0.7597
2016-03-16T01:48:59.231Z,1168.311,1575.3922,231.6315,6.8015,0.7413,1212.2027,1646.4804,229.1506,7.1853,0.736,1664.1619,2194.1137,228.4481,9.6037,0.7596
2016-03-16T01:49:59.317Z,1191.0449,1591.4396,231.6104,6.8713,0.7484,1228.7901,1661.8382,228.8892,7.2606,0.739,1680.0503,2201.6128,228.1153,9.6507,0.7621
2016-03-16T01:50:59.508Z,1180.1834,1579.2861,231.1387,6.8328,0.7473,1227.5297,1653.5044,228.8569,7.2251,0.7419,1678.9191,2201.3482,227.996,9.6549,0.762
2016-03-16T01:51:59.763Z,1194.5336,1590.4103,231.1439,6.8801,0.7508,1243.1084,1666.8051,228.8124,7.2848,0.7454,1692.0962,2212.4992,228.0774,9.7003,0.7637
2016-03-16T01:52:59.002Z,1190.5439,1591.1483,230.8004,6.894,0.748,1235.8761,1657.7603,228.8153,7.2452,0.7453,1692.9225,2214.2987,228.6034,9.6858,0.7635
2016-03-16T01:53:59.282Z,1194.357,1597.1996,230.6558,6.9248,0.7478,1231.1961,1651.1223,228.5322,7.2243,0.746,1703.5184,2223.0414,228.8973,9.7121,0.7664
2016-03-16T01:54:59.523Z,1199.7821,1608.9763,231.0358,6.9642,0.7458,1228.9313,1651.711,228.6591,7.2229,0.7444,1708.4852,2226.233,229.0504,9.7188,0.7681
2016-03-16T01:55:59.932Z,1194.7598,1599.4548,231.2644,6.9157,0.7466,1242.2057,1671.1256,229.315,7.2871,0.7437,1699.5332,2229.7857,229.2212,9.7276,0.7613
2016-03-16T01:56:59.205Z,1205.7776,1603.367,231.402,6.929,0.7524,1251.2995,1685.3545,229.2798,7.3507,0.7423,1696.9003,2226.3317,229.0618,9.7186,0.7618
2016-03-16T01:57:59.376Z,1202.2938,1601.4341,231.8163,6.9079,0.7507,1252.604,1691.6462,229.937,7.3569,0.74,1686.0147,2219.6254,228.9696,9.6938,0.7598
2016-03-16T01:58:59.552Z,1207.2032,1604.7076,231.5968,6.929,0.7528,1255.9,1688.7857,229.6346,7.3542,0.7437,1696.6058,2225.7274,228.6856,9.7324,0.7614
2016-03-16T01:59:59.893Z,1201.1992,1604.8699,231.6449,6.9282,0.7487,1244.2949,1679.6204,229.8003,7.3091,0.74,1692.2192,2220.9361,228.6901,9.7119,0.761
2016-03-16T02:00:59.064Z,1230.3076,1609.453,230.9406,6.9693,0.7649,1255.8428,1696.6646,229.3106,7.3991,0.7399,1675.2663,2186.0755,226.9296,9.6334,0.7673
2016-03-16T02:01:59.411Z,1221.1266,1600.0769,231.2467,6.9193,0.7631,1250.1581,1696.6292,229.3763,7.3963,0.7373,1664.055,2179.6403,227.1673,9.5944,0.7629
2016-03-16T02:02:59.661Z,1224.0546,1616.0388,230.8491,6.9998,0.7575,1259.8554,1687.5265,228.9944,7.3692,0.7471,1708.1083,2223.7175,227.9835,9.7535,0.7692
2016-03-16T02:03:59.874Z,1200.3587,1591.2867,230.2639,6.9106,0.7547,1255.1419,1676.8957,229.245,7.3142,0.7489,1696.1031,2221.0154,228.186,9.7334,0.7626
2016-03-16T02:04:59.143Z,1202.742,1581.2815,229.5133,6.8891,0.7607,1289.9927,1702.6643,229.5524,7.4172,0.7575,1708.6935,2243.7608,228.164,9.8337,0.7604
2016-03-16T02:05:59.473Z,1175.4257,1557.164,229.6732,6.78,0.7546,1270.8777,1687.8127,229.8643,7.3428,0.7526,1682.447,2227.6974,228.4387,9.7519,0.7553
2016-03-16T02:06:59.631Z,1172.9401,1553.1421,229.4867,6.7677,0.7551,1265.3867,1677.848,229.4173,7.3137,0.7542,1679.8969,2219.9713,228.2183,9.7272,0.7573
2016-03-16T02:07:59.911Z,1164.9219,1556.7997,229.8847,6.7721,0.7489,1254.1928,1673.964,229.9928,7.2781,0.7493,1675.9947,2222.8669,228.9671,9.7082,0.7529
2016-03-16T02:08:59.993Z,1177.8382,1574.2798,229.661,6.8547,0.7484,1257.7224,1677.5649,230.2697,7.2854,0.7496,1696.3157,2242.0502,229.486,9.7694,0.7572
2016-03-16T02:09:59.200Z,1182.2123,1587.5026,230.2652,6.8947,0.744,1248.2936,1677.0668,230.4861,7.2761,0.7444,1693.9639,2242.4543,230.1894,9.741,0.7555
2016-03-16T02:10:59.423Z,1172.5614,1585.3556,231.3121,6.8538,0.7397,1231.2322,1664.7834,230.1717,7.2328,0.7397,1688.1221,2233.0373,229.8174,9.7166,0.7567
2016-03-16T02:11:59.602Z,1192.6367,1598.2788,231.2726,6.9107,0.746,1234.3303,1653.0538,228.3296,7.2389,0.7469,1705.08,2223.3977,228.6287,9.7252,0.7662
2016-03-16T02:12:59.024Z,1182.5929,1620.5917,231.9275,6.9874,0.7298,1185.5136,1584.4852,225.7238,7.0197,0.7482,1739.4255,2232.4992,229.1615,9.7421,0.7785
2016-03-16T02:13:59.319Z,1196.1183,1605.6343,231.6618,6.9303,0.7448,1225.2448,1652.2672,228.6452,7.2256,0.7418,1700.4471,2217.2268,228.5711,9.7006,0.7667
2016-03-16T02:14:59.579Z,1191.8494,1600.6208,231.7381,6.9072,0.7442,1215.6523,1651.2189,229.1328,7.2068,0.7362,1682.0233,2202.6128,228.6227,9.6339,0.7626
2016-03-16T02:15:59.946Z,1201.1087,1607.8144,231.852,6.9342,0.747,1228.4253,1665.6524,229.2173,7.2669,0.7377,1687.3247,2209.0311,228.6863,9.6596,0.7634
2016-03-16T02:16:59.155Z,528.266,748.9791,232.416,3.2331,0.3683,538.5102,762.4291,230.2647,3.3227,0.3473,801.5267,1049.963,230.1063,4.5907,0.7866
2016-03-16T02:17:59.442Z,433.3374,752.4927,232.2247,3.2487,0.3435,457.783,751.3693,229.5541,3.2827,0.3598,550.0855,865.4823,230.259,3.7681,0.7057
2016-03-16T02:18:59.945Z,70.4041,163.3553,232.6064,0.7047,0.0997,73.2229,159.1926,230.1014,0.6941,0.0943,191.5569,254.9386,231.0911,1.1058,0.7947
2016-03-16T02:19:59.247Z,453.4719,653.0546,232.2389,2.8275,0.3131,470.676,667.3326,229.603,2.9243,0.3189,968.4322,1239.4276,229.4131,5.4233,0.8222
2016-03-16T02:20:59.758Z,1247.5511,1644.2563,230.2268,7.1417,0.7591,1289.7396,1694.4467,227.9451,7.433,0.7607,1770.3152,2275.1257,227.7127,9.9913,0.7796
2016-03-16T02:21:59.040Z,1283.4546,1680.6623,230.436,7.2931,0.764,1338.7844,1742.0198,228.6691,7.618,0.7682,1817.7393,2330.8985,228.4897,10.2008,0.7799
2016-03-16T02:22:59.397Z,1215.6471,1631.7013,230.021,7.0939,0.7443,1278.5613,1673.3382,228.496,7.323,0.7643,1781.7644,2305.3521,229.5068,10.0442,0.7728
2016-03-16T02:23:59.576Z,1245.0539,1657.0969,230.464,7.1902,0.7513,1319.1115,1721.4335,228.9419,7.5183,0.7662,1803.4342,2332.7537,229.6749,10.1562,0.7729
2016-03-16T02:24:59.826Z,1314.2047,1714.7842,230.3105,7.4457,0.7674,1405.1678,1799.0739,228.7305,7.8653,0.781,1877.4992,2408.2607,229.8525,10.4772,0.7801
2016-03-16T02:25:59.151Z,1298.1518,1698.2455,230.9528,7.3531,0.7645,1397.3883,1803.2322,229.1939,7.8675,0.775,1850.4486,2393.143,230.2381,10.3939,0.7725
2016-03-16T02:26:59.460Z,1248.7287,1633.6498,230.4279,7.0894,0.764,1383.6458,1800.258,230.1997,7.8213,0.768,1777.4704,2343.9048,229.8567,10.1974,0.7584
2016-03-16T02:27:59.621Z,1146.8858,1540.4411,229.9429,6.6992,0.7442,1290.7337,1716.7967,230.8229,7.4377,0.7521,1676.4774,2260.999,229.946,9.8328,0.7413
2016-03-16T02:28:59.907Z,1124.1779,1526.1031,229.4558,6.6503,0.7369,1247.8006,1662.5539,229.787,7.2352,0.7509,1668.6532,2236.074,229.3579,9.7496,0.7468
2016-03-16T02:29:59.176Z,1128.9984,1529.3831,229.5801,6.6615,0.7388,1243.4375,1662.8525,230.0981,7.2266,0.7477,1659.8708,2224.878,229.488,9.6949,0.7469
2016-03-16T02:30:59.411Z,1145.7148,1551.808,230.6677,6.7269,0.7383,1233.4063,1667.1649,230.2608,7.2404,0.7399,1660.5958,2216.5349,229.4266,9.6606,0.7499
2016-03-16T02:31:59.723Z,1126.218,1552.7024,231.6794,6.7019,0.7253,1203.8739,1644.8998,230.2757,7.1433,0.7316,1651.8816,2212.9711,230.2706,9.61,0.747
2016-03-16T02:32:59.979Z,1140.5128,1569.2379,231.332,6.7832,0.7272,1208.1681,1639.6903,229.9208,7.1313,0.7373,1675.0207,2226.4819,230.1459,9.6738,0.752
2016-03-16T02:33:59.238Z,1148.3889,1572.9533,231.0737,6.8071,0.7304,1217.0635,1647.0991,229.6967,7.1709,0.7389,1682.0867,2231.7671,230.0206,9.702,0.7525
2016-03-16T02:34:59.295Z,1139.4955,1560.3398,230.7889,6.7603,0.7302,1209.589,1643.2112,230.0906,7.141,0.7363,1663.3038,2214.0101,229.8011,9.6349,0.7509
2016-03-16T02:35:59.509Z,1147.9944,1566.8981,230.9619,6.784,0.7329,1217.0472,1649.1748,230.118,7.1669,0.7382,1671.2577,2217.3909,229.7056,9.6532,0.7521
2016-03-16T02:36:59.858Z,1160.732,1573.2046,231.1477,6.8064,0.7379,1232.5529,1671.9032,230.245,7.2614,0.7374,1670.198,2223.2051,230.0096,9.6658,0.7504
2016-03-16T02:37:59.148Z,1142.1907,1563.118,231.058,6.7649,0.7303,1229.4222,1658.4619,230.2439,7.2033,0.7415,1678.1136,2237.9828,230.65,9.7029,0.7499
2016-03-16T02:38:59.267Z,1143.7244,1564.2393,231.0674,6.7699,0.7312,1225.1269,1654.0139,230.186,7.1854,0.7409,1678.9103,2233.6264,230.3857,9.6948,0.7508
2016-03-16T02:39:59.387Z,1155.8991,1566.8683,230.4172,6.8,0.738,1238.9202,1662.0617,229.9709,7.2271,0.7458,1684.1261,2231.0944,229.8203,9.7076,0.7547
2016-03-16T02:40:59.580Z,1147.7801,1557.7976,230.259,6.765,0.7372,1238.1123,1654.9776,229.9143,7.1989,0.7486,1689.0187,2237.0549,229.7032,9.7384,0.7556
2016-03-16T02:41:59.800Z,1152.0437,1562.919,230.3877,6.7837,0.7371,1236.2689,1657.3399,230.1419,7.2009,0.7462,1685.4572,2233.6697,229.6932,9.7243,0.7538
2016-03-16T02:42:59.071Z,1150.7383,1572.137,230.747,6.8134,0.7316,1219.1825,1648.9946,230.5069,7.1543,0.74,1684.2561,2234.9956,230.4403,9.6987,0.7535
2016-03-16T02:43:59.349Z,1169.7249,1596.9277,231.086,6.9104,0.7318,1214.011,1646.5848,230.0693,7.1572,0.7373,1698.1556,2236.7492,230.6078,9.6989,0.7596
2016-03-16T02:44:59.661Z,1168.3222,1586.9356,230.6791,6.8797,0.7366,1209.9926,1635.2818,229.411,7.1284,0.7401,1687.2192,2213.6328,229.6849,9.6374,0.7607
2016-03-16T02:45:59.878Z,1179.3743,1592.5853,229.9896,6.9248,0.7408,1215.5404,1636.1424,229.2874,7.1361,0.7429,1696.9743,2217.1072,229.2831,9.6701,0.7656
2016-03-16T02:46:59.087Z,1182.2563,1595.7015,230.4192,6.9253,0.741,1202.8492,1631.0757,229.2214,7.1157,0.7376,1683.5398,2195.9236,228.9107,9.5928,0.7674
2016-03-16T02:47:59.384Z,1196.4188,1611.3527,230.8564,6.98,0.7423,1209.4297,1642.5873,229.2867,7.1638,0.7363,1691.5208,2201.9868,228.9716,9.6166,0.7689
2016-03-16T02:48:59.678Z,1171.9984,1590.0374,230.8432,6.888,0.7374,1207.2757,1638.5036,229.654,7.1347,0.7367,1683.3316,2208.9759,229.3243,9.6328,0.7619
2016-03-16T02:49:59.946Z,1166.9386,1574.7539,229.9538,6.8481,0.7411,1234.7837,1649.6137,229.9158,7.1748,0.7488,1695.0038,2227.475,229.0756,9.7237,0.7602
2016-03-16T02:50:59.226Z,1165.6016,1561.5353,229.4106,6.8066,0.7461,1223.1818,1636.7551,229.3393,7.1369,0.7474,1680.3085,2201.1975,228.0661,9.6513,0.7631
2016-03-16T02:51:59.513Z,1185.7391,1575.6913,229.8641,6.8549,0.7522,1231.5803,1651.0488,229.2272,7.2024,0.7462,1678.8273,2190.248,227.1818,9.641,0.7669
2016-03-16T02:52:59.746Z,1159.157,1562.3599,230.0576,6.7909,0.7414,1228.6011,1647.7189,230.0838,7.1614,0.7452,1681.4636,2215.2014,228.6404,9.688,0.7592
2016-03-16T02:53:59.023Z,1174.1616,1589.5209,230.3881,6.8995,0.7386,1222.5572,1638.3068,229.4634,7.1398,0.7461,1706.6724,2230.8158,229.1531,9.7348,0.765
2016-03-16T02:54:59.235Z,1168.7373,1589.4589,230.8459,6.8856,0.7353,1204.868,1630.2139,229.5797,7.1013,0.7384,1693.872,2218.316,229.3497,9.6721,0.7628
2016-03-16T02:55:59.466Z,1177.97,1595.0508,230.4804,6.9203,0.7388,1216.6819,1633.0428,229.1128,7.1274,0.7457,1708.5734,2226.9356,229.1773,9.7176,0.769
2016-03-16T02:56:59.698Z,1159.8137,1581.359,230.9553,6.847,0.7332,1213.8967,1629.1162,229.2052,7.1072,0.745,1703.4706,2231.4474,229.4817,9.7232,0.763
2016-03-16T02:57:59.947Z,1164.0394,1576.3211,230.6192,6.8351,0.739,1234.6709,1644.5632,229.1441,7.1764,0.7503,1709.1712,2240.1956,229.4213,9.7644,0.7614
2016-03-16T02:58:59.281Z,1157.3369,1574.8492,230.7219,6.8254,0.7346,1222.2544,1636.4213,229.2822,7.1369,0.7473,1700.6964,2232.1945,229.7896,9.7144,0.7607
2016-03-16T02:59:59.553Z,1170.8512,1591.1299,231.0087,6.8877,0.7359,1229.5854,1646.6594,229.4489,7.1761,0.7472,1713.6169,2245.1958,230.0809,9.7584,0.7621
