2016-01-16T00:00:59.424Z,951.1604,1378.9016,228.0601,6.046,0.6893,1064.9574,1505.3393,230.0344,6.5428,0.7073,1493.8333,2073.2153,229.4246,9.0358,0.7204
2016-01-16T00:01:59.859Z,948.6421,1370.1636,227.407,6.0246,0.6917,1068.8463,1511.6972,230.1739,6.5672,0.7072,1488.3509,2075.0767,229.8036,9.0296,0.7169
2016-01-16T00:02:59.890Z,947.5192,1363.3779,226.9384,6.0071,0.6953,1076.5839,1515.2914,230.4672,6.5748,0.7102,1486.8632,2075.9167,229.6334,9.0396,0.716
2016-01-16T00:03:59.100Z,936.3717,1337.939,225.6083,5.9299,0.7001,1103.9808,1532.4838,231.0303,6.6333,0.7203,1481.4584,2084.9811,229.9107,9.0681,0.7107
2016-01-16T00:04:59.363Z,962.6986,1390.5248,227.9412,6.0997,0.6927,1060.8366,1508.7324,229.7458,6.5662,0.7034,1492.9228,2066.8082,230.2698,8.9749,0.7222
2016-01-16T00:05:59.271Z,986.171,1408.8226,228.1023,6.1758,0.6998,1055.6449,1509.3831,229.2748,6.5827,0.6992,1491.6317,2046.0782,229.6034,8.911,0.7288
2016-01-16T00:06:59.620Z,975.9488,1394.1978,227.8324,6.1188,0.7,1060.1312,1513.9101,229.5709,6.5938,0.7002,1484.8676,2046.8661,229.5732,8.9151,0.7257
2016-01-16T00:07:59.901Z,975.1826,1395.617,227.472,6.1353,0.6989,1066.5058,1509.6763,229.3351,6.583,0.7063,1504.5974,2070.1628,230.0149,8.9996,0.727
2016-01-16T00:08:59.681Z,976.2571,1408.2056,228.0174,6.1757,0.6936,1045.9884,1491.8527,228.7972,6.5199,0.7013,1506.706,2061.7945,230.1108,8.9598,0.7306
2016-01-16T00:09:59.075Z,993.3832,1411.9795,227.1799,6.2144,0.7034,1059.7595,1492.2208,228.1191,6.541,0.7094,1515.0389,2049.9378,228.9306,8.9541,0.7391
2016-01-16T00:10:59.791Z,988.7052,1419.8815,228.3412,6.218,0.697,1044.8519,1502.3524,229.2787,6.552,0.6955,1498.9934,2050.1255,229.8163,8.9202,0.7313
2016-01-16T00:11:59.000Z,1012.4607,1440.3274,228.473,6.3033,0.7026,1050.3083,1514.0502,229.3053,6.6027,0.6935,1501.9961,2044.8474,229.7947,8.8977,0.7344
2016-01-16T00:12:59.196Z,991.9812,1422.6026,228.2583,6.2319,0.6971,1047.2514,1504.0891,229.3932,6.5567,0.6962,1498.8921,2049.9391,229.9574,8.9141,0.7306
2016-01-16T00:13:59.735Z,986.6908,1434.412,228.5786,6.2752,0.6878,1047.011,1482.9016,227.7989,6.5092,0.7057,1540.477,2084.9755,230.711,9.0358,0.7385
2016-01-16T00:14:59.208Z,969.7458,1440.2169,228.9539,6.2897,0.6738,1017.3503,1439.7426,226.4478,6.3573,0.7065,1561.7374,2096.5833,231.3369,9.0625,0.7449
2016-01-16T00:15:59.577Z,1009.3504,1466.6028,229.1557,6.3993,0.6887,1035.7646,1474.9407,227.303,6.4886,0.702,1555.267,2081.1413,230.5823,9.0257,0.7471
2016-01-16T00:16:59.777Z,1001.8456,1445.0841,229.1743,6.305,0.6931,1036.2816,1497.5206,229.0112,6.5388,0.6921,1516.6836,2060.4893,230.4628,8.9403,0.7368
2016-01-16T00:17:59.323Z,1006.8903,1447.3531,228.6458,6.33,0.6958,1062.6415,1504.3142,228.978,6.5693,0.7067,1544.9053,2087.5407,230.1558,9.07,0.7398
2016-01-16T00:18:59.498Z,997.8648,1441.097,228.6464,6.3024,0.6922,1036.1153,1476.7606,228.3459,6.4666,0.7017,1533.7686,2065.8172,229.5421,8.999,0.743
2016-01-16T00:19:59.002Z,1015.599,1449.5353,228.2319,6.3506,0.7006,1056.3274,1483.9048,228.0807,6.5056,0.7112,1555.75,2076.181,228.9126,9.0697,0.7494
2016-01-16T00:20:59.263Z,999.7282,1443.2467,229.0097,6.3018,0.6928,1045.9652,1489.2468,228.9032,6.5059,0.7023,1537.1462,2075.3409,229.7958,9.0311,0.7416
2016-01-16T00:21:59.618Z,1015.1259,1457.5409,229.2128,6.3587,0.6967,1066.62,1509.678,229.13,6.5884,0.707,1553.3654,2094.8001,230.2447,9.0979,0.7412
2016-01-16T00:22:59.392Z,1001.5008,1452.4455,229.4929,6.3287,0.6891,1049.1028,1499.4456,229.3669,6.5372,0.6996,1541.237,2088.1372,230.7296,9.0498,0.7388
2016-01-16T00:23:59.772Z,1025.7981,1467.9544,229.6442,6.3924,0.6988,1063.2993,1517.2674,228.9622,6.6266,0.7011,1547.5987,2086.7088,230.4766,9.0531,0.7418
2016-01-16T00:24:59.003Z,1008.2354,1455.3879,229.5149,6.3408,0.6929,1054.8401,1507.8238,229.1871,6.5787,0.6996,1539.6878,2085.1609,230.5755,9.0427,0.7382
2016-01-16T00:25:59.543Z,1028.93,1473.9061,229.8219,6.4128,0.6983,1058.3563,1510.655,228.6354,6.6062,0.701,1554.292,2083.3793,229.8887,9.0617,0.7462
2016-01-16T00:26:59.272Z,1025.9834,1510.4804,230.7471,6.5461,0.6789,1004.4526,1440.3912,226.0696,6.3709,0.6974,1592.8706,2091.0786,230.8604,9.0576,0.7611
2016-01-16T00:27:59.540Z,1048.6889,1481.9116,229.8048,6.4484,0.7079,1062.9442,1530.9331,229.5218,6.6696,0.6947,1537.4659,2064.9326,229.626,8.9922,0.7442
2016-01-16T00:28:59.719Z,1046.3096,1470.3896,230.0275,6.3921,0.7115,1062.0508,1540.0971,229.9289,6.6984,0.6898,1516.9674,2049.9349,229.2718,8.9403,0.74
2016-01-16T00:29:59.103Z,1064.2542,1481.1491,229.7484,6.4463,0.7183,1072.8585,1546.4806,229.6307,6.7345,0.6933,1526.5227,2046.9671,228.8553,8.9434,0.7461
2016-01-16T00:30:59.426Z,1045.3512,1463.8786,229.6132,6.3747,0.7141,1076.8537,1552.0493,230.179,6.7427,0.694,1515.8359,2057.4998,229.2741,8.9734,0.7363
2016-01-16T00:31:59.419Z,1044.4026,1469.4403,229.8184,6.3932,0.711,1082.515,1555.0547,230.4384,6.7474,0.6963,1526.3716,2072.959,229.5548,9.0307,0.7362
2016-01-16T00:32:59.727Z,1038.1372,1455.764,228.9878,6.357,0.7134,1088.2158,1553.0643,230.1479,6.7472,0.7009,1524.8004,2069.0874,229.3762,9.0199,0.7367
2016-01-16T00:33:59.086Z,1036.8568,1461.33,229.2127,6.3753,0.7097,1090.0205,1553.755,230.3657,6.7445,0.7015,1533.8601,2085.9005,229.9499,9.0705,0.7355
2016-01-16T00:34:59.579Z,1027.413,1466.9337,229.303,6.3968,0.7003,1083.9736,1542.9505,230.6644,6.6887,0.7025,1550.1501,2104.7437,230.4618,9.1324,0.7364
2016-01-16T00:35:59.043Z,1032.1919,1464.6744,228.9047,6.3983,0.7048,1083.7116,1535.5406,230.2218,6.6693,0.706,1550.3909,2094.4279,229.839,9.1119,0.7402
2016-01-16T00:36:59.000Z,1030.8988,1469.0787,229.2319,6.4088,0.7016,1085.3506,1533.4557,230.2638,6.6589,0.7072,1561.4435,2108.4411,229.8384,9.1731,0.74
2016-01-16T00:37:59.101Z,1028.1058,1459.1456,229.2493,6.3639,0.7048,1086.7273,1537.8912,230.3113,6.677,0.7068,1549.108,2095.5614,229.2548,9.1404,0.7396
2016-01-16T00:38:59.797Z,291.806,497.7493,229.7166,2.1722,0.2221,309.0863,509.6792,230.3955,2.2136,0.227,506.4567,693.6103,230.556,3.0243,0.7135
2016-01-16T00:39:59.978Z,300.1819,594.8663,229.1464,2.6023,0.2699,335.537,632.7019,230.1178,2.7553,0.289,433.9292,778.8501,230.8802,3.3819,0.6318
2016-01-16T00:40:59.204Z,4.4515,128.627,230.3117,0.5579,0.0347,3.7111,110.2521,231.4356,0.4761,0.0334,234.5226,296.9003,231.8658,1.2798,0.7457
2016-01-16T00:41:59.462Z,773.7501,1116.5532,229.5714,4.871,0.52,817.4267,1180.0912,231.0944,5.1176,0.5239,1296.8946,1758.535,230.4403,7.6442,0.7681
2016-01-16T00:42:59.626Z,1094.2178,1524.3236,229.66,6.6371,0.7176,1144.5616,1601.4601,230.7792,6.9391,0.7148,1610.1532,2168.7968,230.3939,9.4131,0.7418
2016-01-16T00:43:59.958Z,1111.746,1534.2234,229.4994,6.6841,0.7249,1174.5293,1626.8453,230.9787,7.0429,0.7211,1627.6029,2187.5863,230.4904,9.4907,0.7437
2016-01-16T00:44:59.963Z,1043.722,1471.9767,229.657,6.409,0.7088,1102.8708,1564.6316,230.6684,6.7823,0.7049,1552.7017,2118.1108,230.3609,9.1948,0.7331
2016-01-16T00:45:59.185Z,1042.0282,1471.5737,229.6524,6.4072,0.708,1118.0019,1579.3813,230.8928,6.8398,0.7079,1560.8787,2132.5491,230.4951,9.2519,0.7316
2016-01-16T00:46:59.452Z,1047.2611,1480.0047,230.266,6.4269,0.707,1106.474,1575.6589,230.7781,6.827,0.7021,1555.0733,2120.777,230.2416,9.2101,0.7327
2016-01-16T00:47:59.169Z,1014.3101,1470.404,231.6846,6.3466,0.6898,1048.6918,1529.2691,230.3737,6.6381,0.686,1528.0004,2091.7391,230.4555,9.0758,0.7306
2016-01-16T00:48:59.481Z,1016.9437,1463.6282,231.035,6.3342,0.6947,1065.4719,1532.4584,230.1308,6.6583,0.6951,1540.7159,2099.3313,229.9081,9.131,0.7336
2016-01-16T00:49:59.294Z,1061.8546,1501.1391,230.4322,6.5142,0.7074,1121.0127,1577.3884,230.2172,6.8515,0.7108,1592.3522,2153.3275,230.9112,9.3247,0.74
2016-01-16T00:50:59.673Z,1094.0918,1529.8864,230.8193,6.6277,0.7154,1138.1692,1600.1717,230.2501,6.95,0.7117,1605.1586,2162.5241,230.9086,9.3647,0.7426
2016-01-16T00:51:59.497Z,1062.2818,1510.7953,229.8497,6.5726,0.7031,1109.7041,1557.9987,229.8354,6.7781,0.7128,1606.0994,2163.6301,231.7231,9.3367,0.7423
2016-01-16T00:52:59.228Z,1074.2024,1516.7251,229.7716,6.6006,0.708,1136.6252,1578.7673,229.9853,6.8645,0.7199,1622.2909,2177.7251,231.6388,9.4008,0.7453
2016-01-16T00:53:59.452Z,1082.3166,1528.5533,230.6698,6.6259,0.708,1147.7136,1594.0134,230.2244,6.9229,0.7198,1629.6267,2196.3741,232.1399,9.4608,0.7417
2016-01-16T00:54:59.988Z,1077.1313,1527.2362,231.3326,6.6011,0.705,1147.9161,1605.2679,230.5064,6.9638,0.7149,1621.8463,2201.5927,232.8781,9.4534,0.7373
2016-01-16T00:55:59.337Z,1102.1881,1552.4876,231.0933,6.7174,0.7097,1177.764,1627.9273,230.7219,7.0548,0.7234,1656.5087,2233.2849,233.2483,9.5745,0.7415
2016-01-16T00:56:59.914Z,1108.9369,1548.0056,230.8474,6.7054,0.7164,1186.2015,1634.1549,230.8223,7.0793,0.7256,1648.9734,2216.846,232.3393,9.5413,0.7436
2016-01-16T00:57:59.064Z,1137.9725,1567.1585,231.2744,6.775,0.7268,1216.9781,1673.9598,231.5105,7.2297,0.7275,1661.2551,2239.2052,232.5667,9.6276,0.7407
2016-01-16T00:58:59.570Z,1146.7586,1549.8729,228.5963,6.7796,0.7397,1214.051,1635.4873,228.9769,7.1421,0.7426,1672.5523,2202.4062,229.6879,9.5881,0.7596
2016-01-16T00:59:59.873Z,1167.2003,1564.7208,228.2574,6.855,0.7457,1232.0132,1641.6723,228.5872,7.1814,0.751,1697.3549,2215.1931,228.9824,9.6736,0.7658
2016-01-16T01:00:59.612Z,1178.7603,1579.8678,228.4228,6.9156,0.7457,1218.5031,1631.0347,227.7344,7.1612,0.7471,1700.6501,2210.0129,229.3112,9.6373,0.7693
2016-01-16T01:02:59.987Z,1047.6674,1423.5246,228.9848,6.2229,0.6545,1071.5651,1443.6883,228.0125,6.3372,0.6601,1550.7728,1999.4012,230.2269,8.6929,0.7764
2016-01-16T01:03:59.509Z,3.6307,126.978,230.5389,0.5503,0.0281,4.6818,110.0646,229.2853,0.48,0.0419,33.5094,129.444,232.8728,0.5556,0.1968
2016-01-16T01:04:59.899Z,4.1852,126.9949,230.237,0.551,0.0345,3.4929,112.386,229.4471,0.4896,0.0341,3.2474,110.2148,232.5685,0.4736,0.0278
2016-01-16T01:05:59.915Z,4.607,128.8556,230.4205,0.5585,0.0364,5.0345,109.8107,229.5656,0.4782,0.0473,3.4024,111.424,232.4978,0.4788,0.0309
2016-01-16T01:06:59.187Z,3.7431,128.0603,230.4017,0.5559,0.0291,3.9307,112.1016,230.1023,0.487,0.0334,4.0313,111.193,232.6058,0.4784,0.0343
2016-01-16T01:07:59.480Z,3.842,129.2012,230.9696,0.5591,0.031,4.4914,109.9035,229.8667,0.4778,0.042,2.9008,110.7865,233.4935,0.4748,0.0277
2016-01-16T01:08:59.927Z,4.803,127.7842,230.9861,0.553,0.0364,3.3822,110.3939,226.6121,0.4867,0.03,2.8542,112.6442,233.9226,0.4813,0.0246
2016-01-16T01:09:59.237Z,5.3564,126.3284,230.3982,0.5479,0.043,3.5707,109.2883,228.0317,0.4792,0.0324,2.9943,112.8524,233.3041,0.4831,0.0268
2016-01-16T01:10:59.087Z,3.6368,128.3949,230.4031,0.5564,0.0279,4.3188,113.5419,229.5453,0.495,0.0387,3.5256,109.8843,232.8494,0.4718,0.0319
2016-01-16T01:11:59.421Z,4.1995,126.2211,230.0103,0.5478,0.0334,3.3744,108.5429,230.2011,0.4711,0.0366,3.5502,110.3885,233.7859,0.4723,0.0327
2016-01-16T01:12:59.707Z,5.4054,126.9247,230.0147,0.5513,0.0429,3.8217,109.5505,230.2332,0.4752,0.0341,3.8623,112.6959,234.0421,0.481,0.0342
2016-01-16T01:13:59.140Z,5.687,128.2482,230.096,0.5568,0.0448,3.926,113.5061,229.966,0.4934,0.0333,3.7392,111.3137,233.9949,0.476,0.0344
2016-01-16T01:14:59.026Z,3.7682,128.4834,230.8459,0.5563,0.0296,3.8792,113.7253,229.6799,0.4951,0.0348,4.0317,110.9428,234.2507,0.4733,0.0351
2016-01-16T01:15:59.300Z,5.2445,129.6252,231.0245,0.561,0.0407,4.5432,113.323,230.162,0.4923,0.0396,3.7722,110.1415,233.6872,0.4711,0.0333
2016-01-16T01:16:59.599Z,4.9476,128.9063,231.0237,0.5571,0.038,3.9152,111.4842,230.3448,0.484,0.036,3.1165,110.6129,233.2282,0.474,0.0286
2016-01-16T01:17:59.906Z,5.2243,126.9558,231.4045,0.549,0.0408,4.3801,109.1821,230.758,0.4734,0.0423,2.9498,107.5123,231.9365,0.4634,0.0298
2016-01-16T01:18:59.358Z,4.1137,127.3989,231.4917,0.5502,0.0324,4.0387,116.537,230.8527,0.5047,0.0341,3.5829,109.8179,231.0118,0.4751,0.0329
2016-01-16T01:19:59.822Z,4.8695,127.6827,230.3925,0.5536,0.0377,3.7859,109.3525,230.4798,0.474,0.034,4.1753,110.3714,232.7042,0.4742,0.0371
2016-01-16T01:20:59.464Z,4.8506,126.7534,229.8318,0.5506,0.0391,3.8322,110.9929,230.459,0.4816,0.0354,3.918,110.5666,232.4656,0.4758,0.034
2016-01-16T01:21:59.679Z,4.1103,126.8868,230.3511,0.551,0.0341,4.844,108.7233,230.5649,0.4712,0.044,3.1185,110.3145,233.2505,0.4727,0.0281
2016-01-16T01:22:59.054Z,3.9954,127.6437,229.7348,0.555,0.0306,3.3762,109.0132,229.9871,0.4738,0.0329,4.0474,111.6941,232.561,0.4802,0.0366
2016-01-16T01:23:59.088Z,3.8143,127.8621,229.9803,0.5557,0.0299,3.9046,112.6993,229.8323,0.4909,0.0344,3.0066,110.6852,232.1464,0.4765,0.0284
2016-01-16T01:24:59.549Z,4.1271,125.4395,229.8098,0.5455,0.0331,3.7181,109.8769,229.8434,0.4784,0.033,16.7766,120.7611,231.4525,0.5219,0.1023
2016-01-16T01:25:59.977Z,4.0726,126.6657,230.0568,0.55,0.0319,4.0712,109.1904,229.3159,0.4762,0.0386,51.2426,136.7011,231.7163,0.59,0.296
2016-01-16T01:26:59.560Z,4.9413,128.3121,230.8776,0.5557,0.0395,3.7707,109.5352,229.7137,0.4767,0.0346,3.407,111.8838,232.2881,0.482,0.0309
2016-01-16T01:27:59.706Z,4.2131,128.2844,231.1388,0.5547,0.034,4.3553,106.9925,229.9721,0.4652,0.0382,4.1833,111.1708,232.4285,0.4784,0.0371
2016-01-16T01:28:59.172Z,4.129,129.0838,230.7678,0.5587,0.0319,3.4362,108.9687,229.883,0.4737,0.0313,3.6706,112.7184,231.5154,0.4864,0.0316
2016-01-16T01:29:59.845Z,4.6586,129.2937,230.7333,0.5598,0.037,3.6133,108.5876,229.5914,0.4732,0.0346,3.3752,111.193,232.3537,0.478,0.0296
2016-01-16T01:30:59.108Z,4.2255,129.3182,230.3987,0.5606,0.0325,4.6243,108.6897,229.4536,0.4735,0.0431,3.4519,109.2563,232.0917,0.4708,0.0313
2016-01-16T01:31:59.081Z,4.9477,127.8185,231.1921,0.5525,0.0387,4.2389,110.1168,230.4109,0.4778,0.039,2.6926,112.2032,231.7527,0.4834,0.0237
2016-01-16T01:32:59.396Z,5.3753,127.2487,230.3838,0.5519,0.0422,4.2456,110.5429,230.374,0.48,0.0382,4.1766,110.2058,231.7619,0.4755,0.0357
2016-01-16T01:33:59.692Z,4.7263,126.4684,229.5439,0.5509,0.0363,3.8564,110.6252,229.6414,0.4812,0.0338,4.1966,110.2755,231.0841,0.4775,0.036
2016-01-16T01:34:59.496Z,5.099,128.8813,229.6578,0.5604,0.0403,5.3982,112.0046,229.5942,0.4881,0.0462,59.9057,142.2629,231.0606,0.6156,0.3454
2016-01-16T01:35:59.072Z,4.2228,129.1976,229.8326,0.562,0.0321,3.6471,110.7218,229.9584,0.4813,0.0341,7.8108,114.0088,231.3573,0.4932,0.0552
2016-01-16T01:36:59.285Z,4.7554,126.0336,230.5627,0.5463,0.0373,3.9074,106.5863,230.5607,0.462,0.0391,2.3457,108.7284,231.7192,0.4691,0.0214
2016-01-16T01:37:59.494Z,3.8473,127.2257,230.3537,0.5523,0.0298,4.0835,113.6274,230.5827,0.4923,0.0344,2.3265,110.6401,231.4071,0.4781,0.0208
2016-01-16T01:38:59.791Z,4.7473,127.4441,230.0087,0.5542,0.0371,3.506,109.4637,229.6187,0.4775,0.0313,3.021,111.3315,230.7411,0.4826,0.0279
2016-01-16T01:39:59.080Z,4.2882,127.7669,230.4139,0.5546,0.032,3.4199,107.6792,229.0683,0.4703,0.0304,2.1761,112.0109,230.8748,0.4859,0.0199
2016-01-16T01:40:59.498Z,3.8864,129.4469,230.9097,0.5602,0.0302,3.3614,110.0169,229.1734,0.4795,0.0329,2.9238,109.2035,230.8873,0.4725,0.0263
2016-01-16T01:41:59.194Z,5.1232,128.8167,230.9673,0.5572,0.0392,3.9427,107.4149,230.3124,0.4663,0.0383,3.8966,105.9742,232.441,0.4557,0.0362
2016-01-16T01:42:59.433Z,4.288,126.7614,230.7393,0.549,0.0345,4.4793,109.296,230.1267,0.4749,0.0422,2.7997,111.2826,232.0089,0.4798,0.0243
2016-01-16T01:43:59.930Z,3.965,128.6258,230.056,0.5584,0.0303,3.2615,111.7896,230.0767,0.4863,0.0318,3.2582,110.0734,231.1184,0.476,0.0301
2016-01-16T01:44:59.585Z,3.8618,126.2274,229.8634,0.5484,0.0311,4.0911,111.9816,230.2292,0.4856,0.036,26.9029,122.7557,231.283,0.5306,0.1628
2016-01-16T01:45:59.905Z,4.1904,126.5744,229.6824,0.5508,0.0344,4.8196,111.4778,230.4099,0.4835,0.0435,39.4631,130.0273,231.5271,0.5611,0.2322
2016-01-16T01:46:59.421Z,3.9426,127.9211,230.3798,0.5549,0.03,2.8834,111.4588,230.1093,0.4847,0.0266,3.2434,109.4596,231.392,0.4731,0.0293
2016-01-16T01:47:59.194Z,4.7362,130.5902,230.64,0.5661,0.0374,4.0184,110.4694,229.7269,0.481,0.0364,3.505,109.8179,231.1424,0.475,0.0308
2016-01-16T01:48:59.517Z,5.9014,128.7727,230.4832,0.5587,0.0462,3.3589,109.9596,229.5191,0.479,0.0309,2.6084,112.1076,230.9105,0.486,0.025
2016-01-16T01:49:59.906Z,4.3799,129.2384,231.3448,0.5589,0.034,4.2877,112.022,229.0303,0.4892,0.0363,2.7332,112.0045,231.4281,0.4841,0.0262
2016-01-16T01:50:59.517Z,4.2367,127.4334,231.14,0.5512,0.0332,3.6817,109.8167,229.2477,0.4791,0.0346,4.0489,107.3628,231.7742,0.4629,0.0388
2016-01-16T01:51:59.970Z,4.3632,128.4793,230.9824,0.5559,0.0343,3.7158,113.5983,230.2865,0.4935,0.0312,3.6989,109.7293,232.8973,0.4711,0.033
2016-01-16T01:52:59.536Z,4.7056,127.6904,231.7691,0.5502,0.0363,3.2682,109.4011,227.4337,0.4808,0.0299,3.6026,113.2527,233.9399,0.4841,0.0329
2016-01-16T01:53:59.913Z,4.7559,129.8907,231.1776,0.5613,0.0374,3.3526,111.191,229.0935,0.4853,0.0302,2.7464,109.8655,232.7673,0.4718,0.0259
2016-01-16T01:54:59.302Z,4.4518,129.1824,231.0079,0.5583,0.0348,4.4073,112.464,230.0466,0.4888,0.0384,2.4994,111.2538,232.174,0.4791,0.0223
2016-01-16T01:55:59.973Z,4.8526,126.8938,230.9248,0.5489,0.0384,3.8734,111.8629,230.1958,0.4859,0.0362,65.0116,145.1765,231.6628,0.6262,0.3695
2016-01-16T01:56:59.325Z,4.5969,127.1093,230.5817,0.5509,0.0358,4.173,106.9974,230.3281,0.4647,0.0407,3.5228,111.562,231.8515,0.4811,0.034
2016-01-16T01:57:59.355Z,4.5745,128.3744,230.7357,0.5565,0.0355,4.7345,112.3913,230.256,0.4881,0.0421,2.7412,110.0347,232.1501,0.474,0.0238
2016-01-16T01:58:59.751Z,3.6723,129.7235,230.6796,0.562,0.0277,4.6588,112.1203,230.0683,0.4872,0.0411,2.3974,109.2278,232.3851,0.4698,0.0216
2016-01-16T01:59:59.960Z,4.1429,128.8036,229.7162,0.56,0.0319,4.1486,110.2856,228.8934,0.4819,0.038,3.0445,112.368,232.6709,0.4833,0.0269
