2016-03-28T00:00:59.300Z,5.3002,69.3202,231.5902,0.2995,0.0767,2.8452,63.4953,233.2432,0.2725,0.0447,1.9929,62.4055,233.9547,0.267,0.0321
2016-03-28T00:01:59.567Z,4.7489,72.2304,231.1912,0.3122,0.0669,3.0303,63.8523,232.9499,0.2734,0.049,1.7015,62.8971,234.2335,0.2687,0.03
2016-03-28T00:02:59.848Z,4.9618,71.6264,231.3631,0.3095,0.0698,2.6532,64.4709,232.7338,0.2771,0.0412,2.0978,63.2007,234.197,0.2693,0.0333
2016-03-28T00:03:59.098Z,3.9469,72.3211,231.2889,0.3122,0.0562,2.7889,64.1927,232.8352,0.2757,0.0442,2.2481,64.0032,234.6646,0.2723,0.0356
2016-03-28T00:04:59.326Z,4.2081,72.1693,231.494,0.3113,0.0582,2.7551,64.0801,232.2174,0.2763,0.0433,2.4816,63.7136,234.6495,0.2711,0.0386
2016-03-28T00:05:59.643Z,5.1766,72.6576,232.3668,0.3123,0.073,1.8971,62.1505,229.8333,0.2699,0.0305,2.1042,63.9068,235.0475,0.2714,0.0332
2016-03-28T00:06:59.972Z,4.7852,72.5099,233.2086,0.311,0.0683,2.7804,61.6667,230.478,0.2678,0.0471,2.2546,63.3743,234.8828,0.2697,0.0383
2016-03-28T00:07:59.168Z,5.0745,73.4501,232.827,0.3154,0.0691,2.7599,63.4387,231.5445,0.2737,0.0443,2.3592,62.5545,233.7129,0.268,0.0384
2016-03-28T00:08:59.453Z,3.7382,71.3233,233.6103,0.3051,0.0536,3.3993,63.4838,232.0809,0.2737,0.0533,2.0785,63.6578,234.3633,0.2715,0.0332
2016-03-28T00:09:59.782Z,4.3903,72.8165,233.3686,0.3115,0.0612,2.2326,63.8096,231.8736,0.2748,0.0344,2.1075,64.9646,234.3535,0.2773,0.033
2016-03-28T00:10:59.987Z,4.9432,71.9759,233.1575,0.3084,0.07,2.8833,62.5953,231.57,0.2704,0.0457,2.3605,65.438,233.9387,0.2795,0.0379
2016-03-28T00:11:59.234Z,5.2856,73.549,233.5683,0.315,0.073,3.0051,64.0779,232.1251,0.2761,0.0477,1.8637,63.0736,234.4351,0.269,0.0304
2016-03-28T00:12:59.402Z,4.7489,72.6959,233.6291,0.3115,0.0655,2.5348,63.3944,232.1059,0.2727,0.0389,2.056,64.1077,234.4378,0.2737,0.0327
2016-03-28T00:13:59.803Z,3.6147,72.1172,233.7688,0.3086,0.05,2.9087,65.1175,231.892,0.2808,0.0451,2.3224,65.1951,234.8065,0.2773,0.037
2016-03-28T00:14:59.195Z,3.7453,72.7251,234.1213,0.3108,0.0512,3.2422,63.1414,232.2718,0.2717,0.0527,2.2622,62.3049,235.1523,0.2648,0.0376
2016-03-28T00:15:59.613Z,4.7583,73.446,234.2861,0.314,0.0661,2.6227,63.4449,231.9652,0.2736,0.0446,2.224,63.9941,234.8484,0.2723,0.0351
2016-03-28T00:16:59.886Z,5.3012,71.6547,231.6482,0.3091,0.0746,2.9818,65.0286,230.7914,0.2816,0.0451,2.5256,63.7144,232.1538,0.2747,0.038
2016-03-28T00:17:59.257Z,4.6396,73.8103,231.3557,0.3191,0.0647,2.6934,63.5191,230.4247,0.2759,0.0408,2.1274,63.8286,231.5624,0.2757,0.0334
2016-03-28T00:18:59.515Z,3.8062,71.8011,231.5319,0.3108,0.0533,2.5262,63.4505,230.528,0.2757,0.0419,2.4068,65.0471,231.2688,0.2805,0.0368
2016-03-28T00:19:59.932Z,4.177,72.6743,231.3235,0.3141,0.0572,2.9272,64.1162,230.3503,0.2785,0.0466,2.4987,62.4389,231.3228,0.2701,0.0401
2016-03-28T00:20:59.193Z,4.8007,72.2196,231.3781,0.312,0.0681,3.4877,63.1873,230.2136,0.275,0.0567,2.3463,62.9911,231.4868,0.272,0.0389
2016-03-28T00:21:59.558Z,4.7891,71.6319,231.343,0.3092,0.0681,2.9588,63.1998,230.3631,0.2747,0.048,2.8632,63.368,231.7141,0.2735,0.0437
2016-03-28T00:22:59.746Z,4.7266,73.1146,231.4352,0.3155,0.0646,2.8311,63.0864,230.257,0.274,0.0452,2.2803,63.4033,231.674,0.2734,0.0352
2016-03-28T00:23:59.115Z,4.3492,71.97,231.6019,0.3111,0.0606,3.019,62.1812,230.2831,0.2699,0.0494,2.6661,65.3874,232.1012,0.282,0.0401
2016-03-28T00:24:59.518Z,4.3399,72.3209,231.7979,0.312,0.061,2.7409,63.1146,230.8766,0.2736,0.0435,2.7088,63.9354,232.1652,0.2751,0.0438
2016-03-28T00:25:59.855Z,3.9189,73.9321,232.3808,0.3175,0.0537,2.6259,63.4633,229.4858,0.2767,0.0415,2.1927,63.7233,232.198,0.2745,0.0344
2016-03-28T00:26:59.164Z,5.0164,72.3621,231.7731,0.3123,0.0714,2.3352,62.2994,227.7007,0.2737,0.0384,1.7184,64.4198,232.6401,0.2768,0.0267
2016-03-28T00:27:59.405Z,4.9654,72.3361,231.4938,0.3124,0.069,2.7396,63.1161,230.5864,0.2737,0.043,2.1608,64.3834,232.1482,0.2775,0.0336
2016-03-28T00:28:59.754Z,4.6877,72.453,231.6331,0.3129,0.067,2.7647,62.7971,230.8959,0.2716,0.0444,2.5368,63.2014,232.792,0.2711,0.0396
2016-03-28T00:29:59.826Z,5.3214,72.0507,231.5122,0.312,0.0754,2.9284,60.1296,230.846,0.2602,0.0501,2.3415,61.0398,232.5123,0.2626,0.0399
2016-03-28T00:30:59.134Z,4.4474,72.0199,232.2329,0.3097,0.0634,3.3238,62.6853,230.9064,0.2717,0.0556,2.3293,62.1671,232.6874,0.2671,0.0378
2016-03-28T00:31:59.336Z,5.2248,72.6921,232.096,0.313,0.0748,2.9636,62.3727,231.0562,0.2696,0.0484,1.981,63.9838,232.7101,0.2746,0.0302
2016-03-28T00:32:59.509Z,4.3153,73.5289,232.0057,0.3167,0.0587,2.8624,61.4174,231.0252,0.2657,0.0473,2.3249,61.509,232.8571,0.264,0.0392
2016-03-28T00:33:59.987Z,3.8061,73.611,231.9167,0.3174,0.0518,3.1668,64.3946,230.6503,0.2791,0.0482,2.2176,63.8987,232.6011,0.275,0.0351
2016-03-28T00:34:59.350Z,4.3639,72.0014,231.5584,0.3111,0.0613,2.7328,62.8753,230.4872,0.2728,0.0463,2.1498,64.4716,232.4711,0.2772,0.034
2016-03-28T00:35:59.629Z,4.9716,71.881,232.3414,0.3096,0.0713,3.3099,60.8797,228.2307,0.2669,0.0552,2.3235,62.6564,233.4144,0.269,0.038
2016-03-28T00:36:59.878Z,5.0092,72.7647,232.3033,0.3133,0.0701,2.6326,62.1884,228.141,0.2728,0.0446,2.2763,62.9032,233.7489,0.2692,0.0383
2016-03-28T00:37:59.138Z,4.5183,72.0419,232.012,0.3108,0.0627,2.8445,65.0346,230.3103,0.2827,0.044,1.6551,63.5299,233.1669,0.2725,0.0266
2016-03-28T00:38:59.582Z,5.1987,72.8512,231.5766,0.3143,0.0736,2.826,64.076,231.334,0.2771,0.0452,2.7049,63.7971,232.7704,0.2747,0.0421
2016-03-28T00:39:59.767Z,4.9053,72.4105,231.163,0.3132,0.0679,3.1891,63.8857,231.7705,0.2757,0.0505,2.1829,65.9989,232.2322,0.2843,0.0313
2016-03-28T00:40:59.126Z,5.6999,73.2234,231.6563,0.3162,0.08,2.9212,64.4577,231.7943,0.2778,0.0432,2.3382,65.2436,232.0481,0.2812,0.0367
2016-03-28T00:41:59.348Z,4.276,71.0042,230.5048,0.3082,0.0619,2.6295,63.9538,231.9871,0.2756,0.0415,2.1666,62.402,232.0795,0.2689,0.0348
2016-03-28T00:42:59.518Z,4.6728,73.0375,229.656,0.3177,0.0663,2.8529,63.5216,232.6492,0.2728,0.046,1.8964,64.0711,232.5316,0.2758,0.0309
2016-03-28T00:43:59.919Z,4.9767,70.9674,229.8934,0.3089,0.0711,3.1512,62.438,232.747,0.268,0.0519,1.8065,62.098,232.6757,0.2666,0.031
2016-03-28T00:44:59.096Z,4.688,69.8001,229.4468,0.3041,0.0672,2.6184,61.2566,232.602,0.263,0.0441,2.5466,62.6811,232.5536,0.2698,0.0446
2016-03-28T00:45:59.467Z,4.4575,72.0133,229.8644,0.3133,0.0632,3.0049,64.8871,232.5509,0.2787,0.0447,1.9601,64.063,232.3422,0.2763,0.0295
2016-03-28T00:46:59.633Z,4.5308,72.4371,229.5189,0.3155,0.0647,2.5787,63.8595,232.4613,0.2741,0.0398,2.3336,63.0266,232.1595,0.2721,0.0379
2016-03-28T00:47:59.783Z,5.1748,72.4473,229.5763,0.3148,0.0723,2.7512,62.1907,232.0219,0.2681,0.0441,2.3864,63.692,231.7753,0.2748,0.0379
2016-03-28T00:48:59.024Z,4.5293,72.1162,230.9041,0.3118,0.0642,2.6043,61.864,231.5814,0.2676,0.0434,2.1704,62.8861,231.6332,0.2714,0.0339
2016-03-28T00:49:59.414Z,4.0164,69.7387,230.9777,0.3021,0.0589,2.8634,62.1319,231.8284,0.268,0.0462,1.9785,63.7896,231.7127,0.2752,0.0321
2016-03-28T00:50:59.908Z,4.6258,72.0062,231.9291,0.3108,0.064,2.7161,62.8157,231.9779,0.2704,0.0429,2.0124,62.218,231.9767,0.2683,0.0317
2016-03-28T00:51:59.163Z,5.1738,71.8934,232.0122,0.3091,0.0738,2.9604,64.94,232.0637,0.2798,0.0446,2.1601,63.4287,232.3263,0.2727,0.0346
2016-03-28T00:52:59.489Z,5.2753,72.9491,231.6659,0.3146,0.0731,2.5154,62.7976,231.7104,0.2713,0.0392,1.9752,64.1384,232.0253,0.2769,0.0319
2016-03-28T00:53:59.777Z,5.0762,72.5115,231.9641,0.3131,0.071,3.4219,62.7704,231.6051,0.271,0.0558,1.8984,63.0189,231.9327,0.2714,0.0316
2016-03-28T00:54:59.041Z,3.9562,70.4297,231.3488,0.3044,0.0569,2.468,64.8947,231.348,0.2808,0.0384,2.1928,62.7709,231.8542,0.2707,0.0343
2016-03-28T00:55:59.278Z,4.6173,71.2363,231.6099,0.3076,0.0661,2.5498,63.4588,231.2785,0.2743,0.04,1.9603,63.2612,232.2828,0.2725,0.0312
2016-03-28T00:56:59.453Z,4.6721,72.766,231.6854,0.3144,0.0638,2.2456,64.8977,231.271,0.2809,0.0369,2.6192,63.5055,232.1465,0.274,0.0399
2016-03-28T00:57:59.528Z,5.4019,71.9096,231.2398,0.311,0.0759,2.597,61.8507,230.8521,0.2687,0.0415,2.3676,62.6186,231.9408,0.2702,0.0393
2016-03-28T00:58:59.739Z,4.2663,72.1177,231.4081,0.3115,0.0596,2.7679,62.0079,231.2981,0.268,0.0454,1.9255,62.58,232.2905,0.2695,0.0312
