2016-02-15T00:00:59.432Z,1142.3527,1563.636,231.503,6.7542,0.7301,1234.586,1653.5144,229.4389,7.207,0.7468,1700.7148,2257.1431,231.3811,9.7548,0.7526
2016-02-15T00:01:59.802Z,1149.8111,1569.5589,231.6764,6.7747,0.7326,1230.749,1649.1494,229.0703,7.1993,0.747,1702.3751,2249.9376,230.7754,9.7489,0.7568
2016-02-15T00:02:59.102Z,1158.5174,1588.2076,231.2136,6.8689,0.7293,1214.9873,1625.7094,228.5161,7.1149,0.7479,1720.2681,2252.2742,230.8318,9.7569,0.7629
2016-02-15T00:03:59.403Z,1169.2303,1577.6478,230.3376,6.8492,0.7408,1225.8681,1635.9283,228.7371,7.1522,0.7493,1707.4121,2230.3332,229.4546,9.7203,0.7657
2016-02-15T00:04:59.554Z,1174.3467,1572.2987,229.4938,6.8511,0.7469,1226.7544,1625.0497,227.4967,7.1431,0.7551,1712.1638,2220.0783,228.5634,9.7131,0.7721
2016-02-15T00:05:59.761Z,1159.7106,1591.4888,230.5999,6.9013,0.7293,1217.9848,1616.6192,228.0739,7.0884,0.7533,1740.085,2268.8137,231.1882,9.8142,0.7678
2016-02-15T00:06:59.055Z,1155.2361,1594.4004,231.3637,6.8915,0.7249,1224.3233,1630.4701,228.6947,7.1293,0.7509,1741.0901,2283.7058,231.993,9.8436,0.7612
2016-02-15T00:07:59.331Z,1149.5401,1568.8236,230.208,6.814,0.732,1246.8549,1643.4877,229.1898,7.1711,0.7589,1732.847,2280.6586,231.1818,9.8657,0.7601
2016-02-15T00:08:59.638Z,1158.0341,1578.5737,231.0684,6.8321,0.7336,1250.0418,1664.1304,230.3452,7.2246,0.7514,1723.3471,2281.3101,231.4436,9.8566,0.7558
2016-02-15T00:09:59.843Z,1136.1797,1561.0123,231.1853,6.7521,0.729,1248.061,1656.3728,230.3927,7.1889,0.7538,1720.6157,2284.4626,231.409,9.8717,0.7517
2016-02-15T00:10:59.142Z,1166.29,1586.6697,231.0363,6.8681,0.7352,1266.6398,1669.4867,230.178,7.2533,0.7587,1748.6368,2302.2048,231.1119,9.961,0.7598
2016-02-15T00:11:59.427Z,1158.1892,1588.6489,231.8666,6.8511,0.7292,1242.8877,1661.8318,230.6793,7.2037,0.748,1725.8084,2282.1197,231.4174,9.8612,0.7567
2016-02-15T00:12:59.698Z,1200.2296,1612.8256,231.1016,6.9789,0.7451,1254.4423,1661.4493,228.9948,7.256,0.7554,1746.5212,2267.2258,229.7693,9.8678,0.7692
2016-02-15T00:13:59.936Z,1173.9619,1581.9992,229.3097,6.8988,0.7416,1235.2406,1618.3612,227.6549,7.1084,0.7636,1744.9204,2254.8703,229.3477,9.8313,0.7731
2016-02-15T00:14:59.205Z,1195.0512,1599.8176,229.3737,6.9746,0.7473,1259.5812,1644.9164,227.9999,7.2143,0.766,1760.7375,2273.2003,229.3448,9.9122,0.774
2016-02-15T00:15:59.507Z,1187.915,1596.3492,231.2744,6.9024,0.7447,1254.4446,1678.989,230.0932,7.2967,0.7478,1711.7771,2252.7757,230.1837,9.7868,0.7604
2016-02-15T00:16:59.773Z,1202.2591,1621.466,231.4133,7.0069,0.7409,1262.2166,1679.046,229.9064,7.3029,0.7517,1747.3133,2282.2882,230.5243,9.9012,0.7662
2016-02-15T00:17:59.076Z,1197.115,1608.7632,230.8866,6.968,0.744,1245.9856,1659.5486,229.1766,7.2411,0.7503,1730.2644,2253.4613,229.9418,9.8006,0.7699
2016-02-15T00:18:59.231Z,1205.0079,1617.1154,230.8466,7.0057,0.7451,1265.4743,1677.8384,229.305,7.3169,0.7538,1747.2253,2277.5307,230.3988,9.8849,0.7693
2016-02-15T00:19:59.382Z,1183.4844,1600.8753,231.0743,6.928,0.7391,1260.4544,1669.0299,229.3751,7.2767,0.7554,1743.3654,2282.0067,230.7812,9.8882,0.7624
2016-02-15T00:20:59.611Z,1197.7364,1611.6661,230.632,6.9882,0.7437,1273.1464,1676.5481,229.4212,7.3078,0.7598,1760.7488,2294.4607,230.4862,9.9556,0.7687
2016-02-15T00:21:59.781Z,1202.3298,1613.7204,230.322,7.0063,0.7455,1253.6796,1655.201,228.4763,7.2443,0.7576,1752.8793,2269.2555,229.7656,9.8765,0.7711
2016-02-15T00:22:59.970Z,1210.7371,1618.5489,230.6654,7.0168,0.7479,1270.2946,1675.2031,228.7088,7.3252,0.7584,1755.9828,2278.9926,229.9704,9.9102,0.77
2016-02-15T00:23:59.217Z,1191.8368,1601.3683,229.2844,6.9842,0.744,1267.3809,1645.2508,227.6456,7.2273,0.7701,1777.8733,2295.1835,230.0759,9.9756,0.7745
2016-02-15T00:24:59.482Z,1192.6026,1595.8333,228.8172,6.9741,0.7473,1278.4337,1653.6969,227.6782,7.2629,0.7726,1780.9863,2298.0509,229.7568,10.0013,0.7756
2016-02-15T00:25:59.695Z,1193.7219,1598.1661,230.0491,6.9471,0.747,1294.6974,1692.5425,229.8178,7.3646,0.7648,1762.3588,2305.9478,230.3648,10.0099,0.7626
2016-02-15T00:26:59.959Z,1213.8856,1607.7196,230.2768,6.9818,0.7551,1291.9903,1698.4413,229.1853,7.411,0.7602,1749.2886,2276.0416,229.315,9.9253,0.768
2016-02-15T00:27:59.295Z,1225.5785,1618.345,230.756,7.0127,0.757,1294.7259,1704.7942,229.2125,7.4376,0.7593,1749.8053,2272.7272,229.0441,9.9231,0.7691
2016-02-15T00:28:59.692Z,1217.4238,1614.0659,230.6503,6.9977,0.7544,1288.9418,1695.6612,229.1829,7.3986,0.7599,1754.8388,2278.4707,229.3228,9.9353,0.7698
2016-02-15T00:29:59.868Z,1219.8853,1627.193,230.7875,7.0504,0.7501,1293.006,1697.2958,229.2696,7.4028,0.7615,1773.0048,2301.8996,230.3124,9.9952,0.7703
2016-02-15T00:30:59.015Z,1220.7443,1616.3296,230.3202,7.0179,0.7554,1290.1546,1700.0688,229.1744,7.418,0.7584,1749.8628,2275.3613,229.5444,9.9125,0.7698
2016-02-15T00:31:59.432Z,1245.9266,1636.8356,230.4446,7.1032,0.7613,1297.153,1715.7329,229.2786,7.483,0.756,1751.5517,2272.3227,229.4661,9.9027,0.77
2016-02-15T00:32:59.691Z,1236.8584,1634.253,230.8688,7.0786,0.7569,1282.6231,1699.762,229.0576,7.4207,0.7539,1748.1983,2265.0178,229.3733,9.8749,0.7724
2016-02-15T00:33:59.022Z,1254.1475,1646.7075,230.4424,7.1459,0.7617,1296.3098,1698.1892,227.9442,7.4499,0.7635,1775.5668,2276.3955,228.6001,9.9587,0.7799
2016-02-15T00:34:59.299Z,1236.6677,1628.4379,231.0026,7.0496,0.759,1284.6239,1691.2417,228.0659,7.416,0.7601,1756.6697,2260.3497,228.1964,9.9057,0.7782
2016-02-15T00:35:59.564Z,1240.2796,1627.4208,230.1634,7.0707,0.7625,1324.2212,1726.2972,229.3884,7.526,0.767,1777.2642,2302.6353,229.2682,10.0436,0.7711
2016-02-15T00:36:59.945Z,1230.049,1625.8714,230.61,7.0507,0.7568,1300.1914,1716.0658,229.9507,7.4627,0.7583,1753.0111,2283.9829,229.7308,9.942,0.7691
2016-02-15T00:37:59.328Z,1255.8642,1651.7338,231.383,7.1384,0.7597,1318.948,1743.9486,230.3536,7.5711,0.757,1766.3899,2300.3955,230.1225,9.9966,0.7676
2016-02-15T00:38:59.691Z,1224.4998,1616.3318,230.9946,6.9972,0.7584,1316.196,1742.9327,231.0929,7.5424,0.7553,1741.566,2290.9731,230.1016,9.956,0.761
2016-02-15T00:39:59.922Z,1239.378,1640.6284,231.1031,7.099,0.756,1329.9453,1735.9568,229.9323,7.5499,0.7668,1793.4708,2330.0503,230.4039,10.1128,0.77
2016-02-15T00:40:59.169Z,1219.7616,1619.0889,230.5795,7.022,0.7534,1306.0945,1704.2115,228.9888,7.4423,0.766,1776.0995,2302.4795,229.5582,10.0301,0.7701
2016-02-15T00:41:59.400Z,1246.1073,1633.4692,230.6641,7.0817,0.7631,1341.5789,1743.6385,229.7043,7.5903,0.7697,1789.3444,2319.9777,229.4424,10.1114,0.7702
2016-02-15T00:42:59.725Z,1240.8929,1620.9898,230.0042,7.0474,0.7662,1313.6317,1713.4692,228.6981,7.4917,0.7672,1763.2948,2275.8812,228.3921,9.964,0.7748
2016-02-15T00:43:59.018Z,1265.5899,1644.6419,230.3247,7.1399,0.7706,1340.0538,1740.6648,228.9114,7.6039,0.7694,1788.7114,2300.8888,228.7068,10.0605,0.7785
2016-02-15T00:44:59.276Z,1246.5721,1633.0949,230.6961,7.079,0.7628,1307.8481,1711.1425,228.2163,7.4982,0.7638,1768.5225,2277.8752,228.6331,9.9629,0.7781
2016-02-15T00:45:59.556Z,1257.5264,1646.8306,231.0269,7.1282,0.7633,1349.5893,1761.5974,230.2166,7.6517,0.7661,1788.9322,2326.2673,230.1494,10.1075,0.7703
2016-02-15T00:46:59.897Z,1230.4445,1616.5738,230.0576,7.0265,0.7611,1331.1102,1737.5015,230.0627,7.5524,0.7663,1767.696,2305.9172,229.9936,10.0264,0.7683
2016-02-15T00:47:59.145Z,1250.9407,1639.4087,230.131,7.1241,0.7622,1354.6502,1755.3975,230.1423,7.6272,0.7718,1804.1976,2342.1546,230.3964,10.1656,0.7701
2016-02-15T00:48:59.311Z,1231.5049,1624.587,230.527,7.0474,0.7589,1332.7085,1737.2242,230.2836,7.5437,0.7675,1780.3834,2321.0081,230.2047,10.0828,0.7692
2016-02-15T00:49:59.633Z,1259.5038,1644.6566,230.5909,7.1322,0.7664,1358.6304,1762.3774,230.1581,7.6572,0.7702,1799.221,2333.7565,229.7957,10.1556,0.7704
2016-02-15T00:50:59.914Z,1238.8351,1621.8557,230.2876,7.0425,0.764,1340.7377,1745.3483,230.0593,7.5863,0.7689,1774.8211,2311.4845,229.5794,10.0677,0.7693
2016-02-15T00:51:59.096Z,1258.5905,1632.5543,229.7694,7.1051,0.7703,1372.2105,1773.3938,230.4197,7.6967,0.7735,1794.1763,2331.1606,229.4528,10.1589,0.77
2016-02-15T00:52:59.286Z,1235.2742,1617.9992,229.9849,7.035,0.764,1351.4536,1755.0105,230.6761,7.6082,0.7699,1780.7814,2325.3911,229.9932,10.1108,0.7664
2016-02-15T00:53:59.560Z,1254.8466,1640.3067,230.0215,7.1315,0.7653,1365.0055,1761.4896,230.3634,7.6467,0.7746,1809.7825,2350.3581,230.3865,10.2013,0.7696
2016-02-15T00:54:59.776Z,1222.545,1583.7338,228.2859,6.9372,0.7719,1380.4384,1764.8069,230.5007,7.656,0.7833,1779.8248,2328.4425,229.0713,10.1648,0.7648
2016-02-15T00:55:59.188Z,1228.5622,1596.0247,228.6395,6.9801,0.7695,1400.7176,1787.0045,230.936,7.7385,0.7834,1797.8813,2362.4623,230.4295,10.2524,0.76
2016-02-15T00:56:59.482Z,1208.5926,1580.8261,228.4633,6.9197,0.764,1394.7748,1777.3445,231.1436,7.6892,0.7851,1791.8992,2366.2216,230.8079,10.2516,0.7582
2016-02-15T00:57:59.886Z,1222.9061,1599.1209,228.632,6.9941,0.7643,1393.2891,1774.3468,230.6651,7.6926,0.7856,1807.584,2374.2708,230.9417,10.2808,0.7615
2016-02-15T00:58:59.276Z,1222.1285,1599.2534,228.753,6.991,0.7633,1385.4994,1774.1674,230.7991,7.6866,0.7818,1795.9562,2363.6878,231.1053,10.2274,0.7606
2016-02-15T00:59:59.530Z,1222.3505,1598.6151,228.1524,7.0066,0.7648,1392.5856,1771.6617,230.7805,7.6767,0.7861,1809.7412,2375.5747,231.0981,10.2794,0.7608
