2016-03-04T00:00:59.970Z,1145.1174,1550.6989,228.9201,6.7737,0.7384,1259.5396,1662.1814,230.2077,7.221,0.7576,1706.6376,2263.0172,229.6887,9.8523,0.7539
2016-03-04T00:01:59.126Z,1161.9235,1559.5274,228.1363,6.8359,0.7445,1290.6186,1684.4513,230.4376,7.31,0.7667,1732.5185,2289.4156,229.3957,9.9805,0.7584
2016-03-04T00:02:59.396Z,131.9713,235.1834,229.2419,1.0299,0.1346,145.1791,242.3844,231.0286,1.0519,0.133,299.5624,386.85,231.4925,1.681,0.8012
2016-03-04T00:03:59.714Z,443.4722,762.5838,228.0841,3.3477,0.3815,537.8168,873.7096,230.0185,3.8095,0.4227,598.1899,998.8098,230.4076,4.3458,0.6699
2016-03-04T00:04:59.012Z,4.3235,69.5816,227.7928,0.3051,0.0622,3.0453,62.2502,231.5062,0.2685,0.0507,224.5406,266.8074,229.9685,1.1617,0.8225
2016-03-04T00:05:59.216Z,870.5116,1146.9329,226.8527,5.0643,0.5613,992.6937,1297.9587,230.4372,5.6434,0.567,1437.873,1859.4357,228.4354,8.1454,0.7958
2016-03-04T00:06:59.483Z,1226.8668,1607.546,227.0195,7.0808,0.7634,1362.2398,1742.5822,230.0494,7.575,0.7819,1803.4503,2354.77,229.1414,10.2761,0.766
2016-03-04T00:07:59.589Z,1213.8935,1612.6509,227.2387,7.0964,0.753,1314.9176,1680.5222,227.9966,7.3699,0.7826,1813.7778,2337.0526,228.88,10.2108,0.776
2016-03-04T00:08:59.790Z,1129.556,1556.6211,227.6411,6.8378,0.7247,1208.3454,1572.1036,226.4515,6.9422,0.7687,1748.7527,2265.1049,229.1418,9.8846,0.7724
2016-03-04T00:09:59.867Z,1228.6169,1647.9252,227.8616,7.2318,0.7459,1307.4014,1664.8993,226.6512,7.3457,0.7856,1858.8716,2370.2448,229.5058,10.3281,0.7848
2016-03-04T00:10:59.169Z,1247.0735,1634.136,227.972,7.1683,0.7624,1345.0905,1740.2958,229.7965,7.5726,0.7728,1795.0118,2330.3578,228.7583,10.187,0.7706
2016-03-04T00:11:59.472Z,1239.8724,1624.5064,228.4352,7.1109,0.763,1364.6592,1770.5178,230.9935,7.6644,0.7708,1782.9558,2341.988,229.535,10.2035,0.7614
2016-03-04T00:12:59.775Z,1212.1192,1590.1924,228.1062,6.9707,0.7615,1341.296,1742.726,230.2652,7.5682,0.7692,1749.8017,2303.9964,228.7644,10.0715,0.7591
2016-03-04T00:13:59.139Z,1129.3687,1521.777,228.1355,6.6708,0.7426,1249.4549,1660.1487,230.2788,7.2089,0.7519,1664.1952,2225.7422,228.9398,9.7219,0.7488
2016-03-04T00:14:59.463Z,1085.0794,1492.893,227.916,6.5509,0.7267,1216.3329,1619.5552,230.4396,7.0283,0.7513,1649.5624,2222.809,229.7233,9.6759,0.742
2016-03-04T00:15:59.684Z,1088.174,1498.235,227.8976,6.5738,0.7266,1207.3201,1608.4379,230.0709,6.9906,0.7503,1653.8059,2218.5938,229.7961,9.654,0.7456
2016-03-04T00:16:59.142Z,1090.8574,1496.4019,228.8309,6.5389,0.7291,1219.9095,1638.9642,231.3975,7.0826,0.7443,1636.5232,2217.5123,229.9909,9.6416,0.7395
2016-03-04T00:17:59.375Z,1088.7478,1491.4848,228.6884,6.5217,0.7301,1221.1591,1636.5949,231.1381,7.0801,0.7464,1635.5257,2215.4522,229.8398,9.639,0.7396
2016-03-04T00:18:59.674Z,1092.2629,1496.7183,229.1611,6.5313,0.7301,1222.9108,1644.6844,231.387,7.1081,0.7433,1634.7168,2215.5923,229.9176,9.6368,0.739
2016-03-04T00:19:59.912Z,1112.7311,1526.1817,230.4041,6.6236,0.7292,1208.291,1638.808,230.851,7.0987,0.7377,1643.8418,2208.435,229.6526,9.6167,0.7433
2016-03-04T00:20:59.200Z,1119.0604,1529.6054,230.2345,6.6437,0.7303,1206.4593,1634.8436,230.317,7.0978,0.7385,1641.761,2197.1719,229.0845,9.591,0.748
2016-03-04T00:21:59.540Z,1118.0776,1524.9608,230.0372,6.6296,0.7324,1211.0983,1636.2038,230.2593,7.1053,0.7408,1646.372,2202.637,229.0147,9.6178,0.7492
2016-03-04T00:22:59.852Z,1124.5029,1533.1248,229.5304,6.6789,0.7341,1202.5157,1613.5357,229.0086,7.0454,0.7454,1665.0849,2200.8349,228.6873,9.6232,0.7559
2016-03-04T00:23:59.157Z,1121.9126,1559.658,229.6951,6.7899,0.7192,1171.7965,1553.3518,226.3416,6.8631,0.7542,1717.2915,2225.6339,229.313,9.7051,0.7707
2016-03-04T00:24:59.468Z,1112.3123,1553.4629,228.7984,6.79,0.7164,1174.8266,1541.1997,226.0578,6.8172,0.762,1732.103,2243.2786,229.6674,9.7677,0.7703
2016-03-04T00:25:59.754Z,1114.8759,1555.0959,228.8291,6.7956,0.7171,1181.9003,1549.3834,226.3033,6.8464,0.763,1733.7529,2248.9714,230.1013,9.7734,0.7702
2016-03-04T00:26:59.980Z,1128.9398,1540.8794,229.322,6.719,0.7328,1217.9836,1624.0012,229.5203,7.0742,0.7503,1678.855,2221.5549,229.3423,9.6862,0.7547
2016-03-04T00:27:59.221Z,1139.1644,1536.0912,229.391,6.6962,0.7412,1221.1469,1635.8874,229.6394,7.1233,0.7465,1660.317,2197.6572,228.532,9.6167,0.7554
2016-03-04T00:28:59.625Z,1158.9876,1555.7449,229.7881,6.7706,0.7447,1236.5931,1653.0718,229.5516,7.2016,0.7479,1677.0648,2210.2964,228.4502,9.6751,0.7596
2016-03-04T00:29:59.938Z,1172.1577,1557.4038,229.4864,6.7866,0.7522,1248.1719,1665.6202,229.377,7.2611,0.7496,1674.8471,2204.3149,228.0374,9.6668,0.7599
2016-03-04T00:30:59.195Z,1170.7664,1554.1485,229.5245,6.7716,0.7534,1248.9802,1670.772,229.2272,7.2882,0.7478,1667.4764,2200.9285,228.3407,9.6385,0.7587
2016-03-04T00:31:59.490Z,1174.6031,1558.0611,229.0686,6.802,0.7541,1255.3644,1664.4177,228.7166,7.2763,0.7543,1684.5283,2210.7641,228.054,9.6937,0.7609
2016-03-04T00:32:59.799Z,1159.6864,1539.4993,228.1108,6.7487,0.7527,1248.2822,1640.3121,227.8617,7.1986,0.7614,1687.2026,2205.544,227.4128,9.698,0.765
2016-03-04T00:33:59.207Z,1168.3181,1555.8052,228.2016,6.8175,0.751,1250.4843,1643.4178,228.0975,7.2044,0.7611,1704.5339,2223.9662,228.0192,9.753,0.7665
2016-03-04T00:34:59.470Z,1164.5906,1560.1013,228.6491,6.8231,0.7467,1228.0959,1622.8939,227.6444,7.1292,0.7569,1698.2112,2210.3948,228.0514,9.6924,0.7696
2016-03-04T00:35:59.816Z,1185.4956,1577.7711,228.7717,6.8966,0.7516,1242.0392,1637.4421,227.5026,7.1977,0.758,1713.9583,2219.8399,227.9577,9.737,0.7703
2016-03-04T00:36:59.093Z,1168.8448,1581.1467,229.2084,6.8984,0.7392,1204.0489,1583.9384,225.3018,7.0297,0.7603,1729.1632,2216.7852,228.2436,9.7122,0.78
2016-03-04T00:37:59.449Z,1173.421,1574.3807,228.9148,6.878,0.7452,1243.1349,1629.3714,226.8581,7.1814,0.7631,1727.367,2239.6179,228.6776,9.7932,0.7708
2016-03-04T00:38:59.691Z,1156.2104,1541.8124,228.9429,6.7347,0.7506,1252.9489,1656.8428,228.4164,7.2538,0.7568,1684.492,2218.6602,228.5803,9.7067,0.76
2016-03-04T00:39:59.918Z,1178.8317,1560.0448,228.7844,6.8188,0.756,1274.0147,1675.2067,228.3529,7.3358,0.7606,1702.5371,2231.666,228.3543,9.7727,0.7611
2016-03-04T00:40:59.193Z,1164.4826,1554.0236,229.0823,6.7837,0.7492,1246.0794,1649.7314,228.2215,7.2281,0.7552,1689.0215,2216.1264,228.4957,9.6986,0.7617
2016-03-04T00:41:59.432Z,1184.3591,1576.274,229.1538,6.8788,0.7508,1260.4429,1664.9318,228.3381,7.2914,0.7573,1707.457,2232.7053,228.8397,9.7569,0.7647
2016-03-04T00:42:59.667Z,1166.5709,1558.318,228.9026,6.8078,0.7489,1241.1814,1641.0598,228.0529,7.1961,0.7566,1694.6853,2214.025,228.406,9.6938,0.766
2016-03-04T00:43:59.026Z,1194.7692,1581.9724,228.8894,6.9109,0.7554,1261.2308,1657.5678,227.4843,7.2865,0.76,1721.0697,2232.2403,228.1743,9.783,0.7702
2016-03-04T00:44:59.289Z,1187.667,1580.2327,229.2924,6.8917,0.7517,1220.4923,1620.1746,226.3866,7.1562,0.7533,1697.7334,2189.1544,227.4251,9.6254,0.7754
2016-03-04T00:45:59.630Z,1217.7066,1603.7903,229.2173,6.9968,0.7599,1248.6247,1647.2631,226.4226,7.2752,0.7582,1720.3434,2207.6054,227.3679,9.7091,0.7794
2016-03-04T00:46:59.923Z,1182.2012,1573.4044,229.3351,6.861,0.7514,1229.7527,1636.6837,227.5059,7.1941,0.7511,1688.0319,2194.1366,227.9582,9.6252,0.769
2016-03-04T00:47:59.145Z,1155.6959,1556.9357,229.0819,6.7966,0.7424,1228.7807,1636.5083,228.8267,7.1518,0.7508,1684.239,2215.3773,229.2188,9.6644,0.76
2016-03-04T00:48:59.387Z,1139.8152,1543.4002,229.5502,6.724,0.7386,1223.3284,1639.372,229.3707,7.1471,0.7467,1669.4442,2213.4371,229.9833,9.6243,0.7533
2016-03-04T00:49:59.630Z,1149.2934,1538.0923,229.2077,6.7104,0.7477,1254.3306,1665.9901,229.487,7.2588,0.7519,1670.996,2218.8388,229.3787,9.6732,0.7511
2016-03-04T00:50:59.105Z,1154.6606,1544.021,229.4658,6.7285,0.7484,1251.3407,1664.5675,229.237,7.2612,0.7521,1673.4204,2216.6411,229.3525,9.6645,0.7549
2016-03-04T00:51:59.381Z,167.0123,282.6504,231.3443,1.2278,0.1479,175.5832,287.9132,230.8615,1.2529,0.1541,325.8146,422.7281,231.8582,1.8368,0.8004
2016-03-04T00:52:59.614Z,432.6826,737.3488,230.2546,3.2103,0.3771,509.1588,854.437,230.0351,3.7269,0.3888,556.1574,928.8293,230.8548,4.0346,0.6706
2016-03-04T00:53:59.893Z,3.1098,71.8689,230.7498,0.3113,0.043,3.2609,61.2587,230.8157,0.2654,0.0561,226.4676,268.906,230.9897,1.1667,0.8233
2016-03-04T00:54:59.131Z,848.6995,1147.934,228.5808,5.0332,0.5569,924.6431,1250.7481,228.7222,5.4816,0.5638,1396.7189,1805.5038,229.3636,7.8832,0.7943
2016-03-04T00:55:59.381Z,1240.3422,1620.4208,227.7272,7.1154,0.7653,1341.1401,1723.121,228.3546,7.5454,0.7783,1794.7144,2320.8736,228.8465,10.141,0.773
2016-03-04T00:56:59.735Z,1235.2996,1619.7138,228.8431,7.0781,0.7627,1325.4151,1723.1293,229.0394,7.5234,0.7688,1769.958,2300.1796,228.9661,10.0457,0.7701
2016-03-04T00:57:59.104Z,1181.9346,1578.5499,229.8003,6.8689,0.7485,1249.0607,1674.7302,229.8636,7.2852,0.7461,1687.5398,2225.1056,228.8928,9.7203,0.7582
2016-03-04T00:58:59.325Z,1285.6606,1675.5486,229.9206,7.2873,0.7683,1362.8909,1774.355,229.8759,7.7187,0.7684,1809.7373,2342.8272,229.5842,10.2043,0.7714
2016-03-04T00:59:59.514Z,1195.8847,1595.031,230.3086,6.9252,0.7496,1281.756,1711.5046,230.0639,7.4391,0.749,1708.9068,2263.649,229.7934,9.8508,0.7551
2016-03-04T01:00:59.838Z,1159.4044,1561.2282,230.1231,6.7848,0.7427,1245.245,1678.7232,230.0012,7.2986,0.7422,1669.2981,2225.548,229.7233,9.688,0.7503
2016-03-04T01:01:59.048Z,1138.25,1539.847,230.4385,6.6825,0.7398,1229.7272,1669.2504,230.3938,7.2451,0.7367,1640.5675,2202.9643,229.686,9.591,0.744
2016-03-04T01:02:59.525Z,1112.573,1511.5801,229.8412,6.5769,0.7373,1209.0756,1639.6924,229.7501,7.1364,0.7372,1623.0898,2179.8314,229.1356,9.5129,0.744
2016-03-04T01:03:59.845Z,1128.1303,1515.1686,228.4936,6.631,0.7449,1230.9917,1642.0842,229.2068,7.1632,0.7497,1648.5914,2191.8871,228.3926,9.5969,0.752
2016-03-04T01:04:59.198Z,1136.6643,1518.1837,227.6556,6.6694,0.7491,1262.7168,1652.2332,228.5611,7.229,0.7645,1689.0418,2234.1648,228.4789,9.778,0.7565
2016-03-04T01:05:59.498Z,1116.7364,1499.4368,227.0088,6.6051,0.745,1244.6402,1624.5147,228.1221,7.1212,0.7664,1681.1,2220.879,228.2347,9.7308,0.7586
2016-03-04T01:06:59.718Z,1126.8508,1517.9493,227.8573,6.6619,0.7422,1219.1401,1609.0144,227.5092,7.0719,0.7583,1674.8406,2201.607,228.3014,9.6438,0.7613
2016-03-04T01:07:59.909Z,1119.5996,1516.6588,228.6304,6.6339,0.7386,1196.9816,1600.9541,227.9767,7.0224,0.7482,1649.2129,2176.036,228.3052,9.5306,0.7593
2016-03-04T01:08:59.056Z,1136.9299,1523.8968,228.429,6.6705,0.7461,1219.5093,1621.4713,227.864,7.1159,0.7518,1659.631,2185.336,228.1093,9.5798,0.7601
2016-03-04T01:09:59.410Z,1141.8191,1514.3564,228.4433,6.6291,0.7539,1242.184,1653.0508,228.5922,7.2309,0.7512,1643.3704,2180.4794,227.8791,9.5686,0.7532
2016-03-04T01:10:59.723Z,1134.6538,1508.5536,228.7778,6.5937,0.7519,1237.2441,1654.9956,229.1217,7.2229,0.7482,1628.3104,2170.0927,228.0777,9.5142,0.7501
2016-03-04T01:11:59.925Z,1151.4083,1532.6839,229.2274,6.6864,0.7507,1234.5217,1654.1512,229.1003,7.2199,0.7467,1644.4274,2179.7277,228.2367,9.5497,0.7541
2016-03-04T01:12:59.181Z,1160.8769,1535.8767,228.8594,6.7113,0.7561,1240.8834,1654.1658,228.6743,7.2337,0.7507,1652.6069,2175,227.3916,9.5647,0.7601
2016-03-04T01:13:59.353Z,1151.1043,1523.1822,228.3825,6.6697,0.7553,1228.0282,1633.6475,228.1121,7.1615,0.7515,1649.7393,2166.3715,226.9835,9.5442,0.7604
2016-03-04T01:14:59.553Z,1161.523,1524.992,228.22,6.6821,0.7614,1241.4696,1649.8212,228.4341,7.2221,0.7524,1647.0587,2160.9187,226.3877,9.5448,0.7611
2016-03-04T01:15:59.835Z,1149.6441,1512.9849,227.8211,6.6408,0.7607,1240.9462,1645.9984,228.703,7.1967,0.7538,1643.9554,2164.2501,226.3818,9.5591,0.76
2016-03-04T01:16:59.065Z,1156.3637,1523.1179,228.2104,6.674,0.7597,1243.3667,1652.231,228.6208,7.2269,0.7525,1650.4431,2173.6388,227.2011,9.5665,0.7598
2016-03-04T01:17:59.366Z,1148.925,1526.5397,228.7283,6.674,0.7531,1241.5477,1652.4888,228.9413,7.2183,0.7513,1652.3798,2184.356,228.0783,9.5773,0.7569
2016-03-04T01:18:59.626Z,1144.0937,1537.5172,228.7482,6.7216,0.7439,1230.3463,1630.175,228.3011,7.1403,0.7546,1678.5979,2206.7082,228.9827,9.637,0.7602
2016-03-04T01:19:59.968Z,1151.9106,1544.8917,229.3704,6.7356,0.7459,1232.526,1641.2639,228.5231,7.1814,0.7506,1674.3507,2204.3441,229.0499,9.6242,0.7596
2016-03-04T01:20:59.162Z,1144.0173,1538.9039,229.8178,6.6963,0.7431,1240.7126,1654.0553,229.2705,7.2142,0.7501,1670.131,2214.5016,229.4718,9.6507,0.7538
2016-03-04T01:21:59.421Z,1142.3702,1533.6063,229.3078,6.6883,0.7453,1243.7271,1649.8,229.099,7.2013,0.7543,1676.7491,2219.4543,229.3047,9.6784,0.7562
2016-03-04T01:22:59.612Z,1141.9024,1539.4208,229.348,6.7121,0.7423,1231.3809,1637.2072,228.6462,7.1601,0.7514,1679.0434,2217.3219,229.4528,9.6632,0.7564
2016-03-04T01:23:59.801Z,1147.1418,1547.3199,229.1479,6.7524,0.7414,1226.3463,1629.5774,228.306,7.1374,0.7522,1685.7524,2216.5633,229.423,9.6609,0.76
2016-03-04T01:24:59.852Z,1154.7549,1539.2093,228.7231,6.7293,0.7502,1231.1687,1632.1636,227.9867,7.1592,0.7546,1674.4329,2193.4291,228.2085,9.6115,0.762
2016-03-04T01:25:59.073Z,1152.5718,1526.7008,228.3729,6.6849,0.7547,1244.7974,1645.2347,228.2413,7.2084,0.757,1667.0855,2191.7439,227.6483,9.6274,0.7603
2016-03-04T01:26:59.291Z,1140.1941,1524.0544,228.5474,6.6682,0.7486,1239.1456,1638.8897,228.484,7.1724,0.7559,1672.8303,2205.0824,228.5082,9.65,0.7582
2016-03-04T01:27:59.432Z,1152.5876,1551.2084,229.0689,6.7715,0.7426,1214.6008,1608.3242,226.7075,7.0936,0.7556,1695.1809,2204.2349,228.5364,9.6448,0.7684
2016-03-04T01:28:59.687Z,1139.3212,1556.3842,229.0927,6.7931,0.7327,1200.3983,1581.5046,226.135,6.9924,0.759,1712.7799,2221.9829,229.4489,9.6836,0.7703
2016-03-04T01:29:59.891Z,1151.4101,1547.3022,229.2013,6.7509,0.7444,1231.6332,1639.1434,228.5594,7.1714,0.7516,1681.4362,2214.2831,229.3499,9.6551,0.7593
2016-03-04T01:30:59.143Z,1142.3626,1537.3169,229.3538,6.703,0.7426,1232.2412,1641.7417,228.8306,7.1748,0.751,1675.5845,2214.5888,229.4866,9.6497,0.7574
2016-03-04T01:31:59.617Z,1143.6651,1544.2167,229.2021,6.737,0.7404,1231.9769,1633.8229,228.5994,7.1471,0.7536,1691.1331,2227.5972,229.6674,9.6988,0.7598
2016-03-04T01:32:59.887Z,1135.3212,1537.236,229.612,6.6949,0.7387,1230.658,1639.5702,229.217,7.1526,0.7506,1678.0022,2222.3422,229.5974,9.6791,0.755
2016-03-04T01:33:59.114Z,1150.0152,1545.3222,228.8085,6.7541,0.7441,1229.1522,1626.9313,228.2531,7.1272,0.7556,1689.1109,2213.9384,228.6724,9.6817,0.7618
2016-03-04T01:34:59.472Z,1146.3948,1536.6452,228.6518,6.7199,0.7456,1220.9791,1617.1087,227.6888,7.1024,0.755,1679.0177,2194.7113,228.0674,9.6227,0.7641
2016-03-04T01:35:59.759Z,1168.3818,1548.7391,228.4636,6.7787,0.7541,1220.5768,1608.9948,225.9667,7.1196,0.7589,1688.447,2179.9437,227.017,9.6028,0.7739
2016-03-04T01:36:59.986Z,1144.7748,1530.1778,228.6781,6.691,0.7487,1227.3242,1622.1893,227.3597,7.1352,0.7571,1676.1888,2194.4788,228.115,9.6206,0.7636
2016-03-04T01:37:59.448Z,1152.1539,1547.1638,228.9898,6.7563,0.7447,1232.7645,1628.0466,227.792,7.1472,0.7576,1693.3778,2216.822,228.9457,9.6824,0.7631
2016-03-04T01:38:59.630Z,1135.576,1527.8543,228.3289,6.6917,0.743,1227.7328,1620.5477,228.0761,7.1056,0.7567,1682.997,2211.7273,228.8989,9.6621,0.7608
2016-03-04T01:39:59.969Z,1141.0996,1522.8383,227.3818,6.6973,0.7498,1250.7099,1633.8063,228.1327,7.1611,0.7652,1691.8148,2221.6952,228.6606,9.7156,0.7602
2016-03-04T01:40:59.260Z,486.0371,688.6357,228.4589,3.0256,0.3489,528.2557,728.9912,229.0172,3.1951,0.3551,784.5937,1028.1255,230.2454,4.4899,0.7883
2016-03-04T01:41:59.430Z,345.5134,641.1592,228.0277,2.8168,0.3269,415.1027,696.7962,228.8737,3.0536,0.3522,501.9631,882.5214,230.3561,3.84,0.6682
2016-03-04T01:42:59.672Z,165.958,308.1922,229.0345,1.3503,0.1671,191.5207,324.6588,229.5573,1.4219,0.184,290.0009,423.8167,231.3203,1.8389,0.7704
2016-03-04T01:43:59.977Z,274.9387,424.6244,228.3374,1.8698,0.2171,321.7624,492.1509,228.9226,2.1634,0.2377,733.383,921.907,229.5122,4.0334,0.8284
2016-03-04T01:44:59.460Z,1200.3573,1583.9313,227.6515,6.9573,0.7583,1290.7222,1664.9514,227.2456,7.3268,0.7759,1762.6122,2278.5292,228.418,9.9751,0.773
2016-03-04T01:45:59.834Z,1267.1781,1656.5812,229.2624,7.2256,0.7648,1315.3654,1698.7263,226.4319,7.5022,0.7741,1809.3416,2302.8496,228.054,10.0976,0.7848
2016-03-04T01:46:59.147Z,1215.0286,1602.6639,228.5093,7.0136,0.7576,1299.9103,1683.35,227.9276,7.3856,0.7716,1767.7648,2286.4111,228.4877,10.0067,0.7731
2016-03-04T01:47:59.354Z,1193.7897,1588.7542,228.5266,6.9519,0.7514,1279.8293,1669.7688,228.3752,7.3114,0.7664,1745.4688,2271.6119,228.9257,9.9221,0.7687
2016-03-04T01:48:59.570Z,1301.1349,1680.6703,229.2649,7.3303,0.7739,1401.9176,1795.6826,229.0386,7.8402,0.78,1842.2563,2370.2958,228.9684,10.3524,0.7781
2016-03-04T01:49:59.846Z,1275.1104,1654.4866,228.9162,7.2272,0.7702,1396.4396,1786.9191,229.2234,7.7955,0.7809,1827.8682,2369.1792,229.1975,10.3362,0.7703
2016-03-04T01:50:59.166Z,1270.2213,1645.8847,229.091,7.1844,0.7715,1384.7515,1780.1044,229.0477,7.7718,0.777,1802.8672,2340.5228,228.84,10.2267,0.7702
2016-03-04T01:51:59.378Z,1152.6681,1534.8021,229.103,6.6992,0.751,1274.6461,1683.6269,228.9909,7.3524,0.757,1675.7527,2228.0044,228.577,9.747,0.7514
2016-03-04T01:52:59.676Z,1170.7929,1544.2022,230.1044,6.7106,0.7582,1236.0319,1671.6011,229.0552,7.2983,0.7393,1630.5237,2155.0964,226.8121,9.5008,0.7571
2016-03-04T01:53:59.941Z,1144.5577,1532.3719,229.9743,6.6629,0.7468,1216.3416,1635.3351,228.5908,7.1539,0.7437,1646.0611,2170.8196,227.3417,9.548,0.7593
2016-03-04T01:54:59.599Z,1130.9719,1527.522,229.488,6.6561,0.7401,1227.712,1629.4349,228.37,7.1349,0.7533,1668.8587,2204.873,228.5044,9.6487,0.7582
2016-03-04T01:55:59.872Z,1121.518,1530.7426,229.0539,6.6827,0.7321,1221.1748,1614.4154,228.2534,7.0728,0.7568,1686.755,2224.5713,229.431,9.696,0.7592
2016-03-04T01:56:59.096Z,1122.0602,1524.1181,229.9408,6.6279,0.7364,1243.6636,1657.492,229.839,7.2119,0.7504,1667.1146,2231.7387,229.9257,9.7066,0.7464
2016-03-04T01:57:59.446Z,1138.1771,1542.5646,230.3793,6.6952,0.7379,1236.5002,1655.3404,229.8709,7.2009,0.7473,1669.1016,2221.1009,229.5646,9.6748,0.7501
2016-03-04T01:58:59.772Z,1139.208,1547.8973,230.1778,6.7244,0.7359,1232.9784,1649.3733,229.9099,7.174,0.7478,1677.2797,2227.991,229.8001,9.6949,0.751
2016-03-04T01:59:59.095Z,1138.2896,1545.3221,229.8919,6.7224,0.7369,1242.3152,1654.5901,230.0206,7.1934,0.751,1681.9048,2234.3924,229.6922,9.7276,0.7511
