2016-03-17T00:00:59.014Z,4.9049,49.608,232.4137,0.2133,0.0991,2.3046,33.548,231.516,0.1448,0.0722,2.7881,35.8949,232.6752,0.1538,0.0722
2016-03-17T00:01:59.310Z,4.7503,49.5423,231.8378,0.2135,0.0967,1.8913,34.8818,231.3076,0.1504,0.0691,1.8196,36.8958,232.1345,0.1587,0.0565
2016-03-17T00:02:59.739Z,4.4955,50.4807,232.2446,0.2173,0.0895,2.8316,32.9946,233.231,0.1411,0.0845,2.8658,33.8728,231.7008,0.146,0.0847
2016-03-17T00:03:59.955Z,4.9638,50.728,231.6508,0.2191,0.0971,2.9137,32.019,232.3607,0.1378,0.0986,2.2875,35.7636,230.5463,0.1548,0.0649
2016-03-17T00:04:59.490Z,3.555,50.7229,229.8983,0.2208,0.0684,2.5487,34.7909,229.9731,0.1513,0.0776,1.9752,34.7349,228.6286,0.1522,0.0623
2016-03-17T00:05:59.544Z,3.9354,50.5325,229.9559,0.2196,0.079,2.2546,33.1682,228.8947,0.1451,0.0778,2.0689,34.4489,228.5988,0.1508,0.0642
2016-03-17T00:06:59.782Z,4.2303,50.3442,230.0968,0.2185,0.0862,2.6821,33.7762,228.0634,0.1479,0.0814,2.5645,35.9385,229.3843,0.1569,0.0777
2016-03-17T00:07:59.439Z,4.3831,50.5094,229.8626,0.22,0.088,2.5274,33.063,228.22,0.1447,0.0824,2.1269,32.7388,230.6043,0.1417,0.0731
2016-03-17T00:08:59.680Z,3.9977,49.8903,229.3617,0.2179,0.0784,2.6884,31.084,229.4461,0.1353,0.0885,1.7624,32.9382,231.5927,0.1418,0.0627
2016-03-17T00:09:59.200Z,3.4382,50.1562,229.2429,0.2189,0.0661,3.2482,37.2081,229.2767,0.1626,0.0888,2.2582,33.7627,231.6833,0.1457,0.0718
2016-03-17T00:10:59.602Z,4.6433,49.6853,229.4129,0.2167,0.0938,3.1618,34.3774,229.5243,0.1498,0.0991,2.7755,35.9851,232.5843,0.1545,0.0765
2016-03-17T00:11:59.911Z,4.2152,50.2198,229.304,0.2193,0.084,2.9812,31.8402,230.4372,0.138,0.0986,2.2614,33.4739,233.1833,0.1441,0.0702
2016-03-17T00:12:59.396Z,4.5263,50.5833,229.087,0.2211,0.0896,2.7684,29.351,230.663,0.1278,0.0989,2.0678,31.1002,232.7061,0.1334,0.0674
2016-03-17T00:13:59.670Z,4.5522,50.0711,229.7466,0.2182,0.0912,3.3243,31.7462,230.7364,0.1373,0.1007,2.3657,33.0767,232.4307,0.1425,0.0759
2016-03-17T00:14:59.998Z,4.7698,49.7961,229.0874,0.2174,0.0955,2.571,32.6758,229.7393,0.1423,0.0862,2.5257,33.9861,231.2907,0.1471,0.0761
2016-03-17T00:15:59.834Z,3.9098,49.8811,228.9294,0.218,0.0781,3.525,34.5293,229.7098,0.1504,0.0947,2.4413,34.8857,230.7838,0.1514,0.0701
2016-03-17T00:16:59.343Z,4.5746,49.4082,228.4844,0.2162,0.0916,2.2265,33.6018,230.0111,0.1466,0.0762,2.4632,33.9311,229.8604,0.1478,0.0755
2016-03-17T00:17:59.614Z,4.7332,50.2571,229.2729,0.2195,0.0929,3.1962,33.4237,230.274,0.1447,0.0955,2.4309,36.4587,231.118,0.1582,0.0733
2016-03-17T00:18:59.318Z,4.4258,49.3288,229.1238,0.2156,0.0896,2.799,32.0703,230.1138,0.1401,0.0962,2.8923,35.6102,231.4549,0.1546,0.0838
2016-03-17T00:19:59.296Z,4.3674,49.6558,229.1549,0.2168,0.0867,2.918,32.487,230.3578,0.1408,0.0907,2.3288,34.2719,231.9103,0.1485,0.0725
2016-03-17T00:20:59.513Z,4.743,50.916,229.6845,0.2215,0.0917,2.6163,34.8902,230.2883,0.1521,0.0846,2.5718,33.8109,232.2139,0.1453,0.0801
2016-03-17T00:21:59.812Z,4.2045,50.3374,230.1718,0.2185,0.0842,3.2912,34.2458,231.0056,0.1481,0.0948,2.1393,34.184,232.7305,0.147,0.0723
2016-03-17T00:22:59.079Z,4.9053,49.2616,230.0953,0.2141,0.0969,2.7133,34.7934,231.3001,0.1507,0.0833,2.5378,36.0921,232.5119,0.1559,0.0723
2016-03-17T00:23:59.630Z,4.2042,50.5132,230.2868,0.2193,0.0835,2.6924,33.1718,231.1324,0.1433,0.0908,2.0178,34.841,232.6207,0.1495,0.0647
2016-03-17T00:24:59.867Z,4.3302,50.5884,229.7774,0.2201,0.0853,3.0888,33.8049,230.7249,0.1464,0.0857,2.507,33.9884,232.2869,0.1459,0.0708
2016-03-17T00:25:59.386Z,5.2837,50.0812,228.9864,0.2189,0.1042,2.689,35.4649,230.0761,0.1543,0.0813,2.4136,33.2047,232.2013,0.1428,0.0746
2016-03-17T00:26:59.685Z,4.3666,49.2042,228.5774,0.2144,0.0889,2.7498,33.4487,229.8071,0.1456,0.089,2.4091,35.8888,231.927,0.1549,0.0718
2016-03-17T00:27:59.562Z,3.741,48.9918,229.2375,0.2141,0.0773,2.767,32.6842,230.6589,0.1418,0.0862,3.0592,36.1166,232.1608,0.1558,0.0833
2016-03-17T00:28:59.853Z,4.3534,50.4175,230.079,0.2192,0.088,3.124,34.1044,231.6012,0.1466,0.0903,2.9764,34.5185,232.5509,0.1486,0.0845
2016-03-17T00:29:59.391Z,4.6376,50.4207,230.0398,0.2188,0.0929,2.5957,34.7525,231.6334,0.1501,0.0771,2.1766,34.2135,232.3015,0.1473,0.0667
2016-03-17T00:30:59.839Z,3.0964,48.8908,229.097,0.2138,0.0636,2.5416,31.2204,230.3427,0.1358,0.0856,2.6229,37.2223,231.4584,0.1608,0.0708
2016-03-17T00:31:59.086Z,3.8208,49.256,229.6668,0.2146,0.0779,3.0408,36.798,230.7916,0.1596,0.0792,2.0717,33.7856,231.478,0.1458,0.0678
2016-03-17T00:32:59.311Z,4.3362,50.4903,229.509,0.2199,0.0868,2.8162,33.4658,231.5499,0.1442,0.0919,2.6586,35.3533,231.551,0.1526,0.0725
2016-03-17T00:33:59.164Z,3.8858,49.1379,229.8409,0.2138,0.0796,2.9624,34.4613,231.5208,0.1487,0.0907,1.9993,35.4956,231.4764,0.1532,0.0576
2016-03-17T00:34:59.531Z,3.5232,49.9358,229.6434,0.2174,0.0705,2.4465,35.3992,231.1167,0.153,0.0766,2.3646,33.0387,231.2231,0.1426,0.0729
2016-03-17T00:35:59.761Z,4.3716,48.2253,228.7228,0.2113,0.089,2.8302,30.8883,230.5561,0.134,0.0986,2.274,35.5385,231.1207,0.1539,0.0693
2016-03-17T00:36:59.048Z,5.4366,49.8532,228.2591,0.2188,0.1072,2.5229,31.6418,230.1013,0.1378,0.09,2.7249,34.0746,231.2652,0.1473,0.0771
2016-03-17T00:37:59.353Z,3.8988,50.4477,229.8074,0.2189,0.0764,3.2673,34.1556,231.5005,0.1479,0.0959,1.9198,34.7565,231.8393,0.1497,0.0609
2016-03-17T00:38:59.739Z,3.9293,50.452,231.8419,0.2175,0.0773,2.596,35.5956,231.6404,0.1537,0.0809,2.3768,34.9084,231.8086,0.1505,0.0693
2016-03-17T00:39:59.236Z,3.8775,50.0147,231.9182,0.2157,0.0774,2.8737,34.5801,231.5848,0.1492,0.0846,2.8702,35.1702,231.9803,0.1516,0.0875
2016-03-17T00:40:59.586Z,4.5964,51.2045,231.8587,0.2211,0.0907,2.7266,35.1508,231.8914,0.1512,0.0836,2.3165,35.2491,232.3692,0.1513,0.0663
2016-03-17T00:41:59.885Z,4.5609,50.7786,232.2877,0.219,0.0905,2.7399,33.8673,231.9224,0.1456,0.0878,2.4655,34.0441,232.7225,0.1465,0.0771
2016-03-17T00:42:59.671Z,4.736,51.2478,232.3979,0.2201,0.0898,3.3643,33.2993,231.9003,0.1434,0.108,2.7908,35.1162,232.7846,0.1508,0.0862
2016-03-17T00:44:59.389Z,4.3265,50.6792,232.4576,0.2182,0.0859,3.0522,33.5669,231.5734,0.1448,0.097,2.1071,34.4156,232.6715,0.1481,0.0645
2016-03-17T00:45:59.736Z,3.9319,49.9395,232.4604,0.2147,0.0775,2.5962,34.4402,231.2864,0.1487,0.0796,2.6525,36.5749,232.0248,0.1576,0.0716
2016-03-17T00:46:59.169Z,3.5926,50.3759,233.4478,0.216,0.0714,2.9203,32.7381,230.4552,0.1417,0.0913,2.8728,33.9724,232.18,0.146,0.0869
2016-03-17T00:47:59.539Z,4.1132,50.1314,233.0408,0.215,0.0825,2.9763,33.6259,231.4342,0.1454,0.0937,2.955,35.5934,232.9379,0.1528,0.0847
2016-03-17T00:48:59.891Z,4.588,51.2948,232.1682,0.2204,0.0871,2.5886,33.7827,231.1315,0.1463,0.0824,2.1649,35.4627,232.5351,0.1524,0.062
2016-03-17T00:49:59.532Z,4.1453,50.2449,232.1282,0.2157,0.0806,2.4119,34.8384,230.769,0.1506,0.0776,2.5948,35.9377,232.4273,0.1543,0.0706
2016-03-17T00:50:59.009Z,3.7376,49.7199,231.8618,0.2141,0.0775,2.8293,34.0234,228.271,0.1492,0.0852,1.6646,33.9022,232.7411,0.1455,0.0535
2016-03-17T00:51:59.294Z,5.0827,51.1795,232.4077,0.2199,0.0998,2.7044,33.9953,228.5052,0.1488,0.0819,2.3449,35.7696,232.9633,0.154,0.0701
2016-03-17T00:52:59.783Z,4.4367,50.8664,232.458,0.2188,0.0876,2.8848,33.7318,229.1212,0.1471,0.0867,2.5203,34.3638,232.9676,0.1473,0.0799
2016-03-17T00:53:59.118Z,4.158,49.438,232.124,0.2129,0.0828,2.6798,32.5898,227.5003,0.1432,0.0922,2.6233,34.3609,233.1329,0.1476,0.0783
2016-03-17T00:54:59.150Z,1.7084,50.096,231.2378,0.2167,0.0353,3.5912,34.9693,227.7565,0.1542,0.1068,2.4131,35.5286,231.8222,0.1534,0.0708
2016-03-17T00:55:59.364Z,2.2988,49.3305,230.5277,0.214,0.047,3.3933,33.1101,229.4318,0.1437,0.1062,2.7404,33.2983,230.8585,0.1448,0.0785
2016-03-17T00:56:59.064Z,1.7639,50.5606,229.8237,0.2207,0.0344,3.1551,34.7829,229.6446,0.1519,0.0954,2.3529,34.7201,230.3539,0.1503,0.0717
2016-03-17T00:57:59.299Z,2.6993,49.689,230.7375,0.2154,0.0559,3.4365,34.2203,230.1365,0.1487,0.1071,2.6896,34.9155,232.0688,0.1507,0.0835
2016-03-17T00:58:59.906Z,1.8165,49.9136,231.0072,0.2166,0.0357,3.2533,34.4422,230.4274,0.1502,0.1039,1.7105,34.401,232.3764,0.1477,0.0622
2016-03-17T00:59:59.123Z,2.0787,50.338,231.4146,0.2172,0.0404,3.995,34.5837,230.5202,0.15,0.1207,2.6026,36.0761,232.4199,0.1553,0.0787
