2016-04-05T00:00:59.629Z,5.6754,44.7627,233.7909,0.1913,0.1247,2.1759,22.8498,233.6514,0.0977,0.1079,2.54,24.7609,233.5759,0.1063,0.1268
2016-04-05T00:02:59.700Z,4.2966,44.1918,233.4106,0.1893,0.0975,1.9821,22.2772,232.9711,0.0956,0.0982,3.4185,24.4891,233.3886,0.1049,0.1575
2016-04-05T00:03:59.056Z,4.356,44.1498,233.0713,0.1894,0.0976,2.0376,20.3198,232.5149,0.0877,0.1198,3.2539,22.4276,233.4526,0.0959,0.1647
2016-04-05T00:04:59.432Z,4.984,44.554,233.3519,0.1907,0.1124,1.88,18.7696,232.8305,0.081,0.1232,2.9941,23.4996,233.4558,0.1011,0.1487
2016-04-05T00:05:59.933Z,5.5897,44.5,233.819,0.191,0.1262,2.0636,18.7029,233.1579,0.0805,0.1167,3.6179,21.9709,233.407,0.0942,0.1757
2016-04-05T00:06:59.334Z,4.553,45.1022,233.9702,0.1931,0.1032,2.1063,21.9167,233.1659,0.0939,0.1089,3.0466,22.5271,233.3038,0.0968,0.1494
2016-04-05T00:07:59.195Z,4.2374,43.4481,233.9137,0.1854,0.0982,1.9254,20.6253,233.1714,0.0884,0.112,3.1758,23.6891,233.1479,0.102,0.1562
2016-04-05T00:08:59.759Z,4.9947,44.3648,233.7159,0.1896,0.1132,1.7588,19.9833,231.0395,0.0859,0.0967,2.9781,24.9081,233.5592,0.1062,0.1426
2016-04-05T00:09:59.079Z,4.6571,44.151,233.0262,0.1896,0.1068,2.1881,20.1686,229.6662,0.088,0.1236,2.9783,25.951,233.4964,0.1107,0.1388
2016-04-05T00:10:59.443Z,4.419,44.2012,232.6985,0.1899,0.0989,1.9524,21.0947,230.9323,0.0911,0.1027,3.2295,25.6774,233.2072,0.1096,0.1473
2016-04-05T00:11:59.890Z,3.838,44.1356,232.3826,0.1898,0.0874,2.1366,23.1445,231.7701,0.1,0.0966,3.0969,24.4235,232.7413,0.1049,0.1491
2016-04-05T00:12:59.507Z,3.9566,43.6537,232.3424,0.188,0.0921,2.091,22.4743,231.7914,0.0967,0.0981,2.6987,25.4933,232.4656,0.1098,0.1349
2016-04-05T00:13:59.988Z,5.2573,44.2074,232.6246,0.1896,0.1199,1.5877,22.269,231.884,0.0961,0.0914,3.4557,22.6266,232.4962,0.0971,0.1657
2016-04-05T00:14:59.378Z,4.4798,44.1189,232.339,0.1898,0.1044,2.117,21.7413,231.7079,0.0943,0.1091,3.3589,25.5677,232.702,0.1099,0.1457
2016-04-05T00:15:59.809Z,4.3102,44.0328,231.047,0.1907,0.0992,1.9257,23.031,231.6863,0.0995,0.0918,2.8745,23.964,232.5428,0.1027,0.1418
2016-04-05T00:16:59.405Z,4.2449,42.7628,231.4048,0.1847,0.1003,1.6922,20.645,232.3891,0.0891,0.0994,3.2116,26.2533,232.9267,0.1126,0.1417
2016-04-05T00:17:59.905Z,4.8054,43.7142,231.0591,0.1891,0.1108,2.0179,20.2027,232.2843,0.0866,0.1049,2.7013,24.622,233.0991,0.1056,0.1374
2016-04-05T00:18:59.063Z,4.9556,43.5182,231.7082,0.1878,0.1143,2.1526,22.6126,233.2816,0.097,0.1002,2.8346,25.8389,234.032,0.1104,0.1422
2016-04-05T00:19:59.614Z,5.0338,43.7811,231.9882,0.1883,0.1164,1.5949,17.1695,233.3465,0.0737,0.1015,2.8549,22.669,234.1426,0.0971,0.146
2016-04-05T00:20:59.901Z,3.9557,43.2345,232.8322,0.1857,0.092,1.9703,19.8267,233.1395,0.0851,0.1093,2.9756,26.6513,234.2399,0.1141,0.128
2016-04-05T00:21:59.462Z,3.7334,43.5572,233.7836,0.1861,0.0873,1.7151,22.0963,232.4428,0.0949,0.0968,3.567,24.4931,234.4811,0.1048,0.1597
2016-04-05T00:22:59.850Z,5.178,44.5939,233.7346,0.1908,0.1175,2.1737,20.667,232.5187,0.0889,0.1035,3.0593,24.5963,234.1126,0.1052,0.1524
2016-04-05T00:23:59.222Z,5.1304,44.8689,233.5803,0.1917,0.1146,1.6097,22.4047,232.3363,0.0964,0.0923,3.391,23.1754,233.5693,0.0989,0.1611
2016-04-05T00:24:59.508Z,4.7862,44.5103,234.2298,0.1902,0.1092,1.8111,23.1293,232.5797,0.0995,0.0908,2.8447,23.6938,233.2519,0.101,0.146
2016-04-05T00:25:59.184Z,4.7515,44.9471,234.8704,0.191,0.1067,1.5358,19.5114,232.4369,0.0836,0.0979,3.0369,22.2944,232.4948,0.0955,0.1577
2016-04-05T00:26:59.401Z,5.1815,44.9418,234.8297,0.1912,0.1148,1.7907,21.3025,232.8452,0.0912,0.0969,2.7221,25.3015,232.1089,0.1082,0.1348
2016-04-05T00:27:59.976Z,5.0046,44.2465,234.4179,0.1886,0.1148,1.9886,21.0609,232.8525,0.0904,0.1036,3.2416,24.0998,232.5428,0.1039,0.1549
2016-04-05T00:28:59.310Z,4.7974,44.3533,234.1651,0.1891,0.1112,1.8803,20.9265,232.921,0.0901,0.0982,3.1904,23.9917,232.6831,0.1037,0.1537
2016-04-05T00:29:59.819Z,4.9367,44.4472,233.8397,0.1902,0.1125,1.6828,20.0846,232.8677,0.086,0.1012,3.2022,23.8902,232.2323,0.1034,0.1524
2016-04-05T00:30:59.134Z,5.1099,44.4016,233.5554,0.1899,0.1157,1.7354,19.7392,232.6988,0.0847,0.1067,3.238,22.2368,232.0388,0.096,0.1649
2016-04-05T00:31:59.387Z,4.3014,44.1553,233.4848,0.1896,0.098,1.4842,19.4914,232.7438,0.0835,0.1003,3.161,23.1707,232.5415,0.1002,0.1532
2016-04-05T00:32:59.706Z,4.0487,44.3949,233.6553,0.1898,0.0911,1.9916,23.8064,232.4004,0.1023,0.0977,3.1552,23.5683,232.68,0.1014,0.1509
2016-04-05T00:33:59.018Z,4.683,44.3829,233.5743,0.19,0.1063,2.1437,22.1797,232.8926,0.0949,0.1149,3.0654,24.4908,232.8683,0.1057,0.144
2016-04-05T00:34:59.450Z,4.6924,44.1997,233.3645,0.1897,0.1063,1.5071,20.3611,232.7215,0.0872,0.0949,2.9527,24.5954,233.0328,0.1057,0.1414
2016-04-05T00:35:59.762Z,4.8664,44.4774,233.241,0.1904,0.1098,1.9054,21.7824,232.4497,0.0937,0.1029,3.4212,24.7609,232.8836,0.1057,0.1568
2016-04-05T00:36:59.081Z,4.6181,44.1977,233.6353,0.1893,0.1054,1.621,22.1352,229.7647,0.0967,0.0813,2.9117,24.8833,233.6484,0.1071,0.1333
2016-04-05T00:37:59.320Z,4.2529,42.7876,233.5229,0.1834,0.0986,1.7859,16.7768,229.9201,0.0726,0.1166,2.6818,26.3536,233.7368,0.1133,0.1264
2016-04-05T00:38:59.653Z,5.048,44.6476,232.8673,0.1917,0.113,1.8377,20.5468,232.7114,0.0887,0.0986,3.4312,24.2242,232.986,0.104,0.1601
2016-04-05T00:39:59.917Z,5.3571,44.5645,232.7141,0.1915,0.1201,1.3367,18.3107,232.6053,0.0786,0.0901,3.5037,24.5422,232.6667,0.106,0.1629
2016-04-05T00:40:59.633Z,4.9862,44.9912,233.6017,0.1929,0.112,2.0432,21.5527,232.3999,0.092,0.0947,3.6724,22.3042,232.8022,0.0961,0.176
2016-04-05T00:41:59.803Z,3.8154,44.0082,233.959,0.188,0.0865,1.821,18.9848,233.2318,0.0814,0.1052,3.0429,22.7982,232.77,0.0983,0.1502
2016-04-05T00:42:59.989Z,4.2841,44.6165,233.81,0.191,0.0957,2.2409,19.5071,233.1585,0.0838,0.1233,3.2918,22.8295,232.5193,0.0987,0.1558
2016-04-05T00:43:59.322Z,4.9657,44.385,233.3212,0.1898,0.1133,1.8267,20.1331,232.7104,0.0863,0.1101,2.8219,22.4568,233.2498,0.0964,0.1486
2016-04-05T00:44:59.527Z,5.1479,44.3357,233.2827,0.1904,0.1168,1.9626,19.7821,232.5912,0.0858,0.1124,3.0065,23.2984,233.3651,0.0999,0.1493
2016-04-05T00:45:59.832Z,5.5533,44.8418,233.3731,0.1924,0.1224,1.8733,20.6835,232.8474,0.0887,0.1057,3.1887,23.6211,233.4389,0.1015,0.157
2016-04-05T00:46:59.316Z,4.1966,43.5139,233.3921,0.1871,0.0956,1.7968,17.7557,232.7219,0.0758,0.1076,2.984,24.9578,233.4949,0.1067,0.1404
2016-04-05T00:47:59.583Z,3.4948,43.1723,233.4576,0.1851,0.0801,2.074,19.8508,232.0341,0.0854,0.109,3.169,23.8213,233.5993,0.1018,0.1491
2016-04-05T00:48:59.413Z,4.8929,43.9723,233.5617,0.1881,0.1128,1.733,19.7117,232.1181,0.085,0.095,3.1324,23.778,233.5653,0.1012,0.1524
2016-04-05T00:49:59.642Z,4.9686,45.1068,233.2289,0.1934,0.1113,1.866,21.3747,232.5867,0.092,0.1003,3.1787,23.2108,233.5249,0.0996,0.1558
2016-04-05T00:50:59.939Z,5.0912,44.1403,233.3373,0.1892,0.1152,2.1865,19.8155,232.7882,0.0847,0.1199,3.0768,24.1408,233.4936,0.1032,0.1479
2016-04-05T00:51:59.197Z,3.9896,43.4943,233.4652,0.1867,0.0931,1.8041,18.6923,232.7531,0.0802,0.1007,2.9788,24.5027,233.1678,0.105,0.1404
2016-04-05T00:52:59.242Z,4.6144,43.9756,233.5521,0.1888,0.1048,1.7052,19.9054,233.3916,0.0849,0.1051,3.2136,22.0188,233.4689,0.0941,0.1629
2016-04-05T00:53:59.629Z,5.4477,44.3304,233.4715,0.1902,0.123,1.8955,20.1089,233.4396,0.0862,0.1136,3.0522,24.3855,233.5677,0.1042,0.1504
2016-04-05T00:54:59.015Z,5.0633,44.749,233.4644,0.192,0.114,1.5124,21.4444,233.1994,0.0926,0.0983,2.8756,25.063,233.5513,0.1072,0.1396
2016-04-05T00:55:59.754Z,4.3448,44.4685,233.327,0.191,0.0984,1.9786,22.544,230.8705,0.0977,0.0959,3.3867,25.3741,234.3732,0.1084,0.15
2016-04-05T00:56:59.403Z,3.7473,43.3518,232.9237,0.1863,0.0872,2.0294,21.7556,231.023,0.0942,0.1064,2.9552,25.8532,234.6532,0.1099,0.1386
2016-04-05T00:57:59.931Z,4.5222,43.717,232.3942,0.1883,0.1043,1.9199,19.7914,230.2223,0.0863,0.1059,3.3997,24.0186,234.0304,0.1027,0.1597
2016-04-05T00:58:59.281Z,5.1071,44.367,233.0183,0.1902,0.1167,2.1649,20.5487,230.3948,0.0892,0.115,3.0019,24.8614,234.4619,0.1059,0.147
2016-04-05T00:59:59.637Z,4.9527,44.7,233.432,0.1915,0.1111,2.163,22.9364,230.4521,0.0991,0.1044,3.5189,24.3787,234.368,0.104,0.1637
2016-04-05T01:00:59.105Z,4.3081,44.1803,233.7971,0.1892,0.0991,2.3067,23.3636,230.845,0.1011,0.1124,3.0306,25.7602,234.4353,0.1101,0.1319
2016-04-05T01:01:59.125Z,4.4755,44.2607,234.2607,0.1896,0.1029,2.3986,21.9122,229.6086,0.0956,0.1185,3.2031,25.6886,234.7651,0.1086,0.1482
2016-04-05T01:02:59.345Z,4.8166,44.9752,234.243,0.1922,0.1086,1.9973,20.7535,229.953,0.0902,0.1065,2.802,25.1227,234.6256,0.1073,0.1414
2016-04-05T01:03:59.653Z,5.0562,44.6282,234.1926,0.1905,0.1143,2.009,20.9464,229.06,0.0908,0.1091,2.9221,24.92,234.5937,0.1056,0.1416
2016-04-05T01:04:59.051Z,4.2736,44.1898,234.0871,0.1894,0.0961,2.0826,20.2271,229.2517,0.0874,0.1178,3.2084,24.7871,234.5576,0.1056,0.1496
2016-04-05T01:05:59.645Z,3.4245,43.7617,233.4974,0.1878,0.0791,1.9171,21.0505,228.794,0.0918,0.1164,3.0314,26.3279,234.4653,0.1124,0.1402
2016-04-05T01:06:59.818Z,4.4786,43.8643,233.073,0.1887,0.1029,2.2921,22.2131,230.7396,0.096,0.1091,2.9457,25.4919,233.9607,0.1085,0.141
2016-04-05T01:07:59.233Z,4.9141,44.6637,233.1576,0.1913,0.1116,1.7582,17.6924,231.4054,0.0762,0.113,3.3034,23.6249,233.307,0.1013,0.1603
2016-04-05T01:08:59.625Z,5.3647,44.6767,233.4456,0.1918,0.1193,2.0125,23.4293,231.7258,0.1016,0.107,3.6304,23.7319,232.8767,0.1016,0.1693
2016-04-05T01:09:59.989Z,4.0836,44.0717,233.572,0.1888,0.0945,2.1254,20.485,232.051,0.0879,0.1086,3.3272,26.4037,233.1443,0.113,0.146
2016-04-05T01:10:59.486Z,4.3098,43.9738,234.0856,0.1876,0.097,1.8949,19.0482,232.1137,0.0816,0.1149,3.154,22.4398,232.9163,0.0964,0.1602
2016-04-05T01:11:59.136Z,5.295,44.5192,234.1822,0.1908,0.1188,1.5908,15.5726,232.6378,0.0673,0.1289,3.0064,20.7012,233.3853,0.0886,0.1652
2016-04-05T01:12:59.283Z,5.2388,44.2963,234.2667,0.1887,0.1175,1.4822,19.1231,232.3404,0.0825,0.0978,3.304,25.3033,233.5675,0.1081,0.1545
2016-04-05T01:13:59.511Z,4.1989,45.1102,234.2377,0.1927,0.0955,1.7309,20.9143,231.9925,0.09,0.1074,3.0241,24.9608,233.57,0.1074,0.1365
2016-04-05T01:14:59.234Z,4.1309,43.8621,233.9806,0.1872,0.0942,2.2994,23.7063,231.6386,0.1018,0.1012,3.2182,25.7008,233.1236,0.1102,0.1472
2016-04-05T01:15:59.901Z,4.7463,45.5749,234.3725,0.1943,0.1058,1.846,20.6843,231.4863,0.089,0.1116,3.1059,23.3013,233.3451,0.0996,0.1546
2016-04-05T01:16:59.149Z,5.048,43.8977,234.4281,0.1872,0.1144,1.8998,20.4294,232.0736,0.0881,0.1006,3.3007,24.5268,233.3907,0.105,0.1582
2016-04-05T01:17:59.719Z,4.9825,44.8746,234.3725,0.1915,0.1121,2.4498,22.8944,232.0265,0.0988,0.1119,3.2284,25.7664,233.1884,0.111,0.1476
2016-04-05T01:18:59.027Z,3.976,43.9993,234.0802,0.1881,0.0902,1.9756,21.5007,231.4198,0.0928,0.1002,3.0772,23.8922,232.9896,0.1028,0.1576
2016-04-05T01:19:59.435Z,3.5129,43.91,233.9461,0.1879,0.0798,2.0022,22.9042,231.3411,0.0991,0.0971,3.1862,26.1961,232.8474,0.1122,0.1429
2016-04-05T01:20:59.017Z,5.0072,45.1256,234.2006,0.1926,0.1112,1.7193,16.4718,231.9097,0.0711,0.1194,3.226,20.6154,232.956,0.0886,0.1749
2016-04-05T01:21:59.335Z,5.1582,45.0508,234.2464,0.1923,0.1145,1.8852,19.6788,232.3326,0.0843,0.1062,2.7243,23.0125,233.1854,0.0992,0.1458
2016-04-05T01:22:59.760Z,4.4165,44.8677,234.4372,0.1911,0.1011,1.6343,20.697,232.7088,0.0888,0.0979,3.2227,25.666,232.9778,0.1098,0.1403
2016-04-05T01:23:59.583Z,4.3728,44.0539,234.5117,0.1874,0.1008,1.6941,21.5379,232.884,0.0928,0.096,3.1191,25.4332,232.7646,0.1088,0.1429
2016-04-05T01:24:59.865Z,5.0374,44.8129,234.2148,0.1911,0.1134,1.6516,22.7315,232.643,0.0976,0.0921,3.4258,23.6926,232.382,0.1018,0.1573
2016-04-05T01:25:59.134Z,5.2843,44.5923,233.4294,0.1916,0.1189,1.8956,21.5649,231.9927,0.0932,0.0978,3.2484,24.3622,231.8397,0.1053,0.1512
2016-04-05T01:26:59.917Z,4.288,43.6364,233.5449,0.1874,0.098,1.6984,18.8496,232.4177,0.0807,0.1009,3.1912,26.1703,232.3432,0.1124,0.1457
2016-04-05T01:27:59.203Z,3.4691,44.4322,234.0944,0.1894,0.0792,1.8636,21.3157,232.395,0.0916,0.0938,3.0087,22.3316,232.0499,0.0966,0.158
2016-04-05T01:28:59.673Z,4.2305,43.0514,233.846,0.184,0.0982,1.7032,20.7974,232.539,0.0891,0.0971,3.2068,24.2902,233.157,0.104,0.149
2016-04-05T01:29:59.903Z,5.0377,44.8847,233.5055,0.1922,0.1118,1.5253,20.8351,232.4891,0.089,0.0854,2.8137,26.1048,233.0491,0.1116,0.1332
2016-04-05T01:30:59.348Z,5.107,43.9689,232.2563,0.1894,0.1168,1.8406,20.8231,232.8894,0.0894,0.107,3.3482,25.3029,232.8601,0.1084,0.1494
2016-04-05T01:31:59.084Z,4.2796,44.3477,232.3066,0.1918,0.097,1.7195,23.4943,232.8649,0.101,0.0858,3.2351,23.9881,232.8953,0.1031,0.1509
2016-04-05T01:32:59.375Z,4.3264,44.2863,232.2804,0.191,0.0993,1.8176,20.4497,233.1908,0.0871,0.1073,3.1018,20.3681,232.6947,0.0879,0.1635
2016-04-05T01:33:59.503Z,6.0819,44.4197,232.3833,0.1913,0.1366,1.3244,13.5862,233.9519,0.058,0.1142,3.0899,20.8092,232.7151,0.0898,0.1687
2016-04-05T01:34:59.875Z,4.8226,44.3701,232.3813,0.191,0.1118,2.2473,23.0078,233.9209,0.0984,0.0988,2.9547,25.199,232.6742,0.1083,0.14
2016-04-05T01:35:59.227Z,4.464,43.7863,233.7822,0.1876,0.1049,2.1531,21.8108,233.0104,0.0932,0.0961,2.8487,25.3099,232.3763,0.1089,0.1317
2016-04-05T01:36:59.666Z,4.182,44.1188,234.4023,0.1882,0.0935,2.0436,23.7195,233.1246,0.1012,0.0913,3.2099,25.4914,232.3374,0.1098,0.1521
2016-04-05T01:38:59.305Z,5.1566,43.8,234.3402,0.187,0.1178,1.9064,19.905,233.1957,0.0853,0.109,3.0517,24.8828,232.7109,0.1072,0.1479
2016-04-05T01:39:59.585Z,4.8364,44.3914,234.2285,0.1896,0.111,1.8973,22.5817,233.296,0.0966,0.0927,3.0086,25.4555,232.6087,0.1096,0.1359
2016-04-05T01:40:59.782Z,4.6105,44.3462,234.1741,0.1892,0.1037,2.1438,20.7063,233.3412,0.0887,0.1193,3.5705,23.7248,232.5289,0.1025,0.1638
2016-04-05T01:41:59.608Z,4.4798,44.4876,234.5932,0.1901,0.0991,2.0955,23.0852,233.4843,0.0991,0.1022,3.0013,23.4112,232.6291,0.1002,0.1453
2016-04-05T01:42:59.869Z,5.099,44.7126,234.1403,0.1914,0.1154,2.1486,20.9953,233.1138,0.0897,0.1113,3.4346,24.5389,232.1934,0.1057,0.1582
2016-04-05T01:43:59.097Z,5.4458,44.3312,234.8492,0.1887,0.1212,2.1219,21.685,233.9589,0.0922,0.1091,3.2927,25.6428,232.9106,0.11,0.1466
2016-04-05T01:44:59.781Z,4.274,44.3596,234.8312,0.1891,0.0984,1.9922,20.3662,233.6957,0.0867,0.1033,2.8898,24.4664,233.1992,0.1049,0.1373
2016-04-05T01:45:59.967Z,4.0689,44.1164,234.9097,0.1878,0.0918,1.9526,20.3951,233.7849,0.0874,0.1026,3.2185,25.6378,233.4589,0.1099,0.1459
2016-04-05T01:46:59.232Z,5.2554,44.3654,234.8917,0.189,0.1179,1.8141,21.066,233.6813,0.0902,0.0996,3.2054,24.7456,233.6127,0.107,0.1531
2016-04-05T01:47:59.577Z,5.1805,44.5774,234.3596,0.1904,0.1171,1.7205,21.4809,233.9419,0.092,0.0987,2.9319,23.454,233.3981,0.1012,0.1524
2016-04-05T01:48:59.366Z,4.546,44.1948,234.3002,0.1884,0.1018,1.5619,19.5647,233.8274,0.0841,0.096,3.3711,25.907,233.6609,0.1104,0.1542
2016-04-05T01:49:59.604Z,3.9911,42.9232,234.162,0.1834,0.0937,1.9647,19.5523,233.1643,0.0843,0.1165,3.2304,26.7074,233.5463,0.1133,0.1402
2016-04-05T01:50:59.837Z,4.6945,44.3822,234.3156,0.1893,0.1059,1.8897,20.3198,233.3651,0.0876,0.1024,2.9918,24.5584,233.7386,0.1053,0.1424
2016-04-05T01:51:59.071Z,5.3424,44.9233,233.7109,0.1918,0.1202,1.5158,19.0242,232.9913,0.0816,0.0981,3.3484,23.466,233.1446,0.1008,0.1633
2016-04-05T01:52:59.582Z,4.7998,44.1052,233.3128,0.189,0.1102,2.1362,23.9982,232.9432,0.1032,0.0898,2.8232,24.6479,232.9858,0.1059,0.1432
2016-04-05T01:53:59.848Z,4.4478,44.5582,232.8857,0.1911,0.1009,1.8169,19.737,232.2756,0.0848,0.1067,3.0151,25.4182,232.8946,0.1097,0.1384
2016-04-05T01:54:59.878Z,3.9209,43.9903,233.2389,0.1888,0.0892,1.968,21.3158,232.0678,0.0913,0.1053,2.7241,24.4719,233.1584,0.1049,0.1337
2016-04-05T01:55:59.104Z,4.7914,43.3786,232.2842,0.1863,0.1113,1.8159,18.8989,232.2949,0.0816,0.1103,2.7801,25.1575,233.0942,0.1081,0.136
2016-04-05T01:56:59.809Z,4.8792,43.7374,232.5696,0.188,0.1113,1.852,21.5713,232.7053,0.0924,0.0984,3.4333,26.5559,233.6837,0.1132,0.1476
2016-04-05T01:57:59.068Z,5.014,44.5109,233.4511,0.1907,0.1127,1.6682,19.1222,232.379,0.0828,0.1078,3.2088,25.2117,233.3709,0.1083,0.1491
2016-04-05T01:58:59.395Z,3.9845,43.9382,233.9325,0.1878,0.0917,1.8926,24.2043,231.9501,0.1045,0.0941,3.2409,24.9959,233.4784,0.1066,0.1488
2016-04-05T01:59:59.262Z,4.1522,44.1612,234.1972,0.1891,0.0946,1.9118,20.5947,231.6703,0.0889,0.1144,3.3428,22.9202,233.348,0.0984,0.1572
2016-04-05T02:00:59.826Z,4.9598,44.968,233.9929,0.1917,0.1116,2.1374,24.3267,232.0892,0.1043,0.1042,3.1971,24.7383,233.5889,0.106,0.1464
2016-04-05T02:01:59.359Z,4.8207,44.4056,234.1107,0.1898,0.11,2.2356,20.0918,232.1141,0.0864,0.1152,2.8124,24.7312,234.1869,0.106,0.1408
2016-04-05T02:02:59.078Z,4.6157,44.2822,234.2649,0.189,0.1044,1.8632,22.3466,232.308,0.0954,0.094,2.8947,26.2698,234.3936,0.1122,0.1329
2016-04-05T02:03:59.512Z,4.0841,44.3468,234.3087,0.189,0.0924,1.8269,23.7543,232.1854,0.1022,0.0993,3.1574,23.8391,234.2837,0.1016,0.1487
2016-04-05T02:04:59.942Z,4.1636,43.9289,234.0323,0.1876,0.0945,1.712,21.344,232.3315,0.0914,0.0962,3.4888,26.0175,233.8412,0.1121,0.1528
2016-04-05T02:05:59.244Z,4.8887,44.8271,234.0628,0.1918,0.1109,1.7887,21.5647,232.4141,0.0928,0.1023,3.3452,24.8511,233.9723,0.1066,0.1506
2016-04-05T02:06:59.691Z,4.7078,44.6307,234.343,0.1904,0.1059,1.5902,21.9077,232.1599,0.0937,0.0966,2.8429,26.337,233.7844,0.1129,0.1344
2016-04-05T02:07:59.971Z,4.4776,44.222,234.2632,0.1891,0.1028,1.8032,20.3445,232.6961,0.0874,0.1111,3.0962,24.9984,233.5297,0.1075,0.1471
2016-04-05T02:08:59.370Z,3.7254,44.0814,234.205,0.1878,0.0853,2.4297,24.5126,232.7903,0.1058,0.0958,2.7603,25.3547,233.3913,0.1082,0.1304
2016-04-05T02:09:59.364Z,3.8885,44.1529,234.3364,0.1885,0.0902,1.7602,20.3348,233.0674,0.0873,0.0932,2.8282,24.4359,233.3837,0.1046,0.1399
2016-04-05T02:10:59.698Z,5.0365,45.0325,234.4057,0.1925,0.1121,2.0978,21.1148,233.0398,0.0907,0.1068,3.5381,25.0324,233.7677,0.1069,0.1608
2016-04-05T02:11:59.058Z,5.181,44.2797,234.145,0.1887,0.1171,2.3121,22.6439,233.331,0.0969,0.1109,3.3129,24.8907,233.6821,0.1071,0.1499
2016-04-05T02:12:59.462Z,4.8598,44.6484,234.2257,0.1905,0.1102,1.7118,22.1578,233.4312,0.0946,0.088,3.1587,25.3833,233.6322,0.1086,0.1449
2016-04-05T02:13:59.012Z,3.6857,43.7415,234.0448,0.1871,0.0851,1.7992,20.852,232.9411,0.0897,0.1024,3.2903,25.5044,233.6379,0.1092,0.1438
2016-04-05T02:14:59.841Z,4.0971,43.2585,233.8193,0.1851,0.0958,1.7352,20.6092,232.6657,0.0885,0.1037,3.1762,26.3508,233.746,0.1123,0.1436
2016-04-05T02:15:59.075Z,5.4296,44.8379,233.6231,0.192,0.1222,1.7692,21.5826,232.7222,0.0924,0.1039,3.1551,23.067,234.3191,0.0987,0.1579
2016-04-05T02:16:59.374Z,5.039,44.6686,233.8584,0.1909,0.1141,2.2207,21.0308,232.919,0.0904,0.1055,3.1163,24.8134,234.4101,0.1062,0.1526
2016-04-05T02:17:59.670Z,4.1319,43.9118,233.5623,0.1879,0.094,1.7681,23.0399,232.9,0.0989,0.1047,3.1492,26.088,234.2035,0.1116,0.1401
2016-04-05T02:18:59.174Z,3.6366,44.222,233.4169,0.1897,0.082,2.2372,21.664,233.5369,0.0928,0.1169,2.839,24.808,233.9592,0.1064,0.1324
2016-04-05T02:19:59.541Z,5.1487,43.7946,232.8639,0.188,0.1195,1.8032,19.7357,233.2211,0.0851,0.1017,2.95,23.1238,233.3878,0.0995,0.1548
2016-04-05T02:20:59.972Z,4.9481,44.223,232.8015,0.1902,0.112,1.7368,18.5646,233.1793,0.0793,0.116,3.3735,23.0163,233.6418,0.0987,0.1644
2016-04-05T02:21:59.111Z,4.8139,44.0862,233.0961,0.1889,0.1098,1.7516,20.4858,233.629,0.0872,0.1029,3.0658,25.5316,234.1406,0.1091,0.1403
2016-04-05T02:22:59.367Z,4.4982,44.1354,233.0119,0.1895,0.1022,2.0818,20.4431,233.3018,0.0879,0.104,3.1533,25.6392,233.8336,0.1093,0.1464
2016-04-05T02:23:59.793Z,3.7929,43.5104,233.025,0.1868,0.0863,1.94,23.6459,233.4067,0.1013,0.0818,2.8816,25.2403,233.7553,0.1078,0.1365
2016-04-05T02:24:59.841Z,4.7598,44.3875,232.6416,0.1908,0.1096,2.3056,22.3643,232.9912,0.096,0.1103,3.3553,24.382,233.1151,0.1045,0.1564
2016-04-05T02:25:59.186Z,4.6943,43.9849,232.538,0.1891,0.1089,1.9212,22.1678,232.8003,0.0954,0.1042,3.0622,24.8464,233.0892,0.1067,0.1458
2016-04-05T02:26:59.840Z,5.2735,43.7195,232.975,0.1878,0.1205,2.0361,22.2515,231.5535,0.0959,0.0912,2.7775,24.8368,233.3023,0.1065,0.1315
2016-04-05T02:27:59.347Z,3.6471,44.2693,233.205,0.1898,0.0839,1.3421,20.1204,229.2423,0.088,0.0798,2.6093,25.3229,233.6622,0.1089,0.127
2016-04-05T02:28:59.663Z,3.9244,42.9825,232.9512,0.1844,0.0919,1.8347,18.5033,231.7273,0.0801,0.117,3.0511,25.8464,233.0216,0.1107,0.1356
2016-04-05T02:29:59.876Z,4.7332,44.127,233.0203,0.1896,0.1076,1.914,22.1545,232.5485,0.0951,0.1043,3.4714,24.7296,233.1605,0.1059,0.1535
2016-04-05T02:30:59.133Z,4.7136,44.4628,233.238,0.1907,0.1067,1.6601,23.887,232.1733,0.103,0.093,2.9553,23.8107,232.9026,0.1023,0.1456
2016-04-05T02:31:59.504Z,5.2623,44.6874,233.7244,0.1912,0.1179,2.1268,21.9609,232.564,0.0937,0.1086,3.2045,25.1137,232.7587,0.108,0.154
2016-04-05T02:32:59.944Z,4.6141,44.2439,233.6989,0.1891,0.1051,2.0491,20.6061,232.9799,0.0883,0.1175,2.8502,21.3755,233.0659,0.0916,0.1512
2016-04-05T02:33:59.115Z,5.4099,44.8512,233.0601,0.1929,0.1217,2.1096,21.0067,233.6144,0.0898,0.1168,2.711,25.3103,233.65,0.1084,0.1346
2016-04-05T02:34:59.795Z,5.174,43.604,232.8374,0.1876,0.1196,2.3412,22.2084,234.05,0.0948,0.113,3.133,26.4586,233.9156,0.113,0.1407
2016-04-05T02:35:59.983Z,5.3221,43.8551,232.9364,0.1884,0.1208,1.8595,20.7791,234.0086,0.0886,0.1071,3.2759,24.0566,233.577,0.1028,0.1518
2016-04-05T02:36:59.412Z,4.1809,43.7894,233.0512,0.1876,0.096,1.4544,21.0811,234.1997,0.0889,0.0944,3.3332,25.773,233.2794,0.1103,0.1516
2016-04-05T02:37:59.215Z,3.7456,43.8554,233.1438,0.1881,0.0869,1.7632,22.1947,233.9753,0.0949,0.1007,3.0423,23.9332,232.9391,0.1027,0.1421
2016-04-05T02:38:59.379Z,5.2882,44.8338,233.6714,0.1916,0.1189,1.7933,20.0666,233.0782,0.0864,0.1054,3.339,22.8626,232.9004,0.0981,0.159
2016-04-05T02:39:59.681Z,4.5226,44.4289,233.8807,0.1901,0.1033,2.0079,19.9397,233.1292,0.0858,0.1132,2.9949,25.5091,233.5693,0.1091,0.1404
2016-04-05T02:40:59.988Z,4.6012,44.3799,233.9451,0.1897,0.1047,1.9809,22.3395,233.2258,0.0958,0.1037,2.9509,23.504,233.4755,0.1009,0.1434
2016-04-05T02:41:59.629Z,4.8614,44.1604,233.9573,0.1892,0.1103,2.204,20.715,232.7159,0.0889,0.116,3.2757,24.6927,233.626,0.1056,0.1539
2016-04-05T02:42:59.815Z,401.8957,656.7553,233.4234,2.8221,0.3288,411.4758,651.3377,229.6692,2.8413,0.3587,772.8971,1108.2235,232.7787,4.783,0.6946
2016-04-05T02:43:59.030Z,1014.5202,1487.4772,232.9323,6.3857,0.6817,1018.6536,1511.5931,229.2225,6.5941,0.6736,1537.3234,2131.702,230.6153,9.2436,0.7209
2016-04-05T02:44:59.435Z,1056.0643,1483.093,233.0799,6.363,0.7121,1036.7529,1579.8369,231.9073,6.8123,0.6566,1471.3908,2062.3251,228.2479,9.0352,0.7132
2016-04-05T02:45:59.247Z,1026.0364,1476.7012,232.5357,6.3507,0.6949,1059.555,1571.084,231.7797,6.7787,0.6741,1513.3354,2129.2431,230.623,9.2321,0.711
2016-04-05T02:46:59.597Z,1047.8994,1493.568,232.4624,6.4253,0.7016,1077.6882,1583.428,231.6223,6.8363,0.6804,1532.7937,2136.8227,230.3899,9.2746,0.7186
2016-04-05T02:47:59.074Z,1055.9675,1500.823,232.4828,6.4556,0.7022,1091.1245,1591.2213,231.6379,6.8698,0.6861,1547.8221,2149.7403,230.4111,9.3301,0.7199
2016-04-05T02:48:59.552Z,1050.4167,1486.5502,232.1481,6.4034,0.7069,1105.2967,1601.6649,231.8452,6.9084,0.6901,1542.7523,2152.6721,230.4209,9.3423,0.7169
2016-04-05T02:49:59.368Z,1060.1485,1485.1318,231.9975,6.4017,0.7138,1106.4654,1609.0896,231.7676,6.9426,0.6875,1527.9729,2130.1379,229.8625,9.2667,0.7178
2016-04-05T02:50:59.587Z,1073.8644,1497.8951,232.1924,6.4504,0.7176,1113.086,1617.1923,231.8347,6.9754,0.688,1536.4774,2133.0643,229.9098,9.2779,0.7203
2016-04-05T02:51:59.764Z,1051.5772,1482.1492,232.1652,6.3839,0.7101,1073.0263,1584.3469,231.5756,6.8417,0.6773,1506.0334,2094.6448,229.546,9.125,0.719
2016-04-05T02:52:59.056Z,998.8272,1435.8378,231.6582,6.1982,0.6955,1041.0143,1548.5244,231.9509,6.676,0.6724,1470.3105,2070.7772,229.6286,9.0182,0.7105
2016-04-05T02:53:59.398Z,1009.7343,1438.8874,231.164,6.2248,0.7016,1064.9247,1558.2846,232.0667,6.7147,0.6832,1489.2139,2087.4659,229.5458,9.094,0.7123
2016-04-05T02:54:59.703Z,1006.1482,1448.2247,231.4956,6.2558,0.695,1050.9777,1546.0307,232.0611,6.6618,0.68,1495.8123,2090.9011,229.9692,9.0923,0.7152
2016-04-05T02:55:59.883Z,1040.0202,1486.6863,232.3377,6.3991,0.6997,1056.0642,1560.15,231.7076,6.7336,0.6764,1514.751,2096.0733,230.2404,9.1041,0.7226
2016-04-05T02:56:59.789Z,1039.3283,1494.0871,232.7108,6.4207,0.696,1046.833,1554.7508,231.5767,6.7138,0.6734,1514.1197,2095.1438,230.7029,9.0816,0.7222
2016-04-05T02:57:59.213Z,1030.7909,1507.7302,232.157,6.4942,0.6836,1018.4723,1497.1081,228.947,6.5387,0.6803,1557.1309,2109.2353,231.2914,9.1192,0.7385
2016-04-05T02:58:59.518Z,1039.2363,1513.3299,231.9716,6.5241,0.6863,1027.9787,1495.4418,228.2469,6.5518,0.6874,1570.3616,2113.6194,231.0428,9.1481,0.7428
2016-04-05T02:59:59.470Z,1041.3508,1467.398,230.456,6.3673,0.7096,1090.6607,1571.0366,231.365,6.7903,0.6946,1525.8698,2106.7196,230.2531,9.15,0.7239
