2016-04-16T00:00:59.988Z,1.2624,43.9883,231.8353,0.1898,0.0304,2.5514,23.4149,232.5338,0.1009,0.1279,3.11,24.7554,231.5837,0.1071,0.154
2016-04-16T00:01:59.413Z,1.1386,44.3432,232.1443,0.1906,0.0262,2.2007,22.3551,232.9127,0.0958,0.1134,2.9396,25.1004,231.8568,0.1083,0.1456
2016-04-16T00:02:59.580Z,1.4179,44.5038,232.7808,0.1915,0.0327,2.2004,17.0204,233.2358,0.0727,0.1433,3.0868,21.2801,232.1189,0.0921,0.1644
2016-04-16T00:03:59.754Z,1.9652,43.5963,232.5156,0.1879,0.0453,2.2025,19.6946,233.2824,0.0847,0.1327,3.0718,23.3564,231.8034,0.1009,0.1638
2016-04-16T00:04:59.297Z,1.9872,42.8638,232.6753,0.1838,0.0468,2.5286,20.6096,233.574,0.0878,0.15,3.1062,26.2921,232.1521,0.1136,0.1434
2016-04-16T00:05:59.583Z,1.65,43.9422,232.8043,0.1884,0.0368,2.4953,21.4897,233.6004,0.092,0.1348,3.1508,24.7624,232.35,0.1067,0.1545
2016-04-16T00:06:59.854Z,0.5115,43.6259,232.5335,0.1876,0.0126,2.3182,20.1179,233.124,0.0861,0.1304,3.4564,25.114,231.7385,0.1085,0.1625
2016-04-16T00:07:59.171Z,1.4118,43.3378,232.7955,0.1863,0.0337,2.2581,19.0422,233.1509,0.0816,0.1373,3.5902,24.906,231.8158,0.1075,0.1618
2016-04-16T00:08:59.698Z,2.2392,43.1979,232.3445,0.1858,0.0529,2.3291,23.2978,233.3943,0.1001,0.1214,2.8438,25.6501,232.4442,0.1104,0.1448
2016-04-16T00:09:59.020Z,1.4874,43.0246,232.126,0.1853,0.0379,2.003,20.5763,233.8101,0.0876,0.1186,2.9509,23.8079,232.4594,0.1027,0.1571
2016-04-16T00:10:59.498Z,0.7345,44.0423,232.4927,0.1892,0.0173,2.7529,22.0668,233.4205,0.0948,0.1386,3.2151,23.8677,232.5315,0.1026,0.1671
2016-04-16T00:11:59.803Z,1.0277,43.9877,233.2152,0.1888,0.0245,2.2387,19.3069,232.9986,0.0825,0.1393,3.2253,25.5438,233.2379,0.1093,0.1521
2016-04-16T00:12:59.169Z,1.5281,43.0142,233.3329,0.1838,0.0364,2.2987,21.4513,232.9408,0.0927,0.1421,3.1469,25.1963,233.1223,0.1079,0.1442
2016-04-16T00:13:59.622Z,2.4931,44.1143,233.7984,0.1884,0.0571,1.9579,25.3266,233.4451,0.1085,0.107,2.9979,23.7384,233.7949,0.1015,0.152
2016-04-16T00:14:59.969Z,1.0951,43.4196,234.0092,0.1851,0.0279,2.3751,21.6363,234.0116,0.0924,0.1322,3.1032,24.5987,234.4732,0.1048,0.1561
2016-04-16T00:15:59.343Z,1.2931,44.1304,233.8058,0.1889,0.0291,2.1344,20.8488,233.6642,0.0888,0.1239,3.0614,24.4856,234.0813,0.1042,0.1503
2016-04-16T00:16:59.761Z,1.09,44.4334,233.8879,0.1903,0.0256,2.427,23.8997,233.841,0.1027,0.12,3.1336,25.3115,234.2956,0.1077,0.1488
2016-04-16T00:17:59.122Z,1.7983,43.7399,233.5588,0.1873,0.041,2.6233,21.0667,233.9547,0.0902,0.1421,2.9236,24.2117,234.1608,0.1038,0.152
2016-04-16T00:18:59.673Z,2.4877,43.2613,233.6478,0.1852,0.0583,1.6652,18.6232,234.085,0.0797,0.1161,3.1901,24.3304,234.2703,0.1038,0.1579
2016-04-16T00:19:59.641Z,1.3184,44.1705,233.8432,0.1889,0.0316,2.099,21.6156,234.22,0.092,0.1184,3.2362,24.6321,233.7791,0.1053,0.1595
2016-04-16T00:20:59.915Z,0.9636,43.3738,233.3377,0.1859,0.0224,1.9826,17.7611,233.6621,0.0759,0.1381,2.9884,24.8858,233.2681,0.1069,0.1418
2016-04-16T00:21:59.291Z,1.0557,43.7041,231.6004,0.1881,0.0249,1.8968,21.283,231.8506,0.0918,0.1236,3.3886,24.6618,231.4748,0.1063,0.157
2016-04-16T00:22:59.695Z,1.4132,43.6476,232.0586,0.1885,0.0312,2.7941,21.8459,232.5566,0.0941,0.1471,3.2163,24.6948,232.2051,0.1065,0.1599
2016-04-16T00:24:59.553Z,2.0435,42.7357,231.1981,0.185,0.0485,2.203,21.0015,232.6848,0.0904,0.1334,3.1255,25.0345,231.3846,0.1083,0.1524
2016-04-16T00:25:59.857Z,1.1953,43.8033,231.1197,0.1893,0.0276,1.9219,19.679,232.7514,0.0848,0.1254,2.6219,24.6641,231.3266,0.1068,0.1423
2016-04-16T00:26:59.103Z,0.8873,44.1281,231.0676,0.1904,0.0207,2.362,21.0509,232.8316,0.0906,0.1287,2.883,23.51,231.0993,0.102,0.1509
2016-04-16T00:27:59.544Z,1.6585,43.6515,232.1371,0.1887,0.0389,1.5075,20.1808,230.1291,0.0881,0.1009,3.0007,25.2293,232.3923,0.1087,0.1363
2016-04-16T00:28:59.748Z,1.1299,43.365,232.0879,0.1871,0.0278,1.9312,21.062,231.4186,0.0911,0.1108,3.1509,24.0665,231.7534,0.1039,0.1588
2016-04-16T00:29:59.010Z,0.5703,43.9851,232.163,0.1896,0.0128,2.1609,20.5682,230.0482,0.0891,0.1279,2.8898,24.4261,231.9421,0.1054,0.1512
2016-04-16T00:30:59.532Z,0.9826,43.7296,232.0475,0.1884,0.0229,2.3604,21.9035,229.3833,0.0955,0.1397,3.065,24.5883,231.9999,0.1064,0.1535
2016-04-16T00:31:59.871Z,1.5495,43.3984,231.6465,0.1874,0.0381,2.0486,19.4389,231.6056,0.0837,0.1288,3.0925,22.6945,231.3598,0.0977,0.1578
2016-04-16T00:32:59.241Z,2.4427,43.2276,231.4689,0.1862,0.057,2.191,21.674,231.5172,0.0933,0.1384,3.1014,25.5018,231.3959,0.1103,0.1477
2016-04-16T00:33:59.248Z,1.0788,43.3944,231.5964,0.1876,0.0258,2.263,19.9864,231.8299,0.0858,0.1308,2.9123,24.5467,231.6304,0.1053,0.1504
2016-04-16T00:34:59.835Z,0.7374,43.4147,231.3023,0.1877,0.0182,2.0499,20.2288,232.1425,0.0872,0.1249,2.9974,22.2039,231.3485,0.0962,0.1587
2016-04-16T00:35:59.545Z,0.9701,43.7118,231.4931,0.1888,0.0222,2.3838,19.2868,232.5247,0.0831,0.1451,2.7128,24.3606,230.8851,0.1052,0.1453
2016-04-16T00:36:59.831Z,2.0812,43.6434,231.2664,0.189,0.0489,2.2395,22.4867,232.2173,0.097,0.124,2.9415,22.7132,230.5803,0.099,0.1538
2016-04-16T00:37:59.757Z,1.184,42.1295,231.4403,0.182,0.0285,2.1071,19.9097,232.4803,0.0855,0.1423,3.5943,25.2335,230.6189,0.1097,0.1645
2016-04-16T00:38:59.096Z,0.8776,43.7337,231.2269,0.1889,0.0197,2.1808,19.961,232.2958,0.0855,0.1348,3.1536,22.5247,230.6826,0.0981,0.1663
2016-04-16T00:39:59.584Z,0.804,43.1187,231.2053,0.1865,0.0199,2.1338,19.1889,231.997,0.0824,0.1423,3.1779,23.9097,230.1711,0.104,0.1571
2016-04-16T00:40:59.344Z,1.5676,43.343,231.0711,0.1877,0.0367,2.4129,21.562,231.7944,0.0929,0.1322,3.2258,24.6949,230.1793,0.1071,0.1584
2016-04-16T00:41:59.672Z,2.0744,43.231,231.2799,0.1866,0.0478,2.2993,20.749,231.8495,0.0895,0.1354,3.0736,24.2895,230.0598,0.1058,0.1527
2016-04-16T00:42:59.338Z,1.7434,42.9329,231.5501,0.1853,0.042,2.1231,22.129,231.6067,0.0951,0.1138,2.9734,24.6576,230.1272,0.1072,0.147
2016-04-16T00:43:59.627Z,0.9279,43.9234,231.1375,0.1896,0.0205,2.0248,20.0148,231.2486,0.0863,0.1264,3.4171,24.2414,229.9861,0.1058,0.1599
2016-04-16T00:44:59.830Z,0.8001,43.1174,231.4352,0.1857,0.0197,2.2499,20.7637,231.6421,0.0892,0.1278,3.2518,26.2024,230.3329,0.1136,0.1505
2016-04-16T00:45:59.036Z,0.8363,42.7773,231.3862,0.1848,0.0218,2.1478,16.6721,231.9256,0.0722,0.1459,2.4363,23.4784,229.954,0.102,0.1357
2016-04-16T00:46:59.314Z,1.9168,43.281,232.069,0.1867,0.0438,2.2174,19.192,232.6021,0.083,0.1429,2.9504,23.9127,231.0034,0.1034,0.1463
2016-04-16T00:47:59.133Z,1.901,43.1167,232.1113,0.1857,0.0444,2.3442,21.4807,232.8265,0.0925,0.1307,3.1288,24.6816,231.2713,0.1065,0.1537
2016-04-16T00:48:59.377Z,1.128,43.6151,231.8482,0.1885,0.0258,1.5764,21.3856,232.7726,0.092,0.1182,3.2076,23.2826,231.0829,0.1009,0.1623
2016-04-16T00:49:59.859Z,0.9255,44.0508,231.8612,0.1903,0.0224,2.5586,21.8713,232.4074,0.0939,0.1391,3.2489,23.6168,230.8688,0.1027,0.1614
2016-04-16T00:50:59.248Z,1.1317,42.9357,231.998,0.1853,0.0266,1.8623,18.8447,230.8427,0.0813,0.1294,2.8964,23.7924,231.3213,0.1028,0.1484
2016-04-16T00:51:59.688Z,1.2682,43.9859,232.0122,0.1891,0.031,1.4404,22.7093,229.2702,0.0989,0.0926,2.953,22.9324,231.5,0.0987,0.1477
2016-04-16T00:52:59.006Z,0.9003,43.5297,231.6063,0.1879,0.0214,1.9874,22.3866,231.8736,0.0967,0.1131,3.0109,25.2511,230.5961,0.11,0.1538
2016-04-16T00:53:59.235Z,1.3444,43.6088,231.7557,0.1882,0.0304,1.9769,20.7905,232.3545,0.0897,0.1269,3.0155,23.8318,230.6059,0.1034,0.1544
2016-04-16T00:54:59.543Z,1.8578,43.4918,231.7441,0.1882,0.0429,2.4721,21.6562,232.2382,0.0934,0.1336,3.1701,24.2264,230.426,0.1058,0.1568
2016-04-16T00:55:59.313Z,1.2699,43.5673,231.3967,0.1881,0.0304,2.5552,20.1361,232.1241,0.0867,0.1424,3.1576,23.4099,230.1924,0.1023,0.1639
2016-04-16T00:56:59.779Z,0.886,43.7482,231.4836,0.1891,0.0204,2.2189,21.7336,232.1226,0.0938,0.1255,3.0007,24.0632,230.3228,0.1043,0.1535
2016-04-16T00:57:59.016Z,1.1406,43.0174,231.2394,0.1858,0.0261,2.291,18.8321,232.2433,0.0813,0.1389,2.9229,24.6749,230.6836,0.1067,0.1422
2016-04-16T00:58:59.428Z,1.1592,43.9315,231.0844,0.1898,0.0257,2.2136,20.528,232.1841,0.0885,0.1353,2.9037,23.3011,230.5251,0.1018,0.1501
2016-04-16T00:59:59.722Z,0.8239,43.3133,230.6236,0.1877,0.0207,2.0767,19.617,232.4508,0.0845,0.1354,3.3602,24.409,230.863,0.1057,0.1582
2016-04-16T01:00:59.309Z,1.2369,43.8159,231.0231,0.1894,0.0293,2.3221,21.8462,232.2118,0.094,0.1246,3.007,25.0501,231.1937,0.1083,0.1423
2016-04-16T01:01:59.720Z,1.4114,43.0559,231.2954,0.1858,0.0346,2.3005,21.8878,232.0416,0.0942,0.1334,2.9025,25.2524,231.0922,0.1092,0.1403
2016-04-16T01:02:59.936Z,1.5186,44.279,231.4948,0.1912,0.0323,1.9761,22.1534,232.1215,0.0952,0.1177,2.8611,22.0767,231.3067,0.0955,0.1554
2016-04-16T01:03:59.160Z,0.928,43.6542,232.257,0.188,0.0242,2.3146,20.2098,232.0613,0.087,0.132,3.1882,24.3412,231.741,0.1051,0.1533
2016-04-16T01:04:59.963Z,1.6222,43.7636,232.367,0.1882,0.0365,2.1701,20.477,232.5357,0.088,0.1265,3.292,23.9564,231.9308,0.1034,0.1642
2016-04-16T01:05:59.280Z,2.1987,43.2924,232.2034,0.186,0.051,2.1516,22.5762,232.5347,0.0971,0.1183,3.1383,25.3506,231.961,0.1096,0.1513
2016-04-16T01:06:59.559Z,2.4832,42.1027,232.3553,0.1813,0.0588,2.149,19.5133,232.8747,0.0846,0.1296,2.828,25.7105,232.4157,0.1103,0.1364
2016-04-16T01:07:59.897Z,1.2009,44.4968,232.5823,0.1913,0.0275,2.2298,20.524,232.5285,0.0882,0.1288,3.1067,25.3535,232.1389,0.1097,0.1515
2016-04-16T01:08:59.305Z,1.2418,43.8932,232.6493,0.1889,0.0289,2.3489,22.2983,232.3062,0.0954,0.132,3.0454,25.2589,232.023,0.1092,0.147
2016-04-16T01:09:59.585Z,1.254,43.3186,232.8359,0.1859,0.0291,2.484,21.5674,232.4454,0.093,0.1374,3.1134,26.8362,231.9734,0.1154,0.1437
2016-04-16T01:10:59.280Z,1.4548,43.3421,232.9315,0.1864,0.0354,2.2424,21.4095,232.4881,0.0921,0.1324,2.9464,24.369,231.7382,0.1044,0.1491
2016-04-16T01:11:59.582Z,1.0593,44.2093,232.4189,0.1903,0.0236,2.1496,21.5248,231.9759,0.0927,0.1309,3.2054,24.4776,231.0993,0.106,0.1541
2016-04-16T01:12:59.916Z,1.1852,43.5852,231.9389,0.1879,0.0271,2.2513,19.719,231.3098,0.0854,0.1365,3.0353,23.7893,230.2314,0.1036,0.1473
2016-04-16T01:13:59.178Z,0.9538,43.9606,231.7447,0.1892,0.0237,2.3623,19.5163,230.6967,0.0844,0.136,2.858,22.8019,229.211,0.0997,0.1569
2016-04-16T01:14:59.439Z,1.7632,42.8544,232.1574,0.1845,0.0414,2.2556,21.4816,230.5476,0.0926,0.1274,3.2684,22.7342,229.5585,0.0993,0.168
2016-04-16T01:15:59.380Z,1.2889,43.136,231.8388,0.1863,0.0319,2.1558,20.8945,230.8316,0.0908,0.1152,3.1763,25.7307,228.9973,0.1123,0.1531
2016-04-16T01:16:59.654Z,0.5734,43.8793,232.3953,0.1889,0.0153,2.2113,20.3911,231.343,0.0886,0.1249,3.2681,24.842,229.6863,0.108,0.1567
2016-04-16T01:17:59.925Z,1.1015,44.0984,232.4472,0.1898,0.0254,2.5813,21.9574,231.6521,0.0948,0.1225,2.6807,24.1295,229.7254,0.1053,0.1455
2016-04-16T01:18:59.864Z,1.0844,43.9126,232.6421,0.1889,0.0273,2.3434,22.0273,231.9321,0.0949,0.1262,2.9813,24.1378,230.1489,0.1047,0.153
2016-04-16T01:19:59.187Z,1.1066,43.682,233.0492,0.1867,0.0254,1.9542,18.377,232.4115,0.079,0.1261,3.2182,24.2119,230.7738,0.1049,0.1637
2016-04-16T01:20:59.432Z,1.0312,44.0588,233.0445,0.1889,0.0238,2.2945,21.086,232.351,0.0905,0.1246,3.1011,23.4186,230.9401,0.1018,0.1592
2016-04-16T01:21:59.863Z,1.8469,42.8146,233.167,0.183,0.0419,1.9723,20.5041,232.2687,0.0881,0.1224,3.1299,25.9749,231.0236,0.1126,0.1499
2016-04-16T01:22:59.133Z,1.823,43.7504,233.3134,0.1874,0.0419,1.923,20.4841,232.3846,0.0883,0.1153,3.1182,23.2397,231.2112,0.101,0.158
2016-04-16T01:23:59.821Z,1.1635,43.1663,233.2677,0.1851,0.0275,1.8015,21.5845,232.3448,0.093,0.1174,2.9201,24.0884,231.0336,0.1045,0.1512
2016-04-16T01:24:59.133Z,0.9918,44.0976,233.4929,0.1889,0.0227,2.2482,20.6301,232.6578,0.0887,0.1386,3.15,25.3087,231.0596,0.1101,0.1486
2016-04-16T01:25:59.330Z,0.9586,43.8992,233.3049,0.188,0.0233,2.4701,20.6021,232.5727,0.0884,0.1322,2.9382,25.0054,230.983,0.1088,0.1484
2016-04-16T01:26:59.642Z,1.5936,43.6175,232.6326,0.1873,0.0375,2.2742,21.0782,232.2892,0.0908,0.1361,3.2233,23.7277,230.7547,0.1029,0.1608
2016-04-16T01:27:59.088Z,2.0211,43.5126,231.027,0.1881,0.0472,2.0477,23.8649,232.7191,0.1023,0.1079,3.0818,22.5287,230.5999,0.0978,0.1597
2016-04-16T01:28:59.959Z,1.3759,42.038,230.6076,0.1823,0.0362,2.066,18.4161,232.6047,0.0793,0.1307,3.1078,25.0857,230.7739,0.1089,0.1545
2016-04-16T01:29:59.276Z,1.2909,43.2631,230.2207,0.1878,0.0303,2.0711,22.1762,232.7527,0.0949,0.1287,3.0758,23.7349,231.4458,0.1026,0.1524
2016-04-16T01:30:59.596Z,1.0742,43.7493,230.5111,0.1898,0.0252,1.9546,19.1321,232.6971,0.0824,0.1201,3.2144,24.8151,231.4633,0.1074,0.1533
2016-04-16T01:31:59.331Z,1.1469,43.3563,230.3403,0.1877,0.0295,1.8671,23.8881,232.3536,0.1029,0.1071,3.13,22.1546,231.0803,0.0958,0.1618
2016-04-16T01:32:59.715Z,1.3805,43.3009,230.0422,0.1881,0.0318,1.9653,20.6487,232.4919,0.0891,0.1256,3.1896,25.3653,230.8033,0.1103,0.1488
2016-04-16T01:33:59.953Z,0.8046,43.9797,231.9888,0.1895,0.0198,2.1932,21.5023,232.4769,0.0919,0.1212,3.1286,22.4336,231.2025,0.0975,0.1654
2016-04-16T01:34:59.438Z,1.36,43.5896,232.1432,0.1876,0.0298,2.2389,18.9481,232.6339,0.0811,0.1316,3.1128,23.0713,231.3756,0.0996,0.1609
2016-04-16T01:35:59.818Z,1.6612,42.3234,231.6838,0.1826,0.0391,1.8973,18.8976,232.6624,0.0812,0.1263,3.0661,24.0534,231.345,0.1047,0.1561
2016-04-16T01:36:59.927Z,0.428,44.1236,231.8741,0.1896,0.0099,1.7341,13.5696,232.9421,0.0581,0.1466,3.1193,18.8401,231.6934,0.0818,0.1815
2016-04-16T01:37:59.047Z,0.8837,43.8463,231.9672,0.1889,0.0203,1.9102,17.866,233.0469,0.0766,0.1304,3.1244,19.823,231.7971,0.0854,0.1774
2016-04-16T01:38:59.862Z,1.4123,43.2641,231.8541,0.1864,0.033,2.0979,20.7122,232.8238,0.0889,0.1195,3.2388,24.4136,231.426,0.1057,0.1591
2016-04-16T01:39:59.299Z,2.3696,43.8276,231.8833,0.1893,0.0542,2.424,22.6904,232.7697,0.0973,0.1302,3.033,25.7052,231.2427,0.1113,0.1494
2016-04-16T01:40:59.801Z,2.1243,43.651,231.9599,0.1884,0.0509,2.4062,20.8156,232.9745,0.0897,0.1365,3.2048,24.6684,231.507,0.1069,0.1564
2016-04-16T01:41:59.068Z,0.9018,44.2159,231.923,0.1907,0.0207,2.225,20.4779,232.8776,0.0878,0.1366,2.9574,24.604,231.6786,0.1064,0.1409
2016-04-16T01:42:59.369Z,0.9513,43.2048,231.6396,0.1871,0.0225,1.6968,20.1474,232.2675,0.0866,0.1224,2.9842,25.701,231.711,0.1105,0.1388
2016-04-16T01:43:59.775Z,1.2734,43.7913,231.811,0.1891,0.0305,2.3264,21.2388,232.1848,0.0909,0.1249,2.9296,24.9858,231.5037,0.1086,0.154
2016-04-16T01:44:59.419Z,1.5039,42.3419,231.7487,0.1828,0.0378,2.315,15.5049,231.8528,0.0666,0.1526,2.6429,26.0957,231.3532,0.1129,0.1217
2016-04-16T01:46:59.273Z,1.0755,43.9293,231.512,0.1896,0.0245,1.8447,20.8552,232.3021,0.0896,0.1189,2.7291,23.2264,230.9566,0.1008,0.1499
2016-04-16T01:47:59.942Z,0.9633,44.3117,231.7068,0.191,0.0227,2.299,20.7557,232.1884,0.0889,0.1226,3.0792,23.8408,230.6612,0.1035,0.1598
2016-04-16T01:48:59.339Z,1.9633,43.5924,231.6644,0.1882,0.0466,2.3156,23.4397,232.0826,0.1009,0.1281,3.2274,23.3712,230.2948,0.1014,0.162
2016-04-16T01:49:59.073Z,1.5852,43.2567,231.8847,0.1864,0.0389,2.2552,21.7166,232.0958,0.0936,0.127,3.4963,23.8836,230.393,0.1034,0.164
2016-04-16T01:50:59.349Z,0.961,43.7697,232.2184,0.1882,0.0236,2.2609,19.6886,231.623,0.0848,0.1295,2.44,24.5429,231.1286,0.1063,0.1312
2016-04-16T01:51:59.650Z,1.7422,43.7847,232.4257,0.1884,0.0386,1.8388,21.7933,229.6433,0.0951,0.1033,3.1305,25.9019,232.0874,0.1119,0.1432
2016-04-16T01:52:59.916Z,1.332,43.5247,232.1598,0.1866,0.0315,2.3699,20.5498,231.8763,0.0889,0.1332,2.7468,25.2791,230.9452,0.1096,0.14
2016-04-16T01:53:59.768Z,0.4873,43.7909,232.7346,0.188,0.013,2.0411,17.6884,232.7348,0.0762,0.1341,3.2168,20.8121,229.9924,0.0902,0.1793
2016-04-16T01:54:59.980Z,1.1082,44.1476,232.9647,0.1898,0.0256,1.7326,19.0503,232.397,0.0822,0.1234,3.1885,22.5752,230.0509,0.0978,0.168
2016-04-16T01:55:59.303Z,1.0336,44.0751,232.914,0.189,0.0239,2.3838,22.3814,232.1547,0.0959,0.1266,3.1466,24.1079,230.149,0.1051,0.1587
2016-04-16T01:56:59.758Z,1.8959,42.215,232.6903,0.1811,0.0448,2.033,17.4934,232.2436,0.0749,0.1276,3.2836,27.8087,230.4439,0.1203,0.1399
2016-04-16T01:57:59.812Z,1.7252,43.5876,232.9098,0.1877,0.0409,2.239,25.4852,232.7597,0.1098,0.1098,2.7237,23.5052,230.8047,0.1014,0.1419
2016-04-16T01:58:59.128Z,0.9051,44.1288,233.1502,0.1896,0.0225,2.2887,21.0805,233.0001,0.0905,0.1242,3.0038,22.5907,231.1941,0.0979,0.1597
2016-04-16T01:59:59.567Z,1.0358,43.1807,233.0762,0.1852,0.0238,1.9926,21.6751,232.789,0.0935,0.1202,3.3021,24.5454,230.5111,0.1067,0.1592
