2016-01-20T00:00:59.863Z,1046.4881,1463.0671,228.7346,6.3958,0.7152,1087.3557,1527.0552,227.5014,6.7121,0.7123,1549.7928,2070.8916,228.8158,9.0504,0.7488
2016-01-20T00:01:59.185Z,1074.4217,1483.596,228.7022,6.4862,0.724,1101.0355,1546.5365,227.5093,6.7973,0.7124,1559.1099,2071.3559,228.434,9.0673,0.7528
2016-01-20T00:02:59.434Z,1118.5973,1515.1727,228.3527,6.6343,0.7381,1150.9649,1591.379,227.5998,6.9916,0.7234,1593.0246,2102.7398,227.8416,9.2283,0.7572
2016-01-20T00:03:59.717Z,1079.5386,1478.6031,227.8316,6.4898,0.73,1148.3459,1593.0443,229.2206,6.9496,0.7208,1567.3471,2108.0072,228.7351,9.2153,0.7437
2016-01-20T00:04:59.896Z,1048.1518,1456.7988,227.7204,6.3966,0.7194,1095.1951,1538.6604,227.955,6.7493,0.7118,1540.9072,2068.7693,228.3497,9.0591,0.7451
2016-01-20T00:05:59.191Z,1051.3689,1467.4066,227.6944,6.4445,0.7164,1101.9488,1534.3922,227.8745,6.7328,0.7183,1565.3007,2090.6822,228.4014,9.1527,0.7495
2016-01-20T00:06:59.459Z,1103.9634,1515.3227,228.0383,6.6448,0.7282,1143.9041,1569.1307,227.5904,6.8937,0.7291,1616.2738,2131.4868,228.5247,9.3272,0.7581
2016-01-20T00:07:59.780Z,1086.7884,1497.7448,227.4767,6.584,0.7258,1131.1948,1548.9047,227.0826,6.8208,0.7302,1609.5638,2118.1454,227.9176,9.2931,0.7598
2016-01-20T00:08:59.201Z,1040.3186,1440.243,227.2959,6.3361,0.7228,1112.7743,1538.5653,227.9441,6.7493,0.7225,1547.5055,2077.7389,227.409,9.1365,0.7445
2016-01-20T00:09:59.400Z,1057.9921,1456.0689,227.3462,6.4043,0.7266,1110.4846,1540.0737,227.6529,6.7646,0.721,1554.2789,2072.7457,227.2883,9.1189,0.7501
2016-01-20T00:10:59.772Z,1105.2522,1494.5781,227.3896,6.5723,0.7398,1161.4287,1583.7784,227.7444,6.9539,0.733,1602.369,2113.2221,227.0694,9.3062,0.7581
2016-01-20T00:11:59.113Z,1107.302,1498.4447,228.1965,6.5661,0.7393,1160.8728,1596.118,228.123,6.9964,0.7265,1588.7399,2108.1589,227.5275,9.265,0.7547
2016-01-20T00:12:59.425Z,1051.0361,1456.8939,228.0227,6.389,0.7212,1109.8633,1546.0699,228.207,6.7746,0.7179,1555.5156,2081.9212,227.918,9.134,0.7478
2016-01-20T00:13:59.748Z,1043.674,1482.7504,229.4144,6.4626,0.7036,1099.0327,1541.6646,229.1007,6.7294,0.7129,1578.4466,2120.197,229.9938,9.2183,0.7442
2016-01-20T00:14:59.993Z,1086.9056,1507.306,229.1104,6.5783,0.7208,1154.7238,1584.4141,228.7771,6.9248,0.7289,1624.0269,2160.685,229.5493,9.4121,0.7507
2016-01-20T00:15:59.440Z,1071.1993,1487.9952,228.0402,6.5248,0.7203,1172.2256,1583.8557,228.8557,6.9207,0.7403,1631.4507,2178.81,229.3398,9.5002,0.7489
2016-01-20T00:16:59.730Z,1020.6734,1442.5962,227.8302,6.3319,0.7077,1135.454,1559.613,229.8684,6.7851,0.7278,1579.4664,2146.1,230.095,9.3267,0.7357
2016-01-20T00:17:59.029Z,1030.6595,1455.0949,227.5502,6.3944,0.7089,1112.6176,1529.1057,228.4619,6.6928,0.7276,1587.9075,2128.1631,229.6718,9.2656,0.7465
2016-01-20T00:18:59.222Z,1072.9488,1483.6879,227.9676,6.508,0.7226,1164.5018,1577.2064,228.2992,6.9074,0.7382,1620.4402,2159.8574,229.5747,9.4073,0.7501
2016-01-20T00:19:59.431Z,1105.167,1490.9813,228.0654,6.5372,0.7414,1190.734,1622.1092,228.9614,7.084,0.7346,1601.0458,2135.6103,228.3062,9.3538,0.7503
2016-01-20T00:20:59.747Z,1056.5059,1457.5287,227.9073,6.3944,0.7251,1133.2792,1565.7181,228.5347,6.851,0.723,1564.7784,2099.9026,228.7267,9.1799,0.7451
2016-01-20T00:21:59.001Z,1037.9609,1453.8072,227.5611,6.3883,0.7138,1120.4347,1540.9637,228.3207,6.7489,0.7272,1578.1225,2117.6573,229.7567,9.2167,0.7454
2016-01-20T00:22:59.285Z,1075.6637,1489.0659,227.7994,6.5366,0.7223,1153.4018,1571.0408,228.359,6.8791,0.7338,1615.0356,2148.9618,229.734,9.3537,0.7512
2016-01-20T00:23:59.484Z,162.0528,320.8008,229.6252,1.4047,0.1388,160.7093,303.0082,230.707,1.3219,0.1368,328.2089,442.1549,233.435,1.9108,0.7223
2016-01-20T00:24:59.673Z,312.2863,602.0887,229.6747,2.6267,0.2662,348.0945,621.8484,230.0692,2.7103,0.2904,458.1096,784.9689,233.0574,3.3735,0.6521
2016-01-20T00:25:59.856Z,4.3096,124.3254,230.2708,0.539,0.0362,4.2533,104.6888,230.4179,0.4542,0.0403,294.4642,358.9248,233.4347,1.5391,0.7786
2016-01-20T00:26:59.976Z,1047.3935,1421.5597,228.5235,6.2253,0.6491,1129.7813,1523.6891,228.8935,6.6633,0.6669,1620.5637,2107.5473,231.3393,9.1157,0.7779
2016-01-20T00:27:59.315Z,1188.6881,1609.8069,229.5155,7.0137,0.7385,1241.1721,1669.4317,228.5066,7.3061,0.7436,1723.1045,2262.4812,230.5194,9.8142,0.7615
2016-01-20T00:28:59.580Z,1176.2791,1573.654,228.9061,6.8744,0.7472,1251.3367,1675.1434,228.4706,7.3311,0.7471,1694.6229,2231.344,228.9676,9.7451,0.7593
2016-01-20T00:29:59.882Z,1085.7088,1506.0928,228.7451,6.5838,0.7203,1158.6667,1578.0346,228.0786,6.9184,0.7342,1628.4383,2170.2429,229.4036,9.4607,0.7501
2016-01-20T00:30:59.211Z,1026.5614,1467.9647,228.874,6.4134,0.6986,1087.0299,1508.1833,227.5528,6.6281,0.7208,1588.3749,2128.8762,229.8961,9.2593,0.7465
2016-01-20T00:31:59.556Z,994.6462,1441.3651,228.496,6.3074,0.6901,1063.7746,1474.5131,226.8934,6.4981,0.7217,1575.5816,2117.406,230.0332,9.2041,0.7441
2016-01-20T00:32:59.814Z,993.9488,1455.8572,228.4169,6.3728,0.6823,1059.5306,1446.9053,224.9548,6.4319,0.7319,1616.3221,2144.6216,230.7321,9.294,0.7532
2016-01-20T00:33:59.175Z,1050.9752,1484.0902,228.961,6.4813,0.7085,1125.251,1553.5029,228.6769,6.7926,0.7245,1597.7876,2152.3325,230.3483,9.3435,0.7422
2016-01-20T00:34:59.431Z,1045.6487,1474.4346,229.2469,6.432,0.7087,1118.3104,1558.8907,229.1514,6.8028,0.7177,1573.9873,2134.8974,230.256,9.2714,0.7376
2016-01-20T00:35:59.813Z,1006.7323,1443.2179,229.0956,6.2987,0.6977,1074.9858,1518.3686,228.9202,6.6322,0.7074,1539.7741,2097.7611,230.1511,9.1146,0.7332
2016-01-20T00:36:59.118Z,1018.0639,1455.9177,229.2163,6.3516,0.6993,1081.7143,1522.0589,228.8423,6.6502,0.7107,1555.7355,2110.9313,230.3263,9.1641,0.7377
2016-01-20T00:37:59.670Z,1065.2012,1498.9465,229.5688,6.5293,0.7103,1129.4369,1565.2671,228.947,6.8363,0.7212,1604.3813,2156.6633,230.4925,9.3563,0.7434
2016-01-20T00:38:59.919Z,1056.007,1480.9689,229.0969,6.4642,0.7131,1134.1851,1564.1456,228.6208,6.8418,0.7251,1593.029,2145.2069,229.8367,9.3331,0.7424
2016-01-20T00:39:59.231Z,1009.3923,1452.0824,229.3025,6.3316,0.6956,1075.7815,1505.8465,227.7888,6.6107,0.7143,1565.1683,2115.5145,230.2731,9.1865,0.7403
2016-01-20T00:40:59.520Z,1004.1048,1456.2001,228.9868,6.3597,0.6899,1072.9844,1484.6436,226.893,6.543,0.7229,1589.3057,2131.1981,230.4474,9.2474,0.7458
2016-01-20T00:41:59.873Z,1051.2921,1487.922,228.7163,6.5053,0.7061,1136.3406,1546.6868,227.9333,6.7856,0.7347,1633.7367,2182.4991,230.5981,9.4641,0.7494
2016-01-20T00:42:59.207Z,1054.608,1495.1556,228.8527,6.5327,0.7056,1127.1003,1540.7898,227.6391,6.7681,0.7313,1631.6564,2175.0101,230.5527,9.4335,0.7502
2016-01-20T00:43:59.608Z,1024.056,1469.9549,229.7873,6.397,0.6967,1083.5952,1524.0594,228.462,6.6703,0.7109,1568.1276,2124.836,230.7269,9.2087,0.7378
2016-01-20T00:44:59.883Z,1011.1749,1489.3278,230.5413,6.4597,0.6786,1057.3866,1479.5862,226.9651,6.5186,0.7149,1607.6693,2149.2886,231.5039,9.2836,0.7482
2016-01-20T00:45:59.127Z,1057.7517,1534.8695,230.7272,6.652,0.6891,1102.2831,1521.6065,227.2664,6.6947,0.7243,1656.1425,2195.5684,231.867,9.4681,0.7544
2016-01-20T00:46:59.270Z,1077.1343,1521.2337,230.5079,6.5988,0.7077,1134.2224,1583.2171,229.6389,6.8938,0.7166,1611.5597,2170.9703,231.1436,9.392,0.7428
2016-01-20T00:47:59.520Z,1040.5509,1484.8771,230.5593,6.4401,0.7006,1095.9891,1559.673,230.0156,6.7802,0.7027,1557.8983,2125.4778,230.8398,9.2069,0.7328
2016-01-20T00:48:59.713Z,1034.1618,1476.233,230.911,6.3922,0.701,1088.3286,1555.8633,229.8577,6.7682,0.6997,1544.0659,2113.058,230.7189,9.1581,0.7316
2016-01-20T00:49:59.003Z,1076.9052,1506.4955,230.3342,6.5403,0.7145,1133.582,1583.9094,229.3677,6.905,0.7158,1594.0555,2146.0195,229.9983,9.3305,0.7428
2016-01-20T00:50:59.242Z,1093.8629,1531.5734,230.8403,6.6348,0.7141,1126.483,1571.8814,228.355,6.8826,0.7169,1617.4113,2153.0477,229.8197,9.3682,0.751
2016-01-20T00:51:59.520Z,1060.2166,1503.0877,231.073,6.5049,0.7054,1083.5144,1540.4299,228.3211,6.746,0.7033,1573.241,2106.2771,229.4293,9.1797,0.747
2016-01-20T00:52:59.869Z,1048.8008,1487.9002,231.1181,6.4376,0.7048,1080.4082,1541.0203,228.674,6.7393,0.7009,1555.0757,2095.6323,229.488,9.1314,0.7408
2016-01-20T00:53:59.200Z,1087.74,1512.1784,230.8199,6.5511,0.7185,1128.6321,1590.3375,229.6725,6.9237,0.7092,1581.7516,2125.2278,229.1801,9.2726,0.7444
2016-01-20T00:54:59.588Z,1078.8276,1495.632,229.5274,6.5156,0.7213,1165.9139,1613.9194,230.9023,6.9897,0.7223,1597.4833,2164.7026,229.64,9.4258,0.7387
2016-01-20T00:55:59.882Z,1060.3344,1485.1816,230.2126,6.4511,0.7142,1112.4524,1572.818,230.0466,6.8367,0.707,1557.8807,2111.622,229.1999,9.2131,0.7383
2016-01-20T00:56:59.150Z,1030.9692,1470.3827,230.0398,6.3918,0.7011,1092.9594,1542.3575,229.6833,6.7147,0.7084,1560.761,2118.5511,229.8077,9.2178,0.7368
2016-01-20T00:57:59.493Z,1072.5398,1508.7641,230.7558,6.5381,0.7104,1126.9476,1582.7328,229.9707,6.8812,0.7116,1589.2356,2146.3078,230.3174,9.3186,0.7407
2016-01-20T00:58:59.723Z,1095.7294,1522.1763,230.157,6.613,0.7201,1153.4364,1601.5962,229.6064,6.9744,0.7201,1611.8949,2161.5977,230.126,9.3922,0.7461
