2016-02-28T00:00:59.923Z,2.6177,49.8164,232.2774,0.2147,0.0557,3.0263,35.3782,230.371,0.1538,0.0911,2.8523,35.5165,234.4913,0.1516,0.0777
2016-02-28T00:01:59.719Z,3.1039,50.6652,233.0216,0.2173,0.0626,3.4603,34.9461,230.4229,0.152,0.1086,2.4517,35.5991,234.4196,0.1523,0.071
2016-02-28T00:02:59.537Z,2.7213,51.6041,233.5738,0.2209,0.0538,3.4163,33.8308,231.0796,0.1466,0.1158,2.6418,36.5195,234.7105,0.1556,0.0716
2016-02-28T00:03:59.865Z,1.9231,51.4129,232.7859,0.221,0.0371,3.563,32.8689,230.0846,0.1427,0.1159,2.2657,35.3245,233.6075,0.1512,0.0649
2016-02-28T00:04:59.340Z,2.4688,50.5616,233.7747,0.2169,0.0466,2.8903,36.7814,228.3397,0.1616,0.0877,2.0518,34.7958,234.8321,0.1481,0.061
2016-02-28T00:05:59.048Z,2.3688,49.3974,233.17,0.2118,0.0493,3.5056,33.4097,231.2682,0.145,0.1094,2.413,36.4441,234.1252,0.1553,0.0711
2016-02-28T00:06:59.437Z,1.8198,50.8264,233.1967,0.2183,0.0354,3.536,35.2617,231.806,0.1522,0.1052,1.5911,37.137,234.111,0.1587,0.0505
2016-02-28T00:07:59.690Z,1.964,50.7163,233.5125,0.2169,0.0392,3.4809,30.7943,232.1929,0.133,0.1135,1.7191,32.0623,234.9247,0.1367,0.0587
2016-02-28T00:08:59.391Z,2.4374,50.4828,233.3798,0.2169,0.0484,3.0663,35.6047,231.6488,0.153,0.0898,2.1842,35.5792,234.7826,0.1516,0.0652
2016-02-28T00:09:59.893Z,2.4121,49.5965,233.0597,0.213,0.0473,3.0363,35.8716,231.3248,0.155,0.0877,2.624,35.2504,234.3468,0.1507,0.0751
2016-02-28T00:10:59.203Z,2.4406,49.4626,232.5198,0.213,0.0484,3.9007,33.3964,231.696,0.144,0.1186,2.1389,38.4409,233.9973,0.1644,0.0592
2016-02-28T00:11:59.533Z,2.1599,51.1177,232.1157,0.2199,0.0442,3.2776,33.1276,231.3952,0.1429,0.1057,2.6701,35.1679,233.8389,0.1503,0.0766
2016-02-28T00:12:59.858Z,2.1512,49.5375,231.8498,0.2133,0.0443,3.3495,32.452,230.1854,0.1414,0.1077,2.0765,34.3579,233.1377,0.1474,0.0595
2016-02-28T00:13:59.171Z,2.4117,49.2126,231.3914,0.2131,0.0498,3.4079,37.0142,230.1449,0.1609,0.1043,2.0894,34.8244,232.5233,0.1494,0.0658
2016-02-28T00:14:59.863Z,2.6013,51.5232,231.9257,0.2221,0.0503,3.348,34.4087,230.1913,0.1493,0.0999,1.954,32.8423,232.7759,0.1407,0.0629
2016-02-28T00:15:59.132Z,1.7762,51.4858,231.4893,0.2225,0.0356,3.3637,31.8783,230.2152,0.1381,0.1108,2.2482,34.9946,232.1153,0.1508,0.0667
2016-02-28T00:16:59.882Z,2.162,49.5063,231.5023,0.214,0.0435,3.1,34.8246,230.8033,0.151,0.0949,1.8474,34.6308,232.3253,0.1488,0.0642
2016-02-28T00:17:59.672Z,2.5059,50.3708,231.4934,0.2182,0.0491,3.0342,37.0221,230.6896,0.1605,0.0874,2.3041,33.683,231.8391,0.1452,0.0718
2016-02-28T00:18:59.458Z,1.634,50.0967,232.077,0.2156,0.0331,2.4722,32.7007,230.9154,0.1415,0.0829,2.539,35.1665,229.2387,0.1535,0.0744
2016-02-28T00:19:59.929Z,2.2031,50.4569,232.1129,0.2171,0.0446,3.0904,38.5478,231.8777,0.1665,0.0896,2.1271,34.3632,232.932,0.1474,0.0673
2016-02-28T00:20:59.351Z,1.9876,49.5079,232.1406,0.2131,0.041,3.4867,33.2341,231.5882,0.1436,0.1097,1.7968,36.1217,232.6131,0.1556,0.0584
2016-02-28T00:21:59.215Z,2.4377,50.0948,231.8088,0.216,0.049,3.1988,32.6408,230.9642,0.1407,0.1036,2.3277,35.3882,232.2576,0.1527,0.0692
2016-02-28T00:22:59.585Z,2.0099,50.414,231.5474,0.218,0.0395,3.2466,34.9859,230.1577,0.1523,0.0995,1.7231,36.342,231.8358,0.157,0.0521
2016-02-28T00:23:59.891Z,1.5893,49.4824,230.7564,0.2143,0.0325,3.2014,32.7166,229.1924,0.1426,0.1021,2.2518,36.3451,231.1005,0.1577,0.063
2016-02-28T00:25:59.692Z,2.3392,50.7854,232.2591,0.2186,0.0472,2.9765,35.3577,230.6905,0.1533,0.0918,2.0944,34.0872,232.0267,0.1469,0.0656
2016-02-28T00:26:59.680Z,2.6612,50.5412,232.0487,0.2181,0.0535,3.6335,32.7176,231.0527,0.1415,0.1116,1.9579,32.2498,232.1235,0.139,0.0677
2016-02-28T00:27:59.254Z,1.8393,50.1819,232.1818,0.2164,0.0357,3.3275,33.2229,231.4011,0.1429,0.1026,2.1358,35.3757,232.0356,0.1526,0.0624
2016-02-28T00:28:59.993Z,2.8488,49.8609,232.0103,0.2154,0.0553,3.0979,35.5582,231.6299,0.1538,0.0923,1.8614,34.7261,232.2675,0.1501,0.0574
2016-02-28T00:29:59.179Z,2.4162,50.0957,231.9255,0.2163,0.0472,3.0926,33.7727,231.0461,0.146,0.098,2.752,34.068,232.0131,0.1462,0.0819
2016-02-28T00:30:59.474Z,2.1357,50.4221,231.8808,0.2174,0.0429,3.4383,33.8113,231.1125,0.147,0.1042,1.8986,36.2087,232.2374,0.1553,0.0576
2016-02-28T00:31:59.609Z,1.9134,51.0938,232.4978,0.2191,0.0375,3.5908,34.5297,231.868,0.1487,0.1002,1.4835,35.3304,232.7052,0.1521,0.0424
2016-02-28T00:32:59.761Z,2.1125,49.7235,232.2743,0.214,0.0422,3.4973,30.3145,231.4896,0.1311,0.1175,2.3546,31.8301,232.5763,0.1368,0.071
2016-02-28T00:33:59.463Z,2.6186,51.0531,232.1901,0.2198,0.0531,3.3414,34.5793,231.9281,0.1489,0.1016,2.1705,35.0184,233.036,0.1499,0.0641
2016-02-28T00:34:59.817Z,2.1779,50.1074,232.093,0.216,0.0443,3.4754,34.3852,232.0753,0.1484,0.1044,2.0325,33.7595,233.5607,0.1442,0.0682
2016-02-28T00:35:59.510Z,1.659,50.1264,233.0341,0.2145,0.0348,3.0901,34.1857,233.2467,0.1467,0.0976,1.8145,34.519,233.1652,0.1484,0.059
2016-02-28T00:36:59.269Z,2.4837,51.0761,233.3778,0.2187,0.0496,3.1946,35.2522,233.2191,0.1512,0.0951,2.123,36.3036,234.2857,0.155,0.0629
2016-02-28T00:37:59.755Z,2.7108,49.9279,232.8371,0.2147,0.0552,3.8457,35.2079,232.7235,0.1511,0.1104,2.4579,38.8139,234.2163,0.1658,0.0684
2016-02-28T00:38:59.716Z,2.5342,49.3714,232.5436,0.2122,0.054,2.5238,36.22,233.5031,0.1556,0.078,2.3193,35.4843,234.2251,0.1516,0.0669
2016-02-28T00:39:59.878Z,2.208,49.8892,232.7721,0.2147,0.0446,3.4074,32.0771,233.3187,0.1371,0.1029,2.1456,37.4262,234.1103,0.16,0.0633
2016-02-28T00:40:59.327Z,1.7532,49.2187,232.7536,0.2118,0.0348,3.5327,34.6931,232.9004,0.149,0.106,2.01,36.5337,233.409,0.1567,0.0589
2016-02-28T00:41:59.912Z,2.8222,50.2042,232.1968,0.2161,0.0575,3.4703,36.2765,232.5364,0.1558,0.0983,2.0239,35.8967,232.8329,0.1545,0.0572
2016-02-28T00:42:59.079Z,2.014,50.9319,232.25,0.2191,0.04,3.277,36.849,232.1008,0.1588,0.0943,2.0501,33.0733,232.7275,0.142,0.0665
2016-02-28T00:43:59.423Z,2.0989,50.5277,231.7641,0.2184,0.0401,3.2746,36.3136,232.1516,0.1564,0.1002,1.7426,34.0196,232.1428,0.1465,0.0567
2016-02-28T00:44:59.916Z,2.184,50.44,231.2804,0.2185,0.043,3.0152,35.9285,232.1447,0.1547,0.0863,2.1291,36.0332,231.6311,0.1562,0.0605
2016-02-28T00:45:59.445Z,2.3178,49.5596,231.7482,0.2138,0.0477,3.3365,32.5321,232.2695,0.1404,0.1041,1.9096,34.7223,232.3962,0.15,0.0625
2016-02-28T00:46:59.389Z,2.4153,50.2437,231.4897,0.2168,0.0472,2.9641,34.4018,231.8522,0.1478,0.0928,2.2538,33.1589,232.5747,0.1427,0.0671
2016-02-28T00:47:59.807Z,1.529,50.5562,232.3445,0.2171,0.0299,2.9718,37.1045,232.3751,0.1592,0.0838,2.3578,36.0811,233.0616,0.155,0.0682
2016-02-28T00:48:59.494Z,2.2144,50.4549,233.1982,0.2163,0.0434,3.7454,33.9203,233.4537,0.1456,0.111,2.1393,36.9579,233.4567,0.1581,0.0591
2016-02-28T00:50:59.202Z,2.2645,50.4622,233.3714,0.2159,0.0441,3.3908,32.8496,233.1977,0.1407,0.1062,1.9257,33.2071,234.2054,0.142,0.0632
2016-02-28T00:51:59.816Z,1.8577,50.1029,233.4099,0.2149,0.0375,3.3871,35.8196,232.8689,0.154,0.1052,1.8386,35.515,234.4785,0.1518,0.0577
2016-02-28T00:52:59.208Z,2.2038,50.3928,234.1019,0.2148,0.0423,3.5883,33.5189,233.3142,0.1431,0.1111,1.968,37.6883,235.0224,0.1606,0.0557
2016-02-28T00:53:59.866Z,2.7093,50.2957,233.6214,0.2155,0.0521,3.4304,33.9413,233.2779,0.1455,0.0995,1.9521,36.7817,234.2835,0.1576,0.0576
2016-02-28T00:54:59.522Z,3.2019,50.5199,233.4343,0.2162,0.0622,3.5388,33.905,233.3096,0.1453,0.1094,1.8476,34.0936,233.3402,0.146,0.0624
2016-02-28T00:55:59.215Z,2.7031,50.6082,234.4936,0.2154,0.0543,3.3311,35.8618,231.2221,0.1553,0.0919,2.1865,35.6112,235.7821,0.1509,0.0636
2016-02-28T00:56:59.470Z,1.953,49.8686,231.8415,0.2145,0.0387,2.6032,34.6444,231.2737,0.1496,0.0773,2.4262,36.6059,233.0363,0.1567,0.0687
2016-02-28T00:57:59.557Z,2.2845,50.0926,230.7699,0.2167,0.046,3.0755,35.5768,231.1613,0.1532,0.094,2.2293,32.4793,232.0262,0.1404,0.0707
2016-02-28T00:58:59.373Z,2.793,50.4623,230.4051,0.2185,0.0543,2.9803,34.9384,230.74,0.1511,0.0955,2.0218,33.9938,231.7907,0.1466,0.0614
2016-02-28T00:59:59.779Z,1.7786,49.8284,230.4847,0.2162,0.0365,2.9293,34.7381,230.0619,0.1513,0.0914,2.0777,33.9856,231.427,0.1467,0.0627
2016-02-28T01:00:59.176Z,2.3123,47.5743,230.7019,0.2062,0.049,2.8817,35.8667,229.9337,0.1559,0.0858,2.6287,36.605,231.6231,0.1579,0.0751
2016-02-28T01:01:59.641Z,2.0034,50.376,230.4378,0.218,0.0385,2.8965,35.7801,229.3347,0.1558,0.0867,1.5312,34.1518,231.5195,0.1478,0.0523
2016-02-28T01:02:59.474Z,2.4569,50.7751,230.3421,0.2204,0.0486,3.3131,35.8413,228.5848,0.1562,0.0966,2.4478,33.0854,230.9311,0.1432,0.0737
2016-02-28T01:03:59.869Z,3.0058,49.6145,230.5679,0.2154,0.0612,3.2285,31.6096,228.3096,0.139,0.104,2.8623,36.2236,231.2588,0.1566,0.0799
2016-02-28T01:04:59.980Z,2.2813,50.1136,231.8393,0.2165,0.0457,2.8814,34.9614,228.9065,0.1522,0.0869,2.4923,35.4722,231.3892,0.1527,0.0736
2016-02-28T01:05:59.227Z,1.8274,50.2871,231.7448,0.2172,0.0344,3.241,34.081,230.7548,0.148,0.1038,1.4068,36.3977,232.1567,0.1571,0.042
2016-02-28T01:06:59.031Z,2.5749,50.9386,231.9049,0.2193,0.0502,3.5577,36.597,230.9796,0.1587,0.104,2.1271,34.2047,232.8264,0.1472,0.0651
2016-02-28T01:07:59.701Z,2.7128,50.7627,232.2546,0.2186,0.0542,3.3411,37.7925,231.0254,0.1639,0.0924,2.1179,33.1066,233.1802,0.1423,0.0686
2016-02-28T01:08:59.019Z,1.9321,49.6308,230.2291,0.2161,0.0394,2.9657,34.0712,231.4406,0.1472,0.0977,2.2763,36.7109,233.0001,0.1581,0.0659
2016-02-28T01:09:59.427Z,2.1242,49.4953,230.0314,0.2157,0.0435,3.1586,34.1373,231.5699,0.1474,0.0938,2.0644,35.7057,233.0609,0.1535,0.0602
2016-02-28T01:10:59.187Z,2.4219,49.5074,230.1876,0.2154,0.0493,3.0201,33.806,231.4103,0.1463,0.0935,2.5816,36.1696,232.9643,0.1545,0.0721
2016-02-28T01:12:59.291Z,2.2021,49.3572,230.5747,0.2137,0.0435,3.5265,35.9118,231.7196,0.1551,0.1032,1.8513,35.2431,233.1941,0.1512,0.057
2016-02-28T01:13:59.920Z,1.9434,50.0734,230.7174,0.2172,0.0384,2.8429,35.2915,230.2014,0.1541,0.0915,1.5727,35.2741,232.9557,0.1515,0.0493
2016-02-28T01:14:59.303Z,1.7729,50.0063,230.7964,0.2168,0.0358,3.1087,33.5652,229.2574,0.147,0.0982,2.5352,34.4269,232.1621,0.1481,0.0832
2016-02-28T01:15:59.575Z,1.8599,50.3349,231.483,0.2175,0.037,3.0253,34.4224,230.9868,0.1493,0.0971,1.7649,34.8149,233.266,0.1486,0.0546
2016-02-28T01:16:59.942Z,2.0426,50.5982,231.8951,0.2182,0.0404,3.483,33.744,230.4421,0.1464,0.1104,2.4585,34.6978,232.8196,0.149,0.0683
2016-02-28T01:17:59.555Z,1.8769,50.0541,231.9497,0.2158,0.0374,3.0962,35.4323,230.8157,0.1534,0.0931,1.6498,34.8731,232.9243,0.1501,0.0494
2016-02-28T01:18:59.807Z,2.2178,50.2459,232.2952,0.216,0.0441,3.4838,32.4488,231.2352,0.1404,0.111,1.8269,36.9888,233.4702,0.1579,0.053
2016-02-28T01:19:59.935Z,1.856,49.929,232.1142,0.2149,0.0376,3.1824,34.0288,231.7985,0.1473,0.0995,1.9408,34.4923,232.9512,0.1482,0.0591
2016-02-28T01:20:59.295Z,1.909,50.1096,232.3183,0.2153,0.0371,3.0774,35.6731,231.7272,0.154,0.0924,2.3078,35.6653,232.6676,0.153,0.066
2016-02-28T01:21:59.692Z,1.574,51.0224,231.8601,0.2199,0.0308,3.1696,36.3807,231.4025,0.1577,0.0943,1.9744,35.2853,232.159,0.1524,0.0586
2016-02-28T01:22:59.975Z,2.5402,49.2167,231.4771,0.213,0.0486,3.2608,33.0827,230.9946,0.143,0.1025,2.2373,35.8829,232.1567,0.1546,0.0591
2016-02-28T01:23:59.748Z,2.091,50.3875,230.9844,0.2178,0.0414,3.09,37.2102,230.8021,0.1612,0.0907,1.9418,33.7623,232.1799,0.1448,0.0598
2016-02-28T01:24:59.765Z,2.5514,50.4863,230.3951,0.2184,0.0497,3.0824,34.318,229.7009,0.1493,0.0985,2.4464,33.9749,232.5667,0.1463,0.0738
2016-02-28T01:25:59.022Z,2.2097,49.9362,232.2006,0.2151,0.0448,3.213,33.5823,230.7179,0.1453,0.1014,2.0254,35.5346,232.8579,0.1524,0.0639
2016-02-28T01:26:59.023Z,2.0602,50.7612,232.469,0.2183,0.0412,2.6771,36.9694,231.2913,0.1598,0.077,1.9941,35.0539,232.9299,0.1502,0.0573
2016-02-28T01:27:59.659Z,2.4418,49.196,232.2155,0.212,0.0492,3.5359,29.4101,231.0649,0.1268,0.1184,2.268,36.2692,232.231,0.1559,0.0692
2016-02-28T01:28:59.193Z,2.3623,48.9627,232.2493,0.2113,0.0487,3.3469,36.0947,230.8653,0.1563,0.1003,1.627,37.0168,231.8018,0.1595,0.0503
2016-02-28T01:29:59.581Z,2.0657,51.0662,232.0089,0.2198,0.0397,3.6082,35.5773,230.958,0.1542,0.1118,2.0948,35.1115,231.4721,0.1518,0.0631
2016-02-28T01:30:59.411Z,2.1534,49.9846,232.2036,0.2148,0.0418,3.567,34.5019,230.9074,0.1491,0.1085,1.9532,37.1221,231.4567,0.1603,0.0548
2016-02-28T01:31:59.318Z,2.131,50.0842,232.4153,0.2155,0.0435,3.197,35.3675,231.6296,0.1525,0.0944,2.2116,36.0716,231.717,0.1553,0.0631
2016-02-28T01:32:59.551Z,1.8165,50.1662,232.3723,0.2157,0.0374,3.3349,35.6246,230.9479,0.1541,0.0998,2.0992,35.0209,231.4659,0.151,0.0614
2016-02-28T01:33:59.995Z,2.3516,49.3463,231.7693,0.2127,0.047,3.6589,34.6587,230.4308,0.1508,0.1082,1.7009,35.4581,231.5459,0.1531,0.0559
2016-02-28T01:34:59.688Z,2.7529,50.6065,231.2511,0.2188,0.0523,3.3246,35.9314,229.9802,0.1564,0.0977,1.7827,35.6763,231.6578,0.1541,0.0565
2016-02-28T01:35:59.126Z,2.7199,49.2683,232.5741,0.2123,0.0547,3.0028,33.6451,231.2502,0.1454,0.097,2.1662,34.3622,231.6791,0.1481,0.0666
2016-02-28T01:36:59.199Z,2.421,49.6667,232.7379,0.2134,0.0495,3.4142,33.8666,231.2237,0.1464,0.1054,1.999,37.0608,231.8033,0.1599,0.0562
2016-02-28T01:37:59.889Z,2.0985,50.4664,232.8283,0.2163,0.0421,3.109,37.3495,230.7636,0.1615,0.0867,2.104,34.1074,232.19,0.1466,0.064
2016-02-28T01:38:59.016Z,2.2608,49.8888,233.1669,0.2135,0.0455,3.27,35.662,230.8666,0.1544,0.1033,2.5517,37.1829,232.2535,0.1599,0.0717
2016-02-28T01:39:59.713Z,2.6735,49.4945,232.2221,0.213,0.0528,3.1974,34.5412,230.257,0.1498,0.0966,1.906,34.9783,231.5605,0.1513,0.0624
2016-02-28T01:40:59.278Z,2.7624,50.5255,232.271,0.218,0.0569,2.9291,34.4351,230.3545,0.1497,0.0892,1.573,34.409,231.7029,0.1488,0.0534
2016-02-28T01:41:59.766Z,1.9018,49.1102,232.1667,0.2113,0.0385,3.2354,32.2812,230.3899,0.1401,0.0999,1.7253,35.6059,231.4678,0.1542,0.0553
2016-02-28T01:42:59.630Z,2.1281,50.1537,231.67,0.2168,0.0413,3.4071,33.5338,229.9887,0.1458,0.1066,1.9462,34.1386,231.0958,0.1476,0.0586
2016-02-28T01:43:59.900Z,2.3159,50.2312,231.3042,0.2174,0.0454,2.9296,35.9652,230.3621,0.1556,0.0868,2.014,32.1684,230.4398,0.1396,0.0652
2016-02-28T01:44:59.814Z,2.6236,49.2196,231.0373,0.2131,0.0545,2.8703,31.1704,229.0786,0.1365,0.0969,2.1708,36.0073,231.0893,0.1558,0.0621
2016-02-28T01:45:59.071Z,1.7082,49.7761,232.2626,0.2144,0.0352,2.8361,34.5106,228.78,0.1506,0.0842,1.538,35.7722,233.2354,0.1536,0.047
2016-02-28T01:46:59.335Z,1.9962,50.0579,231.7413,0.2159,0.0409,2.9923,33.7153,231.2641,0.146,0.0929,2.0288,34.6929,232.2792,0.1495,0.0615
2016-02-28T01:47:59.262Z,2.1062,49.3954,231.7337,0.2133,0.0435,3.3198,37.3024,231.5755,0.1611,0.0962,2.1243,34.7686,232.7697,0.1495,0.0652
2016-02-28T01:48:59.988Z,3.2038,49.7957,232.6009,0.2136,0.0655,4.0442,36.3093,231.8097,0.1567,0.1157,1.6368,36.8142,233.1113,0.1578,0.0507
2016-02-28T01:49:59.120Z,2.1109,49.3646,232.1663,0.2122,0.0429,3.8764,36.3593,231.4596,0.1572,0.1119,2.1658,34.7384,232.7719,0.1493,0.0694
2016-02-28T01:50:59.693Z,2.3057,50.9121,232.1608,0.219,0.0449,3.0029,33.262,231.5245,0.1434,0.1007,1.8138,34.594,232.5665,0.1488,0.0545
2016-02-28T01:51:59.029Z,2.2003,50.2818,232.3142,0.2164,0.0446,3.6773,32.0309,232.0786,0.138,0.1158,1.8294,37.2866,232.7279,0.1602,0.0528
2016-02-28T01:52:59.330Z,3.0095,49.9304,231.7455,0.2152,0.0596,3.4588,35.3242,230.8827,0.1527,0.1032,1.8265,35.7274,232.0054,0.1538,0.0548
2016-02-28T01:53:59.541Z,2.0115,49.4864,232.3259,0.2132,0.0419,3.3091,34.4052,231.0274,0.1487,0.1001,1.903,34.2762,232.2488,0.1476,0.0584
2016-02-28T01:54:59.826Z,1.9513,50.4489,231.4298,0.2179,0.0397,3.4613,35.3091,231.3007,0.1529,0.1042,2.173,35.218,230.8426,0.1529,0.0661
2016-02-28T01:55:59.389Z,1.75,51.0951,232.5918,0.2198,0.0336,3.4277,35.3872,232.1673,0.1521,0.103,2.3041,33.1753,232.4772,0.1429,0.0658
2016-02-28T01:56:59.760Z,2.6693,51.2773,233.1831,0.2202,0.0529,3.4665,34.1991,232.6845,0.147,0.1069,2.0509,33.2043,233.6349,0.1423,0.0612
2016-02-28T01:57:59.499Z,1.9597,50.1814,232.3668,0.216,0.0398,3.4027,32.9818,231.9455,0.1425,0.1087,2.058,33.1293,233.357,0.1421,0.0682
2016-02-28T01:58:59.130Z,2.258,49.7802,232.5582,0.2143,0.0447,3.9786,34.5538,232.2067,0.1492,0.1163,2.2597,35.4017,233.5114,0.1519,0.0649
2016-02-28T01:59:59.098Z,2.4888,49.4791,232.8179,0.2124,0.0504,3.3708,36.7215,233.0063,0.1577,0.1005,2.1401,34.8573,233.6416,0.1493,0.0643
2016-02-28T02:00:59.999Z,2.3379,49.8937,233.1177,0.2139,0.0497,3.2278,36.3924,232.9074,0.1561,0.0993,2.1361,35.773,233.2319,0.1536,0.0604
2016-02-28T02:01:59.384Z,2.0479,49.4462,233.1603,0.2122,0.0412,3.3901,33.4616,232.5604,0.1442,0.1099,1.5939,35.0485,233.2817,0.1497,0.0492
2016-02-28T02:02:59.997Z,1.8729,49.6712,232.6526,0.2137,0.0376,3.3807,37.3217,231.8451,0.161,0.0924,1.7286,34.9477,232.5263,0.15,0.0595
2016-02-28T02:03:59.919Z,2.2115,51.3521,232.0213,0.2209,0.0457,3.1187,34.8813,231.4392,0.1508,0.0976,2.212,35.3478,232.7898,0.1514,0.0658
2016-02-28T02:04:59.440Z,2.3398,48.9481,232.2707,0.2102,0.0471,3.0338,35.1143,230.552,0.1523,0.0992,1.5328,34.2153,232.0351,0.1473,0.0479
2016-02-28T02:05:59.933Z,1.8485,51.3621,232.0874,0.221,0.0338,3.9523,32.9858,232.1771,0.1425,0.1251,1.7872,36.8023,232.7611,0.1578,0.0536
2016-02-28T02:06:59.190Z,2.2899,50.4083,233.5106,0.2162,0.0464,3.4582,33.6363,233.0323,0.1443,0.1038,1.9738,36.4867,233.5696,0.1563,0.0597
2016-02-28T02:07:59.698Z,1.6718,50.0309,233.5285,0.2144,0.0355,3.3889,34.8867,232.344,0.1502,0.1067,1.6122,33.9873,233.2936,0.1453,0.056
2016-02-28T02:08:59.172Z,1.8936,50.0716,233.8137,0.2144,0.039,3.3888,33.2102,231.702,0.1433,0.1079,1.8263,34.6502,233.0367,0.1483,0.0559
2016-02-28T02:09:59.612Z,1.6338,50.4426,232.8411,0.2172,0.0329,3.5046,35.6257,230.6471,0.1548,0.1039,2.2334,35.454,231.4642,0.1525,0.0639
2016-02-28T02:10:59.880Z,1.9963,49.3824,231.5744,0.213,0.0403,2.7442,32.492,229.6855,0.1412,0.0973,2.0948,33.6236,231.2218,0.1452,0.068
2016-02-28T02:11:59.169Z,2.3111,49.1212,231.9258,0.2117,0.0467,2.7924,37.381,229.7133,0.1626,0.0817,2.3372,33.552,230.6844,0.146,0.0773
2016-02-28T02:12:59.154Z,1.8793,49.1029,230.7997,0.2127,0.038,3.4002,32.1241,228.7352,0.1402,0.1162,2.6327,33.1122,229.8841,0.1437,0.0843
2016-02-28T02:13:59.713Z,1.7475,49.2521,230.5403,0.2135,0.0346,2.8011,31.5303,228.598,0.1377,0.1018,1.2832,33.6707,230.9268,0.146,0.0525
2016-02-28T02:14:59.357Z,1.7943,48.353,231.0711,0.2092,0.0358,3.1244,31.6206,227.7677,0.139,0.1092,2.504,35.0559,230.7681,0.1519,0.0774
2016-02-28T02:15:59.058Z,2.0469,48.4765,230.8374,0.2098,0.042,3.1725,32.2896,229.024,0.141,0.1068,1.9654,32.1556,231.6551,0.139,0.0682
2016-02-28T02:16:59.448Z,1.744,50.787,230.8891,0.2197,0.0344,2.7584,30.5252,229.2049,0.1326,0.104,2.5509,32.7609,231.7225,0.1418,0.0768
2016-02-28T02:18:59.298Z,2.0438,48.8079,230.9212,0.2116,0.0419,2.9115,33.5024,229.5612,0.1462,0.0942,2.3039,35.6899,232.0277,0.154,0.0673
2016-02-28T02:19:59.808Z,2.1555,50.1956,230.9702,0.2177,0.0422,3.388,33.2484,229.5073,0.1448,0.1023,1.9371,34.052,231.728,0.1471,0.0634
2016-02-28T02:20:59.202Z,1.7363,50.2929,230.965,0.2183,0.0341,3.0456,32.3374,229.8043,0.1404,0.1007,2.1737,34.5338,231.7468,0.149,0.0693
2016-02-28T02:21:59.496Z,2.2018,48.0062,231.033,0.2072,0.0452,3.1009,30.8803,229.9264,0.1346,0.1099,2.2592,34.7946,231.2405,0.1502,0.0682
2016-02-28T02:22:59.154Z,2.3392,47.659,230.2528,0.2079,0.0504,3.3621,30.3491,229.2557,0.1322,0.1128,1.8524,34.5477,230.7237,0.1498,0.0614
2016-02-28T02:23:59.958Z,2.9225,49.9889,230.6096,0.2167,0.0592,3.0321,34.8727,229.2352,0.1525,0.0927,2.2466,34.5014,230.7928,0.1497,0.0693
2016-02-28T02:24:59.535Z,2.4245,49.669,229.7186,0.216,0.0482,3.0504,35.9938,228.1169,0.158,0.0938,1.3841,35.1752,230.8004,0.1521,0.0432
2016-02-28T02:25:59.938Z,2.1118,49.8324,230.2981,0.2166,0.0416,3.0195,34.1668,228.767,0.1491,0.0947,1.9531,34.9402,230.8262,0.1514,0.0601
2016-02-28T02:26:59.934Z,1.7516,48.4608,230.9095,0.2097,0.0368,3.0767,34.6925,229.2042,0.1513,0.0981,1.9952,34.3225,231.2687,0.1482,0.0599
2016-02-28T02:27:59.248Z,2.7919,49.7643,231.8198,0.2143,0.0561,3.3163,37.6697,230.2626,0.1637,0.0943,2.4843,34.5668,232.8271,0.1484,0.074
2016-02-28T02:28:59.051Z,2.2207,50.2311,231.584,0.2165,0.0452,2.8677,35.7634,229.9369,0.1558,0.0886,1.8704,32.7948,232.7516,0.1404,0.0633
2016-02-28T02:29:59.800Z,1.8251,49.8673,231.5501,0.2153,0.0367,3.5337,34.6198,230.33,0.1505,0.1078,1.97,35.8252,232.6186,0.1545,0.0575
2016-02-28T02:30:59.194Z,2.4439,50.2837,231.6013,0.2171,0.0494,3.9134,37.6406,230.697,0.1632,0.1107,2.0098,34.8112,232.1818,0.1503,0.0583
2016-02-28T02:31:59.778Z,2.9786,49.3468,231.9469,0.213,0.06,3.9588,34.4508,231.0223,0.1496,0.1232,2.0938,34.8576,232.3336,0.1502,0.0644
2016-02-28T02:32:59.583Z,2.3748,48.6365,231.4956,0.2101,0.0481,3.636,30.2684,230.0901,0.1314,0.1222,1.639,36.2812,232.1113,0.1565,0.0502
2016-02-28T02:33:59.890Z,2.0655,49.9386,231.2402,0.2156,0.0411,3.1586,32.7337,229.5056,0.1415,0.1002,1.5967,34.1429,232.0891,0.1469,0.0495
2016-02-28T02:34:59.914Z,1.9121,49.4664,230.0588,0.2152,0.0379,2.9186,32.6158,228.7964,0.1427,0.0962,1.924,35.4879,231.9921,0.1538,0.0586
2016-02-28T02:35:59.596Z,2.5446,50.3391,230.8752,0.2181,0.0531,3.3663,33.0622,230.0641,0.1438,0.1035,2.1357,33.2289,231.4229,0.1432,0.0645
2016-02-28T02:36:59.750Z,2.0257,49.6958,231.2555,0.2148,0.0416,2.5548,36.4132,227.9838,0.16,0.0789,1.2902,34.1549,231.6609,0.1474,0.044
2016-02-28T02:37:59.231Z,2.2012,49.8657,231.2559,0.216,0.0434,3.1508,34.4458,228.3493,0.1509,0.0952,1.546,36.5221,231.9123,0.1573,0.0463
2016-02-28T02:38:59.624Z,2.2843,50.1939,230.8968,0.2171,0.0454,3.4786,36.3322,229.472,0.1585,0.101,2.27,34.6172,231.2011,0.1501,0.0659
2016-02-28T02:39:59.143Z,2.4663,50.0232,231.3562,0.2157,0.0468,3.0618,34.9578,229.5962,0.1519,0.0937,2.3632,33.3273,231.3733,0.1439,0.0707
2016-02-28T02:40:59.399Z,1.7573,49.6764,230.6496,0.2151,0.0367,3.1699,31.3515,229.6363,0.1362,0.1048,1.9632,34.6433,231.2812,0.1496,0.0593
2016-02-28T02:41:59.774Z,2.0103,50.5502,231.0818,0.2192,0.0398,3.3612,35.8328,230.3336,0.1559,0.1025,2.0539,33.9211,231.717,0.1466,0.0658
2016-02-28T02:42:59.679Z,2.1557,50.597,230.9704,0.2196,0.0406,3.039,31.8414,229.9001,0.1387,0.1014,1.9244,33.5247,231.6381,0.1444,0.0627
2016-02-28T02:43:59.661Z,1.9793,49.2307,231.1329,0.2129,0.0412,3.4737,34.3327,230.2512,0.1491,0.107,2.3954,34.2665,230.7601,0.1482,0.0693
2016-02-28T02:44:59.992Z,1.9751,49.9395,230.9421,0.2162,0.04,3.353,36.319,228.7432,0.1585,0.0971,2.3961,34.2471,230.0133,0.1489,0.071
2016-02-28T02:45:59.341Z,2.1503,49.6992,230.5763,0.2157,0.0426,3.3283,33.2021,230.8749,0.1432,0.1051,1.5863,33.9611,231.536,0.1471,0.046
2016-02-28T02:46:59.310Z,2.253,48.9697,230.0207,0.2128,0.0474,3.1982,34.6833,231.4838,0.1497,0.1031,2.1776,35.8088,232.0651,0.1544,0.0599
2016-02-28T02:47:59.489Z,2.2339,49.1644,229.3827,0.2149,0.0465,3.2577,35.8659,231.0766,0.1548,0.0955,1.7724,34.8382,232.0722,0.1499,0.0548
2016-02-28T02:48:59.038Z,2.4682,48.8127,229.2478,0.2128,0.0504,3.1621,32.7581,230.8437,0.1421,0.1058,2.0089,38.2716,232.1406,0.165,0.0567
2016-02-28T02:49:59.890Z,1.7233,50.2775,229.934,0.2185,0.0339,3.3198,33.6615,230.7807,0.1458,0.1042,1.811,34.7137,232.5902,0.1491,0.0528
2016-02-28T02:50:59.372Z,2.6533,49.6888,229.7218,0.2167,0.0539,3.0839,36.4826,230.9441,0.1581,0.0936,1.9071,34.6291,232.6391,0.1487,0.0579
2016-02-28T02:51:59.695Z,1.8732,49.4476,229.6015,0.2154,0.0388,3.2485,33.7313,230.722,0.1461,0.0993,2.1733,35.162,232.2635,0.1514,0.0618
2016-02-28T02:52:59.967Z,2.0282,49.7469,229.4146,0.2164,0.0408,3.3245,35.853,230.0859,0.1564,0.0956,1.3845,34.057,231.6591,0.147,0.0457
2016-02-28T02:53:59.865Z,2.4679,49.5821,229.0768,0.2165,0.0504,3.3207,34.6298,229.6942,0.1509,0.1014,2.349,34.7305,231.2876,0.1504,0.0697
2016-02-28T02:54:59.328Z,2.4638,49.5083,229.3626,0.2158,0.0502,2.863,33.8114,228.7342,0.1473,0.0988,2.3936,35.0472,230.8339,0.1521,0.0683
2016-02-28T02:55:59.519Z,2.4468,48.2957,228.6073,0.2111,0.0514,3.2357,35.4457,229.6695,0.1552,0.0987,2.0381,35.8459,231.7197,0.1542,0.0625
2016-02-28T02:56:59.831Z,1.6489,50.3771,229.0738,0.2203,0.0322,2.9421,35.5742,230.9992,0.1542,0.0948,2.1388,34.4505,232.4102,0.1483,0.0683
2016-02-28T02:57:59.871Z,2.3641,48.3308,229.3115,0.2105,0.048,3.1298,31.6281,231.3657,0.1366,0.1056,2.2037,36.4708,232.4985,0.1574,0.0599
2016-02-28T02:58:59.689Z,1.893,49.294,230.6952,0.2134,0.04,4.1623,34.9249,230.7774,0.1514,0.119,2.0087,35.3056,232.2327,0.152,0.0591
2016-02-28T02:59:59.293Z,2.2807,50.7334,231.1211,0.2199,0.0434,2.8684,35.1888,230.7275,0.1524,0.0898,2.3389,35.2232,231.7673,0.1516,0.0671
