2016-01-23T00:00:59.827Z,3.6803,71.935,232.4988,0.3092,0.051,2.8071,64.1099,229.5534,0.2789,0.0439,2.4162,64.4447,232.227,0.2773,0.0375
2016-01-23T00:01:59.123Z,4.8807,73.6852,232.1834,0.3172,0.0674,2.8752,64.4561,229.8316,0.2809,0.0448,2.2751,67.5726,232.7149,0.2906,0.0351
2016-01-23T00:02:59.349Z,5.185,75.0955,232.2992,0.3229,0.0707,2.9673,65.1809,229.592,0.2847,0.0451,1.8972,66.6895,232.2854,0.2874,0.027
2016-01-23T00:03:59.153Z,4.7267,73.2934,231.626,0.3163,0.0661,3.4109,64.089,228.8749,0.2801,0.0539,29.99,86.7611,231.3658,0.3756,0.2036
2016-01-23T00:04:59.181Z,4.81,73.9478,231.1684,0.3196,0.0679,3.6662,65.6063,228.5247,0.2871,0.0557,34.3671,88.7096,230.972,0.3838,0.2353
2016-01-23T00:05:59.499Z,4.6832,75.0338,230.5346,0.3254,0.0622,2.7503,66.5041,228.9445,0.2902,0.0409,1.689,65.9342,229.8697,0.2864,0.027
2016-01-23T00:06:59.978Z,5.5046,74.4809,230.3871,0.3228,0.0759,3.2324,64.8971,229.3112,0.2829,0.051,1.6138,65.0182,230.3698,0.2824,0.025
2016-01-23T00:07:59.347Z,4.5246,74.3933,231.2231,0.3218,0.0619,2.8839,64.9834,229.3633,0.2831,0.0434,1.983,65.9207,231.5746,0.2849,0.0319
2016-01-23T00:08:59.730Z,4.6675,73.9676,231.092,0.3204,0.0626,2.9816,65.05,229.2662,0.2831,0.0474,1.7045,65.7423,231.2409,0.2844,0.0267
2016-01-23T00:09:59.978Z,4.9903,74.6911,231.3114,0.3226,0.0686,3.5824,64.0178,229.3026,0.2792,0.0559,1.8591,66.2353,231.3107,0.2869,0.0292
2016-01-23T00:10:59.344Z,5.4804,72.7579,231.1942,0.315,0.0766,3.1646,64.0431,229.0677,0.2797,0.0519,1.6393,64.3898,231.3841,0.2786,0.0271
2016-01-23T00:11:59.083Z,4.2186,73.3452,230.9774,0.3177,0.0576,3.132,65.0557,229.0499,0.2838,0.0488,2.2188,66.458,231.8234,0.287,0.0327
2016-01-23T00:12:59.086Z,4.3955,74.8643,231.494,0.3233,0.0612,3.3513,65.6302,229.0391,0.2859,0.0515,1.7714,65.6563,232.0866,0.2825,0.0279
2016-01-23T00:13:59.465Z,4.8079,73.234,230.5792,0.3174,0.0668,2.9582,67.3902,228.3731,0.2947,0.0442,2.2716,64.2998,232.3868,0.2765,0.0341
2016-01-23T00:14:59.821Z,4.8599,74.1462,230.2711,0.3218,0.0662,3.3899,65.4809,227.9857,0.287,0.0515,62.6149,112.354,231.8774,0.485,0.414
2016-01-23T00:15:59.318Z,4.5806,73.1708,230.2666,0.3177,0.0639,2.765,63.4413,227.2918,0.2781,0.0461,2.3513,65.2996,231.3414,0.2821,0.0379
2016-01-23T00:16:59.896Z,3.8746,73.7254,229.989,0.3203,0.0533,3.2007,64.9339,228.133,0.2842,0.0498,1.8838,66.4125,231.4268,0.2868,0.0284
2016-01-23T00:17:59.209Z,4.453,73.3313,230.8832,0.3176,0.0616,2.7318,64.1377,229.0216,0.2798,0.0434,2.1506,65.7038,232.1848,0.283,0.0323
2016-01-23T00:18:59.407Z,5.1274,73.0819,230.9996,0.3162,0.0703,3.3111,64.9916,228.9637,0.2834,0.053,1.6066,65.3385,232.2462,0.2811,0.0246
2016-01-23T00:19:59.865Z,4.7514,72.5955,231.1066,0.3135,0.0669,3.2887,65.3549,229.2316,0.2853,0.0497,1.6736,66.6764,232.6275,0.2875,0.0245
2016-01-23T00:20:59.115Z,4.1558,74.0059,231.5577,0.3193,0.0563,2.8531,62.8568,229.3458,0.2743,0.0469,2.0452,66.5218,232.7891,0.2858,0.0323
2016-01-23T00:21:59.836Z,4.6051,74.8089,232.1462,0.3223,0.0634,2.9549,64.3463,228.785,0.281,0.0467,1.8958,66.9054,234.2439,0.2853,0.0275
2016-01-23T00:22:59.034Z,5.4049,73.3762,232.3351,0.3153,0.0747,2.5174,65.2857,228.5486,0.2856,0.0392,1.5567,67.3,234.462,0.2871,0.0226
2016-01-23T00:23:59.499Z,5.1547,73.423,231.7909,0.3166,0.0715,2.75,65.6827,229.5224,0.2861,0.0447,1.8143,67.2676,233.3652,0.2882,0.0258
2016-01-23T00:24:59.170Z,4.5201,72.9254,231.7141,0.3144,0.0647,3.3294,64.7154,228.9091,0.283,0.0509,120.8134,157.9404,232.6834,0.6792,0.6162
2016-01-23T00:25:59.474Z,4.2299,73.9348,232.8919,0.3171,0.0577,3.503,64.7784,228.092,0.2841,0.0518,82.5415,104.7284,232.4726,0.4499,0.7888
2016-01-23T00:26:59.756Z,4.7785,75.5659,233.0927,0.3242,0.0627,2.8541,65.8211,229.9102,0.2863,0.0445,82.8004,105.4002,233.1502,0.4521,0.7868
2016-01-23T00:27:59.918Z,4.6519,73.6127,232.3452,0.317,0.0644,3.351,65.7556,230.5803,0.2851,0.0515,82.8044,105.193,233.5703,0.4501,0.7874
2016-01-23T00:28:59.677Z,4.0254,74.6307,232.2629,0.321,0.054,3.1563,65.3543,230.6826,0.2835,0.0473,83.4599,106.5838,233.9485,0.4556,0.7841
2016-01-23T00:29:59.997Z,3.7988,73.1442,231.6414,0.3154,0.0525,3.261,66.0587,230.9087,0.2858,0.0495,82.9966,107.176,233.7234,0.4585,0.7747
2016-01-23T00:30:59.260Z,4.6724,75.0516,231.5804,0.3242,0.0616,3.04,66.9939,230.5768,0.2907,0.0446,82.6694,106.0746,233.4304,0.4546,0.78
2016-01-23T00:31:59.423Z,4.8325,73.3409,231.3182,0.3168,0.0678,3.5513,63.1637,229.9471,0.2742,0.0551,82.5865,105.0851,233.6266,0.45,0.7873
2016-01-23T00:32:59.750Z,3.9309,74.0661,230.9502,0.3204,0.0535,3.0384,63.2174,229.6386,0.2752,0.0496,82.7175,106.3727,233.7227,0.4545,0.7788
2016-01-23T00:33:59.679Z,4.1462,73.1226,230.7912,0.3163,0.0571,3.2713,64.8964,229.6311,0.2826,0.0501,82.4864,105.8358,233.1644,0.4536,0.7809
2016-01-23T00:34:59.953Z,4.2823,73.8305,230.8162,0.3196,0.0588,3.7001,64.8683,229.5928,0.2827,0.0587,135.9164,159.3963,233.3899,0.6835,0.8323
2016-01-23T00:35:59.437Z,2.4281,72.9171,230.0139,0.3167,0.0344,3.3472,65.8467,228.48,0.2886,0.0544,90.2594,113.0881,233.565,0.4842,0.7916
2016-01-23T00:36:59.714Z,3.1027,72.94,231.4551,0.3148,0.0446,3.3167,64.8795,229.2109,0.2831,0.0521,82.9577,105.9257,233.7198,0.4531,0.7844
2016-01-23T00:37:59.609Z,2.5708,72.9692,231.3009,0.3149,0.0358,3.6256,66.1142,229.6486,0.2877,0.0548,82.4956,105.7444,233.5013,0.4527,0.781
2016-01-23T00:38:59.876Z,2.5321,74.1498,231.473,0.3197,0.0331,4.3393,65.0527,229.5998,0.2832,0.0675,82.6623,106.3397,233.5825,0.4552,0.7792
2016-01-23T00:39:59.060Z,2.3988,72.0877,231.276,0.3113,0.0323,3.9576,63.0778,229.2808,0.2742,0.0636,82.7793,104.704,233.5666,0.4487,0.7914
2016-01-23T00:40:59.515Z,2.8145,71.4048,231.2177,0.3092,0.0409,3.5395,64.0716,228.96,0.2796,0.0589,82.7703,105.25,233.2403,0.4514,0.7877
2016-01-23T00:41:59.885Z,2.582,73.8502,231.7509,0.3192,0.0348,3.6966,66.4814,229.3163,0.2899,0.0553,82.1121,105.89,233.0567,0.4537,0.777
2016-01-23T00:42:59.096Z,2.6782,74.4036,231.6576,0.3214,0.0368,3.2614,64.5664,229.432,0.2811,0.0496,82.3298,104.7209,232.9657,0.4496,0.7877
2016-01-23T00:43:59.363Z,2.7352,74.6396,231.8634,0.322,0.0363,4.0693,66.4995,229.0021,0.2903,0.0602,81.7314,104.5142,232.7213,0.4493,0.7826
2016-01-23T00:44:59.832Z,3.0607,74.1929,231.8636,0.3201,0.0409,3.3162,65.6571,228.9005,0.2864,0.0507,102.4722,126.1818,232.4435,0.5426,0.7991
2016-01-23T00:45:59.074Z,3.8858,71.5469,230.9706,0.3096,0.055,2.9484,63.6977,229.1342,0.2779,0.0502,122.7788,145.2892,232.8941,0.6233,0.8256
2016-01-23T00:46:59.360Z,4.2948,73.8797,232.291,0.3179,0.0587,3.3435,63.9513,230.203,0.2777,0.0524,82.0935,104.9542,233.1281,0.45,0.7835
2016-01-23T00:47:59.731Z,4.4035,74.3832,233.2659,0.3189,0.0605,2.9358,66.6288,230.9996,0.2887,0.0446,80.5148,103.3246,230.7974,0.4477,0.7801
2016-01-23T00:48:59.217Z,4.6625,73.7663,233.9801,0.3151,0.0649,2.7567,65.044,231.1313,0.2809,0.0434,80.6748,102.8297,230.3915,0.4464,0.7845
2016-01-23T00:49:59.811Z,4.7615,74.3422,234.1367,0.3175,0.0646,2.9634,65.1117,231.2855,0.2814,0.0463,80.0078,102.7862,230.3976,0.4463,0.7798
2016-01-23T00:50:59.137Z,4.6657,74.2288,233.4203,0.3178,0.0642,2.3737,64.3112,231.5752,0.2778,0.0422,80.4108,102.6338,230.5003,0.4451,0.7844
2016-01-23T00:51:59.355Z,5.1301,74.3905,233.2982,0.3186,0.0691,3.199,65.1545,231.4877,0.2812,0.0503,80.155,103.3609,230.4808,0.448,0.7764
2016-01-23T00:52:59.647Z,5.3557,72.9858,231.8008,0.3148,0.0735,2.6915,66.419,231.4867,0.2865,0.0407,80.8879,102.9267,230.3658,0.4467,0.7865
2016-01-23T00:53:59.931Z,4.5185,73.0854,230.9874,0.3162,0.0615,3.2351,65.2265,231.0237,0.2822,0.0516,80.2253,103.0322,229.822,0.4484,0.7789
2016-01-23T00:54:59.778Z,4.5391,71.6051,231.0243,0.3099,0.0654,3.1946,64.688,230.472,0.281,0.0526,79.2669,101.8083,229.4063,0.4441,0.7808
2016-01-23T00:55:59.062Z,4.467,74.1323,230.3963,0.322,0.0601,3.1247,65.5358,229.8149,0.2852,0.0481,140.7451,163.3823,229.0472,0.7134,0.8381
2016-01-23T00:56:59.390Z,4.6659,73.3776,231.3348,0.3171,0.0649,2.8588,64.2204,229.7935,0.2792,0.0446,80.6485,103.5371,230.2864,0.4497,0.7801
2016-01-23T00:57:59.671Z,4.5345,73.1784,231.2743,0.3166,0.0619,2.8049,65.9425,230.423,0.2862,0.0429,80.3473,102.684,230.3741,0.4455,0.7824
2016-01-23T00:58:59.970Z,4.3548,73.9774,231.4037,0.32,0.0599,2.9356,66.2414,231.0334,0.2865,0.0466,80.0516,103.3092,230.193,0.4491,0.7762
2016-01-23T00:59:59.254Z,5.1793,72.6342,231.7472,0.313,0.0718,2.972,65.3209,231.4882,0.2819,0.0457,80.4391,102.7812,230.4386,0.446,0.7837
2016-01-23T01:00:59.763Z,4.3364,70.3522,232.9642,0.3014,0.0637,3.433,63.206,231.0213,0.2739,0.0551,79.985,102.2333,230.3961,0.4442,0.7837
2016-01-23T01:01:59.125Z,4.6331,74.7541,233.3332,0.3207,0.0619,3.6981,66.2218,230.9597,0.2863,0.0551,80.7636,103.845,230.1284,0.4512,0.7784
2016-01-23T01:02:59.734Z,4.3427,73.5195,233.4323,0.3146,0.0601,2.4977,64.3397,229.3567,0.2804,0.0386,80.8214,104.4046,230.7688,0.4522,0.7752
2016-01-23T01:03:59.121Z,4.2424,75.5842,233.2936,0.3242,0.0556,2.0499,66.2991,228.6406,0.2904,0.032,80.6898,103.7687,231.963,0.447,0.7785
2016-01-23T01:04:59.874Z,4.4349,73.6129,231.6552,0.3178,0.0611,3.0904,64.6751,229.3989,0.2825,0.0477,81.6477,104.5201,232.5513,0.4492,0.7822
2016-01-23T01:05:59.556Z,4.0015,73.4114,231.14,0.3176,0.0552,3.1047,66.2003,229.5766,0.2886,0.0484,142.6123,165.4281,231.5667,0.7147,0.841
2016-01-23T01:06:59.342Z,4.2542,73.3737,232.1172,0.3163,0.0587,3.3734,64.8556,230.4452,0.2818,0.0534,82.3348,104.7543,233.533,0.4486,0.7866
2016-01-23T01:07:59.759Z,4.272,72.752,232.1146,0.3132,0.0599,3.1371,65.2888,229.9636,0.2834,0.0466,83.1775,106.2166,234.0988,0.4537,0.7844
2016-01-23T01:08:59.076Z,4.8687,74.5064,231.913,0.3207,0.0647,3.3095,65.298,229.7987,0.2841,0.0512,82.6568,105.8736,233.8422,0.4529,0.7809
2016-01-23T01:09:59.877Z,4.6959,72.5768,231.772,0.3137,0.0649,3.0884,65.677,229.9027,0.2859,0.0495,82.7088,105.6686,233.5159,0.4527,0.7854
2016-01-23T01:10:59.490Z,5.0534,72.9668,231.851,0.3143,0.0707,2.7097,65.8066,230.3193,0.2854,0.0438,83.1498,106.5829,233.5886,0.456,0.7811
2016-01-23T01:11:59.624Z,4.7767,74.2114,232.572,0.3189,0.066,3.3269,64.421,230.2985,0.2795,0.0534,82.5171,105.636,233.8746,0.4515,0.7834
2016-01-23T01:12:59.990Z,5.0893,74.1042,232.4377,0.3188,0.07,3.2738,65.986,229.7995,0.287,0.0486,83.0434,106.1274,234.3027,0.4534,0.7832
2016-01-23T01:13:59.593Z,4.3715,72.4312,232.0202,0.3121,0.0627,3.2324,65.6582,229.6324,0.2864,0.0491,82.4263,105.0863,233.6585,0.4497,0.7858
2016-01-23T01:14:59.417Z,4.6184,73.4716,232.1536,0.3163,0.0641,2.7987,63.0044,229.2522,0.2748,0.0484,81.801,105.0546,233.1299,0.4507,0.7808
2016-01-23T01:15:59.738Z,3.9417,73.4327,231.7087,0.3167,0.0538,3.9003,65.7946,228.8166,0.2878,0.0567,125.1999,148.7214,233.4498,0.6374,0.822
2016-01-23T01:16:59.092Z,2.8551,73.4873,232.4301,0.3157,0.0376,3.6111,65.2964,230.005,0.2846,0.0543,100.161,123.6343,234.1152,0.528,0.7976
2016-01-23T01:17:59.763Z,3.04,74.3464,232.4389,0.3195,0.0412,3.8795,64.6234,229.7717,0.2811,0.0608,83.0312,105.8393,234.0883,0.4524,0.7859
2016-01-23T01:18:59.079Z,2.2657,73.2842,232.1798,0.3154,0.0298,4.0487,64.3321,230.1407,0.2796,0.064,82.4659,105.1377,233.9214,0.4496,0.7849
2016-01-23T01:19:59.266Z,2.4845,74.533,232.9332,0.3192,0.0331,4.0243,64.3614,230.3433,0.279,0.0631,82.8766,104.3078,234.2259,0.4455,0.7952
2016-01-23T01:20:59.747Z,2.8185,73.5132,233.1981,0.3148,0.0369,3.7255,65.6396,230.964,0.2845,0.0581,83.4421,107.4958,234.7205,0.4573,0.7776
2016-01-23T01:21:59.028Z,2.9656,74.2313,232.9368,0.3182,0.0389,3.2859,65.4716,230.6654,0.2838,0.0522,82.7177,105.7034,233.9178,0.4523,0.7836
2016-01-23T01:22:59.943Z,2.9476,74.6621,233.4276,0.3202,0.0401,3.3935,66.0464,230.6555,0.2864,0.0514,82.8851,106.5129,233.9293,0.4554,0.7786
2016-01-23T01:23:59.448Z,2.5441,73.9781,232.739,0.3171,0.0346,3.9224,66.4542,230.1755,0.289,0.0595,82.6718,105.1462,233.8768,0.4495,0.7864
2016-01-23T01:24:59.765Z,2.6165,73.9111,232.2516,0.3177,0.0346,3.2181,63.4231,228.5897,0.2769,0.0544,82.362,105.5637,232.9147,0.4532,0.7818
2016-01-23T01:25:59.340Z,3.1886,74.7991,232.2337,0.3221,0.0434,3.4328,65.9971,228.5361,0.2889,0.0529,93.6422,116.0594,233.1448,0.4977,0.7979
2016-01-23T01:26:59.100Z,3.1658,74.5909,232.5546,0.3208,0.0419,3.2956,64.9159,229.3952,0.2834,0.0522,133.6203,156.9877,233.2662,0.6732,0.8308
2016-01-23T01:27:59.470Z,2.7196,74.1953,232.7044,0.3191,0.0374,3.4857,64.7243,229.4014,0.282,0.0529,82.4663,104.9716,233.5085,0.4495,0.7858
2016-01-23T01:28:59.280Z,2.5766,73.5314,232.6922,0.3162,0.0336,3.6867,65.0087,229.6998,0.2823,0.0565,82.5997,105.2976,233.5295,0.4513,0.7854
2016-01-23T01:29:59.523Z,2.6353,73.8578,232.5559,0.3175,0.0357,3.2271,64.6732,229.8892,0.2809,0.0513,82.7547,105.6015,233.1716,0.453,0.7848
2016-01-23T01:30:59.798Z,2.4391,74.4369,232.7345,0.32,0.0327,3.5826,64.8332,230.0479,0.2818,0.0557,81.83,104.4774,233.1652,0.4485,0.7838
2016-01-23T01:31:59.929Z,2.6366,74.1974,232.7754,0.3185,0.0371,3.376,64.6323,230.0014,0.281,0.0527,83.0826,106.5083,234.1164,0.4554,0.7804
2016-01-23T01:32:59.399Z,3.4417,74.4546,233.0692,0.3192,0.0471,3.6777,65.2349,230.4658,0.2832,0.0566,82.7448,104.8661,233.9359,0.449,0.789
2016-01-23T01:33:59.906Z,2.3577,73.8757,232.9487,0.317,0.0307,3.9631,65.0351,230.4497,0.2821,0.0649,82.4648,105.4463,233.4603,0.4515,0.7829
2016-01-23T01:34:59.384Z,2.1506,74.5092,232.0034,0.3204,0.0273,4.2503,64.171,229.6392,0.2797,0.0689,81.9272,104.8514,232.6251,0.4503,0.7822
2016-01-23T01:35:59.739Z,2.8427,72.9317,231.9805,0.3148,0.039,3.5936,64.9089,229.2167,0.2834,0.0547,81.4702,105.3763,232.2287,0.4534,0.7755
2016-01-23T01:36:59.949Z,4.4712,74.2173,232.388,0.3196,0.0599,3.6166,65.9719,230.0707,0.2869,0.0532,179.5511,203.0814,232.6519,0.873,0.8735
2016-01-23T01:37:59.572Z,863.4245,1254.237,230.8853,5.4354,0.5896,875.2135,1274.9773,228.9171,5.5749,0.588,1420.9396,1952.4821,230.1528,8.4902,0.7469
2016-01-23T01:38:59.120Z,1105.0399,1542.503,230.8849,6.6809,0.7161,1122.3358,1566.8792,228.5729,6.8551,0.7164,1646.6461,2205.4055,229.9491,9.5906,0.747
2016-01-23T01:39:59.225Z,1193.3476,1621.1067,230.7358,7.0255,0.7366,1211.05,1647.1667,228.7752,7.1998,0.7356,1731.7575,2279.7145,230.2933,9.8989,0.7597
2016-01-23T01:40:59.788Z,1193.2486,1627.962,230.7329,7.0556,0.7326,1210.9569,1642.0522,228.5071,7.1854,0.7375,1746.2089,2289.8415,230.5585,9.9315,0.7609
2016-01-23T01:41:59.915Z,1186.9891,1611.0096,230.2656,6.9956,0.737,1225.7766,1655.6633,228.8311,7.2348,0.7409,1733.2685,2283.3131,230.2051,9.9184,0.7599
2016-01-23T01:42:59.197Z,1218.5772,1629.5898,230.9031,7.0574,0.7479,1243.4272,1682.4578,228.7315,7.3552,0.7397,1731.9362,2269.6701,229.2919,9.8982,0.7622
2016-01-23T01:43:59.606Z,1223.3786,1666.3519,231.522,7.1972,0.7346,1205.12,1621.2176,225.9686,7.1744,0.7427,1777.6208,2283.194,229.7981,9.9356,0.7794
2016-01-23T01:44:59.619Z,1218.1798,1645.2988,230.5308,7.1372,0.7406,1237.8424,1663.8911,228.4351,7.2835,0.744,1761.163,2294.3276,230.6156,9.9483,0.7678
2016-01-23T01:45:59.094Z,1216.673,1644.6897,230.924,7.1222,0.7398,1254.3143,1682.9467,229.0489,7.3474,0.7457,1765.7825,2310.0957,231.1285,9.9947,0.7647
2016-01-23T01:46:59.721Z,1217.3899,1649.9702,231.315,7.1332,0.7378,1265.9189,1693.931,229.4627,7.3821,0.7471,1776.1074,2329.4964,231.5806,10.0589,0.7613
2016-01-23T01:47:59.794Z,1217.1889,1648.9165,231.033,7.1364,0.738,1260.3325,1689.5011,229.3981,7.3649,0.7462,1765.9829,2313.6311,231.104,10.0104,0.7615
2016-01-23T01:48:59.106Z,1194.159,1629.8044,231.2374,7.0474,0.732,1232.889,1666.9142,229.1099,7.2752,0.74,1737.0482,2286.969,231.2569,9.8893,0.7594
2016-01-23T01:49:59.357Z,1184.9771,1609.6588,230.3658,6.9877,0.7359,1243.568,1670.425,229.1931,7.2883,0.7447,1728.9584,2282.2264,231.0348,9.8779,0.7578
2016-01-23T01:50:59.719Z,1111.0042,1543.1197,230.444,6.6961,0.7199,1168.1241,1610.5546,229.4539,7.0187,0.725,1643.0227,2206.1772,230.981,9.5513,0.745
2016-01-23T01:51:59.073Z,1113.5266,1547.6204,231.0446,6.6982,0.7189,1156.451,1604.5342,229.2192,6.9999,0.7202,1635.6085,2190.7921,230.7884,9.4926,0.7475
2016-01-23T01:52:59.442Z,1099.7223,1530.5536,230.7176,6.6334,0.719,1150.5601,1591.821,229.1686,6.9463,0.723,1630.0926,2183.4417,230.5893,9.4688,0.7478
2016-01-23T01:53:59.861Z,1118.9599,1545.2337,230.951,6.6908,0.724,1168.5693,1613.4707,229.5241,7.0288,0.7242,1638.6436,2190.1636,230.3218,9.5094,0.7492
2016-01-23T01:54:59.448Z,1114.8813,1535.4947,230.4,6.6644,0.7262,1153.9957,1592.6737,228.7922,6.9613,0.7245,1629.2003,2166.8264,229.6796,9.4338,0.7508
2016-01-23T01:55:59.790Z,1131.2349,1550.6868,230.4588,6.7286,0.7294,1179.5808,1611.4342,228.9533,7.0391,0.7316,1656.2879,2196.5227,230.0048,9.5502,0.7532
2016-01-23T01:56:59.220Z,1131.7182,1554.3013,231.0599,6.7269,0.7279,1167.9143,1611.9647,229.2633,7.031,0.7249,1642.4337,2180.4693,230.0569,9.4778,0.7525
2016-01-23T01:57:59.425Z,1155.9912,1582.356,231.1642,6.8457,0.7308,1185.8538,1629.8944,229.5939,7.0992,0.7273,1667.9051,2206.004,230.7418,9.5601,0.7571
2016-01-23T01:58:59.657Z,1156.5677,1588.6622,231.5536,6.8609,0.7279,1172.0753,1624.5904,229.7386,7.0719,0.7213,1661.485,2197.0346,230.937,9.5138,0.7571
2016-01-23T01:59:59.971Z,1176.0822,1599.058,231.2763,6.914,0.7351,1197.1267,1637.5868,229.135,7.1466,0.7311,1685.3214,2212.2653,230.4057,9.6013,0.762
