2016-03-31T00:00:59.196Z,4.4673,67.7191,231.4371,0.2929,0.0693,3.574,62.6543,231.5711,0.2706,0.0624,2.717,63.2946,232.6369,0.2719,0.0438
2016-03-31T00:01:59.459Z,4.9761,71.5172,231.218,0.3095,0.0713,2.8621,63.0716,231.5663,0.2724,0.0479,2.0576,63.0351,232.2283,0.2714,0.0326
2016-03-31T00:02:59.692Z,4.8715,71.5833,231.0331,0.3097,0.0682,2.8418,64.1538,231.5108,0.2764,0.0453,1.6501,64.4075,231.9869,0.2775,0.0253
2016-03-31T00:03:59.128Z,4.4672,71.6537,231.0457,0.31,0.0629,2.0226,62.9957,229.9837,0.2738,0.0318,2.4689,64.9409,232.1197,0.2801,0.0368
2016-03-31T00:04:59.188Z,4.8756,71.5949,230.9863,0.3099,0.0689,2.2848,61.4765,228.4576,0.2689,0.0396,2.2236,62.723,232.8146,0.2695,0.0355
2016-03-31T00:05:59.574Z,4.8551,71.1875,230.3141,0.3092,0.0699,2.8362,63.1329,229.5659,0.2752,0.0438,2.4952,65.0448,231.8796,0.2802,0.0365
2016-03-31T00:06:59.955Z,4.2166,71.6749,230.1216,0.3116,0.0612,3.155,63.4427,230.4488,0.2748,0.0511,2.1452,62.7511,231.3967,0.2707,0.0326
2016-03-31T00:07:59.317Z,4.0622,69.9713,230.5314,0.3034,0.0588,2.686,62.6724,231.0868,0.2712,0.0452,2.3472,63.1641,231.0762,0.2732,0.0371
2016-03-31T00:08:59.687Z,3.7716,71.7525,231.5525,0.3097,0.0544,2.8055,63.503,231.8555,0.2738,0.0454,2.5585,61.7987,230.627,0.2681,0.0423
2016-03-31T00:09:59.679Z,4.519,71.8367,231.2522,0.3103,0.0646,2.9476,63.4812,232.2262,0.2732,0.0466,2.1064,63.5092,231.0903,0.2753,0.0353
2016-03-31T00:10:59.895Z,4.6957,71.3404,231.3831,0.3081,0.068,2.8002,62.3886,232.3479,0.2686,0.0432,2.592,63.2785,231.3999,0.2735,0.0404
2016-03-31T00:11:59.066Z,5.0598,71.5972,231.2993,0.31,0.0716,2.903,63.2738,232.175,0.2732,0.048,2.4433,63.5031,231.5177,0.2741,0.0387
2016-03-31T00:12:59.280Z,4.0159,71.4679,230.684,0.3093,0.0577,2.753,63.0922,232.4089,0.2718,0.0437,2.1164,62.7246,230.7707,0.2719,0.0338
2016-03-31T00:13:59.609Z,3.8614,71.6708,230.7691,0.3101,0.0549,2.7273,63.6839,232.4241,0.2736,0.0438,2.372,64.4824,231.2604,0.2789,0.0376
2016-03-31T00:14:59.176Z,4.495,70.8473,230.4462,0.3073,0.0631,3.0789,62.9918,232.2959,0.2717,0.0487,1.7771,62.2868,231.1039,0.2698,0.0298
2016-03-31T00:15:59.434Z,4.3843,72.3902,231.1258,0.3127,0.0618,2.554,63.4279,231.7604,0.2733,0.0408,2.5711,63.9108,231.0215,0.2766,0.0403
2016-03-31T00:16:59.658Z,4.8196,71.8684,231.1143,0.3111,0.068,2.5725,63.9165,231.8074,0.2753,0.0408,2.0113,64.2564,230.9954,0.2778,0.0315
2016-03-31T00:17:59.412Z,4.6661,70.7966,231.4778,0.3058,0.068,2.9278,64.0648,231.8162,0.2763,0.0454,1.7311,63.988,231.1208,0.2773,0.0284
2016-03-31T00:18:59.846Z,4.5867,71.406,231.7351,0.3082,0.0643,2.7343,63.3941,231.8752,0.2736,0.0427,2.4118,63.7351,231.2701,0.2755,0.0364
2016-03-31T00:19:59.096Z,4.8201,70.6102,230.6647,0.3056,0.0713,2.6156,63.1538,231.2027,0.2736,0.0412,2.8171,63.6307,231.8121,0.2748,0.045
2016-03-31T00:20:59.320Z,5.1367,72.2208,231.5519,0.3119,0.0713,2.8443,64.4142,231.5497,0.2784,0.0449,2.2701,62.532,231.7989,0.2697,0.0371
2016-03-31T00:21:59.543Z,3.8602,70.7608,231.2852,0.3058,0.0549,2.5814,62.46,231.7876,0.2692,0.0434,2.173,62.5623,231.386,0.2703,0.0355
2016-03-31T00:22:59.913Z,3.4803,71.7678,231.4779,0.3092,0.0475,3.2711,64.3214,232.1975,0.277,0.0509,2.0843,63.2641,231.6443,0.2734,0.0329
2016-03-31T00:23:59.533Z,4.1614,71.734,231.9119,0.309,0.0582,2.4834,63.8742,232.2028,0.2748,0.0394,2,64.123,231.4696,0.277,0.033
2016-03-31T00:24:59.817Z,5.1743,71.6552,231.6831,0.3089,0.0722,3.1377,62.8115,232.3274,0.2699,0.0514,2.3521,63.2876,231.3149,0.2737,0.0377
2016-03-31T00:25:59.048Z,5.1844,71.977,232.4897,0.3089,0.0726,2.7732,63.3561,230.4527,0.275,0.0434,2.5526,61.8623,232.1497,0.267,0.044
2016-03-31T00:26:59.478Z,4.7332,72.1154,232.3892,0.3102,0.0672,2.3838,61.7407,228.7867,0.2696,0.0378,1.9521,61.2568,231.8498,0.2647,0.0336
2016-03-31T00:27:59.727Z,4.3823,71.0736,231.7636,0.3064,0.0636,2.5764,63.0264,230.9651,0.2731,0.0427,2.5852,62.5007,230.8925,0.271,0.0415
2016-03-31T00:28:59.947Z,5.3484,70.8913,231.6015,0.3063,0.0756,2.8777,62.0235,231.2308,0.2689,0.0467,2.3579,62.723,230.6304,0.2724,0.0388
2016-03-31T00:29:59.088Z,5.0494,72.0047,231.7692,0.3108,0.0704,2.6367,62.7789,231.8426,0.2703,0.0432,2.613,62.9649,230.8873,0.2722,0.0429
2016-03-31T00:30:59.496Z,3.872,71.2186,231.8954,0.3067,0.0549,2.7556,63.9549,231.6873,0.2762,0.0422,2.0163,63.0287,231.0825,0.273,0.031
2016-03-31T00:31:59.794Z,4.7979,71.9661,231.7777,0.3101,0.0699,2.973,64.0975,231.7848,0.2764,0.0461,2.3196,62.9889,231.3691,0.2729,0.0378
2016-03-31T00:32:59.045Z,4.8296,71.0533,231.7094,0.3064,0.0696,2.7403,64.1363,231.982,0.277,0.0416,2.4011,63.4465,232.3878,0.2729,0.0379
2016-03-31T00:33:59.911Z,4.2499,70.1612,232.1981,0.3023,0.0618,2.6089,60.8277,232.2473,0.2616,0.0461,2.4043,63.7277,232.7741,0.2735,0.0392
2016-03-31T00:34:59.310Z,3.9693,71.5599,231.6947,0.3088,0.0552,2.4941,63.4108,231.9331,0.273,0.04,2.3403,63.5586,232.2618,0.2734,0.0376
2016-03-31T00:35:59.130Z,4.3133,71.0588,231.8697,0.3066,0.0619,2.8557,63.4156,231.6764,0.2738,0.0446,2.3719,64.4268,232.0968,0.2775,0.0377
2016-03-31T00:36:59.375Z,4.7515,71.9211,231.4703,0.3102,0.0676,3.1223,63.5575,231.2825,0.2747,0.05,1.9865,64.2053,231.5546,0.2768,0.0325
2016-03-31T00:37:59.694Z,4.8798,72.9593,231.2108,0.3159,0.0695,2.388,63.5758,231.4255,0.2746,0.0368,2.0773,61.8136,230.6367,0.2678,0.0335
2016-03-31T00:38:59.029Z,4.8648,72.2681,231.8557,0.311,0.0684,2.7242,63.2656,231.5683,0.2736,0.042,2.6792,60.9317,227.5794,0.2676,0.0434
2016-03-31T00:39:59.309Z,4.3268,71.0493,230.9021,0.3076,0.0619,2.5951,62.1595,231.5335,0.269,0.0418,1.4004,61.71,230.5851,0.268,0.0244
2016-03-31T00:40:59.708Z,5.0267,71.4715,231.4246,0.3087,0.071,2.7403,63.7839,231.8149,0.2754,0.0436,2.3452,63.051,230.9715,0.2729,0.0362
2016-03-31T00:41:59.914Z,4.8663,72.2902,231.2631,0.3123,0.068,2.7996,63.2731,231.994,0.2726,0.0431,1.9986,64.0291,230.9695,0.2774,0.0316
2016-03-31T00:42:59.371Z,4.2121,71.4976,231.3959,0.3091,0.0593,2.7823,63.5974,232.0214,0.2746,0.0441,2.4794,65.6446,231.0798,0.284,0.0359
2016-03-31T00:43:59.702Z,3.8728,72.3118,231.2076,0.3125,0.0546,2.8804,64.2332,231.7889,0.2767,0.0438,2.0012,62.5675,231.2066,0.2703,0.0335
2016-03-31T00:44:59.727Z,4.0267,72.0007,231.3832,0.3109,0.058,2.9303,65.0311,232.0398,0.2801,0.0457,2.6216,62.6231,231.6908,0.2702,0.0427
2016-03-31T00:45:59.894Z,4.8689,72.9546,231.498,0.3148,0.0673,2.7813,64.2819,231.8327,0.2777,0.0443,2.2262,63.6162,231.7438,0.2743,0.0346
2016-03-31T00:46:59.251Z,4.9744,71.6556,231.8003,0.3088,0.0718,2.6803,64.0204,232.2937,0.2753,0.0421,2.3331,62.7781,232.3429,0.2701,0.0381
2016-03-31T00:47:59.997Z,4.5879,71.0917,231.4307,0.307,0.0659,2.8461,63.3504,231.734,0.2734,0.0459,1.9543,64.4333,232.0072,0.2776,0.0301
2016-03-31T00:48:59.581Z,3.7751,70.5257,231.5382,0.3051,0.0526,3.0436,63.4649,231.8017,0.2733,0.05,1.6622,62.6006,232.1153,0.2694,0.0277
2016-03-31T00:49:59.040Z,4.3204,71.4525,231.7405,0.3087,0.061,2.8416,64.1726,232.207,0.2763,0.0446,2.2395,62.4257,232.419,0.2684,0.0354
2016-03-31T00:50:59.369Z,4.5856,72.7722,232.0341,0.3134,0.0641,3.0369,64.2333,232.0853,0.2764,0.0471,2.0905,64.0492,232.6792,0.2751,0.0331
2016-03-31T00:51:59.659Z,4.512,72.1803,232.2051,0.311,0.0635,2.6761,63.8155,232.4184,0.2742,0.0414,2.6593,64.8727,232.712,0.2786,0.0417
2016-03-31T00:52:59.947Z,4.9488,72.0391,232.1649,0.3098,0.069,3.1958,63.78,232.352,0.2744,0.05,2.0392,63.5198,232.7885,0.2727,0.0326
2016-03-31T00:53:59.179Z,3.292,69.9142,232.2121,0.3013,0.0472,3.0026,62.4471,232.322,0.2687,0.0483,2.0593,63.9539,233.0473,0.274,0.0327
2016-03-31T00:54:59.645Z,4.0298,72.811,232.5082,0.3132,0.0552,3.1304,65.4517,230.5918,0.2838,0.0497,2.073,62.603,233.1745,0.2684,0.0342
2016-03-31T00:55:59.906Z,5.0465,72.4124,233.3123,0.3102,0.071,2.6384,62.8279,229.037,0.2741,0.0427,2.0587,63.8316,234.3364,0.2719,0.0329
2016-03-31T00:56:59.118Z,4.1721,72.3234,232.6397,0.3111,0.0597,3.1292,62.3849,228.3209,0.273,0.05,2.492,63.6592,234.1463,0.2718,0.0401
2016-03-31T00:57:59.433Z,4.179,71.9669,232.1173,0.3101,0.058,3.0467,62.0227,227.3564,0.2727,0.0508,2.4163,64.3302,233.5118,0.2751,0.0369
2016-03-31T00:58:59.887Z,3.4174,70.4993,232.4986,0.303,0.0486,3.4786,64.0518,227.5507,0.281,0.0548,1.9696,62.2032,233.9507,0.2664,0.0328
2016-03-31T00:59:59.159Z,4.1694,71.5562,231.8358,0.3088,0.0586,3.145,62.2666,227.3824,0.2734,0.0506,1.9431,63.0699,233.6767,0.2696,0.0321
