2016-01-25T00:00:59.411Z,1053.5587,1475.8742,227.8017,6.4789,0.7141,1126.6122,1504.9022,226.5729,6.6418,0.7483,1651.7293,2166.0191,228.6804,9.4719,0.7612
2016-01-25T00:01:59.771Z,1065.737,1487.2496,228.2476,6.5156,0.7163,1141.4224,1526.0649,226.8754,6.7264,0.7479,1657.8633,2176.9256,228.9791,9.5067,0.7619
2016-01-25T00:02:59.991Z,1052.0839,1480.6065,228.5197,6.4792,0.7101,1131.6076,1516.7894,227.2201,6.6757,0.7466,1652.4142,2177.0503,229.071,9.5031,0.7587
2016-01-25T00:03:59.251Z,1076.4466,1495.2746,228.8954,6.5322,0.7204,1146.5537,1542.7791,227.2443,6.7883,0.7427,1649.3263,2171.3353,229.0619,9.4787,0.7596
2016-01-25T00:04:59.649Z,1060.9716,1465.5247,228.0321,6.4267,0.7234,1160.771,1571.8522,229.4181,6.8517,0.7379,1612.3442,2163.7572,229.7587,9.4178,0.7454
2016-01-25T00:05:59.934Z,1078.6989,1479.4478,228.0098,6.4881,0.7293,1182.5291,1589.8493,229.3469,6.9317,0.7434,1630.165,2180.4581,229.7188,9.4918,0.7493
2016-01-25T00:06:59.223Z,1066.547,1475.3555,228.1581,6.4661,0.7225,1158.3936,1565.365,228.8499,6.8401,0.7401,1622.9385,2166.8607,229.6802,9.4339,0.7502
2016-01-25T00:07:59.544Z,1090.2886,1491.9947,227.66,6.5531,0.7306,1172.0346,1566.4967,228.1097,6.8678,0.7484,1651.0703,2175.8266,228.7144,9.5133,0.7596
2016-01-25T00:08:59.776Z,1085.3516,1483.8291,227.6649,6.5171,0.7309,1151.8544,1548.3732,227.5001,6.8062,0.7434,1629.7087,2143.0642,227.9568,9.401,0.7599
2016-01-25T00:09:59.102Z,1111.7551,1504.0115,227.7471,6.604,0.7391,1169.2002,1563.5949,226.9576,6.8894,0.7473,1648.083,2150.4131,227.5201,9.4516,0.7675
2016-01-25T00:10:59.348Z,1103.3662,1502.9268,227.6961,6.6006,0.7334,1150.7036,1549.9824,227.1886,6.8221,0.7429,1638.8673,2141.8429,227.907,9.3976,0.765
2016-01-25T00:11:59.607Z,1113.7477,1515.5166,227.6838,6.6563,0.7348,1154.202,1550.2366,227.0556,6.8276,0.7448,1654.6627,2151.5858,227.8061,9.4446,0.7699
2016-01-25T00:12:59.880Z,1068.6699,1477.0488,227.3634,6.4961,0.7235,1167.6192,1561.4145,229.0801,6.8162,0.7474,1643.3544,2183.7613,229.3543,9.5212,0.7528
2016-01-25T00:13:59.182Z,1078.0996,1494.0399,227.7188,6.5607,0.7213,1172.0839,1554.6722,227.8542,6.8226,0.7537,1673.4434,2204.9557,229.704,9.5991,0.7585
2016-01-25T00:14:59.430Z,1072.3637,1504.9432,227.8593,6.6051,0.7126,1139.6086,1510.7954,225.9987,6.6849,0.7546,1688.9484,2200.691,230.1534,9.5616,0.7686
2016-01-25T00:15:59.667Z,1087.5783,1491.7356,227.5206,6.556,0.7287,1183.9493,1577.9244,228.6287,6.9019,0.7502,1655.1263,2191.0736,229.5367,9.5453,0.7557
2016-01-25T00:16:59.995Z,1084.3344,1488.2904,227.7554,6.5347,0.7288,1176.2244,1578.8027,229.2093,6.888,0.7443,1641.1361,2180.5883,229.476,9.5028,0.7513
2016-01-25T00:17:59.272Z,1097.3803,1492.9564,227.1431,6.573,0.7352,1185.3053,1579.8128,228.4535,6.9158,0.7505,1649.1122,2178.0824,229.105,9.5064,0.7566
2016-01-25T00:18:59.472Z,1093.6986,1492.0324,227.0193,6.5723,0.7332,1168.5484,1557.6789,227.5364,6.8451,0.7502,1649.0716,2165.408,228.7074,9.4679,0.7603
2016-01-25T00:19:59.646Z,1078.6286,1479.5994,225.9971,6.5473,0.7298,1185.9061,1555.3978,227.5661,6.8349,0.7617,1673.1694,2199.3274,229.3862,9.5882,0.7598
2016-01-25T00:20:59.875Z,1086.0461,1502.5489,226.8067,6.6244,0.7231,1160.0461,1535.6578,227.3369,6.7559,0.7554,1679.596,2195.9971,229.7571,9.5573,0.764
2016-01-25T00:21:59.167Z,1112.9957,1548.563,228.9202,6.7643,0.7191,1135.3338,1533.7616,227.362,6.7459,0.7408,1684.4622,2186.3087,229.8813,9.5103,0.77
2016-01-25T00:22:59.529Z,648.909,911.5798,229.5846,3.9797,0.4633,681.0091,927.3723,229.757,4.047,0.486,1023.7923,1337.4268,230.923,5.8126,0.8097
2016-01-25T00:23:59.802Z,166.5611,458.5893,230.4052,1.9935,0.2205,192.8338,453.7884,230.4065,1.9746,0.2591,285.7582,590.4958,231.7837,2.5524,0.6909
2016-01-25T00:24:59.096Z,435.108,1052.695,229.7781,4.5811,0.4128,520.1206,1129.8836,229.7668,4.9183,0.4605,566.8023,1293.1628,231.1256,5.5951,0.4378
2016-01-25T00:25:59.432Z,335.0696,711.0429,229.8168,3.1005,0.3254,391.5288,743.3696,229.8433,3.2398,0.3834,477.9207,907.0402,231.7519,3.9212,0.6391
2016-01-25T00:26:59.691Z,4.5114,44.0091,230.9749,0.1907,0.1033,1.947,20.1047,231.1645,0.0874,0.121,272.7341,313.9521,231.988,1.3557,0.8636
2016-01-25T00:27:59.918Z,892.2864,1257.9043,229.3483,5.4939,0.6102,923.5712,1284.0513,229.0676,5.6168,0.6184,1439.5631,1915.8078,229.2617,8.3662,0.7676
2016-01-25T00:28:59.186Z,1165.0039,1573.1955,229.0046,6.8697,0.7406,1197.1184,1609.0435,228.2989,7.048,0.7434,1697.1182,2208.6846,228.6326,9.6606,0.7687
2016-01-25T00:29:59.500Z,1155.5063,1563.4279,227.8761,6.8611,0.7391,1211.3459,1595.9126,227.4954,7.0148,0.7592,1725.0916,2235.0974,228.9637,9.761,0.7716
2016-01-25T00:30:59.825Z,1098.2204,1516.6158,228.2244,6.6457,0.724,1161.833,1559.5841,227.6973,6.8493,0.7447,1667.5853,2192.9432,229.7423,9.5449,0.7592
2016-01-25T00:31:59.025Z,1204.7866,1612.1569,228.8201,7.0455,0.747,1261.3134,1661.7747,227.8782,7.2925,0.7586,1762.598,2280.7291,230.0334,9.914,0.7728
2016-01-25T00:32:59.312Z,1240.8672,1636.2853,229.1341,7.1409,0.7586,1313.3373,1717.9722,228.4744,7.519,0.7641,1785.1341,2307.6668,229.5757,10.0522,0.7726
2016-01-25T00:33:59.682Z,1235.346,1635.0623,229.264,7.132,0.756,1301.9997,1706.9436,228.3689,7.4744,0.7624,1779.1268,2298.6213,229.2837,10.0252,0.7733
2016-01-25T00:34:59.978Z,1196.7718,1610.4638,229.3352,7.0217,0.7435,1249.6207,1653.5851,227.8843,7.2562,0.7556,1752.9513,2270.8075,229.4548,9.8961,0.7717
2016-01-25T00:35:59.202Z,1106.6006,1533.6475,229.6065,6.6794,0.7215,1148.7067,1573.1328,228.2036,6.8934,0.7301,1645.8726,2172.8911,229.5457,9.4661,0.7585
2016-01-25T00:36:59.469Z,1123.4916,1537.7857,229.486,6.7007,0.7302,1181.5169,1605.1608,228.5934,7.0222,0.7361,1653.8617,2185.7966,229.3936,9.5286,0.7589
2016-01-25T00:37:59.594Z,1119.2508,1524.6474,228.8617,6.6617,0.7342,1187.2251,1601.7067,228.2765,7.0164,0.7412,1655.366,2184.8864,229.0564,9.5393,0.7587
2016-01-25T00:38:59.781Z,1091.6836,1506.5856,229.2277,6.5728,0.7242,1151.0172,1569.9998,228.1347,6.8826,0.7322,1627.2528,2155.2102,229.0687,9.4089,0.7546
2016-01-25T00:39:59.069Z,1100.9463,1504.73,229.0212,6.57,0.731,1159.4539,1579.608,228.2469,6.9208,0.7344,1624.2715,2148.9427,228.3812,9.409,0.7569
2016-01-25T00:40:59.395Z,1088.5892,1493.3657,228.8211,6.5262,0.7294,1141.152,1562.4546,228.1683,6.8476,0.7303,1605.506,2125.5548,227.9044,9.3262,0.7556
2016-01-25T00:41:59.639Z,1104.8783,1512.2449,229.4619,6.5903,0.7309,1156.716,1582.3207,228.352,6.9297,0.7309,1622.3708,2144.6917,228.5798,9.3822,0.7572
2016-01-25T00:42:59.870Z,1085.3973,1505.7963,229.8174,6.5521,0.7206,1140.0979,1567.422,228.4753,6.8602,0.7276,1618.4926,2150.4259,229.7672,9.3591,0.7513
2016-01-25T00:43:59.038Z,1106.7032,1522.0661,229.672,6.6268,0.7275,1156.207,1579.9374,228.3988,6.9174,0.7318,1634.7101,2160.4061,229.4606,9.4151,0.758
2016-01-25T00:44:59.271Z,1096.2242,1510.2239,229.2064,6.5888,0.7262,1140.8383,1563.8187,228.2072,6.8524,0.7296,1621.5857,2142.64,229.2419,9.3466,0.7576
2016-01-25T00:45:59.491Z,1111.5401,1518.225,228.7911,6.6357,0.7318,1157.9742,1575.2366,227.9987,6.9087,0.7353,1635.9258,2153.1986,228.9181,9.4062,0.7599
2016-01-25T00:46:59.694Z,1094.5432,1508.5192,229.796,6.5647,0.7256,1153.1797,1586.2111,229.2246,6.92,0.7272,1616.6914,2154.5353,229.6246,9.3832,0.7503
2016-01-25T00:47:59.187Z,1099.5308,1511.4877,229.2631,6.5928,0.728,1167.6457,1583.7097,229.0125,6.9157,0.7368,1643.1933,2174.9608,229.3616,9.4824,0.7558
2016-01-25T00:48:59.550Z,1092.5157,1501.1248,229.0729,6.5531,0.7282,1155.4458,1570.1541,228.5145,6.8712,0.7348,1631.2943,2157.5481,228.9837,9.4221,0.7575
2016-01-25T00:49:59.808Z,1114.8816,1505.2933,228.5704,6.585,0.74,1172.8837,1588.9854,228.517,6.9536,0.7381,1626.2368,2141.0786,227.7997,9.3988,0.7598
2016-01-25T00:50:59.099Z,1100.7924,1492.1615,227.9876,6.5452,0.7383,1164.5836,1570.8657,228.1594,6.8848,0.7409,1627.2718,2140.0842,227.7343,9.3974,0.7601
2016-01-25T00:51:59.438Z,1108.7144,1508.4203,228.9703,6.588,0.7353,1175.3613,1590.1783,228.6881,6.9539,0.7396,1637.4716,2160.503,228.6132,9.4498,0.759
2016-01-25T00:52:59.681Z,1103.1262,1511.3786,229.1376,6.5964,0.7299,1158.1453,1575.8889,228.4794,6.8971,0.7351,1633.7427,2156.9298,229.2706,9.4081,0.7589
2016-01-25T00:53:59.953Z,1115.1916,1530.7259,229.7104,6.6638,0.7288,1159.2014,1581.2233,228.625,6.916,0.7331,1644.036,2165.0019,229.5548,9.4314,0.7599
2016-01-25T00:54:59.161Z,1105.5582,1539.2981,230.3491,6.6828,0.7178,1140.859,1565.2534,228.6365,6.846,0.7294,1650.4633,2175.1147,230.4009,9.4409,0.7598
2016-01-25T00:55:59.445Z,1100.8598,1532.6907,229.6028,6.6751,0.7191,1151.454,1559.7256,228.2126,6.8347,0.7381,1668.6901,2192.7922,230.3989,9.5168,0.7601
2016-01-25T00:56:59.746Z,1085.9577,1510.6398,229.8989,6.571,0.7192,1167.3471,1584.4849,229.2561,6.9113,0.7374,1644.8037,2189.982,230.4453,9.5036,0.752
2016-01-25T00:57:59.033Z,1077.9672,1527.4933,230.0294,6.6406,0.7058,1146.1192,1533.0301,226.6577,6.7634,0.7474,1696.4976,2222.0406,231.0115,9.6192,0.7625
2016-01-25T00:58:59.242Z,1089.2596,1512.2047,229.5563,6.5876,0.7202,1160.9918,1568.3942,228.3611,6.8678,0.7409,1655.2554,2188.8054,229.9083,9.5207,0.7549
2016-01-25T00:59:59.576Z,1089.8524,1507.9876,229.3948,6.5734,0.7222,1169.7411,1576.698,228.6668,6.8952,0.7414,1655.3029,2190.0389,229.6281,9.537,0.7544
