2016-03-29T00:00:59.941Z,2.9172,71.2389,230.8228,0.3091,0.0424,3.2873,65.8303,232.8166,0.2833,0.0532,2.1455,59.9067,231.4615,0.2587,0.0347
2016-03-29T00:01:59.356Z,2.1866,72.0711,230.7729,0.3126,0.031,3.4774,64.616,232.1123,0.2787,0.0549,2.3536,64.3083,231.9356,0.277,0.0371
2016-03-29T00:02:59.535Z,1.5781,73.4422,230.5158,0.3185,0.0222,3.5075,62.62,231.5003,0.2704,0.0569,2.1471,62.1307,231.2205,0.2687,0.0325
2016-03-29T00:03:59.005Z,1.339,72.1587,230.2741,0.3133,0.0186,3.1782,62.127,231.4409,0.2686,0.0522,2.2277,61.5194,231.3614,0.266,0.0388
2016-03-29T00:04:59.947Z,3.0288,73.4113,230.4487,0.3182,0.0421,3.1223,63.755,231.3399,0.2757,0.0497,2.9383,64.2247,231.1141,0.2782,0.0448
2016-03-29T00:05:59.214Z,1.5553,71.8281,230.1766,0.3122,0.0228,3.0388,63.0699,231.1386,0.2729,0.0484,2.2642,62.9358,230.8584,0.2723,0.0352
2016-03-29T00:06:59.667Z,1.917,71.586,230.6534,0.3103,0.0264,2.8311,63.9815,231.3775,0.2763,0.0458,2.3804,62.3248,230.826,0.2701,0.0372
2016-03-29T00:07:59.035Z,2.291,72.7071,230.9054,0.3147,0.0316,2.8098,63.0473,230.79,0.2731,0.0443,2.5662,63.9824,230.7938,0.2768,0.0406
2016-03-29T00:08:59.634Z,2.5822,71.6442,230.6957,0.3105,0.0376,3.3134,65.6365,231.0624,0.284,0.0515,2.2548,62.8329,231.0782,0.272,0.0373
2016-03-29T00:09:59.895Z,2.4129,72.1472,231.0005,0.312,0.0326,3.4467,64.3616,231.2362,0.278,0.053,2.5589,62.6268,231.263,0.2707,0.0403
2016-03-29T00:10:59.599Z,1.8909,71.597,230.5519,0.3106,0.027,3.4396,64.3503,230.9391,0.2781,0.0536,2.2811,62.6921,231.1311,0.271,0.0358
2016-03-29T00:11:59.819Z,1.9054,73.5922,230.7362,0.3191,0.0242,2.8013,63.2643,231.291,0.2736,0.046,2.55,64.7425,231.5804,0.2795,0.038
2016-03-29T00:12:59.168Z,2.1989,72.2706,230.8709,0.314,0.0309,3.2893,63.7727,231.5444,0.2756,0.0513,1.5462,63.2289,231.9962,0.273,0.0259
2016-03-29T00:13:59.065Z,2.7426,71.6834,230.914,0.3107,0.0384,3.2476,65.0874,231.7911,0.2807,0.0538,2.1504,62.5723,231.9604,0.27,0.0369
2016-03-29T00:14:59.511Z,1.7867,71.9707,230.8211,0.3118,0.0245,3.3955,64.0846,231.6689,0.2764,0.0533,1.6065,64.7075,232.0036,0.2787,0.0259
2016-03-29T00:15:59.751Z,2.2678,71.9733,230.5545,0.3122,0.0323,3.1931,64.261,231.5044,0.2775,0.0505,2.4738,62.4773,232.1041,0.269,0.0388
2016-03-29T00:16:59.492Z,1.98,72.3457,230.7929,0.3134,0.0266,3.1964,64.4636,231.3557,0.2782,0.0484,2.0074,64.4646,231.9369,0.2782,0.0333
2016-03-29T00:17:59.548Z,2.7895,71.3512,230.5813,0.3088,0.0395,3.1031,64.0035,231.3523,0.2766,0.0489,2.2774,63.4404,231.7133,0.2736,0.0367
2016-03-29T00:18:59.923Z,1.9402,72.1143,230.0848,0.3134,0.0271,3.6141,63.1793,231.1156,0.2733,0.0577,2.1548,63.7149,231.3281,0.2754,0.0354
2016-03-29T00:19:59.257Z,1.9232,71.3309,230.0811,0.31,0.0274,3.5462,65.3067,230.5779,0.2834,0.0523,1.6192,64.3384,230.7798,0.2793,0.0268
2016-03-29T00:20:59.897Z,1.8991,71.4379,230.2058,0.3097,0.028,3.1215,61.7832,229.75,0.2686,0.0508,2.2298,63.3584,231.0428,0.2743,0.0348
2016-03-29T00:21:59.215Z,2.3084,71.9079,230.6696,0.3117,0.0317,2.8709,63.1738,227.381,0.2776,0.0447,1.7316,64.2246,231.8361,0.2773,0.027
2016-03-29T00:22:59.484Z,1.888,72.2543,231.0667,0.3116,0.0274,3.6546,63.7352,230.8177,0.2768,0.0566,2.5735,64.4292,231.9338,0.2778,0.038
2016-03-29T00:23:59.643Z,1.639,70.8279,230.9747,0.3067,0.024,3.6126,62.2656,231.8142,0.2682,0.0605,2.3454,63.6232,231.7816,0.2746,0.0375
2016-03-29T00:24:59.133Z,2.3168,71.1412,230.9069,0.3082,0.0319,3.2333,64.0369,231.6582,0.2767,0.0513,2.0056,63.9298,231.5431,0.2761,0.0312
2016-03-29T00:25:59.546Z,2.6827,73.3572,231.3615,0.3165,0.0364,3.5382,64.5425,231.8679,0.2785,0.0534,2.5883,63.2818,229.366,0.2761,0.0416
2016-03-29T00:26:59.957Z,2.7709,72.4151,230.6722,0.314,0.0386,2.974,64.2155,231.3637,0.2777,0.0477,2.4228,63.2128,231.1235,0.2742,0.038
2016-03-29T00:27:59.277Z,1.8275,73.4847,230.238,0.3191,0.0249,3.3522,63.2354,231.0788,0.2739,0.053,2.0016,63.7552,231.7885,0.2747,0.0316
2016-03-29T00:28:59.558Z,2.4157,71.3276,229.6541,0.3104,0.0339,3.0932,62.0151,231.3097,0.2673,0.05,2.2209,66.2311,231.7541,0.2861,0.0348
2016-03-29T00:29:59.123Z,2.0437,72.2272,230.0406,0.3138,0.0283,3.3738,65.2166,230.9393,0.2831,0.0529,2.2109,63.8209,232.1083,0.2751,0.036
2016-03-29T00:30:59.607Z,3.3503,72.5565,230.5532,0.3151,0.0462,3.1966,63.8028,230.9284,0.2761,0.0492,2.8467,65.0351,232.6598,0.2792,0.0448
2016-03-29T00:31:59.386Z,2.6573,71.2476,230.7683,0.3088,0.0398,3.3339,62.4982,230.3276,0.2713,0.0531,2.5781,63.3486,232.2108,0.2732,0.0419
2016-03-29T00:32:59.690Z,1.5083,71.237,230.3192,0.3092,0.022,3.7366,62.5549,230.9345,0.2707,0.0642,2.8039,62.7704,231.5546,0.2714,0.0448
2016-03-29T00:33:59.988Z,1.9344,72.298,230.3529,0.3141,0.0268,2.7563,64.3608,230.8727,0.2791,0.0437,2.0913,63.8731,231.4584,0.2757,0.0332
2016-03-29T00:34:59.555Z,2.0232,71.1903,230.6392,0.308,0.0289,4.2449,63.6268,231.1099,0.2751,0.0637,2.4796,63.8574,231.7103,0.275,0.0369
2016-03-29T00:36:59.305Z,1.9079,72.5615,230.8185,0.3146,0.0263,3.6137,64.1191,231.2999,0.2771,0.0554,2.4261,63.4904,231.9662,0.2739,0.0382
2016-03-29T00:37:59.964Z,1.8717,71.7764,230.5374,0.311,0.0266,3.586,63.8207,231.4268,0.2758,0.0549,2.4084,63.0005,232.3349,0.2715,0.0382
2016-03-29T00:38:59.462Z,3.4418,71.8507,230.654,0.3113,0.0496,3.5027,62.1114,231.1499,0.2687,0.0544,2.2732,64.4287,232.1667,0.2778,0.0352
2016-03-29T00:39:59.013Z,1.8852,72.72,230.6248,0.3151,0.0257,3.0693,64.9922,231.3242,0.2816,0.0491,2.1094,64.6688,231.939,0.2788,0.0331
2016-03-29T00:40:59.451Z,1.8813,72.6777,230.797,0.3146,0.0262,3.0938,64.1657,228.3686,0.2811,0.0477,1.7615,61.6916,232.3964,0.2653,0.0286
2016-03-29T00:41:59.996Z,2.119,71.1059,231.2815,0.3077,0.0286,3.111,62.5747,228.9829,0.2731,0.0503,2.5149,64.7074,232.6959,0.2786,0.0411
2016-03-29T00:42:59.342Z,1.9711,72.1123,231.0199,0.3117,0.0278,3.151,63.5677,231.3961,0.2748,0.0491,2.4439,64.34,232.1064,0.2772,0.0399
2016-03-29T00:43:59.820Z,1.9085,72.1162,230.8347,0.3123,0.0274,2.6914,62.8599,231.1307,0.2722,0.045,2.686,63.2284,232.1701,0.2724,0.0425
2016-03-29T00:44:59.039Z,1.9849,71.8866,230.705,0.3113,0.0272,2.9819,63.8129,230.6359,0.2767,0.0459,2.9512,64.39,232.2391,0.2769,0.0462
2016-03-29T00:45:59.318Z,2.0705,72.1978,230.8805,0.3123,0.0282,3.0612,62.819,230.7455,0.2722,0.0495,2.1316,64.7659,232.1989,0.2791,0.034
2016-03-29T00:46:59.627Z,2.5387,71.4475,231.1516,0.309,0.0358,3.2702,62.8047,231.3789,0.2713,0.0515,2.3218,62.9588,232.1079,0.2712,0.0374
2016-03-29T00:47:59.228Z,2.7322,71.0559,230.4818,0.3079,0.0385,3.0578,62.6431,231.232,0.2705,0.0503,1.9285,64.148,232.1834,0.2762,0.0319
2016-03-29T00:48:59.761Z,2.482,70.5837,231.0386,0.3057,0.0363,3.2552,64.2164,231.4401,0.2776,0.0515,2.8114,64.0562,232.2121,0.2759,0.044
2016-03-29T00:49:59.047Z,2.1751,72.6148,231.261,0.314,0.0298,3.4891,63.8809,231.7804,0.2757,0.0559,2.5151,63.6028,232.2637,0.274,0.0397
2016-03-29T00:50:59.250Z,1.4505,72.7447,231.4064,0.3141,0.0202,3.3242,65.123,231.6137,0.281,0.0502,2.142,63.5391,232.4248,0.2734,0.0338
2016-03-29T00:51:59.541Z,2.4246,72.1046,231.6686,0.3112,0.034,3.3193,62.8687,231.3057,0.2723,0.0552,2.1751,64.4478,232.7255,0.2766,0.0338
2016-03-29T00:52:59.895Z,1.5948,72.2166,231.3245,0.3121,0.0223,3.2281,61.6793,231.6898,0.2656,0.0532,2.1401,63.5811,232.6386,0.2734,0.0367
2016-03-29T00:53:59.141Z,2.1129,72.6773,231.5793,0.3138,0.0298,3.3642,64.7173,231.3052,0.2801,0.0527,1.651,63.9438,232.4757,0.2748,0.0269
2016-03-29T00:54:59.331Z,1.6882,71.8988,231.2395,0.3112,0.023,2.8792,64.2764,230.9209,0.2779,0.0448,2.2854,62.5376,231.9301,0.27,0.0385
2016-03-29T00:55:59.616Z,2.2375,72.2037,231.0548,0.3125,0.0303,3.3751,63.302,230.4712,0.2752,0.0521,2.4405,63.9243,231.714,0.2758,0.0383
2016-03-29T00:56:59.708Z,2.7904,72.1887,231.2652,0.3118,0.0392,3.3259,61.4526,230.633,0.266,0.0551,2.1518,64.2674,231.7139,0.2772,0.0344
2016-03-29T00:57:59.939Z,2.238,71.7914,230.9061,0.3105,0.0307,2.8841,62.5772,230.2979,0.2717,0.0479,2.2528,60.8698,231.6047,0.2627,0.038
2016-03-29T00:58:59.291Z,1.2699,72.2003,231.1728,0.3124,0.0196,3.1812,60.8243,230.2124,0.2642,0.0516,2.1872,62.7899,231.8227,0.2707,0.0348
2016-03-29T00:59:59.479Z,1.9705,70.9462,231.0208,0.3074,0.0278,2.9618,64.1792,230.2733,0.2788,0.0451,2.8438,63.9236,231.7234,0.2757,0.0442
