2016-04-25T00:00:59.983Z,4.9942,72.4592,230.3649,0.3146,0.0705,3.0331,65.9167,230.9656,0.2852,0.0466,1.988,65.9553,231.3348,0.2849,0.0297
2016-04-25T00:01:59.145Z,4.6136,74.3841,229.6364,0.3238,0.0627,2.675,67.0192,231.2002,0.2899,0.0392,2.5042,66.9328,231.538,0.2889,0.037
2016-04-25T00:02:59.297Z,4.4613,75.8892,230.0521,0.3299,0.0585,3.2709,68.7366,231.2408,0.2977,0.0484,1.6395,68.2759,231.7401,0.2943,0.0244
2016-04-25T00:03:59.746Z,4.6775,75.5433,229.7301,0.3282,0.0626,2.2021,67.9282,230.9143,0.2943,0.034,2.3315,66.6731,231.3165,0.2877,0.0379
2016-04-25T00:04:59.015Z,3.8251,74.7168,229.3834,0.3257,0.0524,2.8926,67.5368,230.6677,0.2932,0.0421,1.6101,67.0809,231.1691,0.2903,0.0251
2016-04-25T00:05:59.267Z,4.7566,76.0216,229.4256,0.3311,0.0637,2.9826,67.3077,230.4099,0.292,0.0453,1.9925,68.6246,231.0992,0.2973,0.0279
2016-04-25T00:06:59.564Z,4.7051,75.513,229.1278,0.3299,0.0627,2.74,66.2695,230.3764,0.2877,0.0419,1.7507,68.4822,231.1249,0.2964,0.0269
2016-04-25T00:07:59.772Z,4.3761,73.1493,229.4673,0.3179,0.0609,2.5816,66.4179,230.6771,0.2879,0.0395,2.0597,66.5492,231.3139,0.2876,0.0309
2016-04-25T00:08:59.108Z,3.989,74.0136,229.7249,0.3221,0.054,2.297,67.3629,230.1921,0.2926,0.0354,2.5267,65.6039,230.6833,0.2842,0.0393
2016-04-25T00:09:59.538Z,3.3509,74.8174,229.2343,0.3264,0.0455,2.7729,67.199,230.1804,0.292,0.0409,1.7422,67.3651,230.8679,0.2918,0.0255
2016-04-25T00:10:59.956Z,4.1316,74.2807,229.0988,0.3242,0.0567,3.1968,68.4115,229.8196,0.2976,0.0471,2.0689,68.2876,231.1409,0.2956,0.0302
2016-04-25T00:11:59.294Z,4.935,74.2596,229.0699,0.324,0.0669,2.826,66.7794,229.856,0.2909,0.043,2.3242,68.7387,231.0503,0.2982,0.0338
2016-04-25T00:12:59.620Z,4.6524,74.8888,229.7609,0.326,0.0636,3.0048,66.0162,229.8787,0.2871,0.0436,1.9784,68.2216,231.4909,0.2944,0.0293
2016-04-25T00:13:59.859Z,4.219,75.5261,229.7479,0.3289,0.0549,2.7202,67.6238,229.61,0.2943,0.0404,2.4791,68.5182,231.4671,0.2961,0.0361
2016-04-25T00:14:59.043Z,4.6972,76.0523,229.7668,0.3309,0.0629,2.7216,66.8624,229.7966,0.2913,0.0421,2.6362,66.9826,231.1234,0.29,0.0389
2016-04-25T00:15:59.184Z,4.796,75.9527,229.9324,0.3302,0.0637,2.5351,66.8188,229.7674,0.2904,0.0386,2.3285,66.6443,231.2341,0.288,0.0355
2016-04-25T00:16:59.526Z,4.0013,76.4582,229.7882,0.3324,0.054,3.5035,67.7448,230.306,0.2941,0.0515,1.8733,67.0587,231.1416,0.2896,0.0268
2016-04-25T00:17:59.809Z,4.0734,73.9874,229.9612,0.3217,0.0571,2.8677,66.7107,230.032,0.2901,0.0434,2.09,67.0876,231.3299,0.2898,0.0317
2016-04-25T00:18:59.121Z,4.4439,74.2622,230.7099,0.3212,0.0609,3.4421,67.8949,230.6202,0.2945,0.0507,1.9673,68.9563,232.1834,0.297,0.028
2016-04-25T00:19:59.465Z,4.7618,76.0297,232.8546,0.3264,0.0633,3.3326,67.3317,232.2055,0.2902,0.0491,2.6187,68.6923,233.924,0.2937,0.0372
2016-04-25T00:20:59.032Z,4.972,75.4801,233.6613,0.3231,0.0664,3.379,68.9016,232.7137,0.2956,0.0497,1.745,68.056,234.5006,0.2902,0.0262
2016-04-25T00:21:59.425Z,4.1589,75.8335,233.4207,0.3243,0.0545,2.9623,68.2283,232.9845,0.2927,0.043,2.2404,68.1936,233.9973,0.2918,0.0318
2016-04-25T00:22:59.778Z,3.7465,75.5798,233.7805,0.3234,0.0508,3.7725,69.6029,232.9444,0.2989,0.0538,1.5796,68.7448,234.0889,0.2934,0.023
2016-04-25T00:23:59.030Z,4.9521,76.685,233.2092,0.3284,0.0658,3.1306,67.2211,233.291,0.2882,0.0481,2.522,68.3196,233.7342,0.2921,0.0386
2016-04-25T00:24:59.497Z,5.068,77.5623,233.9962,0.3313,0.0672,3.2648,68.6439,233.351,0.2937,0.0489,2.0559,68.8391,234.0788,0.2942,0.0284
2016-04-25T00:25:59.777Z,4.7811,77.3092,233.9423,0.3308,0.0615,3.0633,69.0866,233.1381,0.2962,0.0467,2.5123,67.492,233.8315,0.2887,0.0366
2016-04-25T00:26:59.048Z,4.14,76.8076,233.7201,0.3288,0.055,2.5861,68.8231,233.2412,0.2953,0.0396,1.6338,68.6788,233.861,0.2938,0.023
2016-04-25T00:27:59.322Z,4.1345,75.4631,233.9296,0.3226,0.0568,2.9985,67.3934,233.3146,0.2891,0.0462,2.2431,67.8523,233.977,0.2892,0.0345
2016-04-25T00:28:59.536Z,5.2538,76.3342,233.7117,0.3265,0.0705,2.8416,68.973,233.3303,0.2955,0.0409,2.2686,66.862,233.881,0.2862,0.0337
2016-04-25T00:29:59.756Z,4.7122,77.086,233.8599,0.3298,0.0608,3.0191,68.164,233.5748,0.2919,0.0435,2.1051,68.8269,234.6455,0.2936,0.0304
2016-04-25T00:30:59.040Z,4.7781,76.2227,233.9569,0.3257,0.061,3.4643,70.0784,233.5926,0.2997,0.0487,1.9037,69.1023,234.655,0.2951,0.0283
2016-04-25T00:31:59.210Z,5.0584,76.9303,233.6579,0.3288,0.0668,3.6107,68.6169,233.4531,0.2946,0.0526,2.2735,67.7668,234.5655,0.2886,0.0324
2016-04-25T00:32:59.414Z,4.5989,77.1815,233.7962,0.3299,0.0607,2.8832,68.748,233.1962,0.2948,0.0396,2.174,68.1602,234.4729,0.2905,0.0325
2016-04-25T00:33:59.696Z,4.8686,77.0175,233.4771,0.3296,0.0643,3.3321,68.0499,233.3063,0.2918,0.0497,1.7504,68.8749,234.397,0.2936,0.0246
2016-04-25T00:34:59.086Z,3.8319,75.7751,233.2868,0.3248,0.0508,2.7948,68.5046,232.9754,0.2937,0.0431,2.4631,67.8685,234.7098,0.2892,0.0357
2016-04-25T00:35:59.345Z,4.0225,76.0836,233.1844,0.3264,0.053,2.8625,68.6654,233.1007,0.2946,0.0419,1.786,70.1847,234.3511,0.2991,0.0241
2016-04-25T00:36:59.674Z,4.4532,77.1507,232.9468,0.3305,0.0593,2.4444,67.9151,233.0267,0.2918,0.0364,2.167,69.3693,234.5178,0.2959,0.0305
2016-04-25T00:37:59.954Z,4.9683,75.36,233.4168,0.3227,0.0678,2.9659,67.0638,233.6316,0.2876,0.0476,2.0386,66.3534,235.0054,0.282,0.0329
2016-04-25T00:38:59.279Z,4.6611,76.5804,233.4009,0.3278,0.0609,2.9098,69.1791,234.3031,0.2951,0.0433,2.6557,69.0452,234.8237,0.2942,0.0375
2016-04-25T00:39:59.677Z,4.4411,76.5123,233.5985,0.3279,0.0592,2.998,68.4927,234.3702,0.2923,0.0447,1.7071,69.0936,234.6261,0.2945,0.0259
2016-04-25T00:40:59.949Z,4.5185,76.4602,233.5615,0.327,0.0595,2.9003,67.7849,234.3971,0.2892,0.0433,2.3198,69.5726,234.529,0.2965,0.0324
2016-04-25T00:41:59.176Z,5.4937,76.4641,233.8556,0.3271,0.0744,2.331,68.5366,234.8978,0.2917,0.0354,2.2601,67.2808,234.5323,0.2869,0.0354
2016-04-25T00:42:59.411Z,5.3541,76.0947,234.1305,0.3251,0.0716,2.872,67.7392,234.6543,0.2885,0.0434,2.1929,67.2262,234.9011,0.2862,0.0316
2016-04-25T00:43:59.695Z,4.4498,76.5063,233.8189,0.3271,0.0591,2.6853,69.8204,234.7027,0.2976,0.0391,1.8768,68.597,234.7143,0.2921,0.0275
2016-04-25T00:44:59.014Z,3.7122,76.9304,233.6894,0.3297,0.0492,2.9197,69.0852,234.3943,0.2946,0.0431,2.1017,68.5561,234.1953,0.293,0.032
2016-04-25T00:45:59.416Z,4.758,76.4979,233.8542,0.3273,0.0629,2.7171,67.9116,234.3715,0.2899,0.039,2.201,68.8618,234.0556,0.2949,0.032
2016-04-25T00:46:59.653Z,5.244,76.0353,233.7276,0.3249,0.0701,3.6616,68.0383,234.2762,0.2905,0.0568,1.8895,65.7411,234.058,0.281,0.0302
2016-04-25T00:47:59.983Z,4.5025,76.5363,233.9557,0.3276,0.0599,3.0012,67.1115,233.8513,0.287,0.0466,2.1037,68.3038,233.9176,0.2924,0.031
2016-04-25T00:48:59.387Z,4.4391,75.9943,233.7678,0.3247,0.0601,3.039,68.9087,234.0398,0.2943,0.0448,8.9631,74.1847,233.8766,0.317,0.0653
2016-04-25T00:49:59.817Z,586.8808,892.091,232.9777,3.8374,0.4271,632.144,992.1027,232.9591,4.2711,0.4178,1001.2369,1416.9785,232.1256,6.1185,0.729
2016-04-25T00:50:59.131Z,1120.4016,1556.7875,232.2666,6.7031,0.7194,1181.1216,1662.1698,232.3966,7.1525,0.7108,1641.3749,2260.9392,231.2943,9.7751,0.7267
2016-04-25T00:51:59.383Z,1130.0287,1547.9669,230.782,6.707,0.7306,1235.0036,1700.2893,233.0702,7.2956,0.7262,1658.0321,2290.8529,231.5122,9.8948,0.7228
2016-04-25T00:52:59.756Z,1145.5862,1553.9501,230.5724,6.7398,0.737,1256.9956,1717.9083,232.7398,7.3814,0.7316,1668.0567,2295.5043,231.3501,9.922,0.727
2016-04-25T00:53:59.984Z,1156.7802,1557.0074,230.2568,6.7619,0.7427,1273.2164,1729.7209,232.7506,7.4314,0.7358,1675.0424,2293.3917,230.9853,9.9289,0.7303
2016-04-25T00:54:59.171Z,1170.3856,1569.3183,230.2516,6.8153,0.746,1287.8969,1740.6616,232.7253,7.4795,0.7397,1689.644,2303.5945,230.9322,9.975,0.7327
2016-04-25T00:55:59.342Z,1179.2873,1577.8409,230.2764,6.8518,0.7477,1299.766,1748.5768,232.86,7.5096,0.7432,1703.3993,2313.5246,231.0277,10.014,0.7371
2016-04-25T00:56:59.571Z,1201.063,1606.5785,231.2248,6.9481,0.7483,1295.7408,1751.8427,232.4622,7.5358,0.74,1716.019,2311.8189,230.8855,10.0128,0.7416
2016-04-25T00:57:59.866Z,1218.4393,1619.8796,231.5692,6.9947,0.7515,1308.7878,1768.3037,232.213,7.6149,0.7398,1720.7874,2313.1827,230.864,10.0191,0.7431
2016-04-25T00:58:59.106Z,1226.5226,1624.3774,231.3749,7.0207,0.7547,1328.1734,1788.656,232.6639,7.6873,0.7419,1726.1858,2322.7259,231.1605,10.048,0.7424
2016-04-25T00:59:59.320Z,1240.2136,1641.0126,231.631,7.0847,0.7559,1339.9817,1798.5899,232.7044,7.7294,0.745,1744.4503,2341.273,231.4827,10.114,0.7456
2016-04-25T01:00:59.956Z,1251.1072,1654.9167,231.7228,7.1416,0.7557,1343.5031,1801.7606,232.6028,7.7458,0.7462,1758.0745,2349.8324,231.3726,10.1558,0.749
2016-04-25T01:01:59.258Z,1245.8232,1645.8487,231.3491,7.1136,0.7573,1345.0774,1806.6042,232.6301,7.7656,0.7445,1745.2639,2339.8017,231.4045,10.111,0.7469
2016-04-25T01:02:59.428Z,1227.4066,1623.6762,231.366,7.0182,0.7557,1327.9657,1790.7197,232.1509,7.7136,0.7415,1714.6733,2308.0956,231.0736,9.9882,0.7436
2016-04-25T01:03:59.599Z,1156.569,1561.8474,231.5462,6.7452,0.7407,1256.6249,1728.8299,232.1744,7.4462,0.7276,1641.9903,2244.5766,231.2384,9.7071,0.7302
2016-04-25T01:04:59.893Z,1147.5249,1556.7886,231.9641,6.7109,0.7376,1254.413,1730.6784,232.5493,7.4414,0.7249,1636.8907,2247.4167,231.545,9.7057,0.7299
2016-04-25T01:05:59.227Z,1168.2174,1580.572,232.4015,6.8011,0.7391,1265.7834,1742.3749,232.6634,7.4884,0.7261,1656.3419,2260.1508,231.684,9.7554,0.7319
2016-04-25T01:06:59.577Z,1157.264,1569.4921,231.5889,6.777,0.7371,1260.6499,1723.2311,232.4974,7.4118,0.732,1664.2789,2264.219,231.6909,9.7727,0.7352
2016-04-25T01:07:59.812Z,1172.9516,1590.1879,231.4001,6.8717,0.7384,1272.8099,1721.5902,232.0457,7.419,0.7392,1697.3876,2287.8609,231.9856,9.8618,0.7422
2016-04-25T01:08:59.086Z,1174.8505,1595.3126,230.8816,6.9094,0.7373,1262.8089,1699.8107,231.2408,7.3502,0.7428,1713.0176,2290.2185,232.1313,9.8652,0.7485
2016-04-25T01:09:59.372Z,1194.1584,1613.4761,230.7256,6.9931,0.7403,1280.4851,1708.4273,230.9771,7.3962,0.75,1738.4009,2307.4694,232.0178,9.9452,0.7526
2016-04-25T01:10:59.634Z,1188.6663,1606.2838,230.5989,6.9659,0.7398,1292.2112,1716.8037,231.4397,7.4184,0.752,1743.3562,2320.1126,231.9994,10.0003,0.7504
2016-04-25T01:11:59.061Z,1192.1051,1602.4284,230.0415,6.9661,0.744,1303.2881,1721.2398,231.5038,7.4347,0.7572,1751.4199,2325.8075,231.867,10.0306,0.7526
2016-04-25T01:12:59.563Z,1213.1933,1623.3499,230.4883,7.0436,0.7476,1310.7319,1734.4447,231.5616,7.4903,0.7556,1760.447,2328.4144,231.7242,10.0481,0.7567
2016-04-25T01:13:59.926Z,749.8196,1026.2193,231.3943,4.4447,0.4809,811.833,1097.3692,232.4408,4.7397,0.4849,1177.6803,1545.2173,232.9348,6.6576,0.7811
2016-04-25T01:14:59.181Z,1.9281,76.6442,232.5913,0.3296,0.025,3.4979,68.1249,233.2813,0.2929,0.0511,17.3273,78.9216,235.3262,0.3354,0.1257
2016-04-25T01:15:59.391Z,2.36,76.2292,233.4398,0.3265,0.0313,2.8119,67.0843,230.4157,0.2911,0.0427,2.2452,68.8579,236.1956,0.2919,0.0321
2016-04-25T01:16:59.870Z,2.899,76.1141,233.3057,0.3259,0.0385,3.1159,66.9228,231.7732,0.2887,0.0455,1.7313,68.8667,235.8693,0.292,0.027
2016-04-25T01:17:59.146Z,2.7951,77.205,233.0402,0.331,0.0358,4.1152,69.0257,233.4269,0.2962,0.0599,1.8699,69.0584,235.3634,0.2932,0.0287
2016-04-25T01:18:59.416Z,2.0693,75.6731,232.8073,0.3252,0.0269,3.529,69.5754,233.6096,0.2977,0.053,2.011,67.7102,235.4219,0.2874,0.0291
2016-04-25T01:19:59.664Z,2.1609,75.1913,232.8084,0.3232,0.0275,3.8123,69.5203,233.364,0.2979,0.0543,2.1256,67.8736,235.3146,0.2881,0.0307
2016-04-25T01:20:59.820Z,2.4232,75.4918,232.9313,0.3243,0.0323,3.8267,68.1237,233.2373,0.2926,0.0574,2.2625,66.6791,235.0163,0.2841,0.036
2016-04-25T01:21:59.007Z,1.7846,75.7501,232.3436,0.3263,0.0239,3.8256,66.2924,232.928,0.2847,0.0579,2.4107,66.9771,234.5104,0.2854,0.0364
2016-04-25T01:22:59.330Z,2.3861,75.7029,232.5492,0.3253,0.0328,3.3777,68.6979,232.8546,0.2948,0.0509,2.1176,67.0855,234.6783,0.2858,0.0312
2016-04-25T01:23:59.581Z,2.3202,74.5316,231.7035,0.3216,0.0295,3.364,68.6141,233.5499,0.2937,0.0497,1.9876,68.521,234.6332,0.2926,0.0282
2016-04-25T01:24:59.856Z,3.1368,75.4569,231.3159,0.3254,0.0422,3.0089,69.5159,233.584,0.2975,0.0431,2.1104,68.352,234.6581,0.2912,0.0305
2016-04-25T01:25:59.418Z,2.3607,75.1411,231.9944,0.3236,0.0333,3.3124,66.6433,233.4171,0.2854,0.0522,2.4236,68.7379,234.7692,0.2928,0.0342
2016-04-25T01:26:59.655Z,1.966,76.1745,232.5778,0.3275,0.0264,3.9784,68.8898,233.6277,0.295,0.0573,1.9615,67.4855,235.4658,0.2865,0.0299
2016-04-25T01:27:59.805Z,2.1545,75.9182,232.9681,0.3255,0.0276,3.5477,69.4015,233.8005,0.2968,0.0519,2.096,66.8854,234.94,0.2847,0.0312
2016-04-25T01:28:59.025Z,2.4449,76.0334,233.2459,0.3263,0.032,3.2076,68.9504,233.7879,0.2951,0.0466,1.7308,68.1708,234.6247,0.291,0.0258
2016-04-25T01:29:59.286Z,2.1334,76.27,233.3589,0.3267,0.0269,3.5442,68.0468,233.834,0.2913,0.0513,2.4541,68.5412,234.5485,0.2922,0.0364
2016-04-25T01:30:59.502Z,2.3147,76.3725,234.2346,0.3259,0.0293,3.5814,66.8163,234.3645,0.2852,0.0531,2.6345,67.1892,231.846,0.29,0.041
2016-04-25T01:31:59.691Z,2.0695,76.1853,233.2471,0.3269,0.0282,3.5158,67.0667,233.9649,0.2868,0.0545,2.1434,68.7367,234.0054,0.2933,0.0307
2016-04-25T01:32:59.920Z,2.9985,75.8083,233.1577,0.3247,0.0393,3.3797,67.4998,233.617,0.2892,0.0512,2.1776,69.4811,234.7949,0.2955,0.0322
2016-04-25T01:33:59.491Z,3.3291,75.9386,233.2484,0.3252,0.0446,3.5463,69.8292,234.0113,0.2982,0.0503,2.1712,68.8613,234.8758,0.2938,0.033
2016-04-25T01:34:59.774Z,1.891,76.8674,233.2692,0.3297,0.0252,3.6712,69.7415,234.1632,0.298,0.053,2.101,69.3997,234.7588,0.2957,0.0307
2016-04-25T01:35:59.146Z,2.2486,75.4884,233.2443,0.3233,0.0301,3.702,67.753,234.3489,0.2892,0.0537,2.3153,68.233,234.5527,0.2913,0.0342
2016-04-25T01:36:59.400Z,2.0653,75.8105,233.1996,0.3253,0.0278,3.9145,68.5786,234.2944,0.2927,0.057,1.886,67.1444,234.4474,0.2866,0.0287
2016-04-25T01:37:59.679Z,2.1984,72.2187,233.404,0.3091,0.0307,3.9085,62.2722,234.3427,0.266,0.0617,2.054,62.6702,234.3423,0.2672,0.0329
2016-04-25T01:38:59.851Z,2.1825,71.3514,233.2115,0.3058,0.0295,3.5518,63.5301,234.1792,0.2715,0.056,2.0685,62.5321,234.3192,0.2667,0.0335
2016-04-25T01:39:59.006Z,1.9306,71.538,233.0219,0.3064,0.0264,3.5608,63.8041,234.3253,0.2726,0.0559,1.9878,63.8881,234.4848,0.2719,0.0314
2016-04-25T01:40:59.286Z,1.7342,71.5591,233.0436,0.3065,0.0262,3.3386,64.1409,234.0029,0.2742,0.0525,2.3734,63.1159,234.514,0.2692,0.0376
2016-04-25T01:41:59.548Z,2.3077,72.5481,232.9198,0.3109,0.0318,3.4888,62.1012,234.1886,0.2652,0.0564,2.3074,62.4851,234.3451,0.2664,0.0379
2016-04-25T01:42:59.819Z,2.2703,72.4459,233.1005,0.3113,0.0303,3.5358,63.8599,234.1979,0.2728,0.0558,2.6,64.2328,233.9791,0.2753,0.04
2016-04-25T01:43:59.014Z,1.774,71.4508,233.1815,0.3067,0.0233,3.5612,63.1085,234.5593,0.2693,0.0585,1.9878,63.8808,234.0392,0.2727,0.0343
2016-04-25T01:44:59.318Z,2.606,70.9439,233.3216,0.3043,0.0372,3.2955,63.4239,234.4813,0.2705,0.0527,1.9811,62.3687,234.0326,0.2666,0.0315
2016-04-25T01:45:59.614Z,2.5113,70.6375,233.6474,0.3018,0.0345,3.7777,63.2558,234.4353,0.2704,0.0619,2.4993,63.032,233.7762,0.2704,0.039
2016-04-25T01:46:59.824Z,1.9892,71.73,233.6454,0.307,0.0284,3.7369,63.0927,234.1898,0.2697,0.0588,1.8766,62.0738,233.7018,0.2655,0.0292
2016-04-25T01:47:59.219Z,2.5988,71.6202,233.7763,0.3064,0.0361,3.4306,63.5419,234.0832,0.2714,0.0548,2.0747,63.5331,233.6519,0.2719,0.0333
2016-04-25T01:48:59.717Z,2.4235,71.4936,233.8095,0.3059,0.0338,2.9563,65.1711,234.1572,0.2783,0.0463,2.0385,63.2897,234.1324,0.2709,0.0329
2016-04-25T01:49:59.976Z,2.2604,70.5163,233.4102,0.3019,0.0324,3.6081,62.7832,233.8999,0.2684,0.058,2.0191,62.0981,233.5105,0.2659,0.0341
2016-04-25T01:50:59.276Z,1.9198,72.7538,233.2406,0.3117,0.0278,3.0228,62.2821,233.7924,0.2664,0.0499,2.0382,63.1299,233.2599,0.2711,0.0332
2016-04-25T01:51:59.534Z,1.8189,71.8726,233.0926,0.3082,0.0254,3.5474,64.0248,234.0865,0.2734,0.0557,2.0142,62.6847,233.279,0.2687,0.0326
2016-04-25T01:52:59.872Z,2.7497,71.0899,233.3041,0.3043,0.0386,3.447,64.6574,233.5583,0.2768,0.0545,2.2455,62.2889,233.5303,0.2668,0.0361
2016-04-25T01:53:59.141Z,2.4513,72.3174,233.2758,0.3102,0.0342,3.3977,64.1929,233.4437,0.2752,0.0537,1.6349,63.2376,233.9871,0.2701,0.0243
2016-04-25T01:54:59.500Z,1.5073,71.8565,233.4065,0.3076,0.0202,3.3608,64.2001,233.9142,0.2745,0.0529,2.4998,63.933,234.429,0.2726,0.0391
2016-04-25T01:55:59.871Z,1.8958,70.8938,233.7607,0.3032,0.0254,3.7362,63.0257,234.2488,0.2691,0.0597,1.9382,62.7715,234.3812,0.2679,0.033
2016-04-25T01:56:59.123Z,2.5388,71.9034,233.4074,0.3081,0.0362,3.1213,62.9262,234.2464,0.2683,0.0503,2.1806,64.1075,234.6134,0.2733,0.0361
2016-04-25T01:57:59.657Z,2.4977,71.9527,233.6507,0.3075,0.0348,3.8433,63.7679,233.4988,0.2735,0.0608,2.3615,64.5996,235.0528,0.2747,0.0361
2016-04-25T01:58:59.911Z,1.8597,72.5242,233.3451,0.3102,0.027,3.5866,62.0863,233.4411,0.2659,0.0579,2.0169,63.5495,235.0911,0.2704,0.0311
2016-04-25T01:59:59.080Z,2.2274,71.1606,233.3664,0.3043,0.0318,3.5631,62.7119,233.619,0.2681,0.0561,1.9942,64.8716,235.0094,0.2766,0.0311
