2016-03-21T00:00:59.286Z,4.4956,48.7454,231.0964,0.2103,0.0933,2.5727,35.3892,230.9702,0.1531,0.073,2.3675,34.3771,231.9634,0.1482,0.0724
2016-03-21T00:01:59.606Z,4.4957,50.9803,231.753,0.2202,0.0887,2.642,33.1566,231.0742,0.1432,0.078,2.1472,33.4172,232.1087,0.1441,0.0674
2016-03-21T00:02:59.890Z,3.9307,50.8378,232.1249,0.2193,0.0782,2.28,35.367,231.733,0.1523,0.0634,2.3042,35.4759,232.8201,0.1518,0.0721
2016-03-21T00:03:59.180Z,4.6737,51.6328,232.1523,0.2226,0.0902,2.7259,32.6636,231.1732,0.141,0.0831,2.7936,34.3639,233.364,0.1468,0.0732
2016-03-21T00:04:59.354Z,4.9763,52.0129,231.4477,0.2247,0.0945,2.7454,29.0341,230.8457,0.1259,0.0964,2.4865,32.2603,233.0098,0.1388,0.07
2016-03-21T00:05:59.596Z,3.7609,50.7756,231.6327,0.219,0.0742,2.3945,33.7102,229.9731,0.146,0.0803,2.2016,34.1253,233.6874,0.146,0.069
2016-03-21T00:06:59.893Z,3.7195,50.3024,232.6208,0.2166,0.0742,2.0667,33.1105,228.1397,0.1458,0.0662,1.8547,32.0641,234.4403,0.1376,0.0642
2016-03-21T00:07:59.306Z,3.2327,51.5679,232.5154,0.2216,0.0632,2.8844,33.7746,231.6463,0.146,0.0896,1.9766,35.9754,233.7059,0.1543,0.0579
2016-03-21T00:08:59.595Z,3.9208,50.3641,231.682,0.2174,0.0773,2.5445,33.744,231.7007,0.1453,0.0786,2.0679,34.011,233.3296,0.1457,0.0643
2016-03-21T00:09:59.899Z,4.3029,51.0502,231.7423,0.22,0.0847,2.8982,33.7026,231.8523,0.1458,0.0893,2.2008,33.2366,233.6692,0.1423,0.0649
2016-03-21T00:10:59.146Z,4.5127,51.2731,231.3786,0.2219,0.087,2.4899,35.8274,231.6222,0.1544,0.0752,1.8963,33.9191,233.6147,0.1451,0.0584
2016-03-21T00:11:59.558Z,3.2414,51.4427,231.7827,0.2223,0.0641,3.0807,35.7463,232.2765,0.1538,0.0852,2.178,33.1259,233.99,0.1419,0.068
2016-03-21T00:12:59.027Z,3.835,49.9082,231.4654,0.2157,0.0756,3.002,35.0418,232.5978,0.1508,0.0854,1.9191,35.4437,234.4262,0.151,0.0588
2016-03-21T00:13:59.261Z,4.3349,51.8675,230.9079,0.2242,0.0818,2.3597,34.9141,232.4688,0.15,0.0747,2.2392,35.8893,234.2923,0.1541,0.0632
2016-03-21T00:14:59.486Z,4.7191,50.6208,231.1554,0.2192,0.0924,2.6588,33.5728,232.9273,0.1439,0.0812,2.06,33.545,234.5557,0.1432,0.0659
2016-03-21T00:15:59.776Z,4.9436,50.8081,231.0752,0.2197,0.0959,2.368,34.5577,232.7085,0.148,0.0701,2.2702,34.7667,234.6605,0.1485,0.0673
2016-03-21T00:16:59.970Z,4.1204,50.7468,231.1367,0.22,0.0803,2.3229,34.0155,230.6427,0.1474,0.0703,2.0974,35.2768,234.9724,0.1496,0.0584
2016-03-21T00:17:59.285Z,4.1718,50.9646,231.138,0.2204,0.0822,2.0281,32.6548,231.2046,0.1419,0.0648,2.229,36.5372,234.9803,0.1561,0.0648
2016-03-21T00:18:59.445Z,4.719,51.5602,231.9838,0.222,0.0907,2.3505,30.7465,232.9341,0.1325,0.0784,2.0101,31.7525,234.3088,0.1359,0.0618
2016-03-21T00:19:59.686Z,4.495,51.1836,233.1551,0.2196,0.0854,2.4801,34.3712,233.4043,0.1473,0.0786,2.5415,35.3949,234.5946,0.1509,0.0742
2016-03-21T00:20:59.956Z,4.7646,50.1453,233.0651,0.2154,0.0949,2.3165,32.8389,233.2309,0.1408,0.0758,2.4775,35.4134,234.7763,0.151,0.0708
2016-03-21T00:21:59.245Z,4.3301,52.0672,233.3577,0.2232,0.0829,2.6131,35.2282,233.1579,0.1514,0.0759,2.3468,35.831,234.5118,0.1529,0.0638
2016-03-21T00:22:59.429Z,4.7005,51.368,233.1966,0.2208,0.0898,2.8186,33.8023,233.1953,0.1449,0.0869,2.0636,34.1527,234.0985,0.146,0.0675
2016-03-21T00:23:59.793Z,4.1546,51.702,233.2686,0.2216,0.0799,2.7054,32.0126,233.1003,0.1374,0.0893,2.2751,34.0634,234.0646,0.1453,0.0698
2016-03-21T00:24:59.187Z,4.103,50.901,233.5179,0.218,0.0803,2.7998,33.9635,233.0808,0.1456,0.0801,2.2378,34.0672,234.0615,0.1455,0.069
2016-03-21T00:25:59.535Z,5.0557,51.125,233.0696,0.2191,0.0998,2.3651,33.7254,232.4498,0.1451,0.0718,1.866,34.0925,232.7846,0.1472,0.0622
2016-03-21T00:26:59.789Z,4.3737,52.1532,232.7301,0.2242,0.0851,3.1727,34.0975,232.191,0.1468,0.0899,2.0443,34.3122,232.5536,0.1481,0.0592
2016-03-21T00:27:59.026Z,4.1277,51.0707,233.1389,0.2193,0.0801,2.4127,34.6047,232.4163,0.149,0.0746,2.6499,33.0433,232.294,0.1422,0.0821
2016-03-21T00:28:59.387Z,4.0743,52.2279,233.5341,0.2234,0.079,2.0576,32.2792,229.6035,0.141,0.0652,2.2232,33.9564,233.3581,0.1457,0.0681
2016-03-21T00:29:59.517Z,4.4468,51.9445,233.1082,0.2227,0.0864,3.0683,30.1082,231.5174,0.1304,0.0979,2.292,32.2121,232.7458,0.1382,0.0766
2016-03-21T00:30:59.778Z,4.5112,51.4181,232.7895,0.2208,0.0878,3.302,35.1716,232.5057,0.1515,0.093,2.0742,32.9965,232.9476,0.1416,0.0687
2016-03-21T00:31:59.999Z,3.9316,51.0046,232.8069,0.2189,0.0775,2.9647,32.6151,232.5173,0.1403,0.0919,2.1831,34.3562,233.2066,0.1476,0.0644
2016-03-21T00:32:59.251Z,4.8391,51.0614,232.498,0.2198,0.0937,2.3767,35.4083,232.2919,0.1522,0.0674,2.2716,34.8612,232.8737,0.1497,0.0647
2016-03-21T00:33:59.410Z,4.5268,51.3325,232.1911,0.2211,0.087,2.8305,32.5412,232.1658,0.1403,0.0893,2.1231,33.3404,233.0841,0.1424,0.0657
2016-03-21T00:34:59.541Z,4.6487,50.5652,232.2745,0.2176,0.0937,2.5329,31.2238,232.7731,0.134,0.0849,1.9069,33.5218,233.3673,0.1442,0.0596
2016-03-21T00:35:59.868Z,3.3164,51.8365,232.6562,0.2229,0.0637,2.417,34.5831,233.0589,0.1482,0.0769,2.1109,33.742,233.5773,0.1448,0.0607
2016-03-21T00:36:59.174Z,3.3789,50.8573,232.7731,0.219,0.0674,2.7092,34.512,232.739,0.1479,0.0799,1.9752,33.7037,233.0504,0.145,0.0601
2016-03-21T00:37:59.392Z,4.718,50.752,232.9339,0.2183,0.0924,2.9807,35.2953,233.6428,0.1511,0.0886,2.1773,34.8067,233.3725,0.1489,0.0633
2016-03-21T00:38:59.523Z,4.9855,52.083,233.143,0.2231,0.0944,2.7224,31.7987,234.1284,0.1356,0.087,2.2026,31.9004,233.9197,0.1367,0.0711
2016-03-21T00:39:59.729Z,4.6696,51.8993,233.2735,0.2225,0.0903,2.6363,33.0087,233.9727,0.1409,0.0801,1.9469,32.843,233.6295,0.1407,0.0653
2016-03-21T00:40:59.983Z,4.3343,51.2605,233.103,0.2205,0.0855,2.344,33.6574,233.8313,0.1437,0.0754,1.819,33.5056,233.4121,0.1436,0.0615
2016-03-21T00:41:59.235Z,4.9739,52.1417,232.7451,0.2239,0.0968,3.1167,35.0249,232.4943,0.1509,0.0901,2.2222,35.4007,233.4618,0.1513,0.065
2016-03-21T00:42:59.464Z,4.5232,52.1249,233.6641,0.222,0.0876,2.1302,33.6053,231.1656,0.1455,0.0668,2.3991,35.6707,234.5922,0.1522,0.067
2016-03-21T00:43:59.821Z,3.934,50.7232,233.0664,0.2183,0.0767,2.9011,33.7349,233.8646,0.144,0.0818,2.2922,33.8195,233.4893,0.1453,0.0698
2016-03-21T00:44:59.015Z,3.3967,51.1289,232.8842,0.2194,0.0656,2.5583,35.738,233.5128,0.1528,0.0762,2.3384,35.2836,233.2249,0.1513,0.0644
2016-03-21T00:45:59.254Z,4.0317,50.4941,233.1775,0.2172,0.0811,2.8997,35.4696,233.5284,0.1522,0.0805,2.7603,35.5093,233.4427,0.1521,0.0777
2016-03-21T00:46:59.467Z,4.6326,51.0222,232.863,0.2188,0.0912,2.6056,32.1462,233.0168,0.138,0.0823,2.1809,33.0345,233.0742,0.1412,0.0644
2016-03-21T00:47:59.655Z,4.486,51.8559,232.8993,0.2225,0.0853,2.5019,34.1849,233.1235,0.1466,0.0813,2.3731,33.8721,233.1679,0.1457,0.0697
2016-03-21T00:48:59.996Z,4.1496,51.0026,233.5517,0.2179,0.0804,2.4004,33.2666,233.4253,0.1426,0.077,2.1503,35.3328,233.6268,0.1509,0.0671
2016-03-21T00:49:59.238Z,4.3636,51.7698,233.3518,0.2212,0.086,3.1818,33.668,233.4261,0.1439,0.0919,2.4052,35.9278,233.8525,0.1533,0.0666
2016-03-21T00:50:59.392Z,4.7404,51.6399,232.8436,0.2214,0.0915,2.1413,33.1571,233.0066,0.1425,0.0699,1.8512,34.9672,233.4802,0.1497,0.0589
2016-03-21T00:51:59.714Z,4.5603,50.8042,233.2005,0.2177,0.09,2.8197,34.1121,233.0643,0.1465,0.0796,2.0159,34.9419,233.2412,0.1497,0.0657
2016-03-21T00:52:59.896Z,4.2787,51.8119,233.164,0.2224,0.0827,2.7914,34.6947,232.9655,0.1491,0.0799,2.4671,34.8999,233.25,0.1496,0.073
2016-03-21T00:53:59.360Z,4.8539,51.4101,232.8089,0.221,0.095,3.1141,32.7707,232.8027,0.1407,0.0874,2.1822,33.4653,233.4801,0.1422,0.07
2016-03-21T00:54:59.524Z,4.2763,51.1434,233.1582,0.2192,0.0823,2.7292,32.536,232.6714,0.1392,0.0872,2.5383,33.4309,233.4962,0.1437,0.0789
2016-03-21T00:55:59.686Z,4.0342,52.1814,232.5453,0.2244,0.0776,2.4719,29.8749,232.8008,0.1286,0.0831,1.9931,31.6914,233.7204,0.1362,0.0655
2016-03-21T00:56:59.823Z,4.4091,51.0971,231.8935,0.2201,0.0848,2.693,32.6373,232.6246,0.1403,0.086,1.9948,34.6837,233.9992,0.148,0.0624
2016-03-21T00:57:59.006Z,4.8872,50.7007,231.9857,0.2185,0.0951,2.8169,34.4743,232.7439,0.1488,0.086,2.223,33.1146,233.9921,0.1421,0.0693
2016-03-21T00:58:59.289Z,4.5027,51.1932,233.1982,0.2192,0.0885,2.074,32.7128,230.1434,0.1424,0.0696,1.5849,35.2162,235.2491,0.15,0.0474
2016-03-21T00:59:59.526Z,4.1555,50.9532,233.9136,0.2178,0.0811,2.4998,33.0778,232.5013,0.1426,0.0778,2.5618,35.5244,235.3368,0.1511,0.072
2016-03-21T01:00:59.701Z,4.6187,49.9502,233.4632,0.214,0.0929,2.7313,34.3443,233.2553,0.147,0.0819,2.3056,36.191,234.517,0.1542,0.0641
2016-03-21T01:01:59.929Z,4.1775,51.3951,232.7797,0.2204,0.0813,2.6186,34.9068,232.2667,0.1499,0.0826,1.6136,33.74,233.5578,0.1445,0.0525
2016-03-21T01:02:59.217Z,4.0047,51.6183,233.088,0.2216,0.0764,2.7372,32.2299,232.4358,0.1388,0.092,2.5256,34.8643,233.5093,0.149,0.0731
2016-03-21T01:03:59.481Z,4.4084,51.1784,233.1254,0.2193,0.0853,2.1205,35.1495,232.5868,0.1504,0.0648,2.1755,34.4409,233.742,0.1471,0.0632
2016-03-21T01:04:59.778Z,3.6307,52.1003,232.9786,0.2235,0.0688,2.313,34.8434,232.4077,0.1497,0.0702,1.9855,33.3462,233.8089,0.1425,0.063
2016-03-21T01:05:59.964Z,4.4992,51.2562,232.8311,0.2199,0.0881,2.8184,34.0493,232.213,0.1467,0.0818,2.1766,32.8293,233.5785,0.141,0.0701
2016-03-21T01:06:59.303Z,3.4391,50.9078,232.7066,0.2186,0.0664,2.806,36.5648,232.1797,0.157,0.0783,2.3172,35.7597,233.5558,0.1536,0.0648
2016-03-21T01:07:59.538Z,3.6301,50.1596,232.0813,0.2163,0.0718,2.4069,34.5922,231.8173,0.1492,0.0701,2.5431,35.5664,232.9923,0.1525,0.0732
2016-03-21T01:08:59.792Z,3.9574,51.3722,232.6431,0.2211,0.0782,2.6243,33.7135,232.004,0.1449,0.0842,2.0768,34.4826,233.2156,0.1479,0.0638
2016-03-21T01:09:59.081Z,4.4487,51.0108,232.3762,0.2196,0.0872,2.9736,35.4278,231.6858,0.1526,0.0814,2.2748,35.0243,233.3497,0.1502,0.0661
2016-03-21T01:10:59.554Z,4.2568,52.1879,233.0287,0.2238,0.0814,2.5703,34.0126,231.9492,0.1464,0.0792,2.2895,33.875,233.5782,0.1449,0.0713
2016-03-21T01:11:59.046Z,3.4207,50.5821,233.2434,0.2171,0.0678,2.553,32.978,232.4496,0.1413,0.0792,2.637,36.8947,233.6877,0.1579,0.0663
2016-03-21T01:12:59.199Z,3.6595,51.1758,233.1541,0.2192,0.071,3.0752,33.7318,232.7447,0.1445,0.093,2.3784,33.0876,233.892,0.1416,0.0763
2016-03-21T01:13:59.477Z,4.27,50.6729,232.7935,0.2182,0.0832,2.3168,33.6319,232.2593,0.1442,0.0766,2.0179,34.9985,233.6492,0.1501,0.0627
2016-03-21T01:14:59.737Z,4.1226,51.2802,232.7907,0.2202,0.0784,2.7838,33.491,231.9807,0.1443,0.0837,2.4983,36.9,233.5676,0.1577,0.0696
2016-03-21T01:15:59.043Z,5.1813,52.1094,232.6594,0.2234,0.0994,2.4901,35.2907,232.2641,0.1519,0.0727,2.2401,33.3764,233.6613,0.1432,0.0662
2016-03-21T01:16:59.247Z,3.9816,50.7643,232.8687,0.2176,0.0781,2.3663,32.7318,231.9292,0.1409,0.0756,1.9148,35.028,233.6301,0.1495,0.058
2016-03-21T01:17:59.446Z,3.4516,50.8276,233.551,0.2181,0.0666,2.5768,32.5427,232.2881,0.1403,0.0824,2.162,35.2107,232.9819,0.1509,0.0645
2016-03-21T01:18:59.658Z,3.8741,50.3703,233.8458,0.2157,0.0769,1.967,33.2599,230.1071,0.1448,0.0581,2.3642,35.9493,232.7129,0.1549,0.0685
2016-03-21T01:19:59.942Z,4.4853,51.9773,233.3582,0.223,0.0875,3.1821,34.8174,230.943,0.1504,0.092,1.8915,34.1077,234.1907,0.1458,0.0573
2016-03-21T01:20:59.290Z,4.3171,51.5853,233.5133,0.2209,0.0836,2.5214,32.9286,233.1651,0.1413,0.0846,2.3579,36.1911,234.0747,0.1542,0.064
2016-03-21T01:21:59.408Z,4.9257,51.5775,233.2284,0.2209,0.0964,2.8002,31.1862,232.8403,0.1346,0.0893,2.2765,31.9221,233.5692,0.1376,0.0755
2016-03-21T01:22:59.738Z,3.4878,50.3968,233.6753,0.2152,0.068,2.644,35.1068,232.9123,0.1507,0.0808,2.6298,34.9493,232.826,0.1503,0.0766
2016-03-21T01:23:59.043Z,3.3678,50.193,233.4828,0.2146,0.0671,2.4528,33.8299,232.5177,0.1454,0.0779,2.0086,35.9384,232.603,0.1551,0.0576
2016-03-21T01:24:59.290Z,4.3588,51.5842,233.3636,0.221,0.084,2.8164,34.516,232.7258,0.1482,0.0845,2.5867,34.563,233.5965,0.1485,0.0797
2016-03-21T01:25:59.521Z,4.6386,51.6396,233.5091,0.221,0.0889,2.6412,31.1829,232.9878,0.1337,0.0879,1.9996,31.5558,234.0077,0.1351,0.0657
2016-03-21T01:26:59.826Z,5.1352,51.7039,233.0822,0.2215,0.0993,2.2117,34.0691,232.6755,0.1462,0.0721,2.3027,35.045,233.6913,0.15,0.0668
2016-03-21T01:27:59.885Z,3.7899,51.3614,233.0789,0.2203,0.0735,2.6931,30.4629,232.2751,0.1313,0.0898,2.0009,31.5897,233.3956,0.1353,0.068
2016-03-21T01:28:59.103Z,4.4026,50.9057,233.0571,0.2189,0.0879,2.3827,34.7746,232.5467,0.1497,0.0675,1.9725,35.0685,233.2187,0.1508,0.0606
2016-03-21T01:29:59.223Z,4.6727,51.5748,232.5733,0.2215,0.0911,2.8897,32.5847,232.3635,0.1408,0.0904,2.3111,35.9737,232.9475,0.1548,0.0647
2016-03-21T01:30:59.559Z,4.2643,51.3369,232.4579,0.2211,0.0822,3.0024,35.392,231.7262,0.1524,0.0851,2.3023,33.5392,232.9326,0.1443,0.0671
2016-03-21T01:31:59.809Z,3.8769,51.2488,232.242,0.2208,0.0762,2.43,35.4165,231.6001,0.153,0.0782,2.3667,34.6703,232.9946,0.1486,0.0742
2016-03-21T01:32:59.154Z,3.7299,50.6998,231.9701,0.219,0.0744,2.4436,34.5372,231.8744,0.1491,0.0757,2.4523,32.4663,232.9072,0.1391,0.0792
2016-03-21T01:33:59.251Z,4.1097,51.5451,232.0919,0.2219,0.0797,2.8591,29.728,232.6737,0.1278,0.0963,1.7598,31.9707,232.3824,0.1381,0.058
2016-03-21T01:34:59.459Z,4.4607,51.0257,231.8033,0.2201,0.0874,2.761,34.4481,232.8941,0.1478,0.0813,1.9986,34.9669,232.437,0.1501,0.0608
2016-03-21T01:35:59.705Z,4.2466,50.8822,231.9129,0.2193,0.0843,2.6221,32.2908,232.5979,0.1388,0.0801,1.8787,35.9608,232.2427,0.1547,0.0562
2016-03-21T01:36:59.937Z,3.74,50.7478,231.8379,0.2189,0.0732,2.2802,33.3309,232.3767,0.1435,0.0751,2.7273,34.6629,232.26,0.1495,0.0808
2016-03-21T01:37:59.162Z,3.1869,51.1081,231.7307,0.2198,0.0622,2.5269,33.5848,232.455,0.144,0.0781,1.8148,35.7562,232.5204,0.1531,0.0567
2016-03-21T01:38:59.363Z,4.1425,51.3389,231.9001,0.2218,0.0812,2.7325,34.3707,232.2729,0.1481,0.0822,2.8604,35.2215,232.5274,0.1515,0.0841
2016-03-21T01:39:59.558Z,4.3673,51.3719,231.5264,0.222,0.0858,2.7671,32.4865,231.9419,0.1398,0.0898,2.2201,32.2979,232.2015,0.1388,0.072
2016-03-21T01:40:59.653Z,4.9849,52.1544,232.082,0.2238,0.0966,2.7501,30.4742,231.7653,0.1309,0.0868,1.958,31.4008,232.8027,0.1347,0.0615
2016-03-21T01:41:59.813Z,4.0469,50.8036,233.1037,0.218,0.0793,2.5526,30.6664,232.0436,0.1324,0.0834,2.3697,32.1241,233.5707,0.1373,0.0735
2016-03-21T01:42:59.094Z,3.4257,50.9709,233.8267,0.2177,0.068,1.9493,34.5282,231.7064,0.1494,0.0599,2.1231,34.6468,234.0323,0.1479,0.0627
2016-03-21T01:43:59.513Z,4.4004,52.0646,233.9692,0.2227,0.0848,2.2759,34.203,230.8382,0.1484,0.0685,1.916,36.1758,234.3563,0.1547,0.0571
2016-03-21T01:44:59.914Z,4.4332,51.7215,233.6233,0.2213,0.0845,2.071,33.7126,233.4729,0.1442,0.066,2.4268,33.7032,233.7293,0.1442,0.0743
2016-03-21T01:45:59.159Z,4.8236,51.0264,233.2427,0.2191,0.0956,2.4114,34.5038,233.7617,0.1476,0.0738,2.2139,34.2956,234.0316,0.1469,0.0678
2016-03-21T01:46:59.338Z,3.4254,51.6074,233.328,0.2215,0.0659,3.0822,32.8903,233.2691,0.1411,0.0903,2.4049,35.8893,234.261,0.1533,0.0692
2016-03-21T01:47:59.618Z,4.4104,50.2967,234.3505,0.2145,0.0869,2.4088,33.7626,233.5522,0.1445,0.0788,2.2922,33.7896,234.4652,0.1437,0.0719
2016-03-21T01:48:59.856Z,4.0312,52.8008,233.7112,0.2251,0.0778,2.7999,34.0643,233.3933,0.146,0.0823,2.1974,35.4341,234.1377,0.1515,0.0626
2016-03-21T01:49:59.050Z,4.5034,51.9006,233.8533,0.2216,0.0882,2.6389,34.5642,233.4181,0.1483,0.0726,2.1419,33.559,233.8243,0.1443,0.0656
2016-03-21T01:50:59.363Z,3.3713,51.7195,234.558,0.2205,0.0662,2.81,35.1542,234.023,0.1503,0.0826,1.8105,34.5901,234.5932,0.1473,0.0566
2016-03-21T01:51:59.634Z,4.4013,51.773,234.2482,0.2208,0.0852,2.9034,34.741,233.7437,0.1485,0.0877,2.4274,36.6191,234.7138,0.1559,0.0671
2016-03-21T01:52:59.975Z,4.828,52.2292,234.3736,0.223,0.093,2.7985,33.5954,233.5226,0.144,0.0842,2.4832,35.4857,234.8191,0.1507,0.0746
2016-03-21T01:53:59.170Z,4.2233,51.4654,234.5889,0.2193,0.0818,2.626,33.2031,233.967,0.1416,0.079,2.2425,36.224,235.2933,0.1538,0.0627
2016-03-21T01:54:59.517Z,3.7564,51.8653,234.2357,0.2213,0.0729,3.1709,35.4876,233.673,0.1521,0.0928,1.9655,34.8721,235.4639,0.1475,0.0618
2016-03-21T01:55:59.808Z,3.2255,50.6173,234.4051,0.2159,0.0641,3.0893,35.1353,233.2037,0.1502,0.0848,2.4793,33.9993,235.539,0.1444,0.0734
2016-03-21T01:56:59.082Z,4.5003,51.5568,232.5713,0.2212,0.0887,2.3892,34.7048,230.2687,0.1506,0.0672,2.0572,34.0387,233.8307,0.1458,0.0624
2016-03-21T01:57:59.336Z,4.7,51.5803,232.1429,0.2226,0.0913,2.2693,34.2612,228.1666,0.1499,0.0663,2.2413,34.2216,233.6746,0.1464,0.066
2016-03-21T01:58:59.520Z,4.1315,51.0245,232.1993,0.2197,0.0805,2.7997,33.7963,231.4678,0.1463,0.0851,2.3416,33.817,232.7912,0.1456,0.0698
2016-03-21T01:59:59.845Z,4.1864,50.8508,232.0897,0.2191,0.0822,2.9457,34.2664,231.7714,0.1479,0.0824,2.3813,34.4501,232.9483,0.1475,0.0695
2016-03-21T02:00:59.177Z,4.0032,51.1073,231.7431,0.2211,0.0808,2.3978,35.9544,231.5018,0.1549,0.0718,2.654,36.0283,232.8134,0.1547,0.0768
2016-03-21T02:01:59.336Z,4.5868,50.0637,231.1479,0.2164,0.0903,2.2508,31.6807,230.7896,0.1376,0.0696,2.4947,34.4873,232.1613,0.1487,0.0736
2016-03-21T02:02:59.536Z,3.881,50.2495,230.6146,0.2179,0.0781,2.8645,33.5189,230.156,0.1457,0.0853,1.684,32.9453,231.8891,0.1421,0.0504
2016-03-21T02:03:59.821Z,3.366,51.5091,231.4765,0.2229,0.0637,2.5855,31.0224,229.3444,0.1348,0.0871,2.2401,32.9174,232.458,0.1416,0.0699
2016-03-21T02:04:59.011Z,4.5509,51.4779,231.6748,0.222,0.0874,2.4424,30.3248,227.9691,0.1326,0.0853,2.0803,33.8906,232.7568,0.1448,0.0674
2016-03-21T02:05:59.234Z,4.6393,49.9299,231.1662,0.2162,0.0927,2.14,35.7857,228.3542,0.157,0.0666,2.1132,34.9879,232.2275,0.1513,0.0612
2016-03-21T02:06:59.498Z,4.6642,51.424,230.9886,0.2227,0.0895,2.9254,34.1245,229.7748,0.1485,0.0904,2.0086,32.138,231.5047,0.1385,0.0626
2016-03-21T02:07:59.875Z,4.0428,51.3107,231.3559,0.2218,0.0793,2.2896,30.5551,229.4999,0.1332,0.0779,2.5107,34.3482,230.5828,0.1492,0.0717
2016-03-21T02:08:59.177Z,4.0484,51.0986,231.1236,0.2209,0.0797,2.8177,34.3802,229.2939,0.1498,0.0796,2.3423,34.2649,230.6533,0.1483,0.0719
2016-03-21T02:09:59.342Z,4.3391,51.0603,231.1002,0.2211,0.0847,2.2716,31.8584,229.1613,0.1387,0.0738,1.8944,32.5689,230.4365,0.1413,0.0622
2016-03-21T02:10:59.508Z,4.3963,50.8221,231.5718,0.2197,0.0855,2.9792,32.4182,229.8403,0.1405,0.0874,2.0254,32.5129,230.293,0.1414,0.0685
2016-03-21T02:11:59.618Z,4.8485,51.55,230.6688,0.2234,0.094,2.4826,31.1893,229.8276,0.1353,0.0815,2.0776,32.5477,229.8733,0.1412,0.0663
2016-03-21T02:12:59.848Z,4.4944,50.9726,229.3978,0.2221,0.0887,2.2455,31.5558,229.9455,0.1371,0.0726,2.8619,35.4154,229.8241,0.1546,0.0835
2016-03-21T02:13:59.009Z,3.9628,49.8842,229.5846,0.2168,0.0786,2.2468,32.6364,229.7427,0.1418,0.0726,1.9316,33.1233,229.8614,0.1444,0.0653
2016-03-21T02:14:59.324Z,4.0578,50.9997,229.5214,0.2226,0.0797,2.2642,34.6415,229.7334,0.1502,0.0703,2.4051,34.4284,229.6085,0.1498,0.0711
2016-03-21T02:15:59.522Z,4.6712,50.8775,228.9454,0.2223,0.0927,2.6858,31.0265,230.1351,0.1346,0.0884,2.0712,31.4564,229.6429,0.137,0.0703
2016-03-21T02:16:59.715Z,5.0579,51.0662,228.9483,0.2233,0.099,2.8476,31.9899,230.0024,0.1393,0.092,2.0608,31.9357,230.0426,0.1392,0.0635
2016-03-21T02:17:59.914Z,3.9567,49.5622,229.6493,0.2153,0.0801,2.5744,32.9836,229.1359,0.1441,0.074,2.0501,35.0619,230.8626,0.152,0.0624
2016-03-21T02:18:59.279Z,3.5331,50.0123,231.076,0.2166,0.0702,2.3517,33.2568,227.3617,0.1457,0.0682,2.3474,34.862,231.539,0.151,0.0648
2016-03-21T02:19:59.616Z,3.9396,50.8238,231.031,0.22,0.078,2.4501,35.9099,229.8708,0.156,0.0699,1.7063,33.9393,230.2713,0.1469,0.0553
2016-03-21T02:20:59.811Z,4.4388,51.5447,231.3954,0.223,0.0851,2.7843,35.3066,230.4724,0.153,0.0787,2.3645,33.0703,230.6864,0.1437,0.0746
2016-03-21T02:21:59.076Z,4.6373,50.0308,231.5299,0.2162,0.092,2.834,33.1096,230.9696,0.143,0.0832,2.3514,35.6533,231.2503,0.1544,0.0717
2016-03-21T02:22:59.474Z,3.9423,51.473,231.2542,0.2223,0.0782,2.858,33.2026,229.6984,0.1443,0.0855,2.1542,33.1486,231.4481,0.1433,0.0659
2016-03-21T02:23:59.588Z,4.0021,51.2897,231.3662,0.2211,0.0797,2.5174,29.4043,229.6334,0.1279,0.0854,2.0756,30.9259,231.829,0.1325,0.07
2016-03-21T02:24:59.705Z,3.693,51.3104,231.5652,0.2219,0.072,2.8588,30.699,229.9996,0.1337,0.0926,2.0568,30.6314,231.1011,0.1331,0.064
2016-03-21T02:25:59.825Z,4.7485,51.7677,231.4885,0.2237,0.0915,2.6308,32.2985,230.2738,0.1402,0.0859,2.2442,31.3297,231.1807,0.1358,0.0744
2016-03-21T02:26:59.043Z,4.4118,51.8831,230.9049,0.2246,0.0837,2.9258,33.7369,229.8284,0.147,0.0894,2.1811,33.2782,231.0532,0.1442,0.0716
2016-03-21T02:27:59.305Z,3.6811,50.3456,230.8592,0.2185,0.0727,2.5523,33.407,229.6993,0.1449,0.0813,2.1965,34.2247,231.048,0.1478,0.0612
2016-03-21T02:28:59.695Z,2.9132,51.1127,231.0911,0.2215,0.0563,2.8143,33.4243,229.9104,0.1455,0.0813,2.7046,34.0853,231.1716,0.1472,0.0784
2016-03-21T02:29:59.015Z,3.5986,50.2328,230.708,0.2177,0.0719,2.5719,34.227,230.4039,0.1492,0.072,2.1548,34.2057,231.956,0.1474,0.0634
2016-03-21T02:30:59.172Z,4.7196,50.4515,230.6243,0.2191,0.0945,2.6137,33.6992,230.1997,0.1464,0.078,2.2478,34.9618,231.4666,0.1512,0.0649
2016-03-21T02:31:59.321Z,4.5596,51.0353,230.8711,0.2209,0.0888,2.5752,34.2202,230.0567,0.1488,0.0689,2.1986,34.2169,231.3816,0.1485,0.0691
2016-03-21T02:32:59.581Z,4.3331,50.6936,230.6698,0.2196,0.0857,2.5245,34.4337,230.1585,0.1499,0.0758,2.5158,34.2325,230.9873,0.1484,0.074
2016-03-21T02:33:59.801Z,3.6516,50.2198,231.0833,0.2176,0.0732,2.6124,35.7452,230.001,0.1554,0.0753,2.0267,34.7641,230.8373,0.1509,0.0613
2016-03-21T02:34:59.967Z,4.5788,50.2923,230.8638,0.2181,0.0907,2.4942,32.5068,230.3693,0.1407,0.078,2.7408,34.2675,230.4446,0.1491,0.0793
2016-03-21T02:35:59.165Z,4.5394,51.4365,231.3607,0.222,0.0893,2.8782,32.5334,230.901,0.1408,0.0922,2.3097,35.3789,230.8185,0.1529,0.0725
2016-03-21T02:36:59.383Z,4.0579,50.9092,231.2448,0.2203,0.0785,2.7979,33.5758,230.693,0.1458,0.082,2.0814,35.8002,230.9871,0.1553,0.0578
2016-03-21T02:37:59.675Z,3.4607,50.5378,231.2431,0.219,0.067,2.3558,33.953,230.7425,0.1473,0.0722,2.1779,33.1542,231.6752,0.1429,0.069
2016-03-21T02:38:59.974Z,4.2196,51.1941,231.3521,0.2211,0.0798,2.6041,35.1807,230.1686,0.1532,0.0797,2.2732,34.8615,231.9562,0.15,0.0687
2016-03-21T02:39:59.243Z,4.3417,51.0508,231.0074,0.2207,0.0843,2.5451,33.8809,230.3829,0.1474,0.0754,2.2969,34.546,231.6222,0.1497,0.0664
2016-03-21T02:40:59.418Z,4.3788,50.5718,230.8466,0.2192,0.0851,3.0867,32.177,230.8056,0.1401,0.0997,2.348,33.4833,231.4234,0.1445,0.0686
2016-03-21T02:41:59.812Z,3.6737,50.9148,231.2785,0.2199,0.0709,2.7457,34.74,230.9782,0.1505,0.0797,1.9553,34.753,231.7213,0.1497,0.0555
2016-03-21T02:42:59.119Z,3.8363,49.9016,230.9444,0.2157,0.0752,2.9714,34.35,231.0596,0.1487,0.0911,2.4127,36.6547,231.7146,0.1583,0.0676
2016-03-21T02:43:59.328Z,4.6787,50.8607,230.7358,0.221,0.0913,2.6721,33.314,230.8875,0.1443,0.0838,1.9407,34.641,231.6211,0.1497,0.0632
2016-03-21T02:44:59.601Z,4.1062,51.4667,230.8451,0.2231,0.0807,2.9973,34.0838,230.8538,0.1476,0.0895,2.5181,35.0023,231.3836,0.1509,0.0735
2016-03-21T02:45:59.833Z,3.933,50.2023,230.6067,0.2176,0.0785,2.7707,34.0122,230.6126,0.1471,0.084,2.4324,34.4499,231.0933,0.1491,0.0702
2016-03-21T02:46:59.089Z,3.3388,50.4108,230.0982,0.2183,0.0654,2.9566,34.5228,229.5935,0.1507,0.0848,2.4389,34.5952,231.378,0.1496,0.0725
2016-03-21T02:47:59.363Z,3.5095,50.9627,230.0693,0.2215,0.0704,2.176,35.2413,227.1921,0.1558,0.0614,2.0345,33.9739,231.884,0.1461,0.0593
2016-03-21T02:48:59.750Z,4.2918,50.3541,230.0363,0.2189,0.084,2.9688,34.1656,230.36,0.1487,0.0882,2.113,33.3479,231.2088,0.1445,0.069
2016-03-21T02:49:59.032Z,4.1231,50.2089,230.4337,0.218,0.0827,2.4182,31.2671,230.7793,0.1353,0.0763,1.7996,34.4763,231.4731,0.1487,0.0517
2016-03-21T02:50:59.221Z,3.796,50.3945,230.1663,0.2188,0.0752,2.4201,32.8297,230.798,0.1424,0.0765,1.8877,35.3963,231.1352,0.153,0.0559
2016-03-21T02:51:59.446Z,3.3405,49.8039,230.3337,0.2163,0.0667,2.7327,34.258,230.6717,0.1482,0.0832,2.187,34.0761,231.1177,0.1475,0.0678
2016-03-21T02:52:59.756Z,3.2827,50.3267,230.7581,0.2182,0.0648,2.6802,34.4265,230.6524,0.149,0.0801,1.8301,33.4784,231.3447,0.1447,0.0591
2016-03-21T02:53:59.995Z,4.2331,51.6533,230.6322,0.224,0.0818,2.6665,34.6896,229.9289,0.1511,0.0732,1.5604,34.4946,231.5964,0.1493,0.0502
2016-03-21T02:54:59.247Z,4.5148,50.1866,230.9017,0.2172,0.0886,2.4353,34.0876,229.6517,0.1481,0.0749,2.2003,34.7769,231.2582,0.1501,0.0661
2016-03-21T02:55:59.598Z,3.7983,50.6947,230.5188,0.2204,0.0752,2.4777,31.6252,229.7751,0.1379,0.0805,1.9959,34.8997,231.2355,0.151,0.0639
2016-03-21T02:56:59.910Z,3.7227,51.6088,230.9004,0.2236,0.0724,2.412,34.9413,230.2795,0.152,0.0767,83.3459,121.1033,231.3959,0.5246,0.369
2016-03-21T02:57:59.220Z,874.2862,1297.0425,229.3743,5.6566,0.6415,913.4683,1362.4948,228.8483,5.9561,0.6383,1414.7512,2017.7948,228.7271,8.8227,0.7108
2016-03-21T02:58:59.510Z,1016.0726,1441.4588,229.5628,6.2788,0.7049,1059.1818,1517.5721,228.8633,6.6306,0.6977,1527.2094,2109.8953,228.8228,9.2206,0.7241
2016-03-21T02:59:59.748Z,1006.0855,1425.2782,229.4684,6.2109,0.7062,1057.4948,1522.3349,228.9357,6.6488,0.6949,1504.6279,2089.039,228.7231,9.1334,0.7201
