2016-01-02T00:00:59.945Z,1015.6758,1425.9445,227.8924,6.2566,0.7124,1077.8962,1519.7013,229.264,6.6281,0.7088,1519.5611,2064.2553,228.5895,9.0302,0.7359
2016-01-02T00:01:59.080Z,987.1003,1403.7869,227.8198,6.1617,0.703,1062.4785,1506.1822,229.6522,6.5585,0.7056,1502.382,2055.4624,228.7643,8.9849,0.7306
2016-01-02T00:02:59.339Z,1011.6134,1428.3929,228.014,6.2639,0.7078,1089.5417,1518.9909,228.88,6.636,0.7177,1546.4704,2091.952,228.9728,9.1354,0.739
2016-01-02T00:03:59.908Z,1037.7441,1473.3302,228.3587,6.4514,0.7043,1089.2623,1494.3731,226.4829,6.5982,0.7292,1610.7542,2128.8846,229.5118,9.2751,0.7577
2016-01-02T00:04:59.247Z,1019.1693,1438.7262,227.6109,6.3201,0.7089,1093.072,1510.5024,227.8709,6.6287,0.7237,1568.3776,2105.1867,229.4322,9.1751,0.7449
2016-01-02T00:05:59.346Z,1002.1391,1416.4334,227.3563,6.23,0.7072,1068.8217,1495.0428,228.1201,6.5532,0.7148,1530.9873,2067.3681,229.0482,9.0247,0.7403
2016-01-02T00:06:59.726Z,1030.3881,1451.3701,227.483,6.3793,0.7093,1076.4831,1490.4633,227.2584,6.5576,0.7227,1573.7826,2089.0692,228.7763,9.131,0.7538
2016-01-02T00:07:59.108Z,1046.4318,1472.0141,227.4564,6.4709,0.7106,1114.2969,1526.8505,228.7375,6.675,0.7295,1606.1207,2139.2657,229.7365,9.3118,0.7503
2016-01-02T00:08:59.441Z,1047.7412,1476.3206,228.9968,6.4469,0.7098,1096.6691,1531.1633,228.7987,6.6927,0.716,1580.9568,2113.0376,229.4002,9.2102,0.7482
2016-01-02T00:09:59.677Z,1016.2147,1442.3856,228.97,6.2993,0.7046,1080.611,1527.2314,229.5263,6.6541,0.7074,1538.5641,2088.5399,229.7277,9.091,0.7369
2016-01-02T00:10:59.934Z,1041.0376,1461.0067,228.983,6.3804,0.7124,1093.3794,1540.9891,229.4691,6.7154,0.7097,1551.1322,2092.2336,229.4026,9.1198,0.7416
2016-01-02T00:11:59.300Z,1079.0204,1502.5713,228.9201,6.5633,0.7184,1115.0533,1555.9749,229.3217,6.7848,0.7166,1596.678,2126.3738,229.594,9.2611,0.75
2016-01-02T00:12:59.364Z,1071.8371,1489.8024,229.0488,6.5037,0.7194,1117.6411,1562.3336,229.4758,6.8081,0.7156,1580.4643,2115.4282,229.3877,9.2222,0.7478
2016-01-02T00:13:59.582Z,1039.5997,1466.7392,229.1891,6.4,0.7088,1076.9275,1526.2952,229.2055,6.6582,0.7055,1551.4408,2085.4283,229.4778,9.0872,0.7439
2016-01-02T00:14:59.869Z,1055.7838,1485.9979,229.2148,6.4822,0.7103,1076.4344,1517.506,228.2714,6.6478,0.7096,1574.1037,2093.2234,229.3489,9.1268,0.7524
2016-01-02T00:15:59.295Z,1091.3403,1525.8463,229.2956,6.654,0.7152,1101.2673,1526.8961,227.4048,6.7139,0.721,1628.628,2132.0127,229.3101,9.2974,0.7626
2016-01-02T00:16:59.989Z,1087.2367,1537.9679,229.0625,6.7138,0.7068,1086.4465,1501.6755,226.7986,6.621,0.7235,1649.4569,2146.5195,229.9654,9.3336,0.7688
2016-01-02T00:17:59.639Z,1070.116,1518.9664,230.408,6.5925,0.7045,1056.0251,1517.2724,228.4544,6.6415,0.6962,1574.4061,2088.9072,230.1485,9.0758,0.7529
2016-01-02T00:18:59.858Z,1072.4384,1517.8006,230.2886,6.59,0.7066,1065.4003,1522.0932,228.3462,6.6651,0.6998,1582.1637,2099.3597,230.3174,9.1154,0.7524
2016-01-02T00:19:59.080Z,1111.89,1545.4133,230.3548,6.7086,0.7195,1111.1166,1566.1908,228.8363,6.8441,0.7089,1612.3468,2129.4206,230.1709,9.251,0.7581
2016-01-02T00:20:59.992Z,1115.8513,1553.5327,230.1958,6.7482,0.7184,1110.5005,1564.0692,229.0218,6.8292,0.7098,1621.8812,2135.4824,230.1029,9.2809,0.7598
2016-01-02T00:21:59.353Z,1088.5764,1530.5424,230.4065,6.6427,0.7112,1071.559,1539.1003,228.9135,6.7236,0.6962,1579.0378,2095.9402,230.5281,9.0918,0.7527
2016-01-02T00:22:59.648Z,1093.862,1523.2039,230.9174,6.5961,0.7187,1083.4426,1560.0597,228.9574,6.8134,0.6941,1558.1802,2078.6392,229.9976,9.0374,0.7494
2016-01-02T00:23:59.083Z,1128.7173,1553.508,230.7232,6.733,0.727,1120.8676,1586.7586,228.9808,6.9292,0.7064,1600.5347,2113.9476,229.8344,9.1974,0.7577
2016-01-02T00:24:59.336Z,1136.9107,1559.0101,230.501,6.7638,0.7296,1131.2268,1586.4297,228.449,6.9441,0.7129,1616.5039,2125.0712,229.4967,9.2596,0.7602
2016-01-02T00:25:59.223Z,253.3158,421.3192,231.5315,1.8248,0.1976,247.8853,411.2273,229.5695,1.7988,0.1889,450.1111,591.6914,231.6275,2.5699,0.7655
2016-01-02T00:26:59.738Z,379.5651,738.2087,230.6382,3.2071,0.341,400.1882,773.0641,229.5225,3.3759,0.341,495.2093,909.3822,230.6092,3.9509,0.6213
2016-01-02T00:27:59.022Z,4.0211,92.484,231.7826,0.3985,0.0437,3.5406,83.1829,230.5998,0.361,0.0445,188.2749,233.5055,232.1272,1.0066,0.7836
2016-01-02T00:28:59.637Z,685.3532,984.7293,231.4822,4.2699,0.4549,720.69,1057.1508,230.0386,4.6067,0.4512,1220.8588,1585.584,231.5732,6.8585,0.7989
2016-01-02T00:29:59.805Z,1185.5492,1612.6682,230.5179,6.9957,0.7356,1215.9459,1656.6699,229.3494,7.2232,0.7336,1702.3503,2238.9118,230.4511,9.7156,0.7601
2016-01-02T00:30:59.517Z,1168.7026,1604.9143,230.8789,6.9517,0.7282,1173.4502,1627.3152,228.9738,7.1067,0.7216,1672.9831,2200.7374,230.3079,9.5548,0.7602
2016-01-02T00:31:59.202Z,1134.0475,1559.86,231.6284,6.7345,0.7264,1096.4746,1589.5062,229.4539,6.928,0.6896,1567.6121,2081.988,228.5518,9.1091,0.7525
2016-01-02T00:32:59.575Z,1050.6151,1500.458,230.9254,6.4971,0.7,1065.2778,1532.3357,229.3466,6.6811,0.6959,1557.5752,2100.9158,230.6967,9.1069,0.741
2016-01-02T00:33:59.118Z,1039.2502,1488.3084,231.0328,6.4418,0.6983,1060.6479,1529.2527,229.5381,6.6621,0.6931,1544.4867,2092.6138,230.6281,9.0734,0.7388
2016-01-02T00:34:59.587Z,1048.879,1491.3361,230.8903,6.4592,0.703,1056.7158,1526.5313,229.016,6.6657,0.6924,1538.7924,2078.3393,230.278,9.0251,0.7399
2016-01-02T00:35:59.295Z,1062.7731,1516.7142,230.4379,6.5816,0.7002,1068.735,1503.3611,227.1524,6.6174,0.7114,1601.6157,2117.7871,230.2527,9.1974,0.7567
2016-01-02T00:36:59.545Z,1041.7925,1509.5898,229.6766,6.5731,0.6904,1049.7849,1455.7845,225.0821,6.4675,0.7217,1625.8788,2129.9598,230.6448,9.2352,0.7627
2016-01-02T00:37:59.889Z,1071.6937,1491.1102,229.4304,6.4997,0.719,1111.2293,1555.2037,228.8398,6.795,0.7148,1571.9207,2106.6596,229.5463,9.1772,0.7466
2016-01-02T00:38:59.207Z,1073.2993,1489.0931,230.5012,6.4601,0.7208,1112.4336,1582.2371,230.1719,6.8734,0.7027,1545.437,2094.8081,229.787,9.116,0.739
2016-01-02T00:39:59.567Z,1082.5293,1498.3416,230.1124,6.5114,0.7224,1118.9352,1580.0124,229.7562,6.8771,0.7083,1562.7894,2104.9103,229.5842,9.1684,0.7426
2016-01-02T00:40:59.746Z,1080.6978,1509.5031,229.972,6.564,0.7156,1094.6802,1551.3253,229.241,6.7668,0.7057,1573.9429,2102.2894,229.726,9.151,0.7496
2016-01-02T00:41:59.526Z,1071.9817,1507.1548,229.9879,6.5529,0.7111,1082.9085,1539.894,229.232,6.7176,0.7035,1572.7052,2098.846,229.9402,9.1275,0.7497
2016-01-02T00:42:59.922Z,1082.2561,1513.5477,229.9214,6.5828,0.7154,1110.6618,1563.6472,229.4146,6.8157,0.7109,1589.1801,2125.5202,230.2556,9.2307,0.7483
2016-01-02T00:43:59.282Z,1079.3265,1501.8788,230.0394,6.5289,0.7191,1117.8909,1578.4725,229.4755,6.8783,0.7087,1571.3525,2114.6264,230.1822,9.1861,0.7422
2016-01-02T00:44:59.730Z,1067.1734,1482.1709,229.785,6.4501,0.7201,1114.7328,1566.8742,229.0002,6.8423,0.7111,1559.5939,2100.0947,229.6651,9.1438,0.7416
2016-01-02T00:45:59.991Z,1091.3457,1495.644,229.8024,6.5083,0.7293,1141.0087,1592.7244,229.1693,6.95,0.7157,1573.457,2109.7573,229.3023,9.2007,0.7458
2016-01-02T00:46:59.450Z,1092.7506,1493.3569,229.5504,6.5052,0.7318,1141.7912,1595.8536,229.422,6.9558,0.7158,1568.4257,2107.0455,229.181,9.1931,0.7444
2016-01-02T00:47:59.054Z,1082.7798,1485.4547,229.5719,6.4701,0.7296,1123.9348,1582.4515,229.3904,6.8987,0.7107,1552.0582,2088.8382,229.114,9.117,0.7426
2016-01-02T00:48:59.692Z,1096.9601,1514.0781,230.1743,6.5771,0.7248,1136.6241,1597.9758,229.6578,6.9581,0.7112,1581.0427,2126.3359,230.5586,9.2223,0.7434
2016-01-02T00:49:59.949Z,1093.504,1511.5769,229.9494,6.5737,0.7237,1147.2861,1600.0453,229.7882,6.9631,0.7168,1592.3393,2140.7604,230.6623,9.2807,0.7442
2016-01-02T00:50:59.528Z,1075.096,1499.1338,229.7504,6.5254,0.7181,1121.6484,1570.2361,229.3884,6.8453,0.7147,1581.4319,2125.3461,230.5391,9.2181,0.743
2016-01-02T00:51:59.407Z,1070.8032,1498.7817,229.812,6.5219,0.7139,1120.5713,1564.8777,229.4929,6.8183,0.716,1586.8573,2132.747,230.5688,9.2501,0.7436
2016-01-02T00:52:59.787Z,1079.218,1508.733,229.9031,6.5619,0.7154,1109.8369,1559.2691,229.3721,6.7978,0.712,1586.6272,2124.1024,230.4316,9.218,0.7482
2016-01-02T00:54:59.562Z,1081.0096,1501.0427,229.8542,6.53,0.7202,1121.2958,1571.7992,229.5349,6.8475,0.7135,1581.5237,2118.1897,229.7562,9.2183,0.7469
2016-01-02T00:55:59.937Z,1097.0178,1510.0443,229.9472,6.5662,0.7267,1115.3642,1571.2943,228.8144,6.8668,0.71,1578.3633,2097.8557,228.9589,9.1622,0.7538
2016-01-02T00:56:59.710Z,1127.2502,1538.1231,230.7491,6.6653,0.7327,1097.6707,1566.033,227.9757,6.8692,0.7007,1573.0692,2065.9397,228.0216,9.0598,0.7609
2016-01-02T00:57:59.052Z,1129.2366,1541.549,230.8154,6.6782,0.7325,1091.0617,1556.6466,227.4301,6.8448,0.7006,1574.7517,2063.6815,227.9275,9.0536,0.7618
2016-01-02T00:58:59.813Z,1117.376,1534.299,230.9606,6.6429,0.7287,1114.1177,1586.6822,229.3997,6.9161,0.7023,1576.7804,2095.5528,229.099,9.1467,0.7519
2016-01-02T00:59:59.154Z,1145.5064,1561.8631,231.4848,6.7466,0.7329,1141.8879,1614.2672,229.6881,7.0281,0.7073,1604.8319,2123.1964,229.2875,9.2597,0.756
2016-01-02T01:00:59.468Z,1116.5693,1536.3888,231.1584,6.6466,0.7267,1111.8576,1581.646,229.1787,6.9012,0.703,1582.5803,2100.5176,229.0946,9.1686,0.7524
2016-01-02T01:01:59.780Z,1104.4331,1520.184,230.4851,6.5952,0.7264,1126.4919,1583.9658,229.0064,6.9162,0.7106,1589.4738,2112.0914,229.0998,9.219,0.7517
2016-01-02T01:02:59.000Z,1133.922,1545.2203,230.5341,6.7023,0.7337,1159.7257,1613.3307,229.1752,7.0389,0.7182,1619.4486,2142.0278,229.2365,9.3443,0.7573
2016-01-02T01:03:59.696Z,1110.3319,1526.6774,230.7102,6.6171,0.7274,1129.864,1593.8304,229.3453,6.949,0.7089,1587.6464,2113.5598,229.2164,9.2202,0.7509
2016-01-02T01:04:59.064Z,1113.026,1525.7297,230.5131,6.6184,0.7295,1121.2868,1578.8768,228.5122,6.9099,0.71,1588.0757,2102.1639,228.6169,9.195,0.7558
2016-01-02T01:05:59.349Z,1150.2819,1552.159,230.9342,6.7209,0.7412,1160.8244,1618.3798,228.7168,7.0754,0.7174,1615.5766,2127.608,228.2678,9.3206,0.7608
2016-01-02T01:06:59.758Z,1135.2604,1544.1712,231.1636,6.68,0.7356,1125.3912,1590.4532,228.1561,6.9708,0.7078,1592.7094,2092.1629,227.8413,9.1821,0.7612
2016-01-02T01:07:59.990Z,1127.7938,1541.7108,231.4996,6.6596,0.7311,1117.2079,1591.0099,228.6397,6.9586,0.7019,1582.8588,2091.0371,228.4013,9.1544,0.758
2016-01-02T01:08:59.369Z,1149.7852,1561.7363,231.5552,6.7438,0.7364,1163.201,1636.6496,229.856,7.1193,0.7109,1611.9702,2138.962,229.2134,9.3315,0.7529
2016-01-02T01:09:59.861Z,1118.2343,1536.9478,231.2489,6.6457,0.7271,1147.7586,1621.4996,230.3802,7.0381,0.7076,1594.5192,2134.6481,229.6836,9.2933,0.7484
2016-01-02T01:10:59.838Z,1081.1884,1513.1701,230.194,6.5728,0.7142,1140.3142,1589.3751,230.4808,6.8957,0.7178,1611.0362,2164.851,230.7162,9.3827,0.7441
2016-01-02T01:11:59.326Z,1112.443,1539.1071,229.3973,6.709,0.7222,1172.5041,1607.9837,230.1178,6.9873,0.7293,1653.953,2200.5024,231.019,9.5247,0.7518
2016-01-02T01:12:59.706Z,1104.3251,1530.1829,229.5848,6.6646,0.7216,1157.946,1602.574,230.369,6.9564,0.7226,1629.3213,2176.5459,230.867,9.4267,0.7492
2016-01-02T01:13:59.154Z,1091.4437,1524.2663,230.428,6.6148,0.7163,1132.9345,1588.1528,230.1357,6.9003,0.7134,1610.7873,2157.7643,231.0543,9.3384,0.7472
2016-01-02T01:14:59.691Z,1093.1056,1516.628,230.037,6.593,0.7208,1142.6664,1588.3086,229.57,6.9183,0.7193,1610.8623,2149.9876,230.2083,9.3389,0.7497
2016-01-02T01:15:59.929Z,39.1857,156.4123,231.3691,0.6773,0.058,41.4285,147.9843,230.9198,0.6421,0.0608,165.6236,229.8052,232.7619,0.9897,0.7288
2016-01-02T01:16:59.321Z,418.8724,888.1724,230.0104,3.8649,0.3847,479.7824,964.9826,230.1716,4.1963,0.4007,527.2003,1070.769,230.9471,4.6415,0.5399
2016-01-02T01:17:59.572Z,4.6386,107.9709,231.1186,0.4677,0.0418,4.2257,95.9489,231.3751,0.4144,0.0435,200.4708,253.7151,231.8463,1.0951,0.7562
2016-01-02T01:18:59.768Z,688.8098,1010.884,231.1899,4.3746,0.4689,736.2495,1103.6014,230.5595,4.8001,0.473,1214.9534,1613.0552,230.9563,6.9853,0.7835
2016-01-02T01:19:59.141Z,1142.7231,1560.8417,230.5336,6.7707,0.7316,1196.7274,1652.5901,230.3443,7.174,0.7239,1645.8491,2199.7091,230.7947,9.5305,0.749
2016-01-02T01:20:59.695Z,1195.9574,1603.9823,229.7565,6.9811,0.7458,1259.7655,1699.3701,230.3341,7.3773,0.7411,1708.5681,2256.3444,230.7457,9.7776,0.7576
2016-01-02T01:21:59.036Z,1138.7619,1547.2598,229.3634,6.7458,0.7362,1203.6276,1644.0628,229.9877,7.1481,0.7325,1649.8547,2195.8391,230.0858,9.5432,0.7514
2016-01-02T01:22:59.500Z,1079.7992,1491.6947,229.4672,6.5003,0.7238,1145.247,1594.7556,229.7209,6.9417,0.7187,1582.8922,2136.4986,229.9889,9.289,0.7407
2016-01-02T01:23:59.833Z,1076.659,1494.056,230.3068,6.487,0.7207,1116.4914,1581.5819,229.7556,6.8839,0.7058,1556.911,2102.5579,229.8399,9.1479,0.7404
2016-01-02T01:24:59.238Z,1072.6587,1485.5444,229.7469,6.466,0.7221,1115.4424,1571.0663,229.161,6.8549,0.7102,1558.152,2098.049,229.5703,9.1384,0.7427
2016-01-02T01:25:59.578Z,1095.1104,1507.6382,229.3553,6.5732,0.7268,1153.0011,1593.8696,229.1511,6.9548,0.7231,1605.9069,2146.7104,230.0734,9.3302,0.7483
2016-01-02T01:26:59.873Z,1080.7079,1504.5667,228.7648,6.5766,0.7183,1135.435,1564.1082,228.5392,6.8436,0.7261,1616.3446,2152.9069,230.3494,9.3458,0.7501
2016-01-02T01:27:59.269Z,1061.9263,1491.1571,228.9703,6.5117,0.7119,1101.4003,1536.9011,228.3603,6.7297,0.7169,1585.6835,2119.3403,230.3588,9.2,0.7489
2016-01-02T01:28:59.093Z,1070.3175,1498.2637,229.4038,6.5313,0.714,1115.3661,1559.1135,228.9664,6.809,0.7156,1589.6716,2130.6694,230.5661,9.2409,0.7457
2016-01-02T01:29:59.425Z,1066.7152,1494.5777,230.2749,6.49,0.7136,1118.5681,1578.4574,229.7053,6.8719,0.7084,1570.0631,2124.7447,230.7507,9.2072,0.7398
2016-01-02T01:30:59.748Z,1073.0687,1508.6132,230.4367,6.5467,0.7116,1102.3916,1562.1681,229.5299,6.8057,0.706,1579.1038,2121.1839,230.4434,9.2044,0.7436
2016-01-02T01:31:59.084Z,1082.9388,1515.3679,230.4519,6.5753,0.7148,1115.339,1568.6925,229.3638,6.8388,0.7112,1589.1692,2130.9947,230.3269,9.2518,0.7461
2016-01-02T01:32:59.690Z,1069.2061,1501.9,230.3551,6.5199,0.7117,1104.5278,1562.2101,229.4876,6.8069,0.7071,1569.75,2116.2314,230.4587,9.1822,0.7408
2016-01-02T01:33:59.063Z,1079.1702,1509.5879,230.1176,6.5606,0.7153,1119.1928,1571.1674,229.4196,6.8476,0.712,1588.5707,2132.9547,230.4342,9.256,0.7439
2016-01-02T01:34:59.634Z,1070.8778,1499.1936,229.8756,6.5218,0.7139,1122.2143,1563.8504,229.2433,6.8218,0.7174,1594.509,2134.7336,229.8932,9.2854,0.7474
2016-01-02T01:35:59.901Z,1076.9991,1498.3056,229.871,6.5174,0.7192,1125.2578,1568.2266,228.94,6.8502,0.7178,1588.3698,2125.2488,229.6389,9.254,0.7484
2016-01-02T01:36:59.274Z,1064.4688,1488.5615,228.9596,6.501,0.7149,1132.4646,1552.8475,228.4278,6.7981,0.7294,1611.6428,2150.7898,230.1667,9.344,0.7491
2016-01-02T01:37:59.491Z,1063.4522,1482.7869,228.7592,6.482,0.717,1135.6361,1554.7308,228.0018,6.818,0.7301,1611.6283,2151.7539,230.2012,9.3468,0.7498
2016-01-02T01:38:59.192Z,1071.2345,1493.9792,229.4925,6.5092,0.7175,1135.1835,1563.5172,228.3074,6.8483,0.7262,1605.8125,2147.5417,230.2009,9.3286,0.7477
2016-01-02T01:39:59.654Z,1080.2971,1502.9788,230.2703,6.5269,0.719,1139.0444,1581.4227,228.9453,6.9071,0.7205,1598.4998,2143.2851,230.2477,9.3081,0.7463
2016-01-02T01:40:59.287Z,1090.6584,1519.3667,230.1202,6.6019,0.7181,1124.3564,1564.9422,228.4264,6.851,0.7185,1608.073,2140.6745,230.3718,9.2917,0.7502
2016-01-02T01:41:59.618Z,1096.5783,1526.4464,229.9249,6.6384,0.7183,1121.8871,1565.1559,228.5991,6.8464,0.7168,1611.2477,2140.297,230.5943,9.2813,0.7519
2016-01-02T01:42:59.858Z,1083.8187,1518.1689,230.0277,6.6003,0.7136,1132.506,1572.42,229.2311,6.8591,0.7204,1615.9179,2160.1092,230.9752,9.3516,0.7492
2016-01-02T01:43:59.649Z,1080.0011,1512.3302,229.6971,6.5837,0.7146,1137.5328,1573.7983,229.4617,6.8583,0.7224,1619.9148,2169.0422,231.0957,9.3858,0.7486
2016-01-02T01:44:59.117Z,1088.3702,1509.8976,229.4385,6.5806,0.7211,1144.9068,1581.3283,229.3244,6.895,0.7237,1612.0927,2153.529,230.3802,9.3475,0.749
2016-01-02T01:45:59.425Z,1088.7119,1500.9096,229.1263,6.55,0.725,1152.6529,1588.3716,229.3156,6.9262,0.7256,1606.6614,2146.9689,229.8809,9.3391,0.7498
2016-01-02T01:46:59.023Z,1091.1248,1485.7637,228.4029,6.5052,0.7342,1168.6107,1601.8236,229.7816,6.9709,0.7297,1597.3885,2139.4765,229.0149,9.3421,0.7474
2016-01-02T01:47:59.375Z,1082.7121,1479.015,228.1103,6.4836,0.7313,1172.9516,1597.5063,229.8676,6.9497,0.734,1605.2741,2150.3749,229.0354,9.3879,0.7478
2016-01-02T01:48:59.229Z,1087.2106,1486.8047,228.5492,6.5053,0.7311,1170.0772,1597.9359,229.8134,6.9524,0.732,1605.4224,2152.5094,229.4104,9.383,0.7469
2016-01-02T01:49:59.518Z,1086.6529,1506.8188,229.5213,6.5649,0.7208,1160.782,1596.1371,230.0921,6.9364,0.7273,1617.0098,2172.3801,230.9477,9.4059,0.7443
2016-01-02T01:50:59.819Z,1083.9757,1517.7641,229.6856,6.6077,0.7146,1141.816,1575.9982,229.5258,6.8663,0.7249,1628.0877,2176.3903,231.3397,9.4078,0.7491
2016-01-02T01:51:59.086Z,1094.3515,1534.9959,230.4264,6.6608,0.7127,1130.5559,1571.112,229.1983,6.8547,0.7197,1633.1238,2173.1125,231.61,9.3824,0.7505
2016-01-02T01:52:59.308Z,1089.1542,1530.9729,230.1672,6.6511,0.7113,1137.5624,1579.3002,229.4906,6.8813,0.72,1630.3442,2180.3888,232.0041,9.3977,0.7474
2016-01-02T01:53:59.595Z,1077.5242,1511.1164,230.2101,6.5637,0.7129,1152.6007,1594.8564,230.2509,6.9266,0.7229,1617.3944,2181.6504,231.9601,9.4049,0.7407
2016-01-02T01:54:59.302Z,1085.9443,1522.6624,230.1866,6.6145,0.7137,1147.9901,1587.7464,229.7516,6.9102,0.7228,1628.1985,2184.5838,232.1933,9.4078,0.7451
2016-01-02T01:55:59.689Z,1093.7876,1522.6609,230.4101,6.6081,0.718,1138.979,1583.1293,229.4103,6.9001,0.7199,1616.4857,2158.1124,231.1402,9.3363,0.7486
2016-01-02T01:56:59.131Z,1116.7432,1536.6538,230.775,6.6581,0.7269,1138.0245,1587.7952,228.7475,6.9409,0.716,1614.8486,2140.8614,230.1483,9.3012,0.7552
2016-01-02T01:57:59.233Z,1110.627,1529.8093,230.5967,6.6339,0.726,1130.6754,1576.7001,228.2459,6.9076,0.7171,1606.6214,2125.5962,229.7732,9.2503,0.7564
2016-01-02T01:58:59.485Z,1112.1201,1530.0707,230.5192,6.6372,0.7263,1146.3658,1590.9631,228.6429,6.9583,0.7202,1617.9692,2149.9082,230.318,9.3342,0.7521
2016-01-02T01:59:59.804Z,1093.6003,1521.5957,230.657,6.597,0.7187,1139.4169,1592.4989,230.0697,6.9213,0.716,1607.509,2156.7627,230.9477,9.3386,0.7449
