2016-01-10T00:00:59.810Z,4.4388,119.0064,228.2589,0.5205,0.0373,4.2198,106.7007,230.8175,0.4618,0.0396,3.2345,103.6595,232.1621,0.4466,0.0308
2016-01-10T00:01:59.705Z,5.365,118.9868,228.3023,0.521,0.0451,3.4874,104.4261,230.8168,0.4526,0.0314,3.325,106.0517,232.2066,0.4568,0.0311
2016-01-10T00:02:59.121Z,3.6611,117.9854,228.7282,0.516,0.0314,2.8458,101.232,231.6472,0.4366,0.0313,3.7651,102.9931,232.9691,0.4416,0.0383
2016-01-10T00:03:59.676Z,4.804,119.425,228.6167,0.5221,0.0407,3.4722,101.3337,231.1863,0.4379,0.0359,3.1142,106.0349,232.8597,0.4548,0.0302
2016-01-10T00:04:59.835Z,5.2664,120.6496,228.7524,0.5273,0.0446,4.1665,103.5122,231.3201,0.4475,0.0393,3.3488,104.6518,233.0648,0.4492,0.0308
2016-01-10T00:05:59.219Z,5.8529,121.1336,228.4969,0.5302,0.049,3.8547,104.3592,231.1483,0.4521,0.037,3.3014,104.0711,233.0111,0.4464,0.0321
2016-01-10T00:06:59.050Z,4.8532,119.8827,227.8805,0.5257,0.0408,4.262,106.9395,231.1962,0.4621,0.0398,2.9357,102.9553,233.1325,0.4411,0.0284
2016-01-10T00:07:59.213Z,4.6431,119.156,228.1326,0.5226,0.0396,3.9184,96.3325,230.7793,0.417,0.0443,3.2347,104.8802,233.3516,0.4497,0.0315
2016-01-10T00:08:59.793Z,5.1769,118.5614,227.9696,0.5193,0.0451,3.6377,106.1611,230.7876,0.4595,0.0368,2.9768,103.4707,232.5063,0.4449,0.0289
2016-01-10T00:09:59.373Z,5.9263,119.1571,227.7013,0.5225,0.0501,3.3792,105.449,230.58,0.4578,0.031,3.0842,102.0593,232.5451,0.4388,0.0301
2016-01-10T00:10:59.746Z,4.6456,118.0243,227.4888,0.518,0.0395,2.9616,106.3482,230.287,0.4615,0.0271,4.1502,102.8105,232.0684,0.4431,0.0389
2016-01-10T00:11:59.096Z,5.515,122.3922,227.647,0.5377,0.0453,3.1119,104.7117,230.4053,0.4539,0.0323,4.0928,103.2394,232.4573,0.4443,0.0397
2016-01-10T00:12:59.512Z,3.8297,117.0872,227.9083,0.513,0.0313,4.5025,102.9781,231.0492,0.4453,0.0453,2.322,100.3186,232.7401,0.4302,0.0223
2016-01-10T00:13:59.016Z,4.6001,122.1423,227.6849,0.5354,0.0371,3.8414,103.8156,231.0108,0.4497,0.0356,3.9331,104.7761,232.5571,0.451,0.0377
2016-01-10T00:14:59.685Z,4.9043,121.3743,228.0593,0.5318,0.0423,3.4571,102.5774,231.3141,0.4434,0.034,3.8076,105.419,232.0946,0.4541,0.0346
2016-01-10T00:15:59.206Z,5.7996,122.2886,227.6558,0.5376,0.049,4.3843,104.8329,231.4,0.4529,0.0422,2.8832,103.6509,232.3399,0.4461,0.028
2016-01-10T00:16:59.803Z,3.5738,118.7535,227.5179,0.5212,0.0291,3.9436,103.2315,230.9867,0.4472,0.0373,3.5204,102.5882,232.4357,0.4416,0.0359
2016-01-10T00:17:59.116Z,4.6541,117.662,227.6544,0.516,0.0394,3.7416,103.2724,231.0512,0.4472,0.0379,2.8476,106.2252,232.3792,0.4571,0.0286
2016-01-10T00:18:59.003Z,4.4465,117.3054,227.8554,0.5145,0.0377,4.2945,106.7066,230.9148,0.4623,0.039,2.9098,100.8905,231.6831,0.4353,0.0286
2016-01-10T00:19:59.395Z,3.3152,120.9035,228.0892,0.5299,0.0285,4.1538,105.8867,230.2311,0.4601,0.0393,3.7425,101.4546,232.471,0.4363,0.0371
2016-01-10T00:20:59.005Z,3.0114,117.454,227.3016,0.5166,0.0251,3.4624,103.034,229.7576,0.4493,0.0334,2.932,104.7244,231.753,0.4518,0.0292
2016-01-10T00:21:59.711Z,4.503,119.0979,227.9063,0.5223,0.0382,3.0817,105.9208,230.1992,0.4601,0.0304,3.4893,103.4254,231.7268,0.4465,0.0318
2016-01-10T00:22:59.911Z,3.5748,118.7262,228.0734,0.5203,0.0296,4.3258,101.8339,231.1079,0.4402,0.0454,3.8951,103.1149,232.5816,0.4437,0.0414
2016-01-10T00:23:59.223Z,4.1091,120.2322,228.2276,0.5266,0.033,4.023,104.1917,231.1766,0.4503,0.0381,2.9613,104.6317,232.9263,0.4492,0.027
2016-01-10T00:24:59.386Z,3.9037,121.729,228.9027,0.5313,0.0311,4.8115,107.0578,231.2051,0.463,0.0453,2.9029,102.747,232.9028,0.4409,0.0273
2016-01-10T00:25:59.852Z,4.402,121.4191,229.0873,0.5299,0.036,4.0122,102.9432,230.622,0.4465,0.0388,3.3071,105.5825,233.3005,0.4527,0.0337
2016-01-10T00:26:59.395Z,3.8116,119.659,230.0016,0.5197,0.0313,4.0092,97.6271,228.4568,0.4274,0.0441,3.328,104.0408,233.9816,0.4446,0.0337
2016-01-10T00:27:59.021Z,4.4948,119.7492,229.2504,0.5222,0.0381,3.2542,104.2713,231.574,0.4509,0.0323,3.449,104.3456,233.0156,0.4476,0.0327
2016-01-10T00:28:59.450Z,4.9399,120.8784,229.366,0.5264,0.041,3.7015,105.7513,231.543,0.4566,0.0353,3.8409,103.5084,232.7742,0.4445,0.0357
2016-01-10T00:29:59.375Z,4.4899,121.0937,229.52,0.5273,0.037,4.0554,104.9733,231.4988,0.4534,0.0408,3.1224,105.4743,232.9929,0.4529,0.0288
2016-01-10T00:30:59.444Z,3.8771,120.4754,228.917,0.526,0.0325,4.0325,102.3062,231.0974,0.4427,0.0404,3.8496,105.8089,232.7234,0.4545,0.037
2016-01-10T00:31:59.815Z,4.3889,120.7967,229.1742,0.5269,0.037,3.6755,103.7202,231.2786,0.4484,0.0355,4.4736,105.722,233.0938,0.4536,0.0421
2016-01-10T00:32:59.487Z,4.4373,120.5835,229.3782,0.5255,0.0374,4.7131,104.242,232.1724,0.4491,0.0468,3.3244,102.5599,233.5875,0.4387,0.0345
2016-01-10T00:33:59.702Z,4.0393,120.4967,229.6535,0.5244,0.0345,4.3981,104.2903,231.8125,0.4498,0.0443,3.4121,102.2647,232.9114,0.439,0.0334
2016-01-10T00:34:59.507Z,3.9302,120.8246,229.6721,0.5257,0.0331,3.6957,106.9353,231.203,0.4629,0.0362,2.7871,105.6684,233.0316,0.4533,0.0262
2016-01-10T00:35:59.440Z,4.7942,123.1952,229.494,0.5365,0.0387,3.23,103.9534,231.4458,0.4489,0.0323,2.9885,101.6967,233.1533,0.4356,0.0301
2016-01-10T00:36:59.798Z,3.9025,119.0686,229.7437,0.518,0.0324,3.9713,104.4798,231.6591,0.451,0.0415,2.818,101.9143,233.2101,0.4369,0.0284
2016-01-10T00:37:59.064Z,5.177,118.7161,229.6648,0.5169,0.0429,3.7806,101.805,231.8509,0.4389,0.037,3.4228,100.5161,233.4,0.4306,0.0324
2016-01-10T00:38:59.400Z,4.4362,121.1487,229.9625,0.5268,0.0375,3.7921,104.8592,231.5567,0.4534,0.036,3.9704,105.2989,233.4826,0.4505,0.0366
2016-01-10T00:39:59.169Z,3.1551,124.4667,229.5696,0.5413,0.025,4.8464,101.5781,231.1013,0.4393,0.0466,2.8603,103.0957,233.1683,0.4426,0.0274
2016-01-10T00:40:59.335Z,5.5015,121.1268,229.3647,0.5274,0.0447,3.5495,100.3118,231.0712,0.4347,0.0343,2.24,104.4868,233.0701,0.4484,0.0224
2016-01-10T00:41:59.700Z,5.5577,118.8347,229.2286,0.5174,0.0467,4.0341,103.6975,230.5574,0.4495,0.0409,3.7523,101.5016,232.7291,0.4364,0.0378
2016-01-10T00:42:59.171Z,3.13,121.9193,229.7543,0.5304,0.0254,3.7912,105.0793,231.532,0.4537,0.0363,3.438,105.6018,233.4036,0.4519,0.0307
2016-01-10T00:43:59.316Z,4.0976,122.1642,230.2816,0.5298,0.0337,4.063,105.2253,231.5574,0.4545,0.041,3.143,102.3035,233.9829,0.4373,0.032
2016-01-10T00:44:59.871Z,5.797,121.4137,229.7112,0.5283,0.0468,3.5062,103.1511,231.7399,0.4452,0.0348,3.7871,104.431,233.6787,0.4464,0.0353
2016-01-10T00:45:59.335Z,4.4218,121.522,229.8636,0.5286,0.0362,4.3506,104.382,232.0489,0.4496,0.0422,2.7333,104.5371,234.3497,0.4457,0.026
2016-01-10T00:46:59.835Z,5.2315,121.5045,229.872,0.5286,0.0427,3.7179,102.8981,231.4236,0.4451,0.041,2.8651,101.7927,234.7475,0.4329,0.0311
2016-01-10T00:47:59.103Z,4.39,118.3501,229.4187,0.5156,0.0389,4.3178,100.9886,231.1118,0.4372,0.0422,2.2022,103.9977,234.1622,0.4443,0.0217
2016-01-10T00:48:59.927Z,5.2224,121.5627,229.8095,0.5282,0.0433,3.9316,104.7371,231.3089,0.453,0.0383,2.7604,104.5503,234.2955,0.4465,0.0276
2016-01-10T00:49:59.579Z,2.9956,121.3313,229.3053,0.5288,0.0245,3.5531,105.2698,231.2643,0.4548,0.0336,4.1495,103.27,234.2574,0.4414,0.0389
2016-01-10T00:50:59.137Z,4.0133,119.686,229.1818,0.5219,0.0343,4.1373,105.0433,231.1433,0.4542,0.041,3.6116,105.1561,233.8186,0.4499,0.0354
2016-01-10T00:51:59.455Z,4.4924,119.4586,228.9225,0.5215,0.0385,3.7996,101.4952,231.2214,0.439,0.0387,3.4476,103.5242,233.7442,0.4427,0.0321
2016-01-10T00:52:59.899Z,5.5478,119.1518,229.4292,0.5192,0.0462,3.2909,98.0523,231.4023,0.4234,0.0359,3.0259,103.9548,233.8288,0.4442,0.0298
2016-01-10T00:53:59.647Z,4.0889,119.8274,229.1321,0.5224,0.0347,4.1336,103.8692,231.3338,0.4489,0.0393,3.4517,103.3919,233.8848,0.4423,0.0317
2016-01-10T00:54:59.967Z,5.0424,119.4718,229.2507,0.5203,0.0425,3.8109,105.3879,231.6149,0.4551,0.0343,3.0076,104.8414,233.7801,0.4487,0.0285
2016-01-10T00:55:59.253Z,4.9084,123.1994,229.0308,0.537,0.0398,3.6386,105.4002,231.6647,0.455,0.0341,3.5233,103.2214,233.1879,0.4427,0.033
2016-01-10T00:56:59.484Z,4.9277,120.589,229.1367,0.5254,0.042,3.6574,103.7136,232.0119,0.4469,0.0359,2.8854,102.9587,233.3797,0.4415,0.0287
2016-01-10T00:57:59.846Z,2.9896,121.3011,229.483,0.5278,0.0247,4.7572,103.1138,232.4608,0.4435,0.0474,3.0011,103.9827,233.4912,0.445,0.0289
2016-01-10T00:58:59.925Z,4.5384,119.0832,228.7907,0.5199,0.0386,3.6869,104.629,232.3898,0.45,0.0354,3.487,104.7582,233.4812,0.4488,0.0341
2016-01-10T00:59:59.466Z,4.2748,122.635,229.6024,0.5337,0.036,4.1693,103.7887,232.3392,0.4467,0.0402,3.9837,104.4366,233.9506,0.4464,0.0378
2016-01-10T01:00:59.189Z,5.4209,116.9119,229.1956,0.5101,0.0479,3.4173,105.8098,231.8604,0.4564,0.033,3.4226,102.1211,233.2446,0.4381,0.033
2016-01-10T01:01:59.503Z,4.7134,119.731,230.7364,0.519,0.0387,3.9475,102.0376,231.7996,0.4401,0.0428,4.2204,98.8784,233.6415,0.4237,0.0442
2016-01-10T01:02:59.995Z,3.7103,122.8114,230.7489,0.5319,0.0304,3.1192,103.3116,232.2145,0.4451,0.0309,3.641,102.9629,233.8151,0.4396,0.0348
2016-01-10T01:03:59.687Z,4.4299,123.2618,230.0471,0.5349,0.0363,3.6926,105.0486,232.9372,0.4511,0.035,3.1929,103.7446,234.2488,0.4429,0.0306
2016-01-10T01:04:59.061Z,4.7903,119.8394,229.9271,0.5212,0.0391,3.4596,102.645,232.8171,0.4407,0.0331,3.5816,105.5071,234.3374,0.4502,0.0318
2016-01-10T01:05:59.770Z,4.3427,122.127,230.7529,0.529,0.0349,3.6298,106.523,232.3134,0.4588,0.0311,3.51,104.3712,234.0483,0.446,0.034
2016-01-10T01:06:59.815Z,4.2957,122.3048,231.3643,0.5282,0.0345,3.7319,105.8637,229.263,0.4612,0.0373,3.6488,104.228,235.0776,0.4432,0.0367
2016-01-10T01:07:59.006Z,4.3629,119.2139,231.4957,0.5143,0.0373,3.995,106.7507,231.3304,0.4609,0.037,2.487,103.2292,234.3886,0.4408,0.0226
2016-01-10T01:08:59.258Z,5.5792,121.1854,231.0781,0.524,0.0449,3.7173,103.7082,232.3304,0.4462,0.0368,2.9047,104.2808,234.3066,0.4454,0.0297
2016-01-10T01:09:59.008Z,3.8287,121.3304,231.211,0.5249,0.0329,3.8629,106.2541,232.2703,0.4577,0.0384,2.3558,103.046,234.5778,0.4388,0.0231
2016-01-10T01:10:59.686Z,4.1554,118.7712,231.2457,0.5134,0.0353,4.7585,104.606,232.4264,0.4502,0.0457,3.2757,103.1585,234.2827,0.4402,0.031
2016-01-10T01:11:59.984Z,5.2732,120.0879,231.6688,0.5185,0.0444,3.666,100.5088,231.2062,0.4349,0.0387,3.4488,103.3051,234.4536,0.4408,0.0347
2016-01-10T01:12:59.835Z,3.5676,121.3053,231.8722,0.5222,0.0293,3.9196,106.1231,231.0751,0.459,0.037,4.4431,104.0984,234.3056,0.4443,0.0429
2016-01-10T01:13:59.200Z,4.5341,122.3559,231.8487,0.5273,0.0362,3.9074,103.22,230.5004,0.448,0.0366,3.129,104.9108,233.9073,0.4487,0.0299
2016-01-10T01:14:59.079Z,3.9781,120.6962,232.3851,0.5193,0.0334,3.8866,106.3586,230.4974,0.4617,0.035,3.5516,104.3077,233.6593,0.4463,0.0353
2016-01-10T01:15:59.515Z,4.933,124.2535,232.1893,0.5348,0.0423,3.6777,102.8997,230.453,0.4466,0.0355,3.5466,104.9093,234.0732,0.4485,0.033
2016-01-10T01:16:59.829Z,3.8457,120.2286,232.1529,0.5179,0.0291,4.7742,102.9801,230.7459,0.4464,0.0485,3.885,103.1783,234.0784,0.4407,0.0375
2016-01-10T01:17:59.442Z,2.9075,122.524,231.2795,0.5298,0.0234,3.8545,106.757,230.8405,0.4624,0.0366,4.6135,104.3104,234.1086,0.4451,0.0443
2016-01-10T01:18:59.818Z,4.3398,120.46,231.1454,0.5208,0.0358,3.508,104.2503,229.8646,0.4541,0.032,2.2134,106.2222,234.1532,0.4533,0.0214
2016-01-10T01:19:59.502Z,5.159,121.2001,231.7113,0.5226,0.0412,3.8966,102.547,229.899,0.4462,0.0362,3.8685,105.7424,234.2703,0.4511,0.0364
2016-01-10T01:20:59.786Z,4.133,123.028,232.077,0.5293,0.0343,3.9658,103.4904,230.357,0.4488,0.0389,3.9732,105.1889,233.6531,0.4505,0.0396
2016-01-10T01:21:59.920Z,4.7446,119.5634,232.218,0.5149,0.0397,3.6602,103.8956,230.8576,0.4503,0.0335,3.3271,101.1358,232.2972,0.4353,0.0335
2016-01-10T01:22:59.180Z,4.2625,119.4911,231.3582,0.5163,0.0351,3.6063,104.1779,230.5411,0.452,0.0327,3.2763,104.1371,234.3897,0.4443,0.0321
2016-01-10T01:24:59.288Z,4.0263,122.9332,232.4067,0.5288,0.0346,3.8316,103.3465,231.0545,0.4474,0.037,3.7529,104.9987,235.0685,0.4463,0.0361
2016-01-10T01:25:59.964Z,5.2811,121.9773,232.173,0.525,0.0434,3.7339,105.2693,232.0162,0.4533,0.0363,3.3253,104.8809,234.7088,0.447,0.0322
2016-01-10T01:26:59.976Z,4.3552,120.2763,232.0762,0.5177,0.0348,4.61,104.8992,231.705,0.4524,0.0447,2.3077,104.2474,234.3369,0.445,0.0232
2016-01-10T01:27:59.837Z,3.1051,121.5834,232.1858,0.5235,0.024,4.4758,105.7177,231.9442,0.4559,0.0443,2.7912,105.9874,233.8995,0.4534,0.0274
2016-01-10T01:29:59.522Z,5.5918,122.0313,232.4159,0.5247,0.0456,3.5746,102.4301,231.7178,0.4418,0.036,3.4261,104.1609,234.0254,0.4453,0.0333
2016-01-10T01:30:59.281Z,3.6487,121.4624,231.9151,0.5234,0.0301,4.4019,105.0941,231.8041,0.4532,0.0423,3.5931,106.5968,234.0458,0.4558,0.034
2016-01-10T01:31:59.252Z,4.8646,123.7516,232.0461,0.5329,0.0406,3.7333,105.6423,232.0302,0.455,0.0362,2.7067,104.1406,233.5893,0.4459,0.0244
2016-01-10T01:32:59.041Z,4.7531,123.6731,232.4123,0.5318,0.038,3.5055,103.1613,231.3709,0.446,0.0353,3.7004,101.7919,233.6751,0.4357,0.0382
2016-01-10T01:33:59.272Z,5.1968,124.5367,232.4268,0.5359,0.0418,4.5508,103.6874,231.1371,0.4482,0.043,3.5502,102.8324,233.7571,0.4401,0.034
2016-01-10T01:34:59.535Z,4.9232,123.8024,232.2799,0.5329,0.0409,3.5643,104.6991,231.7802,0.4516,0.0353,3.259,105.1568,234.186,0.4495,0.031
2016-01-10T01:35:59.395Z,5.2069,119.8907,232.1354,0.5167,0.0437,3.9602,102.372,231.437,0.4422,0.0431,3.3288,103.6012,233.9654,0.4422,0.0334
2016-01-10T01:36:59.867Z,4.0651,121.822,232.5697,0.5233,0.0352,3.3839,105.8539,231.8365,0.4562,0.0302,3.7655,100.8725,233.9712,0.4313,0.0378
2016-01-10T01:37:59.588Z,3.7958,126.2208,232.5951,0.5425,0.0311,4.3423,103.8376,232.2122,0.4469,0.0418,3.4216,103.4587,234.2224,0.4416,0.0344
2016-01-10T01:38:59.120Z,3.9319,124.3273,232.9209,0.5334,0.0314,3.7198,102.2959,232.0487,0.4404,0.0348,3.3478,104.0412,234.3336,0.4438,0.0322
2016-01-10T01:39:59.544Z,4.6687,120.8966,232.3476,0.5199,0.0398,4.1476,104.6573,232.5285,0.4502,0.0392,2.7455,104.2467,234.0737,0.4453,0.0272
2016-01-10T01:40:59.981Z,3.4781,123.0976,232.6756,0.5287,0.0295,4.1682,103.8556,232.3065,0.4468,0.041,3.9182,102.2133,234.1313,0.4366,0.0397
2016-01-10T01:41:59.097Z,4.1183,121.955,232.8373,0.523,0.0328,3.2817,103.5873,232.2042,0.4459,0.0327,3.2966,105.597,233.9404,0.4516,0.0313
2016-01-10T01:42:59.958Z,3.0109,122.2253,232.7201,0.5243,0.0248,4.386,106.05,232.2977,0.4566,0.0407,3.9114,102.0533,234.1889,0.4363,0.0389
2016-01-10T01:43:59.299Z,5.1822,122.3851,233.0054,0.5251,0.0433,3.8651,104.2627,232.2273,0.4493,0.0367,3.393,103.9394,233.9433,0.4441,0.0337
2016-01-10T01:44:59.523Z,3.9778,120.0902,232.4093,0.516,0.0345,4.1533,103.5074,232.0622,0.446,0.0393,3.1805,105.4532,234.0871,0.4507,0.0296
2016-01-10T01:45:59.979Z,4.1897,119.6052,232.3229,0.5147,0.0342,3.5986,106.1153,232.2722,0.4567,0.0376,2.9911,104.1105,234.5634,0.4437,0.0303
2016-01-10T01:46:59.262Z,4.1503,122.6229,232.3888,0.5278,0.0338,4.333,101.3912,231.8524,0.4373,0.0433,2.7711,102.0461,234.077,0.4358,0.0283
2016-01-10T01:47:59.530Z,4.4898,121.6398,231.634,0.5246,0.0361,3.4829,104.4162,231.4365,0.4515,0.0336,3.041,105.013,233.932,0.4493,0.0296
2016-01-10T01:48:59.937Z,4.6914,121.7823,232.1126,0.5242,0.0399,3.5686,102.7529,229.2448,0.448,0.0323,3.2945,105.4674,234.2568,0.4499,0.0311
2016-01-10T01:49:59.310Z,4.0663,119.9159,232.4902,0.5157,0.0333,3.887,102.0757,232.3869,0.4394,0.0384,2.9006,105.5233,233.7286,0.4522,0.0267
2016-01-10T01:50:59.814Z,3.9476,121.2943,232.8597,0.5205,0.0337,4.1395,101.1657,232.5335,0.435,0.0447,3.5126,101.7984,234.2814,0.4345,0.0346
2016-01-10T01:51:59.278Z,3.5388,118.5128,232.2856,0.5094,0.0296,4.2733,100.2486,232.7227,0.4308,0.0441,2.601,103.8856,234.5511,0.4427,0.0268
2016-01-10T01:52:59.507Z,4.2925,121.071,232.2648,0.5205,0.0342,3.1632,103.6554,232.5909,0.4462,0.0313,2.7959,106.8803,234.8715,0.4553,0.0265
2016-01-10T01:53:59.907Z,4.6436,123.7767,232.1914,0.533,0.0376,4.1403,104.849,232.1544,0.4521,0.0382,3.2221,102.0153,234.3776,0.4347,0.0315
2016-01-10T01:54:59.480Z,3.4214,119.924,232.0456,0.5163,0.0279,3.9162,102.5102,232.6604,0.441,0.0378,3.5479,98.2059,234.7946,0.4187,0.0343
2016-01-10T01:55:59.465Z,4.9812,120.9801,232.4428,0.5201,0.0396,3.7807,106.0769,232.2737,0.4571,0.0367,3.6762,102.8611,234.3893,0.4398,0.0349
2016-01-10T01:56:59.312Z,4.0832,121.9703,231.9724,0.5257,0.0342,3.6796,106.6276,231.6368,0.4605,0.0345,2.8003,104.5373,234.2191,0.4465,0.0279
2016-01-10T01:57:59.461Z,3.6075,122.3792,231.8276,0.5275,0.0298,3.5121,103.5584,231.1775,0.4479,0.037,3.3413,101.2363,233.8566,0.4327,0.034
2016-01-10T01:58:59.671Z,4.4712,120.0519,231.6318,0.5184,0.0382,3.6556,102.7629,231.3309,0.444,0.034,3.3612,105.3397,234.0256,0.451,0.033
2016-01-10T01:59:59.499Z,5.5814,121.6748,231.0909,0.5264,0.0467,3.547,103.6095,231.0198,0.4481,0.0369,3.7281,102.4476,233.8978,0.4379,0.0353
