2016-02-21T00:00:59.429Z,2.9847,48.5868,233.3731,0.2086,0.0644,3.1028,34.8523,232.7557,0.1497,0.0947,1.7438,37.0267,234.4851,0.1573,0.0506
2016-02-21T00:01:59.712Z,1.9674,50.6433,233.0748,0.2168,0.0377,3.1508,36.1626,232.6351,0.1554,0.093,1.9281,35.7845,234.5092,0.1525,0.0585
2016-02-21T00:02:59.021Z,1.6362,50.6651,232.7757,0.2174,0.0321,3.0574,32.9692,232.235,0.1423,0.1003,2.329,35.9432,234.1021,0.1537,0.0652
2016-02-21T00:03:59.102Z,2.2132,50.1542,233.0292,0.2154,0.043,2.8596,33.9729,231.2921,0.1469,0.0896,2.2743,35.2816,233.999,0.1504,0.0656
2016-02-21T00:04:59.757Z,2.4707,49.5392,232.5016,0.2131,0.0505,3.6099,35.4102,231.0773,0.1533,0.0997,2.187,34.3481,233.6335,0.1467,0.0679
2016-02-21T00:05:59.069Z,1.7958,49.314,231.2238,0.2136,0.0366,3.2422,34.6118,230.7821,0.1499,0.0981,1.8213,34.3684,233.3001,0.1476,0.0596
2016-02-21T00:06:59.573Z,1.5629,50.0812,232.255,0.2157,0.0322,3.411,33.3998,232.124,0.1437,0.1027,1.5788,35.6205,233.2382,0.1525,0.0465
2016-02-21T00:07:59.532Z,2.7153,49.2995,232.1575,0.2131,0.0534,3.6427,34.1552,231.9103,0.1469,0.1149,1.8902,35.0974,233.2158,0.1504,0.0567
2016-02-21T00:08:59.854Z,1.5853,49.7576,232.3876,0.2141,0.0335,2.6459,33.0029,231.6966,0.1421,0.0852,1.6069,34.3829,233.3292,0.1473,0.054
2016-02-21T00:09:59.207Z,2.038,50.83,231.6667,0.2199,0.0404,3.4752,33.7254,232.1469,0.1454,0.1069,1.772,35.8059,233.1141,0.1541,0.0588
2016-02-21T00:10:59.483Z,2.0059,48.5984,231.6989,0.2098,0.0412,3.8193,34.4984,232.9166,0.1489,0.1102,1.8862,34.541,232.9907,0.1481,0.0577
2016-02-21T00:11:59.034Z,3.0334,49.8903,232.2847,0.2144,0.0591,2.9409,33.8801,233.3244,0.1452,0.0941,1.7357,36.2449,233.6104,0.1554,0.055
2016-02-21T00:12:59.294Z,2.2013,49.1054,231.8757,0.2121,0.0437,3.3378,35.9349,233.1797,0.1537,0.0975,1.9713,35.147,233.4643,0.1504,0.0595
2016-02-21T00:13:59.608Z,2.1687,50.4154,231.5056,0.2179,0.0437,2.752,32.66,232.5546,0.1402,0.0926,2.0912,36.2744,233.0019,0.1557,0.0591
2016-02-21T00:14:59.193Z,2.1653,49.4998,231.4931,0.2137,0.043,3.3136,35.1722,232.8603,0.1509,0.1006,1.3527,34.3838,233.1864,0.1471,0.0473
2016-02-21T00:15:59.227Z,2.0032,50.0723,230.5588,0.217,0.0389,3.2064,34.4271,232.067,0.1485,0.0979,1.8834,36.783,233.3815,0.1576,0.058
2016-02-21T00:16:59.572Z,1.708,49.2639,231.8501,0.2126,0.0361,3.2992,34.5614,232.8626,0.1487,0.0949,1.8487,33.5413,233.3582,0.1438,0.0659
2016-02-21T00:17:59.936Z,1.9059,50.4727,232.7869,0.2166,0.037,3.2786,33.5875,232.8911,0.1443,0.0964,2.4991,35.482,233.2391,0.1524,0.0735
2016-02-21T00:18:59.159Z,2.4657,49.2083,233.0062,0.2114,0.0493,3.8628,34.6797,232.9873,0.1491,0.1157,1.701,35.1813,233.1704,0.1509,0.0547
2016-02-21T00:19:59.235Z,2.3918,50.3174,232.869,0.2158,0.0465,3.3986,34.2589,233.0954,0.1468,0.1048,2.5191,34.9595,232.9071,0.1501,0.0712
2016-02-21T00:20:59.504Z,2.0271,50.498,232.5866,0.2174,0.0395,3.4105,35.1191,232.7388,0.1512,0.1035,1.8222,35.4986,233.4933,0.1518,0.0532
2016-02-21T00:21:59.819Z,1.6287,51.0479,232.6137,0.2196,0.0316,3.3474,33.7751,232.8496,0.1447,0.1077,1.6992,37.0511,234.3025,0.1575,0.0504
2016-02-21T00:22:59.771Z,2.6567,49.0087,232.2247,0.2115,0.0547,3.3758,35.2644,232.954,0.1515,0.0969,1.761,35.574,234.2144,0.1521,0.0569
2016-02-21T00:23:59.812Z,2.2146,50.498,232.4782,0.217,0.0426,3.9331,35.3869,232.1136,0.153,0.1193,1.9025,35.6209,233.7867,0.1524,0.0541
2016-02-21T00:24:59.539Z,2.0813,50.7413,232.6799,0.2182,0.0427,3.0519,33.4202,231.9222,0.1442,0.1019,2.158,36.3774,233.4731,0.1558,0.0637
2016-02-21T00:25:59.875Z,1.9866,49.5652,231.8145,0.2133,0.0391,2.8409,34.7288,232.262,0.1493,0.0903,1.4214,34.6985,232.4449,0.1491,0.0495
2016-02-21T00:26:59.175Z,2.662,49.8682,232.1151,0.215,0.0547,3.6527,33.774,232.0911,0.1453,0.1099,2.0014,36.0836,233.7321,0.1536,0.0573
2016-02-21T00:27:59.699Z,2.1913,50.1858,232.5017,0.2149,0.0471,3.4311,35.7695,232.4758,0.1541,0.1008,2.2896,35.9245,234.0952,0.1538,0.063
2016-02-21T00:28:59.376Z,1.714,50.3319,232.4131,0.2166,0.033,3.2168,32.4602,232.5512,0.1396,0.1089,2.4072,35.1194,234.0202,0.1501,0.0704
2016-02-21T00:29:59.630Z,2.3538,51.4282,233.1876,0.2205,0.0462,3.021,34.2868,231.4103,0.1478,0.0966,1.9507,36.6429,234.8619,0.1558,0.054
2016-02-21T00:30:59.627Z,3.2931,49.6297,233.4975,0.2122,0.068,2.999,35.0276,231.0213,0.1519,0.0905,1.8345,36.2096,235.4712,0.1543,0.0552
2016-02-21T00:31:59.216Z,3.1632,50.0808,233.1893,0.2152,0.0627,3.041,34.7614,232.9734,0.1493,0.0959,1.979,36.4368,235.0072,0.1549,0.0528
2016-02-21T00:32:59.600Z,2.2946,50.7615,233.0502,0.2178,0.0432,3.2116,34.3668,232.3767,0.1478,0.1034,1.8159,37.8948,234.7529,0.1613,0.049
2016-02-21T00:33:59.909Z,2.0026,50.5321,232.4257,0.2169,0.0395,2.5707,34.1021,232.0478,0.1469,0.0777,1.7102,35.817,233.8415,0.1534,0.0491
2016-02-21T00:34:59.305Z,1.9701,50.6017,232.631,0.2173,0.0372,3.6537,35.4777,232.5074,0.1529,0.1037,1.9097,35.8873,233.732,0.1533,0.0559
2016-02-21T00:35:59.353Z,2.1838,49.8152,232.5586,0.2138,0.0419,2.9412,35.4667,232.7469,0.1522,0.0902,1.8216,36.1369,233.5459,0.1549,0.0566
2016-02-21T00:36:59.532Z,1.907,50.4901,232.8715,0.217,0.0382,3.2373,34.8129,232.7632,0.1498,0.0982,2.0648,35.1741,234.5136,0.1502,0.0632
2016-02-21T00:37:59.780Z,2.0961,51.2038,233.7053,0.2188,0.0414,3.8212,33.7937,232.7203,0.1459,0.123,2.318,35.3274,234.9848,0.15,0.0677
2016-02-21T00:38:59.615Z,2.8169,49.8552,233.6509,0.2134,0.0551,2.8429,34.663,232.5218,0.1487,0.0848,2.3884,34.88,234.707,0.1489,0.0724
2016-02-21T00:39:59.932Z,2.9183,50.4668,233.6214,0.2162,0.0575,3.7295,33.6848,232.4545,0.145,0.1157,1.7484,34.722,234.6895,0.1479,0.0553
2016-02-21T00:40:59.318Z,2.3122,50.744,234.0063,0.2168,0.0451,3.2332,35.7299,232.9422,0.1534,0.0967,2.3298,35.7802,235.0514,0.1521,0.0647
2016-02-21T00:41:59.723Z,2.054,49.5599,231.3138,0.2143,0.0422,3.1485,35.4966,231.0353,0.1536,0.0951,1.8952,35.0236,232.6153,0.1503,0.0631
2016-02-21T00:42:59.021Z,2.2233,50.0794,231.3223,0.2166,0.0443,3.7211,34.5262,230.7321,0.1496,0.1097,1.9333,35.7842,232.2724,0.154,0.0588
2016-02-21T00:43:59.476Z,2.2359,50.1018,230.8374,0.2173,0.0438,3.3801,34.6803,229.7854,0.1508,0.1016,2.2801,35.6596,231.6713,0.1541,0.0649
2016-02-21T00:44:59.679Z,2.9648,50.307,230.9482,0.2178,0.0587,2.9838,33.1984,228.7831,0.1449,0.0971,1.8016,32.8413,231.0622,0.1418,0.0577
2016-02-21T00:45:59.989Z,4.6504,50.1681,231.7496,0.2159,0.0935,3.1092,32.7871,228.5638,0.1433,0.1023,2.0774,34.6664,230.3626,0.1502,0.0588
2016-02-21T00:46:59.304Z,4.2056,50.0832,231.2284,0.2169,0.0863,2.9527,34.2181,229.4673,0.1491,0.0899,2.473,35.9532,231.2013,0.1557,0.0669
2016-02-21T00:47:59.925Z,3.9037,49.5632,231.6061,0.214,0.0787,2.7455,32.6713,230.33,0.1423,0.0868,3.1333,33.9823,230.5641,0.148,0.0975
2016-02-21T00:48:59.940Z,3.7977,49.8237,231.8888,0.2146,0.0769,2.7176,34.2186,230.8116,0.1482,0.0833,2.2989,35.4243,229.4992,0.1547,0.0671
2016-02-21T00:49:59.326Z,5.0106,50.9871,230.9272,0.2209,0.0984,3.3562,34.0523,230.7879,0.1476,0.1011,3.2503,35.5629,232.4876,0.1531,0.0902
2016-02-21T00:50:59.875Z,4.7189,50.2259,231.2135,0.2175,0.0941,3.1897,34.1662,230.7822,0.1485,0.0973,2.5921,34.8779,232.5283,0.1499,0.075
2016-02-21T00:51:59.838Z,4.5789,49.6646,230.776,0.2151,0.0914,2.9981,35.3393,230.8033,0.1525,0.0827,2.6415,35.6749,232.5357,0.1531,0.0787
2016-02-21T00:52:59.190Z,3.3799,49.6067,230.9452,0.215,0.0677,2.569,33.2188,230.764,0.144,0.0786,2.6169,35.9108,232.7611,0.154,0.0771
2016-02-21T00:53:59.695Z,4.277,49.2448,231.1043,0.2131,0.0855,2.9848,33.9985,230.2192,0.1476,0.0925,2.409,35.6565,232.4354,0.1532,0.0686
2016-02-21T00:54:59.088Z,4.8956,49.8082,230.7183,0.2158,0.0969,3.0612,34.8078,229.9768,0.1519,0.0886,2.8087,36.7958,232.44,0.1584,0.0801
2016-02-21T00:55:59.449Z,3.956,50.7896,231.2617,0.2197,0.0755,2.7541,32.8217,228.9705,0.1432,0.088,2.8236,36.4538,231.9729,0.1571,0.0834
2016-02-21T00:56:59.888Z,4.382,49.6626,231.4871,0.2142,0.0869,2.9508,34.4897,230.5371,0.1493,0.0907,2.4803,35.7921,232.7034,0.1537,0.0747
2016-02-21T00:57:59.198Z,4.0278,49.6346,231.0989,0.2146,0.0792,3.0112,34.621,231.5204,0.1493,0.0869,2.7643,35.0361,233.0638,0.1502,0.0844
2016-02-21T00:58:59.545Z,3.9377,49.3476,231.3711,0.2129,0.0797,2.7464,32.8664,231.3472,0.142,0.0821,2.5949,34.6733,232.8811,0.1484,0.0726
2016-02-21T00:59:59.846Z,4.8637,50.4503,231.637,0.2176,0.0952,3.014,33.846,231.0893,0.1464,0.0913,2.8965,34.0327,232.4991,0.1462,0.0844
2016-02-21T01:00:59.435Z,3.7336,50.0804,232.4309,0.2154,0.0749,2.5878,34.7092,231.3838,0.15,0.0794,2.1472,36.9173,232.9358,0.1584,0.0621
2016-02-21T01:01:59.611Z,4.2852,50.8229,232.5219,0.2189,0.0856,2.682,32.1625,231.5836,0.1386,0.0871,2.3495,36.2219,232.7529,0.1562,0.0686
2016-02-21T01:02:59.306Z,5.2189,50.5107,232.2974,0.2174,0.1016,3.4614,34.2518,231.8938,0.1476,0.1019,3.2373,35.4864,232.6121,0.1524,0.092
2016-02-21T01:03:59.926Z,4.6114,50.3182,231.7804,0.2172,0.0914,2.6191,34.6139,230.7638,0.1502,0.0793,2.7786,34.3221,232.0247,0.1479,0.0802
2016-02-21T01:04:59.387Z,4.5612,50.5514,231.5299,0.2181,0.0908,2.6417,33.5287,230.7743,0.145,0.0789,2.8806,35.771,232.4619,0.1536,0.0797
2016-02-21T01:05:59.255Z,4.3056,49.8254,230.8507,0.2158,0.0851,2.9653,35.1937,230.4649,0.1532,0.0867,2.7066,35.1677,233.3828,0.1509,0.0791
2016-02-21T01:06:59.588Z,4.1208,49.3784,231.29,0.2132,0.0821,2.731,34.6966,231.0618,0.15,0.0811,2.4575,35.46,233.2654,0.1523,0.0754
2016-02-21T01:07:59.912Z,4.967,51.028,231.9911,0.2205,0.0977,2.913,34.1115,232.0786,0.1464,0.091,2.4942,36.6573,232.877,0.1573,0.0759
2016-02-21T01:08:59.669Z,4.9412,50.3236,232.3478,0.2168,0.0976,2.5916,36.1802,232.2564,0.1558,0.0793,2.7542,36.0906,232.8507,0.155,0.0789
2016-02-21T01:09:59.068Z,3.7754,48.8881,232.2396,0.2109,0.077,2.7907,34.3463,231.7294,0.1483,0.085,3.0147,35.2567,232.9441,0.1514,0.0922
2016-02-21T01:10:59.402Z,3.448,50.2625,231.8363,0.2171,0.0708,3.5848,34.4413,232.1137,0.1485,0.1073,2.0438,35.5511,232.8021,0.153,0.0626
2016-02-21T01:11:59.983Z,4.7972,50.2049,231.575,0.2162,0.0939,2.8898,34.4813,232.2299,0.1485,0.0875,2.7638,34.4337,232.1917,0.1484,0.0837
2016-02-21T01:12:59.199Z,4.6364,50.0025,231.6556,0.216,0.0926,3.241,30.2991,232.3564,0.1303,0.1056,2.4652,31.0943,232.4522,0.1339,0.0856
2016-02-21T01:13:59.610Z,4.8729,50.603,230.9967,0.2193,0.0955,3.188,32.6765,231.4165,0.1411,0.0987,2.2471,34.3193,231.428,0.1487,0.0692
2016-02-21T01:14:59.859Z,3.9626,48.9971,230.3159,0.2127,0.082,2.7677,34.7867,230.8325,0.151,0.0823,2.3685,33.9037,230.7699,0.1464,0.0732
2016-02-21T01:15:59.422Z,5.2828,49.3111,229.1747,0.2156,0.1079,2.7014,31.9247,230.6637,0.1382,0.0902,2.6738,33.8261,229.3138,0.1473,0.0801
2016-02-21T01:16:59.659Z,4.8298,50.2928,229.8255,0.219,0.0948,2.7959,33.6032,230.4124,0.1454,0.0895,2.3879,34.0946,230.3737,0.1482,0.0751
2016-02-21T01:17:59.342Z,4.467,49.1261,230.0531,0.2136,0.093,2.9769,34.3048,230.2427,0.1493,0.0842,3.0577,35.0916,231.3952,0.1519,0.0894
2016-02-21T01:18:59.644Z,3.4992,49.8835,230.3598,0.2164,0.0689,2.484,32.0354,228.3846,0.1401,0.0853,2.463,33.6403,231.9705,0.1451,0.0725
2016-02-21T01:19:59.156Z,4.1097,49.1747,230.549,0.2129,0.0857,2.4079,33.6427,229.0719,0.1469,0.0779,2.9188,35.1798,231.4791,0.1519,0.0891
2016-02-21T01:20:59.719Z,4.3704,50.2888,230.201,0.2189,0.0876,2.8599,36.0345,230.5953,0.1562,0.0788,2.3917,35.0387,230.8114,0.1515,0.0786
2016-02-21T01:21:59.948Z,4.6675,49.9201,230.4053,0.2168,0.0957,3.1436,33.2881,230.2921,0.1444,0.0955,2.3907,34.3069,230.8564,0.1489,0.0707
2016-02-21T01:22:59.453Z,3.5934,50.2823,230.8477,0.2178,0.0714,2.79,33.7303,230.6147,0.1463,0.0852,2.3423,35.5733,231.2071,0.1538,0.0647
2016-02-21T01:23:59.956Z,4.7114,49.5852,230.5141,0.2152,0.0948,2.701,35.042,230.8348,0.1518,0.0793,2.897,34.4835,230.9224,0.1497,0.0858
2016-02-21T01:24:59.259Z,4.3288,50.1312,230.4202,0.2172,0.0862,2.7127,34.472,230.1472,0.1498,0.0767,2.646,35.2377,230.2922,0.1532,0.079
2016-02-21T01:25:59.348Z,4.6487,50.6318,229.9884,0.2196,0.0932,3.152,33.9809,229.8693,0.1479,0.0955,2.4503,35.5203,229.5634,0.1552,0.0737
2016-02-21T01:26:59.651Z,4.339,49.1208,229.9027,0.2133,0.0863,2.5876,33.8814,230.5214,0.1476,0.0773,2.2872,34.3667,230.4225,0.1497,0.0758
2016-02-21T01:27:59.364Z,4.2287,48.9123,229.9354,0.2127,0.0859,2.631,34.3237,231.2537,0.1482,0.0767,2.0941,35.2481,232.2401,0.1516,0.0644
2016-02-21T01:28:59.949Z,4.9793,49.8948,229.649,0.2175,0.1005,2.9326,34.137,231.4504,0.1483,0.0947,2.8254,34.4049,232.3453,0.1485,0.0868
2016-02-21T01:29:59.248Z,4.4408,50.1314,229.7624,0.2179,0.0881,2.7539,33.4239,231.244,0.1444,0.0876,2.5718,36.5431,232.5798,0.1572,0.0678
2016-02-21T01:30:59.563Z,4.5199,49.7984,229.6419,0.2165,0.0902,3.0566,35.9729,231.158,0.1555,0.0899,2.6296,35.8427,232.6362,0.1537,0.0725
2016-02-21T01:31:59.044Z,4.509,49.8902,229.157,0.2173,0.0899,2.936,34.5237,230.9938,0.1493,0.0866,2.7047,35.0739,232.3184,0.1512,0.0793
2016-02-21T01:32:59.541Z,4.186,51.1307,229.5561,0.223,0.0813,2.8357,33.6493,230.704,0.1458,0.083,1.6288,36.482,232.509,0.1563,0.0553
2016-02-21T01:33:59.109Z,4.154,50.5504,230.5473,0.2194,0.0807,2.9487,34.0432,230.3374,0.148,0.0917,2.5424,37.0498,231.8319,0.1593,0.0729
2016-02-21T01:34:59.909Z,4.1314,49.5497,230.2749,0.2155,0.0838,2.6357,33.8867,229.9977,0.1475,0.0833,2.7723,34.4788,231.1651,0.1498,0.0824
2016-02-21T01:35:59.372Z,3.7926,49.5231,229.817,0.2153,0.0749,2.5124,34.3859,228.8251,0.1501,0.0769,2.482,34.2746,231.5637,0.1484,0.0783
2016-02-21T01:36:59.636Z,4.6045,50.6693,229.6559,0.2205,0.0919,2.9697,34.4779,229.6073,0.1501,0.09,2.0802,35.2998,231.7455,0.1521,0.0646
2016-02-21T01:37:59.018Z,4.7368,49.7632,231.1779,0.2156,0.0936,2.7281,34.7666,231.1809,0.1506,0.0819,2.3007,35.1592,232.2209,0.1516,0.0676
2016-02-21T01:38:59.010Z,4.9122,49.9722,230.9673,0.217,0.0999,2.7991,33.7352,231.2356,0.1454,0.082,2.5171,34.4098,232.0985,0.1481,0.0787
2016-02-21T01:39:59.800Z,3.9209,49.6259,230.8354,0.2149,0.0788,3.1165,34.1884,231.1779,0.1478,0.0888,2.3217,35.5495,232.6543,0.153,0.0736
2016-02-21T01:40:59.414Z,3.3005,48.9714,231.2929,0.2119,0.0682,2.7602,34.8462,230.7847,0.1511,0.0814,2.7936,35.9443,232.5346,0.1548,0.0792
2016-02-21T01:41:59.296Z,4.966,50.4139,230.911,0.2182,0.0986,3.0399,34.8154,231.1856,0.1506,0.0916,23.6886,56.2766,232.3004,0.243,0.2061
2016-02-21T01:42:59.937Z,657.2904,1023.5315,229.9454,4.456,0.4959,705.9997,1056.4608,230.5221,4.5908,0.5171,1125.3297,1598.7705,230.2093,6.9555,0.7288
2016-02-21T01:43:59.641Z,979.1947,1403.8485,229.5494,6.1156,0.6975,1053.8324,1508.2813,229.7381,6.5652,0.6987,1516.8478,2115.3707,229.1235,9.2325,0.717
2016-02-21T01:44:59.921Z,1014.228,1426.9899,229.2043,6.2254,0.7106,1071.0772,1513.8281,228.8622,6.6143,0.708,1540.593,2109.5882,227.9491,9.254,0.73
2016-02-21T01:45:59.745Z,1019.0882,1440.7222,229.6979,6.2718,0.7073,1038.0263,1484.8994,227.9182,6.5144,0.6989,1534.4006,2075.9733,227.0237,9.1442,0.739
2016-02-21T01:46:59.452Z,1013.2212,1435.2969,229.5728,6.252,0.7055,1069.252,1517.0017,229.1806,6.6191,0.7048,1540.4688,2109.379,228.394,9.2353,0.7304
2016-02-21T01:47:59.218Z,1021.6153,1437.084,229.754,6.2547,0.7111,1088.7946,1540.8016,229.5097,6.7136,0.7064,1538.9913,2114.3127,228.4784,9.2534,0.728
2016-02-21T01:48:59.491Z,1031.1898,1438.579,229.4941,6.2689,0.7168,1096.3279,1544.4429,229.1687,6.7393,0.7094,1540.0078,2106.3388,227.8679,9.2438,0.7317
2016-02-21T01:49:59.743Z,622.5714,884.4254,229.8878,3.855,0.4552,657.7679,938.1962,229.7903,4.0924,0.4673,957.8478,1300.0981,228.8372,5.704,0.7812
2016-02-21T01:50:59.279Z,273.0913,483.4457,230.4719,2.1037,0.2682,310.5434,523.2209,230.0437,2.2834,0.2844,407.0238,689.4673,229.9006,3.0068,0.7422
2016-02-21T01:51:59.816Z,402.0018,598.5929,230.5353,2.607,0.3226,439.7401,633.6974,230.1592,2.7656,0.3565,523.1281,754.2067,230.4037,3.2873,0.7771
2016-02-21T01:52:59.929Z,53.12,125.0504,230.9242,0.5437,0.1035,59.2389,115.5208,230.7935,0.5029,0.139,425.4858,528.118,230.4889,2.2977,0.8435
2016-02-21T01:53:59.176Z,1065.1122,1460.8352,229.1589,6.3749,0.7289,1136.06,1575.4337,228.7873,6.886,0.7215,1571.936,2131.3781,228.0532,9.3467,0.7376
2016-02-21T01:54:59.693Z,1019.7255,1420.6287,228.7213,6.2104,0.718,1088.0501,1528.0857,228.3442,6.692,0.7119,1526.4573,2087.3568,228.0758,9.1518,0.7319
2016-02-21T01:55:59.635Z,1040.3969,1449.5763,229.1415,6.3266,0.7173,1074.2116,1515.4525,227.5006,6.6612,0.7088,1541.7015,2076.8673,227.5924,9.1257,0.742
2016-02-21T01:56:59.031Z,944.0587,1371.7016,229.3984,5.9789,0.6882,1004.8457,1473.9647,229.0873,6.4337,0.6817,1446.5345,2026.9169,228.9249,8.8538,0.7131
2016-02-21T01:57:59.295Z,908.9037,1337.1302,229.1467,5.835,0.6797,984.1946,1457.974,229.5157,6.3526,0.6747,1410.6513,2000.6508,228.8307,8.7426,0.7052
2016-02-21T01:58:59.246Z,847.6688,1292.1629,229.5083,5.6307,0.6562,913.0142,1407.1696,229.5249,6.1309,0.6488,1341.436,1939.1357,229.1983,8.461,0.6924
2016-02-21T01:59:59.641Z,811.8241,1281.5896,229.8138,5.5767,0.6329,862.921,1362.3158,229.1687,5.9442,0.6332,1311.9031,1912.3388,229.674,8.3264,0.6853
