2016-04-01T00:00:59.776Z,4.4515,70.9852,231.812,0.3064,0.0629,3.127,63.6196,233.3228,0.2725,0.0511,2.5833,62.6788,233.1077,0.2686,0.0409
2016-04-01T00:01:59.062Z,4.515,72.2639,231.6896,0.3119,0.0634,3.0898,63.9179,232.9258,0.2743,0.0474,2.1458,64.4923,233.1463,0.2767,0.0328
2016-04-01T00:02:59.281Z,4.9737,71.5937,231.292,0.309,0.071,3.0085,62.1101,232.4824,0.2671,0.0489,2.45,64.094,232.6832,0.2753,0.0389
2016-04-01T00:03:59.713Z,4.5311,72.0919,231.6512,0.3116,0.0652,3.0165,63.5338,232.5793,0.2727,0.0475,2.0957,63.169,232.6527,0.2718,0.0347
2016-04-01T00:04:59.996Z,4.0914,70.9497,231.9901,0.3059,0.0598,2.5258,63.4038,233.3498,0.2717,0.0404,2.6439,63.5073,232.9542,0.2724,0.0426
2016-04-01T00:05:59.172Z,4.7855,70.6644,232.1912,0.304,0.0703,2.9654,65.2981,233.3598,0.2797,0.048,2.0375,63.813,233.1639,0.2738,0.0333
2016-04-01T00:06:59.480Z,4.6392,73.1089,231.9183,0.3151,0.0643,2.8155,62.3366,233.0488,0.2671,0.0478,2.0091,63.2498,233.0022,0.2714,0.0332
2016-04-01T00:07:59.701Z,5.1636,70.7777,231.8082,0.3053,0.0734,2.8303,62.0415,233.1641,0.2664,0.0447,2.3222,62.5351,232.8591,0.2688,0.0373
2016-04-01T00:08:59.982Z,4.5692,72.0441,231.8356,0.3108,0.0649,3.1964,63.672,232.4788,0.2741,0.0509,2.1174,64.4231,232.8326,0.2767,0.0342
2016-04-01T00:09:59.173Z,4.8153,71.0316,231.8464,0.3063,0.067,2.9902,62.8309,232.472,0.2701,0.0488,1.9981,63.9391,232.9142,0.2748,0.032
2016-04-01T00:10:59.384Z,5.1392,71.7441,231.6653,0.3095,0.0719,2.9374,63.178,231.9196,0.2726,0.0453,2.2809,63.7898,232.4664,0.2743,0.0352
2016-04-01T00:11:59.541Z,4.9825,72.9764,231.8327,0.3145,0.069,3.1257,64.1488,231.4096,0.2776,0.0489,2.1846,64.3029,232.3114,0.2767,0.0347
2016-04-01T00:12:59.746Z,4.451,72.3963,231.8815,0.312,0.0634,3.1357,63.8936,231.4804,0.2759,0.0504,2.2495,64.3886,232.2798,0.2771,0.0349
2016-04-01T00:13:59.021Z,4.7299,72.7027,231.2504,0.3146,0.0652,2.4466,62.819,230.8468,0.2718,0.0393,2.4207,62.8428,231.5344,0.2719,0.0373
2016-04-01T00:14:59.341Z,4.9692,73.2252,231.8496,0.3158,0.0693,3.0965,63.4589,231.3927,0.2738,0.049,1.9145,63.523,232.5675,0.273,0.0304
2016-04-01T00:15:59.624Z,5.22,73.879,231.9887,0.3189,0.0713,2.8952,63.0977,231.4682,0.2725,0.0448,2.0687,64.0083,232.6158,0.275,0.0334
2016-04-01T00:16:59.752Z,4.7315,72.5329,232.3267,0.3124,0.0659,2.618,60.3887,230.8874,0.2619,0.0412,2.2547,61.4249,232.9157,0.2638,0.0381
2016-04-01T00:17:59.064Z,5.4258,72.8191,232.7287,0.3127,0.0766,2.286,61.9273,228.8827,0.2707,0.0381,1.7757,62.6956,232.6681,0.2693,0.0306
2016-04-01T00:18:59.292Z,4.9258,71.4821,232.0613,0.3075,0.0713,3.054,62.5019,230.9374,0.2703,0.0491,2.2627,64.4129,232.4062,0.2774,0.036
2016-04-01T00:19:59.485Z,4.8145,72.5173,232.0336,0.3132,0.0681,2.602,64.3757,232.0381,0.2774,0.0402,2.4849,62.6235,232.8782,0.2689,0.04
2016-04-01T00:20:59.728Z,5.3,72.2379,231.674,0.3118,0.0746,2.41,63.24,231.9154,0.2722,0.0379,2.9012,63.7397,232.5834,0.2742,0.0465
2016-04-01T00:21:59.937Z,4.617,72.4504,231.6469,0.3126,0.0631,3.1137,62.9531,231.8553,0.2709,0.0495,2.0773,61.8924,233.189,0.2654,0.0345
2016-04-01T00:22:59.147Z,4.7877,71.1348,231.6566,0.3071,0.0696,2.4979,62.4498,231.9733,0.2696,0.0436,2.6676,63.9622,233.3014,0.2744,0.0408
2016-04-01T00:23:59.347Z,3.8336,71.2375,231.9956,0.3074,0.053,2.7491,62.7068,231.8334,0.2705,0.0442,2.1764,63.1182,233.0452,0.2709,0.0355
2016-04-01T00:24:59.820Z,4.1527,71.3828,232.1055,0.3079,0.0589,2.5853,62.5549,231.772,0.2701,0.0405,1.9978,63.0016,233.0353,0.2703,0.0316
2016-04-01T00:25:59.129Z,4.9116,72.8002,231.4289,0.3146,0.0689,3.0144,64.0259,231.9439,0.2762,0.0464,2.124,63.8963,233.153,0.2739,0.0349
2016-04-01T00:26:59.368Z,4.8957,72.1818,231.5522,0.3119,0.0678,2.8753,62.0422,232.6622,0.2663,0.05,2.6044,62.2488,233.3589,0.2664,0.0443
2016-04-01T00:27:59.628Z,4.4918,71.1435,230.9602,0.3076,0.0651,3.0484,63.1678,232.2419,0.2716,0.0477,2.3489,62.9675,233.1002,0.27,0.0396
2016-04-01T00:28:59.937Z,4.2804,72.2391,231.1099,0.3125,0.0597,2.9307,64.531,232.1898,0.2779,0.0451,2.3379,63.9761,232.8782,0.2749,0.0362
2016-04-01T00:29:59.187Z,4.9499,73.0992,231.4786,0.3163,0.0693,2.7889,63.1968,232.4809,0.2719,0.0434,2.0054,64.4298,232.8714,0.2763,0.0311
2016-04-01T00:30:59.398Z,5.397,72.0022,230.9359,0.3114,0.0758,2.6881,63.1849,232.5118,0.272,0.0419,2.1186,63.103,232.4805,0.2712,0.0332
2016-04-01T00:31:59.723Z,4.3182,71.17,231.2448,0.3076,0.062,2.637,62.8888,232.3171,0.2704,0.0452,2.2607,63.1022,231.9743,0.2716,0.0365
2016-04-01T00:33:59.509Z,4.0129,71.7942,231.7795,0.3099,0.0565,2.8003,63.2847,232.0779,0.2725,0.0442,2.5973,62.9185,231.8363,0.2714,0.0416
2016-04-01T00:34:59.695Z,5.0855,72.2622,232.0253,0.3114,0.0707,2.9398,64.4051,232.1333,0.2775,0.0445,2.4411,63.7363,231.9507,0.2751,0.0381
2016-04-01T00:35:59.023Z,4.9356,71.6327,231.7089,0.3092,0.0699,3.1259,63.7944,231.8136,0.2751,0.0514,2.0831,64.4324,231.8733,0.2776,0.0324
2016-04-01T00:36:59.287Z,4.6502,70.5696,231.6995,0.3041,0.0675,2.9331,62.4444,231.8267,0.2696,0.0486,2.3099,63.134,231.9169,0.2724,0.04
2016-04-01T00:37:59.542Z,4.6215,73.7386,231.961,0.3181,0.0632,2.9332,62.9947,232.06,0.2715,0.0478,2.2451,62.2612,232.0064,0.2682,0.0362
2016-04-01T00:38:59.673Z,4.6671,72.1115,231.169,0.3122,0.0655,2.5531,64.0607,232.0678,0.2757,0.0412,2.6512,62.6713,232.0014,0.2705,0.0412
2016-04-01T00:39:59.910Z,5.1395,72.1196,231.1149,0.3114,0.0725,3.1913,63.4513,231.6765,0.2742,0.0522,2.0063,63.1919,231.8368,0.2726,0.0315
2016-04-01T00:40:59.194Z,4.421,71.7086,231.4516,0.3097,0.0634,2.8853,62.2233,232.0993,0.2679,0.0441,1.7048,61.294,232.0253,0.2644,0.03
2016-04-01T00:41:59.449Z,3.908,71.0041,231.3666,0.3068,0.0557,2.9477,62.8027,232.1232,0.2705,0.0495,2.2264,61.4107,231.9711,0.2644,0.0367
2016-04-01T00:42:59.623Z,5.0932,71.4848,231.1067,0.3096,0.0718,2.6495,63.2603,231.9912,0.2724,0.0413,2.7111,63.0085,231.918,0.2711,0.0424
2016-04-01T00:43:59.880Z,5.1657,72.6578,231.5448,0.3135,0.0723,3.1601,63.8889,232.3256,0.2744,0.0489,2.4146,61.6649,231.8886,0.2659,0.0382
2016-04-01T00:44:59.146Z,4.7943,73.3798,231.3268,0.3176,0.0672,2.5912,63.5373,232.0383,0.2737,0.042,2.8142,62.872,231.6627,0.2717,0.0443
2016-04-01T00:45:59.516Z,4.0525,72.2825,231.92,0.3116,0.0564,2.6396,64.4759,231.6001,0.2786,0.0392,2.1079,62.4796,232.2321,0.2685,0.0357
2016-04-01T00:46:59.728Z,4.8727,71.4084,231.9753,0.308,0.0707,2.282,61.8463,231.3381,0.2675,0.0369,2.8229,61.8425,232.5108,0.2662,0.0467
2016-04-01T00:47:59.919Z,5.0515,72.5338,231.4514,0.3128,0.0707,3.3221,62.0975,231.7714,0.268,0.053,2.4915,61.1621,232.2491,0.2634,0.0407
2016-04-01T00:48:59.204Z,4.6936,71.6443,230.9678,0.3098,0.066,2.4198,63.1034,231.0517,0.2729,0.0392,2.5104,64.318,232.311,0.2767,0.0383
2016-04-01T00:49:59.399Z,4.4351,72.6526,230.6681,0.3155,0.0613,2.4362,63.299,230.274,0.2749,0.039,2.2595,62.6979,232.453,0.2699,0.0364
2016-04-01T00:50:59.567Z,5.1589,72.1897,230.9305,0.3121,0.0732,2.9415,61.0446,230.2043,0.2652,0.0512,1.9884,63.1388,232.7745,0.2715,0.0307
2016-04-01T00:51:59.908Z,4.964,71.8348,230.9893,0.3108,0.0714,2.859,62.2749,230.6042,0.2701,0.048,2.2546,62.0856,232.517,0.2671,0.0387
2016-04-01T00:52:59.195Z,3.941,71.8991,232.0773,0.3096,0.0562,2.7651,62.3041,231.0881,0.2694,0.0441,1.9209,63.6536,232.3678,0.2737,0.0304
2016-04-01T00:53:59.362Z,5.0133,72.5846,231.842,0.3133,0.0691,2.6997,62.1384,231.0891,0.2687,0.0427,2.4713,63.449,232.2427,0.2734,0.0379
2016-04-01T00:54:59.741Z,5.0192,71.7721,231.7452,0.3097,0.0715,2.789,62.5517,228.2015,0.2743,0.0455,2.1884,63.075,232.7418,0.271,0.0357
2016-04-01T00:55:59.912Z,4.7903,72.6874,231.9441,0.3135,0.0676,3.3396,61.6286,228.6189,0.2697,0.0576,2.9351,64.4776,232.6388,0.277,0.0454
2016-04-01T00:56:59.318Z,4.5036,73.3103,232.3973,0.3151,0.0622,3.0982,63.3698,227.9908,0.2778,0.0481,2.3753,62.8359,233.3213,0.2691,0.0369
2016-04-01T00:57:59.632Z,4.126,72.0581,231.8719,0.3108,0.0581,2.6366,61.6479,227.736,0.2712,0.0422,2.3635,64.9022,232.6676,0.2786,0.0378
2016-04-01T00:58:59.840Z,5.3236,73.0486,232.6899,0.3138,0.0734,2.9892,61.4822,228.8147,0.2685,0.048,2.2117,63.5315,233.4272,0.2724,0.0353
2016-04-01T00:59:59.888Z,5.5747,72.9376,232.3409,0.3143,0.078,2.8769,61.4746,228.5462,0.2687,0.0458,2.1271,61.7659,233.2968,0.2648,0.0357
2016-04-01T01:00:59.114Z,4.6994,69.8463,232.1394,0.3,0.0679,2.5652,60.3338,228.4467,0.2643,0.0444,2.3725,61.7756,233.1599,0.2654,0.0399
2016-04-01T01:01:59.500Z,3.8358,70.3122,232.8305,0.302,0.0561,2.8208,60.9055,228.7015,0.2664,0.0476,1.8721,64.0195,233.4448,0.2742,0.0308
2016-04-01T01:02:59.653Z,4.6904,72.9812,232.5975,0.3137,0.0663,3.2631,61.9132,228.531,0.2711,0.0531,2.0389,62.7924,233.4523,0.2684,0.032
2016-04-01T01:03:59.899Z,4.5149,71.7167,232.1148,0.3087,0.0635,2.9219,62.4925,228.4301,0.274,0.0453,1.8525,64.9712,233.5211,0.2781,0.0298
2016-04-01T01:04:59.260Z,4.4784,72.6453,231.997,0.3131,0.0628,2.9931,63.7847,229.9908,0.2776,0.048,2.5778,65.2716,233.569,0.2792,0.0387
2016-04-01T01:05:59.596Z,3.8707,70.9755,231.6696,0.3066,0.0538,2.9058,61.8451,231.2012,0.2677,0.0469,2.2989,64.129,232.8271,0.2753,0.0373
2016-04-01T01:06:59.835Z,4.7237,72.116,231.9857,0.3103,0.0675,2.5923,62.6925,230.7943,0.2717,0.0401,2.3191,63.1112,232.9254,0.2704,0.0362
2016-04-01T01:07:59.119Z,5.0662,73.1009,232.3694,0.3146,0.0702,2.7628,63.5477,231.4062,0.2739,0.0451,2.0639,63.1982,233.4236,0.2704,0.0319
2016-04-01T01:08:59.366Z,4.9825,71.7766,232.3171,0.3089,0.0705,2.5045,64.3634,231.8231,0.2777,0.0387,2.4858,63.0734,233.0977,0.2709,0.04
2016-04-01T01:09:59.653Z,4.4308,72.9785,232.439,0.3143,0.0612,3.0976,62.2889,231.2334,0.2695,0.051,2.1691,63.8984,233.3927,0.2741,0.0333
2016-04-01T01:10:59.824Z,5.0158,72.0751,232.2981,0.3103,0.071,3.4031,64.4312,231.7946,0.2785,0.0516,2.4415,62.3492,232.7619,0.2678,0.0413
2016-04-01T01:11:59.897Z,5.6712,73.0871,232.3836,0.3143,0.0785,2.9826,60.2698,231.5593,0.261,0.0493,2.3013,61.3226,231.9881,0.2646,0.0379
2016-04-01T01:12:59.199Z,4.8071,72.0503,232.8704,0.3094,0.0679,2.8231,62.6171,231.7092,0.2706,0.0437,2.0749,63.3552,231.8872,0.2729,0.0342
2016-04-01T01:13:59.402Z,4.3221,73.084,232.9512,0.3136,0.0601,2.9214,63.3589,231.7623,0.2735,0.0465,2.1121,62.2586,231.7859,0.2684,0.0334
2016-04-01T01:14:59.616Z,5.2714,71.5934,232.5623,0.3079,0.0741,2.9315,62.4898,231.9198,0.2702,0.0479,2.3787,62.516,231.6254,0.2698,0.0388
2016-04-01T01:15:59.854Z,4.5014,73.0886,232.7672,0.3136,0.0639,2.9173,62.7417,232.1026,0.2707,0.0474,1.8751,61.9625,232.0433,0.2665,0.0325
2016-04-01T01:16:59.062Z,5.2221,72.9888,233.3158,0.3126,0.0722,2.9788,64.6292,232.9285,0.2779,0.0479,2.6438,63.2511,232.6903,0.2715,0.0419
2016-04-01T01:17:59.259Z,4.8236,72.5218,233.0455,0.3114,0.0665,3.3248,63.4759,232.6189,0.2735,0.0521,2.1865,64.1162,232.4848,0.276,0.0352
2016-04-01T01:18:59.572Z,5.1026,72.392,232.977,0.3103,0.0711,2.8119,62.8068,232.5338,0.2701,0.0452,2.6707,63.2477,232.3715,0.2722,0.0421
2016-04-01T01:19:59.890Z,5.2243,71.9529,232.962,0.3089,0.0749,2.3655,63.3762,232.1129,0.2727,0.0385,2.0045,63.7208,231.9947,0.2748,0.0307
2016-04-01T01:20:59.102Z,4.3499,71.3661,232.283,0.3068,0.0622,2.7077,61.1214,231.3087,0.2642,0.0447,2.0397,61.3322,231.3871,0.2653,0.0342
2016-04-01T01:21:59.435Z,4.7619,72.0085,232.258,0.31,0.0684,2.9276,62.537,231.3442,0.27,0.0484,2.3022,62.5558,231.1504,0.2704,0.0364
2016-04-01T01:22:59.718Z,5.3426,72.5377,232.1976,0.3126,0.0758,2.6205,62.4923,231.2163,0.2704,0.0426,2.59,63,230.9778,0.2728,0.0414
2016-04-01T01:23:59.929Z,5.0179,72.0396,231.61,0.3105,0.0704,2.8355,62.4773,230.462,0.2711,0.0432,2.5834,62.1655,230.5671,0.2692,0.0416
2016-04-01T01:24:59.205Z,3.876,71.7179,231.3971,0.3097,0.0557,2.803,62.9447,229.8844,0.2733,0.0459,2.4682,63.3904,230.0764,0.2754,0.0403
2016-04-01T01:25:59.542Z,4.5573,72.0833,231.2363,0.3113,0.0627,2.7104,62.2629,230.1086,0.2701,0.0447,2.3,63.4231,230.0818,0.2758,0.0369
2016-04-01T01:26:59.898Z,4.6712,72.3218,231.2707,0.3124,0.0651,2.7587,62.7016,230.4009,0.2723,0.0454,2.1054,63.0003,230.1653,0.2736,0.0334
2016-04-01T01:27:59.075Z,4.8962,71.5555,231.4306,0.309,0.0687,2.3104,61.6028,228.2683,0.27,0.0382,2.028,65.0664,230.8235,0.2819,0.0308
2016-04-01T01:28:59.427Z,4.4639,70.9996,231.774,0.3061,0.0651,2.3392,63.0411,227.9759,0.2765,0.0372,2.4228,62.7912,230.7886,0.272,0.039
2016-04-01T01:29:59.767Z,3.9527,72.2057,231.5276,0.312,0.0568,3.3571,62.532,230.1375,0.2718,0.0526,1.9476,62.7204,230.0677,0.2723,0.0316
2016-04-01T01:30:59.075Z,3.9719,71.9876,231.7253,0.3099,0.0559,2.7044,62.5128,230.6183,0.2709,0.0434,2.5516,62.6559,230.201,0.2723,0.041
2016-04-01T01:31:59.323Z,5.0431,72.0018,231.7085,0.3109,0.0732,3.0933,63.4807,230.8978,0.2754,0.0491,2.6616,62.5492,230.232,0.2719,0.0431
2016-04-01T01:32:59.625Z,4.5978,71.8145,231.2735,0.3105,0.0661,2.8229,63.1886,230.4008,0.2742,0.0443,2.0832,63.3679,231.2818,0.2739,0.0321
2016-04-01T01:33:59.929Z,4.4202,71.9973,231.4475,0.3108,0.0624,2.8113,63.5679,230.1887,0.2759,0.0457,2.2548,64.937,231.7437,0.2802,0.0342
2016-04-01T01:34:59.130Z,4.3894,70.6052,231.5013,0.3049,0.0632,2.6017,60.5984,230.0746,0.2638,0.043,2.4924,62.3086,231.7202,0.2692,0.0407
2016-04-01T01:35:59.290Z,4.977,72.0464,231.2286,0.3115,0.0705,3.0762,62.304,230.2787,0.2704,0.0529,1.45,62.4733,231.9355,0.2691,0.0258
2016-04-01T01:36:59.515Z,4.7088,71.2107,230.9443,0.3085,0.0681,2.397,63.0682,230.3098,0.2738,0.0381,2.2673,62.536,231.5418,0.2702,0.0364
2016-04-01T01:37:59.660Z,4.2916,72.1413,231.3037,0.3122,0.0605,2.6745,61.998,229.9925,0.2698,0.0432,2.1411,63.2258,231.4703,0.273,0.0345
2016-04-01T01:38:59.050Z,4.302,72.1889,231.4081,0.3119,0.0592,2.6452,63.7518,230.339,0.2768,0.0419,1.6738,62.3027,231.7066,0.2688,0.0269
2016-04-01T01:39:59.342Z,5.0226,71.47,231.0969,0.3093,0.0718,2.4189,61.3078,230.1446,0.2665,0.0411,2.2221,63.1605,231.4752,0.2733,0.0349
2016-04-01T01:40:59.647Z,5.0497,72.6293,231.1163,0.3143,0.0708,2.8425,63.369,230.4875,0.2751,0.0464,2.3771,61.7992,231.5942,0.2674,0.0391
2016-04-01T01:41:59.861Z,4.8125,70.9011,230.3733,0.3071,0.0689,2.784,61.8467,230.939,0.2679,0.0448,2.0688,61.8636,232.4001,0.2663,0.0323
2016-04-01T01:42:59.150Z,5.542,70.545,228.968,0.3083,0.0807,2.8648,60.8542,231.0674,0.2628,0.0469,2.3059,60.0433,232.1604,0.2588,0.0389
2016-04-01T01:43:59.430Z,4.9663,71.9618,228.6268,0.3145,0.0696,2.9608,62.7337,230.7013,0.272,0.048,2.0569,62.9455,232.2668,0.2714,0.0329
2016-04-01T01:44:59.774Z,5.2245,71.6689,228.7241,0.3132,0.0745,2.5993,62.7335,230.7111,0.2722,0.0452,2.1933,61.7731,232.4701,0.2658,0.0371
2016-04-01T01:45:59.048Z,4.2393,71.0587,229.0037,0.3107,0.0602,2.75,60.4286,231.0302,0.2618,0.0451,2.7781,63.6763,232.805,0.2736,0.0448
2016-04-01T01:46:59.220Z,4.4586,71.6178,229.3498,0.3122,0.0628,3.067,62.3954,231.2067,0.2693,0.0514,2.3966,65.8847,232.8476,0.2832,0.0367
2016-04-01T01:47:59.547Z,4.7809,71.0102,230.7799,0.3075,0.0679,2.9282,64.3434,231.2014,0.2788,0.0449,2.5402,64.477,232.7959,0.277,0.0409
2016-04-01T01:48:59.855Z,4.5644,72.0024,231.4047,0.3111,0.0649,2.8556,62.4833,231.4693,0.2699,0.0451,2.0344,62.2654,232.6377,0.2675,0.0326
2016-04-01T01:49:59.160Z,4.783,72.3516,231.0541,0.3129,0.0668,2.4101,62.0307,231.3188,0.2682,0.0439,2.3412,62.4959,232.2528,0.2684,0.0379
2016-04-01T01:50:59.371Z,3.6198,71.3643,230.5878,0.3099,0.0507,3.1413,63.7316,231.2135,0.2757,0.0491,1.6125,63.2244,232.2093,0.2721,0.0254
2016-04-01T01:51:59.598Z,3.8847,71.6991,231.1441,0.3104,0.0553,3.1939,61.7965,231.8913,0.2666,0.0525,2.5383,63.0459,232.5662,0.2711,0.0393
2016-04-01T01:52:59.716Z,5.5325,71.9479,231.1331,0.3111,0.0779,2.3202,61.4758,231.019,0.2658,0.0381,2.2268,63.0093,232.7976,0.2708,0.0356
2016-04-01T01:53:59.809Z,5.3642,72.2503,231.4835,0.3121,0.0755,2.5002,59.4108,229.0295,0.2595,0.042,2.024,61.8131,233.0598,0.2648,0.0326
2016-04-01T01:54:59.175Z,4.9957,71.7974,230.9603,0.3109,0.0706,2.915,63.1262,231.3372,0.2731,0.0468,2.6841,63.1909,232.0438,0.2726,0.0428
2016-04-01T01:55:59.249Z,4.9362,72.2219,231.0076,0.3123,0.069,3.0263,61.2092,231.7922,0.2642,0.0498,1.9833,60.7386,231.7095,0.262,0.0326
2016-04-01T01:56:59.421Z,5.3982,73.174,231.5136,0.3156,0.076,2.7942,62.1647,232.431,0.2671,0.0448,2.4215,62.876,232.2258,0.2711,0.0399
2016-04-01T01:57:59.621Z,4.4759,71.4998,231.5559,0.3087,0.063,2.7231,62.6531,232.2002,0.2692,0.0451,1.9687,63.0605,231.9931,0.2718,0.0307
2016-04-01T01:58:59.822Z,4.652,72.8911,231.3664,0.3152,0.0662,2.772,62.9355,231.6434,0.2716,0.0445,2.7577,64.993,231.6069,0.2807,0.0418
2016-04-01T01:59:59.009Z,3.7567,71.1969,231.5063,0.3083,0.0529,2.5064,63.1029,230.994,0.2727,0.0413,1.9863,63.6067,231.8834,0.2736,0.0318
