2016-02-29T00:00:59.923Z,4.823,70.4897,233.2026,0.3023,0.0703,2.4144,62.6233,232.4376,0.2693,0.0382,2.6292,60.8956,233.4238,0.2609,0.0438
2016-02-29T00:01:59.170Z,5.4509,71.7646,233.23,0.3073,0.0776,3.2588,62.6432,232.8073,0.2693,0.0541,2.3376,63.5311,233.4478,0.2714,0.035
2016-02-29T00:02:59.494Z,3.8549,71.3803,233.7655,0.3054,0.0562,2.5219,61.8026,232.9585,0.2654,0.0413,2.0519,63.8445,233.4453,0.2736,0.0334
2016-02-29T00:03:59.722Z,4.7586,72.2413,234.0084,0.3084,0.0676,2.4999,63.4865,233.4853,0.2722,0.041,1.7975,64.0371,233.7853,0.2744,0.0279
2016-02-29T00:04:59.983Z,4.6432,72.6917,234.2554,0.3102,0.0636,2.9627,63.4549,233.2959,0.2723,0.0484,2.046,63.2979,233.7134,0.2714,0.0328
2016-02-29T00:05:59.223Z,4.9374,72.5861,234.4507,0.3094,0.0688,3.102,63.1293,232.8246,0.2708,0.0498,2.1412,61.9939,233.2608,0.2658,0.0344
2016-02-29T00:06:59.483Z,4.7463,72.6593,234.8105,0.3096,0.0666,2.9727,62.5162,233.2501,0.268,0.0474,2.137,62.9585,233.9529,0.2691,0.0348
2016-02-29T00:07:59.762Z,5.3746,74.0733,234.0613,0.3164,0.0749,2.9949,62.9735,232.3997,0.271,0.0481,2.3025,63.6356,233.9169,0.2718,0.037
2016-02-29T00:08:59.858Z,4.8827,72.4557,233.0811,0.3107,0.0686,3.3176,62.8001,232.4633,0.2695,0.0533,2.2789,62.8231,233.4474,0.2691,0.0368
2016-02-29T00:09:59.206Z,4.665,71.332,233.4721,0.3051,0.0659,2.8522,63.4549,233.5832,0.2714,0.0459,2.8623,64.2503,233.039,0.2757,0.0439
2016-02-29T00:10:59.496Z,3.8486,71.4607,233.8709,0.3052,0.0544,2.7447,64.4746,234.289,0.2754,0.0427,2.2855,63.5901,233.4504,0.2725,0.036
2016-02-29T00:11:59.777Z,4.9949,70.98,233.1688,0.3045,0.072,2.6765,63.5598,234.2559,0.271,0.0412,2.6626,63.9618,233.673,0.2738,0.0412
2016-02-29T00:12:59.034Z,5.1367,73.0354,232.9312,0.3135,0.0709,2.6813,61.1703,233.3734,0.2628,0.0465,1.93,63.5018,233.5311,0.2718,0.0331
2016-02-29T00:13:59.417Z,4.8926,72.0998,232.9309,0.3093,0.0689,2.9715,62.8337,233.5383,0.2696,0.0488,1.9958,62.439,233.9753,0.2668,0.0326
2016-02-29T00:14:59.772Z,4.3841,70.6699,233.3342,0.3031,0.064,3.1981,63.6125,233.6897,0.2721,0.0516,2.2589,64.3011,234.3682,0.2747,0.0362
2016-02-29T00:15:59.175Z,3.9112,70.524,232.5493,0.3038,0.0553,2.9414,62.3951,232.4113,0.2688,0.0479,2.3879,64.8981,233.4329,0.278,0.0372
2016-02-29T00:16:59.521Z,4.8345,72.1643,232.2145,0.3102,0.0672,3.1733,62.4358,232.4068,0.2688,0.0508,2.5013,64.5643,233.1921,0.2762,0.0403
2016-02-29T00:17:59.764Z,5.021,71.6966,232.4288,0.308,0.0707,3.0167,62.6563,232.7963,0.2691,0.0487,2.5159,63.9477,233.1603,0.274,0.0388
2016-02-29T00:18:59.112Z,5.0323,72.5746,233.093,0.3113,0.0699,3.0981,63.6863,234.2629,0.2722,0.048,2.1952,63.8506,234.3198,0.2726,0.0347
2016-02-29T00:19:59.413Z,4.1671,72.0462,232.9071,0.3092,0.0586,2.948,63.6534,234.2741,0.2715,0.0468,2.1118,63.6213,234.2721,0.2714,0.0349
2016-02-29T00:20:59.630Z,5.3432,71.4986,233.3126,0.3062,0.0748,3.0235,62.4521,234.4782,0.2666,0.0475,2.2549,64.6388,234.7332,0.2747,0.035
2016-02-29T00:21:59.925Z,5.0389,71.6699,232.6152,0.3086,0.0725,3.1407,63.5332,234.1429,0.2711,0.047,1.8044,63.73,234.4385,0.2716,0.0298
2016-02-29T00:22:59.188Z,4.3266,72.4321,234.0084,0.3098,0.0617,3.3514,63.6688,234.5541,0.2709,0.0518,2.526,64.8128,235.5253,0.2749,0.0384
2016-02-29T00:23:59.466Z,4.4147,72.4187,233.7109,0.309,0.0619,2.9125,64.1921,234.3731,0.2742,0.0442,2.4834,65.0349,235.091,0.2769,0.0384
2016-02-29T00:24:59.762Z,4.8567,71.5371,233.1398,0.3066,0.0698,2.8159,63.8943,233.9452,0.2735,0.0441,2.0067,64.3981,234.6918,0.2746,0.0303
2016-02-29T00:25:59.955Z,5.118,69.9917,232.9709,0.3004,0.0765,3.0108,62.653,233.2947,0.2689,0.0475,2.4175,61.0729,233.6696,0.2621,0.0416
2016-02-29T00:26:59.272Z,4.7593,71.5006,233.3515,0.3064,0.0678,3.1491,61.8429,233.6736,0.2652,0.0518,2.0699,62.7002,233.9156,0.268,0.034
2016-02-29T00:27:59.666Z,3.7532,72.1343,234.1142,0.3084,0.0541,3.1175,63.4886,233.8736,0.2711,0.0491,2.6002,63.332,234.6028,0.2701,0.0415
2016-02-29T00:28:59.009Z,4.7544,72.0098,234.1608,0.3069,0.0679,2.8388,63.2064,233.9268,0.2704,0.044,2.1273,62.2073,234.7262,0.265,0.0359
2016-02-29T00:29:59.202Z,5.0199,72.3973,233.8498,0.3095,0.0718,2.9158,64.4409,233.8529,0.2755,0.0457,2.097,63.9082,235.071,0.2711,0.0326
2016-02-29T00:30:59.510Z,5.1779,71.6649,233.6086,0.3065,0.0739,3.0892,64.093,232.8247,0.2752,0.0471,2.5858,63.9893,234.6874,0.2722,0.0408
2016-02-29T00:31:59.992Z,4.2012,70.8795,233.8591,0.3026,0.0615,2.9143,62.5099,231.9204,0.2689,0.0482,1.8475,62.3643,234.8212,0.2656,0.0312
2016-02-29T00:32:59.265Z,5.4736,72.731,233.8366,0.3107,0.0761,2.2077,61.6606,230.8432,0.2673,0.035,2.5377,64.0782,235.3542,0.2724,0.0404
2016-02-29T00:33:59.494Z,5.5247,72.8632,233.6871,0.3116,0.076,2.8311,62.5907,233.4292,0.268,0.0463,2.2368,62.1564,234.6796,0.2643,0.0354
2016-02-29T00:34:59.699Z,4.5585,71.352,233.957,0.3053,0.0643,3.0658,62.3607,233.7405,0.267,0.0484,2.4704,64.6629,235.1166,0.2748,0.039
2016-02-29T00:35:59.215Z,4.1768,72.1578,233.7444,0.3088,0.0591,2.6953,63.3392,233.3197,0.2716,0.0433,2.7238,63.4603,234.4323,0.2712,0.0414
2016-02-29T00:36:59.505Z,5.205,71.4384,233.6138,0.3062,0.0751,2.8304,63.6775,233.6032,0.2725,0.0482,2.1821,62.0496,234.7205,0.2647,0.0349
2016-02-29T00:37:59.762Z,5.1846,72.7899,233.7212,0.3113,0.0725,2.969,62.5266,233.6044,0.268,0.0469,2.6036,64.1574,234.3035,0.2738,0.0388
2016-02-29T00:38:59.059Z,4.9144,72.5414,234.2518,0.3096,0.0692,3.0416,63.7697,234.2306,0.2719,0.0479,2.3148,63.8709,235.6088,0.2711,0.0373
2016-02-29T00:39:59.385Z,4.2684,71.5184,234.1401,0.3053,0.0611,2.8636,63.4427,233.9455,0.2711,0.0434,2.3911,64.0772,234.6352,0.2727,0.0386
2016-02-29T00:40:59.670Z,5.4182,71.1168,233.5895,0.3045,0.0771,2.9587,62.878,233.244,0.2699,0.0482,1.5658,63.6235,233.8498,0.2722,0.0254
2016-02-29T00:41:59.871Z,4.9923,71.4836,233.6518,0.3058,0.0702,3.0971,63.6773,233.5803,0.2723,0.049,2.0452,62.0132,234.3577,0.2645,0.0329
2016-02-29T00:42:59.234Z,4.8353,70.7237,233.3969,0.3029,0.0697,3.8428,62.519,233.3761,0.2679,0.063,2.0539,64.1358,234.2141,0.2743,0.0326
2016-02-29T00:43:59.487Z,4.9686,71.2389,233.7113,0.3054,0.0713,2.5505,63.6427,233.4476,0.2726,0.0393,1.8124,62.8686,234.1287,0.2687,0.0286
2016-02-29T00:44:59.759Z,4.775,72.8182,233.433,0.312,0.0678,3.1563,63.9433,233.2567,0.2749,0.0526,2.0648,63.1908,234.3258,0.2699,0.033
2016-02-29T00:45:59.970Z,5.0059,71.6075,233.1358,0.3068,0.0699,2.6977,62.6262,232.6182,0.2696,0.0451,2.4151,61.8586,233.8467,0.264,0.0415
2016-02-29T00:46:59.160Z,4.1156,71.2799,233.657,0.3053,0.058,2.9169,63.0929,233.0188,0.2704,0.0478,1.8328,64.6699,234.7416,0.2751,0.028
2016-02-29T00:47:59.447Z,4.6998,71.6254,233.4837,0.3068,0.0663,3.2795,63.6984,232.7778,0.2737,0.0515,2.4099,64.6908,234.8788,0.2756,0.0382
2016-02-29T00:48:59.867Z,4.4447,72.3995,233.4546,0.3103,0.0637,2.9601,62.9951,232.37,0.2716,0.0492,2.1179,64.7421,234.6477,0.2759,0.0323
2016-02-29T00:49:59.198Z,4.9817,71.0403,233.8423,0.3038,0.0726,2.8383,65.0277,233.2842,0.2786,0.043,1.6679,63.8061,235.0166,0.2718,0.0267
2016-02-29T00:50:59.440Z,5.5033,70.82,234.1325,0.302,0.0797,2.8479,63.2425,233.9032,0.2702,0.0446,2.5174,63.3043,235.1773,0.269,0.039
2016-02-29T00:51:59.688Z,4.6743,71.6798,232.2674,0.3086,0.0654,3.1973,63.4581,231.8064,0.2735,0.0495,1.77,63.7882,233.1111,0.2731,0.0288
2016-02-29T00:52:59.851Z,5.1937,72.2626,231.1177,0.3123,0.0733,3.4114,63.2714,232.186,0.2721,0.0557,2.1062,62.2671,233.0141,0.2677,0.0337
2016-02-29T00:53:59.148Z,4.6909,71.5866,231.1331,0.3097,0.0664,2.718,63.3626,232.8989,0.2723,0.0423,2.0519,61.6306,232.7911,0.2648,0.0344
2016-02-29T00:54:59.310Z,5.0043,71.7445,231.5004,0.3096,0.0702,2.9591,63.5166,233.2975,0.2721,0.0464,2.0518,63.9519,233.1784,0.2746,0.0327
2016-02-29T00:55:59.562Z,4.1757,70.4066,230.8018,0.3046,0.0607,2.6529,63.1187,232.4858,0.2722,0.0402,2.4555,64.2034,232.809,0.2757,0.0398
2016-02-29T00:56:59.047Z,4.3703,69.7121,231.1214,0.3013,0.0634,2.8999,62.5416,232.604,0.2689,0.0477,2.1701,63.1497,233.0454,0.2708,0.0332
2016-02-29T00:57:59.284Z,4.9746,71.4487,231.0002,0.3093,0.0701,2.6068,64.3662,232.7924,0.276,0.0412,1.8202,63.5731,233.2278,0.2724,0.0284
2016-02-29T00:58:59.643Z,4.7314,71.0689,230.416,0.3089,0.0687,3.0781,62.9227,231.3189,0.2718,0.0501,2.1556,63.2689,232.3399,0.2719,0.0323
2016-02-29T00:59:59.948Z,4.6667,71.2177,230.4174,0.3089,0.0657,2.4532,61.9561,231.862,0.2675,0.0404,2.1736,62.3725,232.5084,0.2683,0.0341
