2016-04-13T00:00:59.830Z,4.0334,43.2604,231.7149,0.1863,0.0929,2.4568,23.7098,233.4896,0.1018,0.113,2.7453,26.8989,233.6003,0.1157,0.1232
2016-04-13T00:01:59.089Z,4.3833,44.3436,231.4702,0.1918,0.0999,2.0474,22.1916,233.0642,0.0944,0.1049,2.9449,23.2227,233.2441,0.0998,0.1486
2016-04-13T00:02:59.204Z,5.5938,44.0949,231.541,0.1904,0.1275,1.3886,14.5321,232.2844,0.063,0.1085,3.3856,21.2759,232.9533,0.0913,0.1786
2016-04-13T00:03:59.356Z,5.6001,44.5007,231.8282,0.1924,0.1275,2.0162,15.5436,232.0554,0.0674,0.1343,3.1016,20.0913,233.03,0.0868,0.1687
2016-04-13T00:04:59.506Z,4.694,44.0856,232.1004,0.1903,0.1078,1.8784,18.0169,232.2424,0.0771,0.1211,3.1281,20.8815,233.279,0.0901,0.1626
2016-04-13T00:05:59.822Z,3.5045,42.7205,232.7464,0.183,0.0814,1.8581,20.3654,233.0514,0.0874,0.0936,2.4769,25.9373,233.3698,0.1111,0.1215
2016-04-13T00:06:59.055Z,5.1437,44.6721,232.7534,0.1916,0.1152,2.0659,21.1886,233.0004,0.0907,0.1131,3.0577,22.4301,233.339,0.0963,0.1551
2016-04-13T00:07:59.310Z,5.0938,44.0712,232.6238,0.1899,0.116,2.189,20.6149,232.9337,0.0881,0.1219,2.9875,25.351,233.1592,0.1089,0.1396
2016-04-13T00:08:59.586Z,5.013,44.3929,232.8127,0.1904,0.1139,2.1213,20.589,233.0961,0.0883,0.1145,2.7421,25.0514,233.3971,0.1074,0.131
2016-04-13T00:09:59.825Z,4.157,43.6033,233.1892,0.1873,0.0955,2.0195,20.5659,232.7516,0.0885,0.1124,3.1214,23.2574,233.4331,0.0997,0.1566
2016-04-13T00:10:59.023Z,4.8834,44.5607,233.2537,0.1911,0.1098,1.8271,21.4367,231.9,0.0924,0.0963,3.0403,25.5329,233.3089,0.11,0.1406
2016-04-13T00:11:59.516Z,4.8421,44.562,233.4713,0.1905,0.1095,1.5838,22.1049,229.6338,0.0967,0.0793,2.8002,24.3284,233.7193,0.1044,0.1382
2016-04-13T00:12:59.753Z,4.8293,43.8884,233.1492,0.1888,0.1092,1.9165,21.0696,232.7305,0.0912,0.1099,2.9436,24.6907,232.8235,0.1061,0.1425
2016-04-13T00:13:59.171Z,4.1604,43.7118,233.0008,0.1878,0.0949,1.8529,21.2048,233.0827,0.0903,0.0938,2.9308,24.0916,233.0041,0.1033,0.1424
2016-04-13T00:14:59.414Z,3.9273,43.1502,233.1658,0.1852,0.0909,2.0256,19.3618,233.3605,0.0831,0.1082,3.0562,24.9932,233.5045,0.1071,0.1452
2016-04-13T00:15:59.644Z,5.1365,44.0207,233.1459,0.1879,0.1168,2.012,21.9726,233.4438,0.0933,0.0984,2.9929,24.8214,233.792,0.1065,0.1471
2016-04-13T00:16:59.895Z,4.8111,44.0411,233.2454,0.1889,0.11,1.7178,18.1257,233.3823,0.0776,0.1053,2.9868,24.7254,233.9786,0.1057,0.1419
2016-04-13T00:17:59.289Z,5.2123,44.4067,233.4541,0.1899,0.1181,2.4046,20.9362,233.4329,0.0903,0.1304,3.5266,23.3983,233.7419,0.1003,0.1678
2016-04-13T00:18:59.465Z,3.7773,43.1412,233.5154,0.1848,0.0871,2.0193,22.1821,233.0288,0.0947,0.1022,2.9667,24.7958,233.5532,0.1064,0.1403
2016-04-13T00:19:59.835Z,4.1846,43.9136,233.9024,0.1877,0.0944,1.6413,16.6935,233.2647,0.0719,0.1009,3.1284,22.3263,233.3105,0.0959,0.1582
2016-04-13T00:20:59.099Z,5.2508,44.4464,234.1067,0.1902,0.1196,1.5541,20.9567,233.8528,0.0899,0.0962,3.0771,24.1207,233.324,0.1036,0.1457
2016-04-13T00:21:59.443Z,5.3653,44.7977,234.0424,0.1914,0.1191,1.4152,20.7181,233.794,0.0887,0.0819,2.7411,23.5495,233.3444,0.101,0.1362
2016-04-13T00:22:59.809Z,5.5153,44.0618,233.7016,0.1882,0.1263,1.5232,20.4513,233.5524,0.0873,0.087,3.551,23.5576,233.3029,0.1012,0.1657
2016-04-13T00:23:59.214Z,4.1173,43.7824,233.5193,0.1873,0.0927,2.2816,21.6066,233.6388,0.0923,0.1153,3.2433,23.8464,233.5512,0.1021,0.1587
2016-04-13T00:24:59.492Z,5.1662,44.5377,233.4764,0.1904,0.1151,1.8905,21.3119,233.4567,0.091,0.1012,3.166,23.5304,233.3879,0.1013,0.1564
2016-04-13T00:25:59.744Z,5.148,44.2786,233.3691,0.1899,0.1174,2.1707,20.3229,232.7891,0.0875,0.1186,3.3678,25.2822,233.5128,0.108,0.1507
2016-04-13T00:26:59.018Z,4.7907,44.6164,233.6435,0.1912,0.108,1.78,20.8284,231.8389,0.0897,0.1011,2.5966,24.5219,234.0637,0.1048,0.1292
2016-04-13T00:27:59.292Z,4.4323,43.5541,233.9874,0.1863,0.1009,1.5612,20.5785,229.1577,0.0898,0.0834,2.7452,25.5997,234.8177,0.1089,0.1262
2016-04-13T00:28:59.595Z,4.7016,44.7399,233.9077,0.1911,0.1059,1.9709,20.2,229.886,0.0876,0.1167,2.9171,24.5816,234.4592,0.1053,0.1436
2016-04-13T00:29:59.817Z,4.949,44.3714,233.989,0.1899,0.112,1.7622,20.0792,230.1551,0.0868,0.1029,2.6025,24.8884,234.3595,0.1064,0.1341
2016-04-13T00:30:59.085Z,5.0327,44.3418,233.6344,0.1896,0.1147,2.0328,20.232,232.5214,0.0874,0.1181,3.2796,24.959,233.5301,0.1068,0.1461
2016-04-13T00:31:59.395Z,4.1765,43.5276,233.4591,0.1863,0.0952,1.8562,21.1474,232.1559,0.0905,0.0996,2.9015,25.2182,233.7449,0.108,0.1362
2016-04-13T00:32:59.673Z,5.1634,44.1046,233.4223,0.1887,0.1175,1.5129,19.7548,232.5044,0.0851,0.0992,3.2674,24.8445,234.1241,0.106,0.1531
2016-04-13T00:33:59.921Z,5.1396,44.8652,233.3278,0.1924,0.1148,2.0242,21.9149,232.5255,0.0941,0.1036,2.6351,23.0992,233.743,0.0988,0.1398
2016-04-13T00:34:59.125Z,5.0123,43.9392,232.9812,0.1887,0.1139,1.8778,20.2714,232.0879,0.0873,0.1063,3.0644,25.1733,233.2587,0.1077,0.1422
2016-04-13T00:35:59.315Z,3.9756,43.3065,233.0626,0.1854,0.0934,2.4558,22.013,232.2167,0.0945,0.1185,2.8866,26.3347,233.1799,0.1132,0.1299
2016-04-13T00:36:59.683Z,4.6911,44.452,233.2157,0.1908,0.106,2.1708,22.5573,232.3718,0.097,0.11,2.6943,24.3111,233.3274,0.104,0.1293
2016-04-13T00:37:59.810Z,4.9892,44.5413,233.1505,0.1911,0.1129,1.7358,17.2379,232.3422,0.0742,0.116,3.1812,21.454,233.2402,0.0923,0.1643
2016-04-13T00:38:59.018Z,5.2869,44.2846,232.8485,0.19,0.1202,2.0211,19.6045,232.0925,0.0844,0.1183,2.9918,23.0124,232.856,0.099,0.1513
2016-04-13T00:39:59.466Z,4.1177,43.6062,232.8835,0.1867,0.0947,2.0543,20.412,232.7897,0.0879,0.1096,2.7316,23.601,232.7603,0.1016,0.1396
2016-04-13T00:40:59.739Z,4.7782,44.561,233.1873,0.1913,0.1074,1.8918,21.4018,233.6766,0.0919,0.1078,3.0735,24.4753,232.7885,0.1052,0.1408
2016-04-13T00:41:59.861Z,5.4949,44.7701,233.3552,0.192,0.1243,1.8909,16.882,233.4678,0.0722,0.1264,3.1351,19.936,232.7592,0.0857,0.177
2016-04-13T00:42:59.066Z,5.3797,44.2144,233.3456,0.1899,0.1221,1.5966,17.0192,233.3016,0.073,0.1128,3.2347,22.3989,232.7889,0.0963,0.1687
2016-04-13T00:43:59.453Z,3.9326,43.6998,233.0429,0.1876,0.0896,1.8045,20.3565,232.8175,0.087,0.102,2.7283,23.1046,232.505,0.0995,0.1384
2016-04-13T00:44:59.832Z,3.8991,43.6957,232.8241,0.1869,0.0898,1.9248,20.3176,232.7295,0.0873,0.1087,3.129,24.6875,232.4148,0.1063,0.14
2016-04-13T00:45:59.986Z,5.0804,43.6184,232.4902,0.1875,0.1176,1.864,19.9747,231.6258,0.0857,0.1057,2.9263,22.9324,232.3837,0.0989,0.1448
2016-04-13T00:46:59.213Z,5.1149,44.6696,232.8408,0.1918,0.114,1.539,19.7936,229.7301,0.0862,0.0924,2.9081,23.3178,233.0392,0.1,0.1423
2016-04-13T00:47:59.487Z,4.4193,43.9299,232.6789,0.189,0.1014,2.0103,21.7265,233.0114,0.0933,0.0997,2.9759,25.1591,232.4219,0.1081,0.1442
2016-04-13T00:48:59.728Z,4.701,43.5282,231.4099,0.1882,0.1083,1.9083,20.1154,233.5842,0.0862,0.1046,2.8025,23.4146,232.6878,0.1002,0.1442
2016-04-13T00:49:59.969Z,5.4547,44.2164,231.8081,0.1902,0.1232,2.026,20.372,233.9154,0.0869,0.1131,3.0871,25.3319,233.1012,0.1087,0.144
2016-04-13T00:50:59.144Z,5.0501,44.1144,231.4674,0.1901,0.1163,1.7369,19.3102,233.6658,0.0827,0.1109,2.5181,21.8456,232.9242,0.0938,0.1357
2016-04-13T00:51:59.405Z,4.0122,43.0749,231.4355,0.1866,0.0932,2.046,21.5713,233.6091,0.0924,0.1122,3.1285,24.4591,233.1236,0.1049,0.143
2016-04-13T00:52:59.803Z,4.6836,44.1223,231.6566,0.19,0.1071,2.1037,20.653,234.0363,0.0882,0.1191,3.2423,25.3253,233.1646,0.1085,0.1443
2016-04-13T00:53:59.077Z,5.2623,44.7747,232.3853,0.1927,0.1183,2.1874,21.5842,234.0457,0.0917,0.108,3.0234,23.4608,232.9104,0.1009,0.1503
2016-04-13T00:54:59.434Z,4.7551,44.3752,233.2255,0.1903,0.108,1.7826,22.3115,233.7163,0.0959,0.1036,3.1074,23.4695,232.6871,0.1005,0.1522
2016-04-13T00:55:59.736Z,3.991,43.5799,233.2418,0.1867,0.0899,1.9737,19.6295,233.7108,0.0836,0.1155,2.8459,23.578,232.5335,0.1015,0.1384
2016-04-13T00:56:59.119Z,4.0002,43.8863,233.2203,0.1878,0.0908,1.8839,20.7288,233.9444,0.0887,0.1066,3.0412,24.3972,232.7094,0.1051,0.1457
2016-04-13T00:57:59.388Z,5.0464,44.3925,233.405,0.1899,0.1134,1.7986,22.2534,234.337,0.0946,0.0996,3.053,25.1962,233.0055,0.1082,0.1415
2016-04-13T00:58:59.718Z,5.2546,44.566,233.3462,0.1912,0.1181,1.8502,20.319,234.1879,0.0873,0.1071,2.8995,22.964,233.1897,0.0987,0.1502
2016-04-13T00:59:59.067Z,4.9868,43.8926,232.8458,0.1886,0.1134,2.0756,22.0678,233.548,0.0943,0.1132,2.5923,24.3794,233.1298,0.1048,0.1272
2016-04-13T01:00:59.440Z,4.7945,44.5389,232.5049,0.1915,0.1077,2.3031,22.8575,232.8929,0.0988,0.1104,2.8742,25.4325,233.3601,0.1087,0.134
2016-04-13T01:01:59.740Z,5.106,44.5621,232.837,0.1913,0.115,2.236,21.353,232.9307,0.0915,0.1207,2.7945,24.4598,233.3962,0.1047,0.1323
2016-04-13T01:02:59.032Z,5.386,44.2499,232.5911,0.1897,0.1221,1.9913,20.9739,232.6526,0.0902,0.1081,3.0044,24.1404,233.181,0.1034,0.1432
2016-04-13T01:03:59.354Z,4.5297,43.5025,232.617,0.1866,0.1036,2.0232,20.376,232.6557,0.0876,0.1145,2.6916,24.7845,232.9856,0.1064,0.1329
2016-04-13T01:04:59.630Z,4.7948,44.2778,233.1913,0.1895,0.1096,2.0546,21.6013,232.9257,0.093,0.1114,3.2619,23.3904,233.291,0.1005,0.154
2016-04-13T01:05:59.945Z,5.4243,44.6854,233.1473,0.1915,0.1221,2.0562,20.2567,232.6036,0.0873,0.1125,3.0754,24.6346,233.1204,0.1062,0.1473
2016-04-13T01:06:59.171Z,4.6824,43.54,232.9564,0.187,0.1074,1.7017,21.4394,232.3381,0.0926,0.0952,3.3193,24.8593,233.226,0.1063,0.1548
2016-04-13T01:07:59.508Z,4.2125,43.9571,233.0203,0.1887,0.0968,2.3071,19.9447,231.579,0.0861,0.1135,3.2823,24.4074,233.346,0.1046,0.1512
2016-04-13T01:08:59.164Z,4.8329,43.7223,233.5993,0.1876,0.1102,1.5681,20.0648,229.3539,0.0873,0.0862,2.9517,24.1737,234.539,0.1033,0.1392
2016-04-13T01:09:59.517Z,4.9095,44.7138,233.5245,0.191,0.1107,1.6499,20.4978,231.6242,0.0882,0.0937,3.2593,23.9964,233.9607,0.1027,0.1537
2016-04-13T01:10:59.751Z,5.0227,44.2955,233.6992,0.1896,0.1135,1.8735,19.4982,232.6228,0.0838,0.1124,3.5327,23.6091,233.9523,0.1011,0.1657
2016-04-13T01:11:59.074Z,4.4672,43.4826,233.7218,0.1863,0.1021,1.831,20.1764,233.1304,0.0865,0.1008,3.2473,26.4855,233.7987,0.1127,0.1394
2016-04-13T01:12:59.411Z,4.836,44.0191,233.8715,0.1882,0.1102,1.7876,20.845,233.2142,0.0891,0.0957,3.084,25.6817,233.8165,0.1101,0.1449
2016-04-13T01:13:59.713Z,5.0231,44.738,233.9537,0.191,0.1126,1.8437,20.1803,233.2747,0.0867,0.1046,2.6733,24.3013,233.9825,0.1041,0.1365
2016-04-13T01:14:59.138Z,5.2553,44.436,234.044,0.1897,0.1186,1.9123,22.4446,233.5964,0.0963,0.1049,2.8874,24.271,234.0416,0.1038,0.1438
2016-04-13T01:15:59.552Z,4.0058,43.6821,233.9202,0.1861,0.0918,2.0296,21.0021,233.5847,0.0897,0.1072,2.598,24.8753,233.9177,0.1062,0.1298
2016-04-13T01:16:59.884Z,3.5166,43.4881,233.7821,0.186,0.0804,1.9396,22.3756,233.694,0.0955,0.0926,3.2516,24.9576,234.0169,0.1064,0.1501
2016-04-13T01:17:59.044Z,5.1869,44.5243,233.6621,0.1901,0.1166,2.0353,21.876,233.548,0.0933,0.1089,2.9461,23.7961,233.8889,0.1018,0.1459
2016-04-13T01:18:59.370Z,5.4401,44.109,233.2658,0.1891,0.1231,2.0447,21.8368,233.1955,0.0935,0.1032,3.0488,24.3226,233.6074,0.1046,0.1482
2016-04-13T01:19:59.605Z,5.0605,43.69,232.9463,0.1875,0.1162,2.1485,20.6284,233.1767,0.0886,0.114,3.2015,25.3093,233.6073,0.1083,0.1446
2016-04-13T01:20:59.990Z,4.4987,43.8084,232.751,0.188,0.1031,2.4226,22.5876,232.8202,0.0974,0.1085,2.864,24.4321,233.0142,0.1051,0.1381
2016-04-13T01:21:59.310Z,4.9324,43.8033,232.4678,0.1883,0.1128,1.8634,21.3041,232.7079,0.0914,0.0978,2.7752,25.3957,232.8028,0.1092,0.1359
2016-04-13T01:22:59.514Z,4.7312,43.9797,232.4149,0.1891,0.1084,1.8313,21.63,232.9101,0.0925,0.102,2.8064,24.2641,232.6724,0.104,0.1432
2016-04-13T01:23:59.839Z,5.4377,43.8647,232.3977,0.1887,0.124,1.8782,20.2699,233.095,0.0868,0.1039,2.948,22.5807,232.5516,0.0967,0.1537
2016-04-13T01:24:59.080Z,4.1671,43.5051,232.71,0.1871,0.097,2.1628,18.8513,233.4575,0.0812,0.1236,2.9345,22.4828,232.9467,0.0967,0.1507
2016-04-13T01:25:59.368Z,5.0207,44.5608,233.1272,0.1914,0.1133,1.8127,20.3327,233.8454,0.0872,0.0997,3.0325,24.69,233.2721,0.1061,0.1467
2016-04-13T01:26:59.724Z,5.1964,44.4444,233.5033,0.1907,0.1177,1.7305,19.6715,233.9678,0.0843,0.1035,3.1773,22.9388,233.3724,0.0981,0.1604
2016-04-13T01:28:59.367Z,4.4171,44.0069,233.1414,0.1887,0.1009,1.8935,20.6859,233.6346,0.0886,0.1057,3.1223,24.5584,233.2178,0.1054,0.1442
2016-04-13T01:29:59.566Z,4.3252,43.2741,233.1893,0.1856,0.0998,1.8626,19.0024,233.7087,0.081,0.1123,3.0536,25.9386,233.2522,0.1111,0.1358
2016-04-13T01:30:59.928Z,5.1119,44.0623,233.0788,0.1891,0.1167,1.7986,21.2824,233.6736,0.091,0.096,2.6175,25.168,233.1322,0.1076,0.1278
2016-04-13T01:31:59.206Z,4.8522,44.3328,233.3434,0.1903,0.11,1.6512,21.0093,233.6928,0.0906,0.0926,3.179,24.8868,233.5741,0.1064,0.1496
2016-04-13T01:32:59.487Z,4.6713,44.047,233.509,0.1885,0.1069,2.1651,20.547,234.0191,0.0881,0.1112,2.9966,23.8296,233.5688,0.1019,0.1412
2016-04-13T01:33:59.764Z,5.2475,44.9654,233.5358,0.1925,0.1186,2.1322,20.9186,234.1429,0.0896,0.1193,2.8317,22.6208,233.8545,0.0968,0.1478
2016-04-13T01:34:59.976Z,5.0189,44.2827,233.9125,0.1893,0.1134,1.2304,19.883,232.196,0.086,0.0712,3.2835,24.8563,234.5076,0.1063,0.1532
2016-04-13T01:35:59.249Z,4.9648,44.4213,234.0583,0.1899,0.1118,1.7442,19.6191,231.7893,0.0841,0.1004,2.8803,23.9166,234.7987,0.1022,0.1406
2016-04-13T01:36:59.500Z,3.9947,44.0252,233.7495,0.1882,0.0911,1.91,21.8419,233.1986,0.0934,0.1025,2.9468,23.8363,234.1791,0.1022,0.1422
2016-04-13T01:37:59.683Z,4.9066,44.1219,233.687,0.1885,0.111,2.2179,21.6744,233.2493,0.0925,0.1107,2.9768,25.2155,233.9909,0.1081,0.1397
2016-04-13T01:38:59.996Z,5.3501,44.4687,233.7058,0.1904,0.1205,2.075,21.4574,233.28,0.0922,0.1096,2.7805,25.0588,234.0716,0.1072,0.1375
2016-04-13T01:39:59.367Z,4.6904,44.1193,233.5196,0.1889,0.1076,2.0044,20.5964,233.0109,0.0884,0.1179,2.958,23.8699,233.9297,0.1022,0.147
2016-04-13T01:40:59.465Z,5.4601,45.1345,232.6116,0.1936,0.1214,1.4278,13.384,232.8149,0.0574,0.1311,3.264,19.0439,233.8405,0.0814,0.1813
2016-04-13T01:41:59.628Z,5.4469,44.3271,233.2687,0.1901,0.1241,2.1873,19.3914,233.0665,0.0829,0.1254,3.0852,22.5562,233.9965,0.0966,0.1552
2016-04-13T01:42:59.023Z,5.0018,44.6804,233.8141,0.1912,0.1122,2.0848,20.5947,233.4758,0.0886,0.1167,2.9153,24.8631,233.8703,0.1063,0.1391
2016-04-13T01:43:59.372Z,3.9425,43.9343,233.683,0.1885,0.0901,2.1416,20.3935,233.1341,0.0874,0.1208,3.2025,24.4096,233.8124,0.1048,0.1491
2016-04-13T01:44:59.501Z,4.367,43.5938,233.8547,0.1866,0.1002,2.0452,19.9365,233.0954,0.0848,0.1232,2.6868,25.432,233.9985,0.1086,0.1301
2016-04-13T01:45:59.811Z,5.168,44.8816,233.7978,0.1922,0.1161,1.9791,19.6695,232.7823,0.0846,0.1157,2.853,24.0543,234.2636,0.1029,0.1433
2016-04-13T01:46:59.079Z,5.2329,44.9374,233.9952,0.1922,0.1181,2.0516,20.6682,233.0817,0.0889,0.1116,3.1758,23.5217,234.3435,0.1003,0.1588
2016-04-13T01:47:59.434Z,4.6418,43.9255,234.0451,0.1872,0.1057,2.2091,21.927,233.2834,0.0939,0.1126,2.9935,25.6872,234.0272,0.1096,0.1398
2016-04-13T01:48:59.701Z,5.0668,44.5342,233.7857,0.1904,0.1142,1.9842,22.2016,233.5029,0.0952,0.1044,3.2651,23.4679,233.688,0.101,0.159
2016-04-13T01:49:59.969Z,5.3247,44.2291,232.264,0.1905,0.1218,2.3009,20.4704,233.882,0.0878,0.117,3.0189,25.2031,233.8682,0.1077,0.1396
2016-04-13T01:50:59.332Z,4.707,44.4949,232.5182,0.1916,0.1061,1.6236,19.7114,233.8308,0.0846,0.1041,3.0048,23.3958,233.784,0.1,0.1497
2016-04-13T01:51:59.716Z,4.7813,43.737,232.6095,0.1876,0.1093,1.9639,21.9235,233.8586,0.093,0.1027,2.9625,24.1337,233.7647,0.1036,0.1485
2016-04-13T01:52:59.023Z,4.8911,44.1662,231.9284,0.19,0.1119,2.0262,20.5558,233.366,0.0879,0.1066,2.7559,25.0873,233.3068,0.1076,0.1403
2016-04-13T01:53:59.432Z,5.3742,44.5515,232.0196,0.192,0.1218,2.0551,20.5044,233.4298,0.0875,0.1107,3.2379,24.0201,233.286,0.1031,0.1518
2016-04-13T01:54:59.744Z,4.3007,43.9612,232.8152,0.1888,0.099,1.7137,22.0695,232.8938,0.0952,0.0882,2.4703,24.4217,232.9512,0.1048,0.1249
2016-04-13T01:55:59.105Z,3.5446,43.8064,233.6378,0.1878,0.0818,2.0697,22.5989,232.3539,0.0976,0.1024,3.0853,23.9978,232.6891,0.1031,0.1454
2016-04-13T01:56:59.440Z,4.4274,43.6823,233.6207,0.1871,0.1008,1.5091,18.6691,232.8391,0.0798,0.0942,2.9626,25.987,232.548,0.1118,0.1373
2016-04-13T01:57:59.627Z,4.7211,44.8034,233.5644,0.1922,0.1068,1.7573,21.3843,233.0043,0.0916,0.1011,3.1733,22.7225,232.2957,0.0975,0.1558
2016-04-13T01:58:59.050Z,4.7284,44.4933,233.6638,0.19,0.1069,2.0859,20.2644,233.0998,0.0864,0.1231,3.2273,24.9928,232.4749,0.1077,0.1501
2016-04-13T01:59:59.549Z,4.2466,43.6164,234.027,0.1861,0.0982,2.0614,19.6077,233.7347,0.0843,0.1116,2.778,23.8566,232.8892,0.1028,0.1433
2016-04-13T02:00:59.180Z,4.0313,44.6471,234.0577,0.1909,0.0906,1.9559,25.2738,234.2994,0.1081,0.0876,3.0267,25.5232,233.2281,0.1093,0.1381
2016-04-13T02:01:59.746Z,4.5715,43.7935,234.479,0.187,0.1049,2.2155,21.5939,234.1015,0.0925,0.1089,3.0322,24.8803,232.2576,0.1073,0.1443
2016-04-13T02:02:59.988Z,4.9618,44.7376,234.7056,0.1903,0.1123,1.8111,19.2134,234.2468,0.0821,0.1045,2.9552,22.9914,231.8318,0.0992,0.1511
2016-04-13T02:03:59.249Z,5.2487,44.3269,234.1493,0.1893,0.119,1.9429,22.0494,234.1353,0.0941,0.1018,3.0574,24.5164,232.1847,0.1056,0.1458
2016-04-13T02:04:59.462Z,4.636,43.9258,233.6942,0.1878,0.1049,1.8486,21.7224,232.2605,0.0931,0.0922,3.0113,24.5064,232.6678,0.1052,0.1441
2016-04-13T02:05:59.795Z,4.4321,43.8551,233.5639,0.1879,0.1001,1.7659,19.8938,232.1507,0.0852,0.0992,2.7903,23.6711,233.0572,0.1015,0.142
2016-04-13T02:06:59.231Z,4.5068,43.5847,233.4266,0.187,0.103,2.0933,23.1626,234.2474,0.0992,0.1098,2.9203,24.5154,232.4681,0.1058,0.1434
2016-04-13T02:07:59.482Z,5.342,44.3715,233.4454,0.1904,0.121,2.0104,20.6215,234.0696,0.0878,0.1115,3.1208,23.6116,232.537,0.1011,0.149
2016-04-13T02:08:59.689Z,4.9704,43.8881,233.4796,0.188,0.1133,2.0732,19.7103,234.2318,0.084,0.1132,2.7345,24.6186,232.721,0.1064,0.1356
2016-04-13T02:09:59.011Z,4.3879,44.212,233.7504,0.1887,0.1006,1.5749,20.2798,234.154,0.0868,0.1009,2.9471,23.5588,232.783,0.1018,0.1474
2016-04-13T02:10:59.252Z,4.408,44.2965,233.7432,0.1896,0.1002,1.9563,21.1541,233.4399,0.0909,0.1018,2.7676,23.8922,233.1966,0.1023,0.138
2016-04-13T02:11:59.455Z,5.1103,43.8796,233.4957,0.1884,0.1162,2.0016,19.7299,232.9374,0.0852,0.1191,3.2305,24.7018,233.5046,0.1058,0.1505
2016-04-13T02:12:59.726Z,5.1857,44.4716,233.3327,0.1911,0.1174,1.9296,23.0227,232.6213,0.099,0.0969,3.4435,24.5542,233.3432,0.1053,0.1581
2016-04-13T02:13:59.011Z,4.4701,43.8039,233.3923,0.1879,0.1019,2.1087,21.488,233.0099,0.0924,0.1106,2.9887,24.6483,233.78,0.1051,0.14
2016-04-13T02:14:59.243Z,5.227,44.6121,233.5082,0.1908,0.1174,1.8629,19.8671,233.0073,0.0852,0.1036,3.1335,24.8895,233.9543,0.106,0.1505
2016-04-13T02:15:59.516Z,5.3341,43.6173,233.3535,0.187,0.1225,1.9754,19.5931,232.9266,0.0843,0.1164,3.5668,23.5797,233.673,0.1004,0.1664
2016-04-13T02:16:59.041Z,4.843,43.4946,233.3062,0.1866,0.1122,2.1051,19.5709,232.4638,0.0848,0.1148,2.8572,24.7202,233.7934,0.1058,0.1294
2016-04-13T02:17:59.310Z,4.6787,44.5347,233.6228,0.1911,0.1066,1.8704,21.0354,232.584,0.0901,0.1092,3.0057,23.6913,234.0145,0.1011,0.1451
2016-04-13T02:18:59.570Z,5.0849,44.4637,233.6631,0.1905,0.1146,1.7747,20.5922,232.3614,0.0887,0.0973,3.2665,24.3633,233.7508,0.1045,0.1478
2016-04-13T02:19:59.830Z,5.1235,44.0598,233.4274,0.1887,0.1169,1.9968,19.2654,232.5418,0.0829,0.1182,3.1501,23.5821,233.5971,0.1008,0.1507
2016-04-13T02:20:59.262Z,4.0231,43.5346,233.2927,0.1869,0.0921,1.8034,21.857,232.5343,0.094,0.0966,2.5396,23.5683,233.2612,0.1007,0.1317
2016-04-13T02:21:59.556Z,4.6005,44.8325,233.6548,0.192,0.1046,1.8989,20.2217,232.9742,0.0872,0.1176,3.3588,22.2233,233.3386,0.0954,0.168
2016-04-13T02:22:59.740Z,5.2881,43.6968,233.3804,0.1877,0.1207,1.9364,20.5301,233.2675,0.0879,0.109,2.7774,26.1125,233.6252,0.1116,0.1318
2016-04-13T02:23:59.099Z,5.0302,44.0102,232.8704,0.1894,0.1146,1.8944,20.4321,233.3036,0.0871,0.1123,3.042,24.4574,232.8866,0.1051,0.1429
2016-04-13T02:24:59.309Z,4.0853,43.0477,233.623,0.1843,0.0946,1.8079,18.6326,233.5281,0.0799,0.1036,3.0853,25.7377,230.3948,0.1121,0.1441
2016-04-13T02:25:59.470Z,5.2624,44.326,232.5047,0.1908,0.1185,1.9197,19.3935,233.5144,0.083,0.1155,2.931,23.9966,232.6075,0.103,0.1422
2016-04-13T02:26:59.845Z,5.2334,44.6038,232.5583,0.1923,0.1164,1.9508,20.3055,233.4715,0.0867,0.1078,2.9533,23.4428,233.2558,0.1007,0.151
2016-04-13T02:27:59.146Z,5.1725,43.6373,232.8324,0.1871,0.1192,1.6383,21.423,233.3443,0.0916,0.087,3.1494,25.1535,233.2198,0.1079,0.1461
2016-04-13T02:28:59.382Z,4.155,43.9649,233.5435,0.1882,0.0946,1.9879,19.8711,233.1184,0.0851,0.0998,3.4078,24.0799,233.2568,0.1035,0.1575
2016-04-13T02:29:59.639Z,5.2112,44.5074,233.0645,0.1907,0.1165,1.4933,17.8826,232.5757,0.077,0.0945,3.4303,23.8965,232.7836,0.1033,0.1654
2016-04-13T02:30:59.840Z,4.7067,43.788,232.9075,0.1884,0.1088,2.247,20.5858,232.043,0.0887,0.1147,2.8853,25.269,232.5734,0.1081,0.1293
2016-04-13T02:31:59.141Z,4.6877,43.5068,233.0042,0.1869,0.1076,1.5421,21.4022,232.123,0.0918,0.0901,2.9942,25.3899,232.495,0.1089,0.1399
2016-04-13T02:32:59.517Z,3.4254,43.7255,233.4543,0.1876,0.078,2.0505,21.1614,232.4213,0.0904,0.1049,3.1258,24.2378,232.1708,0.1047,0.1482
2016-04-13T02:33:59.849Z,4.2629,44.4161,233.7821,0.1909,0.0965,1.7955,21.9226,232.9142,0.0941,0.0976,3.1954,23.5518,232.3966,0.1016,0.1513
2016-04-13T02:34:59.109Z,4.7404,44.7171,233.9128,0.191,0.1067,1.9165,20.6899,233.1979,0.0889,0.1004,3.1539,23.9934,233.0289,0.1027,0.1482
2016-04-13T02:35:59.312Z,5.529,43.7953,233.7183,0.1874,0.1261,1.8743,19.5983,233.1626,0.0839,0.1036,3.8097,25.7804,233.0246,0.111,0.1615
2016-04-13T02:36:59.678Z,4.8714,44.5446,233.8664,0.1911,0.1097,1.9653,22.9337,233.4336,0.0979,0.0992,3.1295,23.2149,232.9501,0.0998,0.1482
2016-04-13T02:37:59.259Z,4.1162,43.9701,233.5208,0.1883,0.0934,1.9568,20.8542,232.7154,0.0891,0.1041,2.9533,23.7797,233.4283,0.1017,0.1461
2016-04-13T02:38:59.502Z,4.4226,43.3723,233.8038,0.1853,0.1029,1.6626,19.4121,229.854,0.0847,0.087,2.982,25.3946,234.4296,0.1087,0.1363
2016-04-13T02:39:59.800Z,5.1844,44.0686,233.6722,0.1889,0.1175,1.8421,19.9516,232.2857,0.0857,0.1084,2.8116,23.6798,233.8491,0.1009,0.1441
2016-04-13T02:40:59.100Z,4.9832,43.9428,233.498,0.1886,0.1138,1.7408,21.2966,232.7158,0.0913,0.0966,2.8956,25.4688,233.7271,0.1089,0.1327
2016-04-13T02:41:59.315Z,4.2656,43.7576,233.2244,0.1877,0.0984,2.1665,22.2371,233.097,0.0954,0.1099,3.3249,25.407,233.6858,0.1082,0.1492
2016-04-13T02:42:59.600Z,4.1915,42.3121,233.1977,0.1813,0.1002,1.7266,15.5809,233.3343,0.0665,0.1182,2.8134,27.5498,233.2041,0.1185,0.1223
2016-04-13T02:43:59.069Z,4.3676,42.7635,233.6115,0.183,0.1012,1.732,17.3356,233.7353,0.0741,0.1057,2.9236,25.729,233.4459,0.1105,0.1396
2016-04-13T02:44:59.310Z,5.0492,44.2225,233.3915,0.189,0.1145,2.1276,18.7802,233.4154,0.0803,0.1234,3.3378,24.84,233.3145,0.1064,0.1534
2016-04-13T02:45:59.668Z,4.8521,44.2351,233.1778,0.1896,0.1109,2.0304,22.0215,233.2235,0.094,0.1071,3.208,22.7524,233.161,0.0973,0.1589
2016-04-13T02:46:59.159Z,4.481,43.2601,232.9651,0.1856,0.1027,1.7129,18.6152,233.3016,0.0803,0.1052,3.2957,24.7186,233.3104,0.1064,0.1461
2016-04-13T02:47:59.273Z,5.0974,43.8401,232.8674,0.1882,0.1166,1.8983,20.3885,233.4517,0.0871,0.1082,3.3395,25.0725,233.4346,0.1075,0.1502
2016-04-13T02:48:59.726Z,5.1567,44.077,232.5031,0.1896,0.1165,1.3527,19.5125,233.1251,0.0835,0.0843,3.5536,25.7665,233.3815,0.1102,0.1512
2016-04-13T02:49:59.006Z,5.0294,43.754,232.5667,0.1883,0.115,1.8662,20.476,233.1919,0.088,0.0994,3.1467,23.1387,233.3104,0.099,0.1543
2016-04-13T02:50:59.382Z,4.0029,43.3663,232.5499,0.1862,0.0913,2.109,20.7977,232.9055,0.0895,0.1204,2.8359,24.1192,233.2196,0.1034,0.1409
2016-04-13T02:51:59.568Z,4.1886,43.1896,232.7945,0.1857,0.0962,1.7043,20.1786,232.8005,0.0862,0.106,3.3655,24.9242,233.4366,0.107,0.1491
2016-04-13T02:52:59.883Z,4.9546,43.7132,231.4008,0.189,0.1126,1.683,20.0934,232.9837,0.0862,0.0966,3.0631,25.8216,233.5582,0.1108,0.1419
2016-04-13T02:53:59.189Z,4.9264,43.5252,231.1341,0.1887,0.1143,2.3517,22.0186,232.9512,0.0942,0.1033,3.3084,24.6174,233.5674,0.1051,0.1536
2016-04-13T02:54:59.603Z,4.9333,44.162,231.2655,0.1912,0.1122,1.8363,21.753,232.9662,0.0933,0.1049,2.991,23.1032,233.5196,0.0988,0.1492
2016-04-13T02:55:59.003Z,3.9499,43.1021,230.5352,0.1876,0.0921,2.4029,21.6238,233.3304,0.0924,0.1102,3.0546,24.6062,233.176,0.1054,0.1431
2016-04-13T02:56:59.436Z,3.9176,44.3101,230.3341,0.1926,0.0875,2.1108,21.6152,233.462,0.0933,0.1123,2.7793,22.251,233.2402,0.0955,0.144
2016-04-13T02:57:59.735Z,4.6322,44.1376,230.3215,0.1915,0.106,1.8612,20.806,233.1277,0.0892,0.1011,2.8782,24.1798,233.4157,0.1035,0.1408
2016-04-13T02:58:59.089Z,5.2094,44.2782,232.5922,0.1901,0.1183,1.8487,21.4683,232.1978,0.0922,0.1013,2.9116,25.218,232.9422,0.1082,0.1387
2016-04-13T02:59:59.385Z,4.6074,43.8059,233.1847,0.1883,0.1064,2.0508,21.1414,229.6357,0.0924,0.1096,3.0871,24.5659,233.8178,0.1049,0.1448
