2016-01-22T00:00:59.759Z,496.3924,779.9396,232.7329,3.3622,0.3634,496.4966,771.006,230.6255,3.3479,0.3586,901.5752,1220.6196,230.7292,5.3104,0.8024
2016-01-22T00:01:59.211Z,1076.0933,1513.0804,231.7531,6.529,0.711,1090.273,1570.8846,230.4285,6.8172,0.694,1584.5026,2162.4413,229.3056,9.4296,0.7321
2016-01-22T00:02:59.505Z,1171.3346,1592.3223,230.7206,6.9014,0.7358,1206.5151,1648.3819,229.8634,7.1712,0.7323,1709.0119,2269.5789,229.1759,9.9032,0.7523
2016-01-22T00:03:59.788Z,1173.0854,1594.5518,230.4973,6.9177,0.7366,1214.5511,1652.3,229.6646,7.1941,0.7351,1715.5778,2274.3474,229.4129,9.9133,0.7536
2016-01-22T00:04:59.962Z,1166.4538,1586.2201,230.8333,6.8715,0.7355,1229.8018,1669.7984,230.3547,7.2488,0.7369,1710.9228,2279.9883,229.3446,9.9413,0.7504
2016-01-22T00:05:59.377Z,1198.0946,1601.3865,230.6587,6.9422,0.7488,1238.9533,1682.9267,229.7306,7.3255,0.7367,1708.1036,2255.3429,228.1811,9.8844,0.7587
2016-01-22T00:06:59.859Z,1216.6815,1625.8415,231.109,7.0349,0.748,1235.7757,1681.1127,229.3383,7.33,0.7351,1721.522,2256.1462,228.1969,9.8871,0.7637
2016-01-22T00:07:59.154Z,1211.1212,1618.5625,230.8024,7.0125,0.7488,1251.9907,1699.8309,230.3809,7.3783,0.7366,1717.782,2266.4383,228.919,9.9004,0.7591
2016-01-22T00:08:59.442Z,1208.2288,1610.5788,230.4327,6.9889,0.7502,1269.6422,1712.0048,230.5934,7.4241,0.7413,1722.8979,2276.8323,228.9847,9.9429,0.7571
2016-01-22T00:09:59.723Z,1225.968,1629.7084,230.5096,7.0704,0.7524,1271.0502,1712.4769,229.9977,7.4463,0.7423,1734.212,2277.3457,229.2037,9.9352,0.7606
2016-01-22T00:10:59.995Z,1236.2543,1641.3971,230.6526,7.1165,0.7528,1286.1127,1722.8201,229.9104,7.494,0.747,1754.6191,2299.199,229.7355,10.0078,0.7624
2016-01-22T00:11:59.189Z,1209.0201,1616.4763,230.065,7.0261,0.7483,1266.6625,1696.272,229.7682,7.3823,0.7467,1738.4332,2282.7091,229.3638,9.9524,0.7609
2016-01-22T00:12:59.423Z,1209.534,1630.6128,230.7097,7.0677,0.741,1244.1807,1671.0246,228.8832,7.3008,0.7442,1748.3546,2280.8026,229.7647,9.9263,0.7683
2016-01-22T00:13:59.876Z,1213.1372,1637.6252,230.9062,7.0921,0.7403,1247.7122,1672.4094,229.0369,7.3019,0.7462,1758.8693,2288.5509,229.7568,9.9608,0.77
2016-01-22T00:14:59.178Z,1157.4039,1593.9526,231.4713,6.8863,0.7258,1182.2522,1621.3579,229.1208,7.0761,0.7288,1694.9296,2229.7103,229.8455,9.7007,0.7602
2016-01-22T00:15:59.473Z,1125.9909,1559.4913,231.239,6.744,0.722,1140.1776,1587.5503,228.9482,6.9341,0.7184,1645.3564,2173.5042,229.193,9.4828,0.7566
2016-01-22T00:16:59.817Z,1116.7928,1540.4308,230.9392,6.6702,0.725,1152.5429,1602.8402,229.8664,6.973,0.7196,1628.0154,2168.5924,229.1238,9.465,0.7499
2016-01-22T00:17:59.065Z,1128.1693,1549.6909,231.6365,6.6901,0.7278,1157.4659,1620.2436,230.263,7.0358,0.7145,1620.0884,2162.1608,229.2356,9.4319,0.75
2016-01-22T00:18:59.387Z,1133.835,1553.7527,231.8081,6.7021,0.7298,1154.0551,1621.4297,230.4187,7.0367,0.7114,1618.027,2157.6393,229.1246,9.4168,0.7498
2016-01-22T00:19:59.725Z,1147.976,1565.437,231.5591,6.7608,0.7332,1163.7367,1624.9323,230.3999,7.0523,0.7164,1632.2724,2163.0967,228.7164,9.4576,0.7546
2016-01-22T00:20:59.940Z,1143.1609,1565.7013,231.9956,6.7492,0.7301,1157.1993,1627.1022,230.7238,7.0523,0.7109,1623.6927,2158.9357,229.1096,9.4231,0.7526
2016-01-22T00:21:59.293Z,1154.6343,1581.9322,232.833,6.7937,0.7301,1173.2197,1648.1453,231.0387,7.1337,0.7117,1639.4438,2181.8899,229.8321,9.4933,0.751
2016-01-22T00:22:59.577Z,1171.3356,1601.0209,232.7214,6.8797,0.7322,1180.0623,1646.2426,230.0254,7.1569,0.7172,1661.5224,2192.834,230.0201,9.5329,0.7596
2016-01-22T00:23:59.876Z,1164.0832,1587.4553,232.459,6.8283,0.733,1191.1778,1653.557,230.342,7.179,0.7203,1655.06,2195.1207,230.1196,9.539,0.7536
2016-01-22T00:24:59.193Z,1166.0933,1587.7995,232.018,6.8433,0.7334,1199.665,1650.3747,230.2011,7.1689,0.7265,1672.9017,2208.6048,230.004,9.602,0.7566
2016-01-22T00:25:59.443Z,1169.9896,1593.367,232.0952,6.8648,0.7343,1206.4562,1653.9307,230.0693,7.1887,0.7299,1680.9468,2217.1639,230.1398,9.6339,0.7594
2016-01-22T00:26:59.781Z,1164.0833,1586.0679,231.4357,6.853,0.7343,1219.2848,1659.8221,230.469,7.2021,0.735,1688.9044,2235.2081,230.6826,9.689,0.7561
2016-01-22T00:27:59.027Z,1172.5242,1603.5024,232.2647,6.9038,0.7312,1227.0374,1678.6767,231.1613,7.2615,0.7312,1696.6637,2253.8833,231.7193,9.7264,0.7507
2016-01-22T00:28:59.196Z,1174.141,1616.5127,232.5008,6.9524,0.7266,1218.4868,1666.0389,231.015,7.2118,0.7314,1711.8197,2265.6063,232.1457,9.7596,0.755
2016-01-22T00:29:59.550Z,354.3063,530.7799,233.381,2.2864,0.2567,368.7167,540.9934,232.0829,2.3395,0.2557,631.5003,827.6677,233.8416,3.5641,0.6553
2016-01-22T00:30:59.819Z,2.4153,71.466,233.5573,0.306,0.0337,3.5593,62.8366,231.9255,0.2712,0.0569,1.9838,63.8711,234.6143,0.2721,0.032
2016-01-22T00:31:59.105Z,2.376,72.3328,232.7187,0.3107,0.034,3.059,63.0111,232.3068,0.2716,0.052,2.1592,63.6056,234.4888,0.2714,0.0354
2016-01-22T00:32:59.316Z,1.9124,70.2355,232.4018,0.3025,0.0271,3.6838,63.6129,232.9169,0.2729,0.06,2.1591,61.7823,234.4687,0.2635,0.0352
2016-01-22T00:33:59.547Z,3.0043,72.1042,232.9174,0.3092,0.042,3.4343,62.2682,230.1859,0.2707,0.0554,1.5887,63.6116,235.2233,0.2708,0.0245
2016-01-22T00:34:59.900Z,2.9185,70.6402,233.3888,0.303,0.0404,3.7387,62.2213,231.9871,0.2682,0.0609,1.9578,63.5701,235.0799,0.2703,0.0312
2016-01-22T00:35:59.117Z,2.0371,70.935,232.0792,0.3052,0.0281,3.8957,62.4924,231.1024,0.2704,0.063,1.8832,63.0357,233.2542,0.2704,0.0289
2016-01-22T00:36:59.433Z,2.2434,71.4924,231.7951,0.3086,0.0305,3.6528,62.0849,230.6641,0.2696,0.0576,2.2042,62.8207,233.1166,0.2692,0.0351
2016-01-22T00:37:59.736Z,2.5135,69.8937,232.4112,0.3013,0.037,3.6916,62.2709,231.2032,0.2693,0.0609,1.8853,62.232,233.9374,0.2654,0.0316
2016-01-22T00:38:59.159Z,2.7893,71.6873,232.8784,0.3077,0.0371,3.7748,63.4419,231.3418,0.274,0.0614,2.0091,64.129,233.8266,0.2738,0.0313
2016-01-22T00:39:59.371Z,3.0067,70.5218,232.7808,0.303,0.0425,3.6111,61.7345,231.073,0.2674,0.0569,1.5813,64.1743,233.8979,0.2748,0.0251
2016-01-22T00:40:59.671Z,2.4308,71.0224,232.8721,0.3049,0.0353,3.3692,62.996,231.0822,0.2727,0.054,2.0237,61.9601,234.0111,0.2651,0.0348
2016-01-22T00:41:59.970Z,2.0891,71.6558,233.0425,0.3074,0.0291,3.5748,63.2276,231.7724,0.2729,0.0575,2.4229,62.1879,234.0802,0.2654,0.0405
2016-01-22T00:42:59.438Z,2.099,71.1357,233.1374,0.3053,0.0308,2.9679,60.5469,232.3052,0.2604,0.0497,1.8388,62.8097,234.1858,0.2677,0.031
2016-01-22T00:43:59.795Z,2.4662,70.7132,232.9454,0.3038,0.036,3.7291,64.1929,232.1543,0.276,0.0575,1.6675,64.4108,233.8405,0.2754,0.0255
2016-01-22T00:44:59.072Z,2.1943,71.3791,232.8781,0.3062,0.0315,3.5153,63.2457,232.0635,0.272,0.0561,1.9529,64.2528,233.8703,0.2745,0.0299
2016-01-22T00:45:59.216Z,3.0166,70.9392,232.4175,0.3048,0.0437,3.2255,63.0946,231.5893,0.2724,0.0515,31.824,84.0973,232.7277,0.362,0.2238
2016-01-22T00:46:59.409Z,2.5,71.5136,232.1381,0.3081,0.0348,3.8046,62.3987,230.9514,0.2705,0.0615,32.406,85.0562,232.4492,0.366,0.2264
2016-01-22T00:47:59.763Z,2.7403,70.9853,232.0477,0.3064,0.0387,3.6053,62.66,231.7238,0.2708,0.0587,1.871,62.3715,232.8227,0.2681,0.0312
2016-01-22T00:48:59.195Z,2.7254,71.1843,232.3767,0.3061,0.04,3.5644,61.5306,231.3753,0.2662,0.0593,2.1576,62.8566,233.3447,0.2688,0.0342
2016-01-22T00:49:59.415Z,2.357,70.9191,232.2887,0.305,0.033,3.3995,63.3018,231.6505,0.2732,0.0549,2.128,64.1443,233.8495,0.274,0.0343
2016-01-22T00:50:59.755Z,1.8782,70.4664,232.5745,0.3031,0.0265,3.2809,61.9282,231.5129,0.2671,0.0529,2.2007,64.3524,233.6034,0.2755,0.0354
2016-01-22T00:51:59.969Z,2.1075,70.3413,232.7422,0.3019,0.028,3.5178,61.8048,231.6752,0.2669,0.056,1.8367,61.937,231.8855,0.2676,0.0297
2016-01-22T00:52:59.207Z,2.8208,71.2077,232.4273,0.3061,0.0412,3.1653,61.7067,231.2673,0.2667,0.0539,2.2253,62.7967,231.7203,0.2714,0.0379
2016-01-22T00:53:59.397Z,2.1688,70.6581,232.549,0.3044,0.031,3.1384,61.8301,231.0336,0.2671,0.0508,2.122,63.7153,231.6254,0.2751,0.0353
2016-01-22T00:54:59.648Z,2.4848,70.8791,232.8354,0.3046,0.0344,3.281,63.1493,231.2134,0.2732,0.052,1.6835,61.9832,231.4022,0.2681,0.028
2016-01-22T00:55:59.858Z,3.3703,71.4029,232.0414,0.3079,0.0472,3.1352,63.4352,230.506,0.2759,0.0495,62.2147,109.0371,230.7421,0.4727,0.4242
2016-01-22T00:57:59.212Z,4.7219,70.1629,232.2955,0.3021,0.0686,3.0537,61.7844,230.4056,0.2682,0.0493,2.1659,60.9864,231.0985,0.2635,0.0376
2016-01-22T00:58:59.334Z,5.1931,70.7111,232.5788,0.3037,0.0747,2.6998,62.4064,230.3782,0.2707,0.0429,2.1519,62.3184,231.6186,0.2691,0.0336
2016-01-22T00:59:59.664Z,5.0427,71.1688,232.8255,0.3057,0.0718,2.9864,62.1138,230.5026,0.2698,0.0481,2.2354,63.3057,231.6781,0.2734,0.0342
2016-01-22T01:00:59.079Z,4.8304,70.1533,232.7587,0.3011,0.0706,3.4001,62.3178,231.0081,0.2696,0.0556,1.941,62.6692,231.6801,0.2701,0.0313
2016-01-22T01:01:59.354Z,5.1087,72.1286,232.8723,0.3101,0.0701,3.6441,62.8089,231.0434,0.2722,0.0589,2.017,62.1232,231.847,0.2681,0.0335
2016-01-22T01:02:59.495Z,4.7829,71.4707,232.517,0.3073,0.0675,3.0358,61.6368,230.751,0.2674,0.0491,1.5387,61.57,231.8992,0.2657,0.0245
2016-01-22T01:03:59.650Z,5.5964,71.3893,232.4627,0.3067,0.0785,2.8151,62.6062,230.4557,0.2714,0.0441,2.1215,61.7752,231.7896,0.2668,0.0337
2016-01-22T01:04:59.016Z,5.465,71.2077,232.603,0.3059,0.0781,2.9437,62.1292,230.2429,0.2701,0.047,2.9328,63.7583,231.6667,0.2757,0.0456
2016-01-22T01:05:59.242Z,4.948,72.1517,232.4187,0.3107,0.0689,3.3859,61.9979,230.0152,0.2696,0.0548,39.9524,92.1167,230.9415,0.3992,0.2718
2016-01-22T01:06:59.656Z,2.9267,69.9153,231.5526,0.302,0.0424,3.5943,61.6615,229.7585,0.268,0.0579,24.7944,79.3131,231.0616,0.3433,0.1807
2016-01-22T01:07:59.150Z,3.446,70.5359,233.1978,0.3018,0.0481,3.6878,62.4201,231.8562,0.2691,0.0609,1.9978,63.4388,232.0112,0.274,0.0296
2016-01-22T01:08:59.696Z,2.8388,71.609,233.5536,0.3063,0.0395,3.5024,62.581,231.9532,0.2696,0.0563,1.9199,62.6026,232.2076,0.2701,0.0316
2016-01-22T01:09:59.909Z,2.6897,72.0841,233.6342,0.3088,0.0366,3.8325,63.45,232.3932,0.2727,0.0611,2.2973,63.3777,232.2543,0.2725,0.0376
2016-01-22T01:10:59.172Z,2.1203,71.2928,233.7839,0.3047,0.0298,3.556,63.0206,232.2096,0.2717,0.0586,1.6708,63.2099,232.2298,0.2719,0.0274
2016-01-22T01:11:59.412Z,2.2531,70.6275,234.4174,0.301,0.0323,3.4244,62.6453,231.937,0.2701,0.0552,2.2614,62.011,231.0454,0.2688,0.0359
2016-01-22T01:12:59.613Z,2.6691,71.7914,234.0687,0.3064,0.0374,3.5376,61.5477,231.7213,0.2659,0.057,2.3408,61.8403,230.9036,0.2678,0.0373
2016-01-22T01:13:59.880Z,2.3709,71.8177,233.5668,0.3074,0.033,3.6676,63.3189,231.4829,0.2735,0.0587,1.8536,62.5999,232.3315,0.2698,0.0285
2016-01-22T01:14:59.123Z,2.033,72.0245,233.4913,0.3083,0.0296,3.3928,61.9861,229.5713,0.2694,0.0546,1.9834,63.4174,233.8681,0.2712,0.0312
2016-01-22T01:15:59.448Z,3.2896,72.1328,232.9499,0.3095,0.0462,3.5103,62.381,227.5964,0.2742,0.0575,8.2812,67.0689,233.7384,0.287,0.0739
2016-01-22T01:16:59.718Z,3.0253,71.2746,232.1819,0.3068,0.0433,3.3992,62.8603,230.3898,0.2727,0.0544,56.3793,103.5398,232.8187,0.4453,0.3763
2016-01-22T01:17:59.998Z,2.1593,72.5248,233.2531,0.3104,0.0293,3.5467,62.2162,231.449,0.2691,0.0571,1.7459,62.7248,233.7563,0.2689,0.027
2016-01-22T01:18:59.268Z,1.6866,70.3976,232.9803,0.3022,0.0227,3.4111,62.5618,231.9613,0.2699,0.056,1.9631,63.2036,233.6974,0.27,0.031
2016-01-22T01:19:59.594Z,2.6801,71.3151,232.6003,0.3062,0.0386,3.6922,62.7886,231.9152,0.2708,0.0591,2.0738,61.9221,233.7178,0.265,0.0328
2016-01-22T01:20:59.877Z,3.1267,70.4162,232.8092,0.3025,0.0467,3.7454,62.9313,232.422,0.2709,0.0577,2.1423,62.9071,233.9962,0.2688,0.033
2016-01-22T01:21:59.176Z,2.7064,69.9814,232.8892,0.3,0.0396,3.2969,61.3793,232.5704,0.264,0.056,1.2769,62.1016,233.7597,0.2654,0.022
2016-01-22T01:22:59.415Z,2.4257,71.0335,232.5895,0.3055,0.0351,3.4758,62.7844,232.5059,0.27,0.0557,1.9266,62.9349,233.4956,0.2697,0.0332
2016-01-22T01:23:59.529Z,2.1767,70.6365,232.0501,0.3044,0.03,3.1427,62.7648,231.4296,0.2718,0.0512,1.6527,63.6682,233.28,0.2727,0.0254
2016-01-22T01:24:59.904Z,2.9862,71.0412,232.5475,0.3061,0.0424,4.1384,61.4675,230.3099,0.2664,0.0685,1.819,64.8012,233.6343,0.2776,0.0274
2016-01-22T01:25:59.168Z,3.5011,69.7683,232.2157,0.3006,0.0509,3.8593,62.2353,230.2934,0.2702,0.0619,1.8392,62.4939,233.4907,0.267,0.0298
2016-01-22T01:26:59.531Z,4.0124,70.4798,232.5958,0.3027,0.0587,3.5736,62.4587,230.4442,0.2708,0.0584,63.3215,109.8612,232.7034,0.4725,0.4188
2016-01-22T01:27:59.829Z,5.0314,71.471,233.266,0.3062,0.0705,3.4151,62.4254,231.5301,0.2703,0.0562,2.2325,63.1551,234.6277,0.2695,0.0354
2016-01-22T01:28:59.202Z,5.187,72.4432,232.9131,0.3109,0.074,2.9504,63.608,231.5556,0.2749,0.0471,2.0792,64.3893,234.5876,0.2742,0.032
2016-01-22T01:29:59.676Z,2.3141,71.4655,232.6036,0.3071,0.0328,3.1725,62.7538,231.278,0.2714,0.05,1.9755,62.6408,234.0707,0.2676,0.0318
2016-01-22T01:30:59.880Z,2.2193,70.462,232.2729,0.3037,0.0311,3.8737,62.8981,231.3978,0.2719,0.0646,56.7252,90.8329,233.5125,0.3892,0.5465
2016-01-22T01:31:59.093Z,2.7642,71.7484,232.4402,0.3083,0.038,3.5533,62.3423,231.9826,0.2689,0.0577,82.664,103.6852,232.7433,0.4452,0.7983
2016-01-22T01:32:59.358Z,3.1262,71.2668,232.4001,0.306,0.0453,3.3231,63.0286,231.7141,0.2722,0.053,81.9389,102.8986,233.074,0.4414,0.7973
2016-01-22T01:33:59.639Z,2.1676,71.6637,232.4408,0.3084,0.0304,3.2679,60.9864,231.6811,0.2628,0.0546,81.9836,102.9317,233.3066,0.4412,0.798
2016-01-22T01:34:59.895Z,2.5333,72.4889,232.6313,0.3112,0.0341,3.52,63.3719,231.4376,0.2741,0.0562,82.4474,102.9357,232.8796,0.4421,0.8015
2016-01-22T01:35:59.198Z,2.572,70.6566,232.5728,0.3033,0.036,3.4912,62.013,230.0719,0.2696,0.0562,82.4118,104.3199,233.0692,0.4474,0.7908
2016-01-22T01:36:59.467Z,3.2857,70.684,232.3295,0.3038,0.0479,3.0014,61.8336,230.5859,0.2681,0.0529,142.9653,164.5656,232.2942,0.7096,0.8504
2016-01-22T01:37:59.580Z,3.2463,70.3895,233.1659,0.3019,0.0475,3.7964,61.3642,231.7656,0.2646,0.0621,82.8264,104.1286,233.5578,0.4455,0.7968
2016-01-22T01:38:59.930Z,3.0305,72.3941,233.2532,0.3095,0.0413,3.3655,62.8229,232.1696,0.2702,0.0562,82.6988,103.2855,233.7087,0.4418,0.8012
2016-01-22T01:39:59.149Z,3.1039,71.9423,233.2279,0.3081,0.0428,3.8957,61.7956,231.9177,0.2662,0.063,82.686,104.2,233.6187,0.446,0.7944
2016-01-22T01:40:59.645Z,2.8765,70.5184,233.0884,0.3028,0.0412,3.5084,61.6623,231.7152,0.2661,0.0598,82.8841,103.8278,233.8565,0.444,0.8007
2016-01-22T01:41:59.879Z,3.0704,70.7665,233.0903,0.304,0.0434,2.9842,61.9003,231.6347,0.2673,0.0498,82.46,104.526,233.8291,0.4471,0.7907
2016-01-22T01:42:59.119Z,3.5331,71.2898,233.2082,0.3057,0.0488,3.5068,63.9206,232.2897,0.2752,0.055,82.5651,104.0278,233.6646,0.445,0.7948
2016-01-22T01:43:59.480Z,2.7193,71.4985,232.5842,0.3073,0.0378,3.732,62.5534,231.9214,0.2699,0.0586,82.3446,104.1033,233.1285,0.4467,0.7927
2016-01-22T01:44:59.732Z,2.4029,69.9558,231.9562,0.3012,0.0363,3.7549,61.0123,231.25,0.2639,0.062,82.3045,102.9953,232.8576,0.4416,0.8001
2016-01-22T01:45:59.058Z,2.3597,70.4367,231.6912,0.3036,0.0346,3.5597,61.6537,230.4311,0.2676,0.0572,81.053,102.9586,232.2134,0.4434,0.7882
2016-01-22T01:46:59.229Z,2.7452,70.09,231.6765,0.3025,0.0392,3.6663,61.6098,230.2431,0.2681,0.062,110.5359,131.3586,231.674,0.5675,0.8241
2016-01-22T01:47:59.739Z,4.254,71.4333,232.3571,0.3078,0.0608,3.0076,61.5049,230.6442,0.2659,0.0498,112.9615,133.7951,232.2821,0.5764,0.8271
2016-01-22T01:48:59.932Z,4.7433,71.9509,232.1824,0.3093,0.0678,3.0836,62.452,231.9064,0.2693,0.0509,82.2925,103.7016,233.3348,0.4443,0.7947
2016-01-22T01:49:59.132Z,4.7045,70.101,232.3512,0.3017,0.0701,3.0702,61.8996,232.1515,0.2665,0.0497,82.5502,103.4065,233.464,0.4427,0.7997
2016-01-22T01:50:59.633Z,4.4092,71.6129,232.9186,0.3075,0.0614,3.2482,63.8345,232.3243,0.2749,0.0502,82.5862,103.8018,233.519,0.4445,0.7963
2016-01-22T01:51:59.078Z,4.0179,70.3353,232.8387,0.302,0.0574,2.9123,62.1037,231.8697,0.2677,0.0486,82.7011,104.2873,233.6136,0.4461,0.7943
2016-01-22T01:52:59.479Z,4.3897,70.5303,232.6642,0.3035,0.0621,2.7716,61.9011,231.7755,0.2667,0.0452,82.8201,104.028,233.9266,0.4445,0.7971
2016-01-22T01:53:59.733Z,5.1331,71.2048,231.86,0.3068,0.0727,3.5058,62.9331,231.8538,0.272,0.0566,82.5705,102.8945,233.5968,0.4403,0.803
2016-01-22T01:54:59.917Z,4.6296,70.1262,232.0246,0.3024,0.0671,3.1299,61.966,231.8952,0.2674,0.0516,158.2059,187.4714,233.7355,0.8046,0.831
2016-01-22T01:55:59.316Z,830.3681,1285.4569,231.475,5.5542,0.6143,853.4383,1336.9662,229.6228,5.8247,0.6076,1381.0374,1997.7006,231.0109,8.6495,0.7005
2016-01-22T01:56:59.542Z,946.0566,1411.7638,231.0327,6.1104,0.67,962.064,1443.9638,228.5052,6.3195,0.6662,1479.4325,2060.9975,230.5069,8.9415,0.7171
2016-01-22T01:57:59.667Z,1001.8053,1449.1033,230.7834,6.2788,0.6914,1015.7611,1488.9134,228.5707,6.5133,0.6823,1526.1112,2091.8484,229.964,9.0961,0.729
2016-01-22T01:58:59.875Z,975.4369,1455.5124,231.739,6.2804,0.6702,1000.6194,1468.8389,228.4559,6.4284,0.6817,1539.4353,2116.1364,231.383,9.1451,0.7276
2016-01-22T01:59:59.198Z,981.963,1447.6893,231.9924,6.24,0.6783,1028.6542,1509.9156,229.6607,6.5738,0.6811,1522.4455,2116.5989,231.4332,9.1456,0.7197
2016-01-22T02:00:59.502Z,1005.8642,1453.9803,231.993,6.2672,0.6918,1053.9751,1552.4002,231.0342,6.7189,0.6784,1507.3501,2108.3378,230.7883,9.1349,0.7144
2016-01-22T02:01:59.887Z,1011.0677,1459.4324,231.4977,6.3044,0.6924,1060.4176,1549.4826,231.0122,6.7072,0.6843,1523.2521,2121.4981,230.9284,9.1861,0.7181
2016-01-22T02:02:59.128Z,166.2489,297.6111,232.5569,1.2854,0.1744,166.9283,292.4889,231.9941,1.2662,0.1482,343.2403,460.4592,232.9543,1.9874,0.7936
2016-01-22T02:03:59.456Z,516.8447,917.4317,232.0372,3.9588,0.4201,549.418,940.5711,230.5152,4.0908,0.4222,623.5678,1064.8914,232.4388,4.5866,0.643
2016-01-22T02:04:59.677Z,3.7174,72.8318,233.0852,0.3127,0.0505,3.667,63.668,231.7603,0.2743,0.0577,176.7463,217.3343,233.7988,0.9313,0.8046
2016-01-22T02:05:59.085Z,604.3341,924.3028,231.9266,3.9986,0.4228,617.0338,912.952,229.9848,3.9844,0.4248,1133.2364,1502.0169,231.7074,6.4923,0.7871
2016-01-22T02:06:59.433Z,1000.4023,1458.1013,230.9534,6.3128,0.686,1051.6981,1525.3876,229.653,6.6421,0.6897,1531.9858,2124.9241,231.6307,9.1737,0.7216
2016-01-22T02:07:59.664Z,887.4743,1365.4619,230.0988,5.934,0.6506,932.3117,1421.2817,228.9484,6.2071,0.656,1417.4703,2015.4578,231.2434,8.7154,0.7026
2016-01-22T02:08:59.069Z,892.3973,1372.2001,231.1252,5.9365,0.6502,925.1923,1430.7851,229.4975,6.2345,0.6469,1402.1757,2000.4703,230.9906,8.6601,0.7002
2016-01-22T02:09:59.297Z,836.5941,1328.0007,231.0093,5.7486,0.6297,876.3011,1390.3634,229.8464,6.049,0.6306,1351.3424,1961.9178,231.0552,8.491,0.6891
2016-01-22T02:10:59.653Z,818.453,1322.8593,231.6168,5.7111,0.6182,846.8104,1375.3541,229.981,5.9802,0.6153,1330.4337,1941.2779,231.1106,8.3993,0.6852
2016-01-22T02:11:59.045Z,831.5209,1342.6181,231.8194,5.7918,0.6194,854.7173,1378.9562,229.9261,5.9972,0.6199,1356.668,1960.9752,231.4619,8.4719,0.6925
2016-01-22T02:12:59.253Z,853.8204,1346.1179,231.0481,5.8262,0.6346,881.9239,1386.7453,229.6331,6.0388,0.6366,1376.1161,1968.0646,230.7106,8.5298,0.699
2016-01-22T02:13:59.626Z,878.5122,1356.2139,230.9921,5.871,0.6474,926.5776,1419.8219,229.9952,6.1729,0.6531,1402.6171,1994.4992,230.3672,8.6574,0.7022
2016-01-22T02:14:59.897Z,868.9259,1348.0964,231.0204,5.8348,0.6446,919.6581,1410.8582,229.6752,6.1427,0.6519,1395.5328,1987.0289,230.3703,8.6249,0.7022
2016-01-22T02:15:59.278Z,900.7957,1362.7673,230.8313,5.9038,0.6607,940.693,1425.506,228.6572,6.2341,0.66,1411.9736,1986.8967,229.8847,8.643,0.7103
2016-01-22T02:16:59.628Z,893.236,1367.5177,230.6736,5.9283,0.6531,921.0588,1401.1542,228.11,6.1426,0.657,1415.9852,1982.3728,230.3854,8.6043,0.7147
2016-01-22T02:17:59.947Z,906.0044,1373.1107,230.0539,5.9686,0.66,949.8676,1412.9,228.1133,6.1932,0.6722,1446.0416,2011.0229,230.4192,8.7274,0.7192
2016-01-22T02:18:59.289Z,898.7672,1359.8829,231.3027,5.8789,0.6606,957.3558,1451.5556,229.9612,6.3119,0.6599,1406.2196,1999.9148,230.5104,8.6762,0.7026
2016-01-22T02:19:59.558Z,879.0052,1337.568,230.8912,5.793,0.6571,954.6269,1446.2741,230.2877,6.28,0.6596,1391.9439,1995.6059,230.4516,8.6594,0.6983
2016-01-22T02:20:59.820Z,910.9979,1365.791,230.9251,5.9147,0.6673,978.4869,1463.4133,230.2533,6.355,0.6684,1423.6524,2014.6911,230.3458,8.746,0.7062
2016-01-22T02:21:59.144Z,917.4251,1379.2165,230.9091,5.9731,0.665,966.0094,1453.056,229.9992,6.3177,0.665,1428.5219,2012.0448,230.597,8.7252,0.7102
2016-01-22T02:22:59.459Z,913.5382,1390.8831,231.145,6.017,0.6569,929.9748,1423.1252,229.4056,6.2034,0.6536,1425.382,1993.5288,230.7217,8.6394,0.7149
2016-01-22T02:23:59.740Z,940.091,1403.1779,231.0183,6.0736,0.6701,963.8371,1447.365,229.241,6.3138,0.6659,1448.8153,2010.8956,230.3522,8.7292,0.7202
2016-01-22T02:24:59.017Z,939.4642,1393.2201,230.4638,6.0456,0.6742,973.0919,1447.0811,228.9639,6.3202,0.6727,1450.9537,2009.0928,229.7318,8.7455,0.7213
2016-01-22T02:25:59.470Z,928.6272,1379.7501,230.5116,5.9857,0.6727,956.641,1432.9142,228.7402,6.264,0.6677,1432.0211,1987.3423,229.3942,8.6631,0.7209
2016-01-22T02:26:59.946Z,957.8,1380.6807,230.1713,5.9983,0.6936,994.8151,1471.9264,229.1682,6.4234,0.6756,1430.2664,1980.136,227.9363,8.687,0.7216
2016-01-22T02:27:59.161Z,963.7996,1383.9294,230.1016,6.0142,0.6964,1004.7847,1481.6173,229.4499,6.4575,0.6784,1435.6517,1988.2558,228.0804,8.7169,0.7211
2016-01-22T02:28:59.316Z,938.0373,1394.6439,231.8943,6.0141,0.6724,973.6314,1474.8326,230.5242,6.3976,0.6602,1427.4873,2005.4066,230.1096,8.7157,0.7116
2016-01-22T02:29:59.765Z,956.9623,1414.5454,232.0028,6.0968,0.676,989.861,1487.2902,230.4239,6.4547,0.6654,1447.6299,2022.5321,230.5212,8.7733,0.7163
2016-01-22T02:30:59.068Z,961.9522,1421.4934,231.8965,6.1298,0.6772,1003.3237,1493.7948,230.3098,6.4855,0.6714,1463.9475,2040.117,230.8428,8.8374,0.718
2016-01-22T02:31:59.375Z,938.9654,1407.625,231.5706,6.0783,0.6672,981.6328,1473.4404,230.3247,6.3971,0.6664,1449.6373,2031.5317,231.212,8.7857,0.7132
2016-01-22T02:32:59.700Z,946.3022,1406.0701,231.4246,6.0761,0.6729,1004.0806,1493.3504,230.8949,6.4673,0.6722,1456.0591,2043.8021,231.014,8.8466,0.7122
2016-01-22T02:33:59.006Z,955.7449,1412.3696,231.8379,6.0918,0.6771,1027.98,1515.1182,231.5243,6.5447,0.6784,1470.5578,2066.9713,231.0836,8.9442,0.7115
2016-01-22T02:34:59.412Z,937.1643,1391.0749,231.7307,6.0029,0.6731,1011.8627,1500.8447,231.228,6.4908,0.6742,1445.1192,2042.2139,230.5523,8.8577,0.7078
2016-01-22T02:35:59.991Z,954.803,1404.5101,231.6166,6.0639,0.6798,1016.0232,1500.7721,230.7807,6.5027,0.6766,1457.7436,2040.424,230.2651,8.8609,0.715
2016-01-22T02:36:59.276Z,980.3627,1410.941,231.1612,6.1038,0.6942,1037.3162,1525.3965,231.2,6.5973,0.6798,1457.179,2033.2306,229.4466,8.8611,0.7179
2016-01-22T02:37:59.642Z,959.1493,1400.0001,230.6329,6.0696,0.685,1015.165,1489.0932,230.2828,6.4664,0.6819,1462.0892,2031.1539,229.7346,8.841,0.7203
2016-01-22T02:38:59.933Z,946.8352,1419.4031,231.3709,6.1348,0.6674,998.0083,1462.9204,229.4913,6.3741,0.6822,1493.1878,2065.0266,231.4332,8.9227,0.7238
2016-01-22T02:39:59.287Z,936.033,1411.0483,230.6208,6.1185,0.6642,1000.4966,1448.3927,228.8655,6.3282,0.6909,1504.28,2075.97,231.7817,8.9561,0.7243
2016-01-22T02:40:59.485Z,942.0841,1391.3232,229.9036,6.0517,0.6773,1027.3883,1489.6542,230.9322,6.4504,0.6899,1474.5103,2064.5209,231.1701,8.9314,0.7133
2016-01-22T02:41:59.820Z,945.9479,1394.506,229.6182,6.0729,0.6783,1022.8561,1480.8409,230.4657,6.4251,0.6903,1477.701,2057.4553,230.8432,8.9127,0.7188
2016-01-22T02:42:59.110Z,947.0562,1392.7157,229.6217,6.0654,0.6802,1031.0601,1488.8382,230.6689,6.4534,0.6924,1480.5425,2064.401,230.9069,8.9403,0.7182
2016-01-22T02:43:59.370Z,951.7841,1387.5937,229.2344,6.0536,0.6863,1035.0997,1484.7878,229.9969,6.4554,0.6973,1481.1407,2056.7267,230.2422,8.9329,0.7198
2016-01-22T02:44:59.665Z,946.4461,1372.8661,228.9661,5.9959,0.6894,1050.5999,1492.594,229.7727,6.4958,0.7037,1480.644,2058.7193,229.9676,8.9527,0.719
2016-01-22T02:45:59.819Z,952.6829,1378.7372,228.6019,6.0314,0.6913,1046.4726,1483.77,229.3783,6.4683,0.7056,1489.4094,2058.1473,229.8178,8.9552,0.7226
2016-01-22T02:46:59.988Z,975.4551,1399.5133,229.4537,6.0988,0.6974,1035.0439,1484.8084,228.8726,6.4878,0.6972,1486.5934,2036.0909,229.1213,8.8864,0.7301
2016-01-22T02:47:59.223Z,979.5412,1406.2743,229.6391,6.1231,0.6966,1032.7601,1479.8307,228.768,6.4688,0.6976,1491.2261,2034.9082,228.7483,8.8962,0.7315
2016-01-22T02:48:59.490Z,964.7882,1402.6838,229.9353,6.1004,0.6878,1042.0483,1494.2221,230.368,6.486,0.6976,1494.2086,2065.7471,229.9919,8.9813,0.7232
2016-01-22T02:49:59.712Z,980.2401,1428.6277,231.4413,6.1726,0.686,1025.0032,1497.7312,230.0049,6.5113,0.6849,1490.0999,2052.3941,230.2801,8.9129,0.7259
2016-01-22T02:50:59.994Z,1003.7359,1461.0656,231.5006,6.3111,0.6867,1042.0804,1499.6939,229.4136,6.5371,0.6952,1536.2833,2089.1678,230.817,9.0511,0.7354
2016-01-22T02:51:59.164Z,449.7604,698.8042,232.5147,3.0142,0.3358,454.7242,693.861,230.1515,3.0237,0.3421,743.9897,1002.3863,232.3796,4.333,0.7775
2016-01-22T02:52:59.320Z,312.8606,586.0318,232.8579,2.5242,0.2812,354.5946,644.8941,230.8377,2.805,0.2857,451.6453,737.8346,232.7852,3.1803,0.707
2016-01-22T02:53:59.578Z,4.1245,71.1301,233.4549,0.3052,0.058,3.8515,62.8857,231.5451,0.2715,0.0646,164.1797,201.1058,233.0575,0.8638,0.8068
2016-01-22T02:54:59.750Z,596.6691,879.491,232.176,3.8008,0.4154,630.8834,912.1447,230.4349,3.9699,0.418,1120.6783,1462.136,230.547,6.3546,0.8023
2016-01-22T02:56:59.220Z,1075.2654,1503.3439,231.1692,6.5033,0.7153,1117.3353,1572.5602,229.1338,6.8628,0.7105,1578.2446,2123.1622,229.2607,9.2605,0.7437
2016-01-22T02:57:59.343Z,1031.9999,1469.8603,231.7084,6.3433,0.7022,1060.7363,1532.0788,229.0172,6.6898,0.6921,1521.1554,2066.231,229.3272,9.0097,0.7361
2016-01-22T02:58:59.635Z,959.9384,1412.58,231.243,6.1087,0.6794,1021.3789,1492.8433,229.9942,6.491,0.684,1477.9336,2052.5909,230.3039,8.9123,0.7208
2016-01-22T02:59:59.889Z,951.4972,1406.1183,231.4474,6.0756,0.6767,1036.6371,1506.7098,230.6673,6.5314,0.6884,1480.3456,2072.3013,231.0304,8.9702,0.7143
