2016-04-11T00:00:59.544Z,1.4624,43.6691,231.318,0.1888,0.0353,2.107,22.0874,230.0809,0.0961,0.1116,3.3133,25.178,231.0536,0.109,0.1541
2016-04-11T00:01:59.762Z,1.1385,43.7931,231.4201,0.1891,0.0256,2.2347,19.3718,230.8621,0.0842,0.1426,3.23,24.0379,231.0624,0.1043,0.1573
2016-04-11T00:02:59.089Z,1.0982,43.052,230.4849,0.1868,0.0256,2.229,20.2051,230.3199,0.088,0.1349,3.129,24.5594,230.2283,0.1071,0.1563
2016-04-11T00:03:59.303Z,1.1226,42.5327,230.3452,0.1845,0.0271,1.8443,18.9408,230.0899,0.0822,0.1293,3.2584,23.3348,230.3823,0.1013,0.164
2016-04-11T00:04:59.642Z,1.1605,43.888,230.2657,0.1907,0.0269,2.1987,19.6097,229.913,0.0853,0.1214,3.2719,23.356,230.3771,0.1021,0.1675
2016-04-11T00:06:59.171Z,0.9762,43.3051,230.5045,0.1877,0.0227,2.0036,18.4142,230.3615,0.0799,0.1361,3.191,22.6222,230.6002,0.0985,0.1658
2016-04-11T00:07:59.499Z,2.0315,43.2615,231.1666,0.1871,0.0462,1.9507,20.2422,230.4115,0.0875,0.1249,3.2537,22.758,230.9039,0.0984,0.166
2016-04-11T00:08:59.734Z,1.7027,42.6682,230.8801,0.1849,0.0413,2.4423,20.8684,230.3943,0.091,0.1404,3.428,23.5011,230.8202,0.1019,0.163
2016-04-11T00:09:59.918Z,0.9167,43.572,230.738,0.1892,0.0225,2.242,20.6949,230.0781,0.0897,0.1299,3.13,24.2876,231.353,0.1049,0.1559
2016-04-11T00:10:59.193Z,1.174,43.4717,231.077,0.1878,0.0264,2.0818,21.4081,227.6114,0.0934,0.1164,3.0458,23.9163,232.0829,0.103,0.1541
2016-04-11T00:11:59.410Z,1.0897,43.5063,230.6121,0.1886,0.0248,1.9745,20.6585,229.3547,0.0901,0.1222,3.0473,23.9304,231.2882,0.1035,0.1565
2016-04-11T00:12:59.673Z,1.4008,43.6249,230.7026,0.1887,0.0332,2.1161,21.1786,230.6116,0.092,0.1315,3.027,22.9141,230.9636,0.0989,0.1672
2016-04-11T00:13:59.918Z,0.7799,43.9856,230.9111,0.1902,0.0173,2.27,20.8591,230.5675,0.0908,0.136,3.091,22.9407,231.1524,0.0997,0.1565
2016-04-11T00:14:59.226Z,0.4051,43.798,231.3411,0.189,0.01,2.4037,20.7874,230.8148,0.0898,0.135,3.3909,23.9091,231.3308,0.1031,0.1627
2016-04-11T00:15:59.513Z,1.4243,42.9508,231.2813,0.1859,0.0345,2.2367,21.042,230.8725,0.091,0.1211,3.0616,25.0297,231.3793,0.1085,0.1512
2016-04-11T00:16:59.756Z,1.6052,42.8831,231.0526,0.1851,0.0382,2.5169,20.8134,230.8342,0.0902,0.1356,2.7653,23.8968,231.4197,0.1032,0.1445
2016-04-11T00:17:59.031Z,0.4597,43.7294,230.8668,0.1892,0.0106,2.4398,20.3892,230.6351,0.0887,0.1391,3.4208,23.3529,231.5486,0.101,0.1672
2016-04-11T00:18:59.259Z,1.0958,43.6673,231.1065,0.1892,0.0256,2.3086,20.0979,230.3453,0.0873,0.1346,3.0767,24.3069,231.6696,0.1052,0.1568
2016-04-11T00:19:59.748Z,1.4545,43.4672,231.5541,0.1878,0.0338,2.1088,20.4347,230.7724,0.0884,0.1188,3.0207,22.188,231.7446,0.0953,0.1633
2016-04-11T00:20:59.022Z,1.1582,43.176,231.3136,0.1868,0.0271,2.013,19.7233,230.7893,0.086,0.1236,2.9904,24.2386,231.7732,0.1048,0.1574
2016-04-11T00:21:59.338Z,0.9003,43.6621,231.4189,0.1885,0.0208,2.4521,21.5496,230.8007,0.0931,0.1325,3.2213,24.461,232.0467,0.1053,0.1549
2016-04-11T00:22:59.646Z,1.3129,43.4887,231.3598,0.1884,0.0302,2.234,21.6312,230.8373,0.0937,0.1203,3.253,24.3228,232.0333,0.1055,0.1635
2016-04-11T00:23:59.869Z,1.7311,42.8021,231.5026,0.1851,0.0416,2.6537,20.7732,231.0358,0.0896,0.1412,3.4635,22.7123,231.9418,0.0979,0.1708
2016-04-11T00:24:59.033Z,2.1237,42.6346,231.1748,0.1842,0.0504,1.9639,20.876,230.8911,0.0904,0.1242,3.0499,24.9842,231.9746,0.1074,0.1519
2016-04-11T00:25:59.265Z,1.3297,43.7674,230.5362,0.1902,0.0297,2.3373,21.1323,230.9976,0.0912,0.1323,3.4268,22.2764,231.5621,0.0966,0.1765
2016-04-11T00:26:59.433Z,0.8411,43.5184,230.2897,0.1891,0.0192,1.902,21.0109,230.4595,0.0907,0.1226,3.4944,22.9142,231.0271,0.0989,0.1725
2016-04-11T00:27:59.777Z,0.7763,43.4402,230.2931,0.1886,0.0193,2.0687,21.8432,230.3048,0.0945,0.1216,2.8421,24.0823,230.8795,0.1046,0.1471
2016-04-11T00:28:59.090Z,0.9726,43.0943,230.5993,0.1871,0.0226,2.4011,19.1963,230.3761,0.0834,0.1371,2.9664,24.7648,231.0008,0.1068,0.1482
2016-04-11T00:29:59.544Z,0.8151,43.7237,230.5855,0.1897,0.0193,1.8338,21.2839,230.6914,0.092,0.1185,3.4663,23.3703,231.0113,0.101,0.1712
2016-04-11T00:30:59.928Z,0.5958,43.3164,230.6285,0.1879,0.0149,2.1711,19.7152,230.5478,0.0854,0.1323,3.4882,23.952,230.9011,0.1034,0.1633
2016-04-11T00:31:59.252Z,1.2551,42.7177,230.9106,0.1851,0.0297,2.2333,20.7207,230.7672,0.0896,0.1286,3.1644,25.0228,230.7106,0.1081,0.1536
2016-04-11T00:32:59.464Z,0.7127,43.9063,231.8084,0.1896,0.0179,2.4669,19.7876,231.2458,0.0854,0.1333,3.673,23.3763,229.018,0.1016,0.1754
2016-04-11T00:33:59.679Z,0.9891,43.8699,232.3438,0.1892,0.0226,1.9233,17.7336,232.1257,0.0765,0.1237,3.2165,23.0036,229.4742,0.1007,0.1649
2016-04-11T00:34:59.988Z,1.0585,43.0104,231.6882,0.1856,0.0249,2.1201,19.9371,232.0143,0.0857,0.1226,3.1965,24.1258,231.8532,0.1038,0.16
2016-04-11T00:35:59.176Z,0.9787,44.1096,232.1164,0.1898,0.0231,2.0679,18.8986,232.3506,0.0812,0.1296,3.3247,23.0286,231.5587,0.0998,0.1689
2016-04-11T00:36:59.398Z,0.6516,43.692,232.02,0.188,0.0159,2.1215,19.0201,232.3568,0.0818,0.1356,3.0692,23.6279,231.308,0.1024,0.1575
2016-04-11T00:37:59.526Z,0.8758,43.3174,232.1584,0.1864,0.0197,1.9627,15.2143,232.2895,0.0652,0.1456,3.2301,19.5474,231.5155,0.0849,0.1854
2016-04-11T00:38:59.786Z,1.8503,43.0935,232.4005,0.1855,0.0432,2.2925,19.4598,232.4035,0.0836,0.1352,3.4952,21.7553,231.7493,0.0941,0.1757
2016-04-11T00:39:59.084Z,1.6693,43.1772,232.4046,0.1863,0.0401,2.689,21.3715,232.3429,0.0916,0.14,2.9749,23.478,231.7396,0.1013,0.1554
2016-04-11T00:40:59.208Z,0.8954,43.0556,231.5138,0.1858,0.02,1.9356,16.9697,231.8197,0.0733,0.1341,2.999,23.5175,231.534,0.1012,0.1529
2016-04-11T00:41:59.389Z,0.8129,43.5777,231.281,0.1886,0.0189,2.1584,19.1809,231.3033,0.0833,0.1343,3.3797,22.266,231.7053,0.096,0.1693
2016-04-11T00:42:59.683Z,1.0157,43.4134,231.2726,0.1876,0.0233,2.2315,20.4295,231.2959,0.088,0.1313,3.1111,24.8477,231.5947,0.1074,0.1541
2016-04-11T00:43:59.890Z,1.2396,43.5097,231.284,0.1889,0.0288,2.2219,18.0502,231.0251,0.078,0.1451,3.0659,23.8453,231.2967,0.1031,0.1549
2016-04-11T00:44:59.248Z,0.6047,43.2766,231.2431,0.1873,0.0152,2.1052,20.9714,231.0437,0.0909,0.1294,3.2876,23.639,231.306,0.1031,0.1644
2016-04-11T00:45:59.423Z,0.9247,43.2649,231.2469,0.187,0.0218,2.0301,19.284,230.8847,0.0833,0.13,2.9544,21.9089,231.2248,0.0943,0.1627
2016-04-11T00:46:59.698Z,1.3892,42.7586,231.3565,0.185,0.0339,1.8852,20.6147,231.2838,0.0888,0.119,3.2521,22.7534,231.5291,0.0986,0.1675
2016-04-11T00:47:59.955Z,1.4245,43.5173,231.4902,0.1882,0.0343,2.3893,21.0273,231.2673,0.0904,0.1356,3.1958,23.7981,231.4053,0.1035,0.1537
2016-04-11T00:48:59.270Z,1.0891,43.6881,231.9048,0.1886,0.0253,2.5148,21.0361,231.6317,0.0903,0.1408,3.2256,25.0362,231.3046,0.1082,0.1546
2016-04-11T00:49:59.694Z,1.1735,43.8485,232.0624,0.1885,0.0263,2.7003,21.6071,231.4352,0.0933,0.1305,3.2895,24.1289,231.6848,0.1042,0.1629
2016-04-11T00:50:59.011Z,1.0898,42.9896,231.6819,0.1859,0.0264,2.2393,21.4816,230.767,0.0934,0.1243,3.2546,24.235,231.7974,0.1038,0.1623
2016-04-11T00:51:59.400Z,2.1258,42.7688,231.6138,0.1846,0.05,1.948,22.0537,230.756,0.0957,0.1243,3.1022,25.657,231.5199,0.1107,0.1451
2016-04-11T00:52:59.682Z,1.4001,43.2735,231.6257,0.1873,0.0336,2.703,20.2653,231.0819,0.0875,0.1391,3.4157,24.0554,231.2496,0.1036,0.1625
2016-04-11T00:53:59.923Z,0.7716,43.7002,231.6085,0.1885,0.0186,2.4511,18.9061,231.1221,0.0814,0.1426,3.1465,21.9177,231.3287,0.0953,0.1693
2016-04-11T00:54:59.226Z,1.3174,44.1307,232.0345,0.1907,0.0297,1.9881,21.152,231.7013,0.0909,0.1192,3.3549,22.1902,231.6654,0.0961,0.1725
2016-04-11T00:55:59.536Z,1.8448,43.3737,232.6512,0.187,0.0432,1.8875,20.6601,229.2837,0.0899,0.111,3.5659,22.9289,232.6907,0.0985,0.17
2016-04-11T00:56:59.832Z,1.5486,43.4895,232.1744,0.1871,0.0366,1.6743,20.9995,229.1252,0.0919,0.1069,2.8935,22.8847,232.3455,0.0987,0.152
2016-04-11T00:57:59.134Z,1.3493,43.823,231.8444,0.1891,0.0299,1.8637,17.5411,231.5014,0.0759,0.1277,3.2117,22.124,231.6769,0.0957,0.1726
2016-04-11T00:58:59.553Z,0.7709,43.2761,231.841,0.1865,0.0187,2.336,20.8278,231.5636,0.0902,0.1334,3.1363,23.544,231.6109,0.1016,0.1645
2016-04-11T00:59:59.821Z,1.0678,43.7686,231.1284,0.1896,0.0249,2.1479,19.01,231.0191,0.082,0.1323,3.1947,22.6096,231.0803,0.0981,0.1648
2016-04-11T01:00:59.146Z,2.0491,42.9601,230.8024,0.1858,0.0502,2.3683,19.4258,230.8638,0.0839,0.1466,2.7992,24.2461,231.1459,0.1048,0.1341
2016-04-11T01:01:59.486Z,0.7997,43.4575,230.8423,0.1884,0.0196,2.0911,19.4396,230.6752,0.0845,0.1229,2.9026,23.7622,230.914,0.1026,0.1529
2016-04-11T01:02:59.726Z,0.7689,43.3993,230.7042,0.1882,0.0191,2.0062,18.0341,230.6775,0.078,0.1262,3.3147,22.9456,230.8246,0.0992,0.166
2016-04-11T01:03:59.959Z,0.6815,43.6972,230.7652,0.1891,0.0168,2.1187,19.6493,230.8016,0.0841,0.1258,3.1679,23.2772,230.7918,0.1009,0.157
2016-04-11T01:04:59.424Z,1.5974,42.4736,230.873,0.1842,0.0382,2.1851,18.1929,230.4057,0.0787,0.1369,3.3169,22.7516,230.8947,0.0985,0.163
2016-04-11T01:05:59.873Z,1.5534,42.999,230.8708,0.1865,0.0386,1.9593,17.4042,230.8464,0.0754,0.1283,3.3964,22.4642,230.9773,0.0974,0.1685
2016-04-11T01:06:59.142Z,0.9174,43.7229,231.2657,0.1893,0.0227,2.5768,20.1426,231.4426,0.0864,0.1452,2.8991,23.1066,231.303,0.1003,0.1549
2016-04-11T01:07:59.412Z,1.1471,44.1538,231.5621,0.191,0.0263,2.5689,20.1178,231.8318,0.0865,0.1454,2.8554,22.5193,231.7224,0.0971,0.1558
2016-04-11T01:08:59.623Z,1.2673,43.1697,231.4677,0.1864,0.0296,2.0682,18.892,231.2552,0.0823,0.1314,3.5235,22.5495,231.7979,0.0976,0.1745
2016-04-11T01:09:59.843Z,2.1066,42.5519,231.2624,0.1837,0.0495,2.3749,18.7842,231.3121,0.0809,0.1359,2.888,23.9254,231.4514,0.1032,0.1482
2016-04-11T01:10:59.150Z,0.9972,43.686,231.2539,0.1888,0.0236,1.8162,19.8659,231.215,0.0859,0.1149,3.3843,21.2169,231.3439,0.0919,0.1784
2016-04-11T01:11:59.385Z,0.9478,43.757,231.2177,0.1897,0.0227,2.053,18.8576,231.1491,0.0818,0.1281,3.3613,22.4087,231.5185,0.0967,0.1793
2016-04-11T01:12:59.711Z,0.9501,42.91,231.1198,0.1859,0.0216,2.2203,19.0395,231.533,0.0822,0.1348,3.0635,23.4366,231.5002,0.1012,0.1624
2016-04-11T01:13:59.146Z,1.9989,43.1526,231.1822,0.1875,0.0467,2.2966,22.1784,231.6973,0.0953,0.124,3.3541,22.1593,231.4156,0.0958,0.1726
2016-04-11T01:14:59.454Z,0.9943,43.7254,231.1895,0.1888,0.0216,2.0185,20.6356,231.8759,0.0891,0.1208,3.3295,24.2709,231.577,0.1048,0.1609
2016-04-11T01:15:59.735Z,0.9689,42.7286,231.5495,0.1848,0.0233,1.9916,18.8501,231.9565,0.0818,0.1288,3.1391,24.606,231.9301,0.1062,0.1555
2016-04-11T01:17:59.290Z,1.4723,43.1529,231.7954,0.186,0.0354,2.1987,20.5308,231.8587,0.0884,0.123,3.3241,24.8173,232.0894,0.107,0.1583
2016-04-11T01:18:59.561Z,1.7864,42.753,231.7098,0.184,0.0438,2.4371,19.4704,232.2237,0.0843,0.1326,3.1274,23.5003,231.7952,0.1015,0.1551
2016-04-11T01:19:59.840Z,0.9526,44.103,231.6044,0.1907,0.0219,2.1463,21.7001,232.0563,0.0937,0.1255,3.0101,22.2487,231.6912,0.0958,0.1603
2016-04-11T01:20:59.171Z,0.6778,43.2892,231.6674,0.1867,0.0166,2.0467,20.4048,232.0028,0.0876,0.1264,2.8512,24.983,231.661,0.1078,0.1439
2016-04-11T01:21:59.464Z,1.2323,43.1457,232.1735,0.1857,0.0285,2.291,18.754,231.8005,0.0807,0.1403,3.1643,23.0286,230.6974,0.0996,0.1665
2016-04-11T01:22:59.027Z,1.688,43.6229,232.0019,0.1879,0.0399,1.9929,21.4053,231.3454,0.0923,0.1214,3.0748,23.5219,230.6777,0.1025,0.1567
2016-04-11T01:23:59.283Z,0.9132,44.0089,231.9115,0.1898,0.0212,2.1016,22.1777,231.6999,0.0955,0.1162,3.5024,23.6527,231.556,0.1026,0.1675
2016-04-11T01:24:59.654Z,0.7941,43.7808,231.8377,0.1883,0.019,2.299,21.8274,231.9203,0.0941,0.1283,3.5417,23.6271,232.1034,0.1017,0.1707
2016-04-11T01:25:59.088Z,0.9596,43.8833,231.8426,0.1897,0.0243,2.2079,21.206,231.9699,0.0913,0.1284,3.1028,23.9942,232.0101,0.1031,0.1536
2016-04-11T01:26:59.347Z,2.3093,42.3636,232.0476,0.1826,0.0554,2.2303,20.7622,231.8733,0.0895,0.1309,3.516,24.9636,231.8686,0.1079,0.1684
2016-04-11T01:27:59.773Z,2.2809,42.8592,232.0928,0.1848,0.0518,2.0465,19.8484,231.8362,0.0854,0.1257,3.2458,24.425,231.9778,0.1054,0.1609
2016-04-11T01:28:59.074Z,0.9445,43.3482,232.0135,0.1865,0.0217,2.5916,21.6044,231.6881,0.0931,0.132,2.986,24.3048,231.9981,0.1049,0.1578
2016-04-11T01:29:59.435Z,0.9397,43.6154,232.2783,0.188,0.0212,1.9707,22.3214,231.748,0.0963,0.1232,2.8982,25.0613,232.1788,0.1088,0.1443
2016-04-11T01:30:59.732Z,1.106,43.574,232.5168,0.1871,0.026,1.8209,20.3582,228.5716,0.0891,0.1129,3.0519,23.6182,232.8085,0.1016,0.153
2016-04-11T01:31:59.052Z,2.2099,42.2258,232.2309,0.1812,0.0531,2.1444,19.9172,230.0018,0.0867,0.1252,3.2368,25.6297,232.3932,0.1103,0.1473
2016-04-11T01:32:59.666Z,1.8299,42.5666,231.7385,0.1837,0.0442,2.1503,21.0223,230.8215,0.0913,0.1235,2.707,23.5,231.3337,0.1017,0.1498
2016-04-11T01:33:59.918Z,1.3982,43.594,231.6621,0.1879,0.0319,2.2463,21.1024,230.9425,0.0907,0.1303,3.5431,23.9952,230.9452,0.1042,0.1673
2016-04-11T01:34:59.123Z,1.2813,43.6592,231.8082,0.188,0.0308,2.2143,19.5761,230.903,0.085,0.1228,3.3322,24.1977,230.9184,0.1051,0.161
2016-04-11T01:35:59.371Z,0.6164,42.9847,231.8548,0.1854,0.0152,1.7686,19.3696,231.0856,0.084,0.1225,2.4591,23.8971,230.7857,0.104,0.1368
2016-04-11T01:36:59.905Z,1.9553,43.7532,231.943,0.1883,0.0453,1.8721,20.1966,230.8534,0.0876,0.1178,3.0551,23.4037,231.239,0.1012,0.155
2016-04-11T01:37:59.190Z,0.8524,43.4042,231.813,0.1872,0.0196,2.4713,21.4177,230.9539,0.0924,0.1319,2.6648,24.7944,231.6006,0.1074,0.1462
2016-04-11T01:38:59.433Z,1.1075,43.4475,231.236,0.1884,0.0258,2.9182,22.0724,231.4608,0.0955,0.1445,3.1804,24.3016,231.6756,0.1052,0.1555
2016-04-11T01:39:59.756Z,1.1807,43.0803,230.0404,0.1878,0.0274,2.0368,20.1697,231.9755,0.0867,0.1258,3.185,24.4921,232.0222,0.1054,0.1577
2016-04-11T01:40:59.015Z,1.7611,42.7596,230.0665,0.1862,0.0422,2.3075,19.6885,231.8556,0.0847,0.1389,3.0856,24.0351,232.6466,0.1035,0.1508
2016-04-11T01:41:59.256Z,0.7625,43.5023,230.5935,0.1887,0.0185,2.1679,19.731,231.4254,0.0849,0.1322,3.0076,22.7907,232.7711,0.0979,0.1621
2016-04-11T01:42:59.538Z,1.0704,43.662,230.3137,0.1897,0.0254,2.5379,20.3338,231.4751,0.0873,0.1332,3.3902,23.5066,232.609,0.1008,0.1642
2016-04-11T01:43:59.805Z,1.3124,42.398,230.0255,0.1841,0.0313,2.1195,20.7219,231.7558,0.0892,0.1263,3.3926,26.039,232.427,0.1124,0.1602
2016-04-11T01:44:59.034Z,0.9954,44.134,231.8669,0.19,0.0238,2.5027,20.7178,231.5998,0.0893,0.1389,3.3566,24.0151,232.6309,0.1028,0.1567
2016-04-11T01:45:59.253Z,0.9487,43.5196,231.903,0.1876,0.0211,2.2321,20.361,231.5478,0.0875,0.1207,3.0884,23.7163,232.6785,0.1019,0.16
2016-04-11T01:46:59.461Z,0.9613,43.208,231.195,0.1871,0.0224,2.2549,20.5487,230.7682,0.0889,0.127,3.3799,23.6395,231.9829,0.1016,0.1646
2016-04-11T01:47:59.906Z,1.8459,43.0755,231.2282,0.1866,0.0452,2.1227,18.4141,230.8688,0.08,0.131,3.0448,24.0322,232.2812,0.1037,0.1507
2016-04-11T01:48:59.242Z,2.1802,42.5934,231.5288,0.1839,0.0511,1.9084,19.0321,231.1572,0.082,0.1291,3.3754,24.2236,232.4478,0.1043,0.1554
2016-04-11T01:49:59.486Z,1.2244,43.2354,231.4295,0.187,0.0274,2.6811,20.7243,231.3791,0.09,0.1493,3.478,25.433,232.1995,0.1095,0.1563
2016-04-11T01:50:59.690Z,1.1239,43.9724,231.4576,0.1896,0.0255,2.0404,21.4904,231.1907,0.0929,0.1213,2.8618,22.5872,231.812,0.0975,0.1592
2016-04-11T01:51:59.948Z,0.6267,43.5481,231.6902,0.1878,0.0162,2.1462,20.6193,231.2719,0.0889,0.1242,2.8774,22.46,231.9916,0.0971,0.1601
2016-04-11T01:52:59.192Z,1.9777,43.3594,231.7736,0.1871,0.0456,2.0141,18.8217,231.2099,0.0812,0.1249,2.8482,22.5164,231.8539,0.0967,0.1559
2016-04-11T01:53:59.409Z,1.3208,43.376,231.7491,0.1875,0.0305,1.9763,21.1227,231.2642,0.0916,0.1286,3.2144,23.311,231.7857,0.1007,0.1587
2016-04-11T01:54:59.651Z,1.019,43.2254,231.4186,0.1864,0.0253,1.9737,20.7216,231.2087,0.0891,0.1325,3.1873,24.1975,231.9448,0.1045,0.1591
2016-04-11T01:55:59.836Z,0.8298,43.7463,231.3428,0.1895,0.0187,2.3734,19.5518,231.0026,0.085,0.1382,3.4643,21.2657,231.8386,0.0912,0.1814
2016-04-11T01:56:59.147Z,1.4391,43.5338,231.6266,0.1881,0.0326,2.8375,21.3742,231.2391,0.0926,0.1471,3.2799,22.2472,232.0139,0.096,0.1665
2016-04-11T01:57:59.533Z,2.0675,42.6888,231.8814,0.1841,0.0482,2.5816,20.8176,231.2314,0.0895,0.1401,2.9447,24.4079,232.1449,0.105,0.147
2016-04-11T01:58:59.806Z,1.2105,43.4848,231.8649,0.1874,0.0282,2.2244,17.0548,231.101,0.0734,0.1532,2.9684,22.3688,232.0088,0.0966,0.1621
2016-04-11T01:59:59.029Z,1.1229,43.7033,231.6741,0.1889,0.0259,2.458,21.4261,231.0473,0.0926,0.1289,3.1031,24.5228,232.049,0.1054,0.1524
2016-04-11T02:00:59.253Z,0.9388,43.3182,231.6126,0.1868,0.023,1.9465,22.3162,230.9821,0.0971,0.116,2.5505,25.2415,232.2442,0.1084,0.126
2016-04-11T02:01:59.531Z,0.6428,43.6414,231.4366,0.1887,0.0146,2.0013,20.6261,230.1553,0.0891,0.1243,3.2245,23.7724,231.9309,0.1022,0.16
2016-04-11T02:02:59.728Z,1.1369,43.3218,231.4002,0.1874,0.0256,1.9415,20.8427,230.5565,0.0901,0.1215,3.0843,23.0391,231.6492,0.0996,0.1592
2016-04-11T02:03:59.955Z,1.0018,43.6168,231.4077,0.1886,0.024,2.2337,21.9207,230.9229,0.0945,0.1242,3.4733,25.0524,231.8323,0.1085,0.1605
2016-04-11T02:04:59.192Z,1.9732,42.214,231.7406,0.1822,0.0474,2.1331,22.6653,231.697,0.0983,0.1257,3.1042,25.576,231.5939,0.11,0.1456
2016-04-11T02:05:59.413Z,0.9752,43.2989,231.5405,0.1873,0.023,2.0031,20.8014,231.6719,0.0895,0.1255,3.0254,23.9514,231.2822,0.1036,0.156
2016-04-11T02:06:59.669Z,0.8239,43.7507,231.1017,0.1891,0.0198,2.0903,19.8124,231.3363,0.0863,0.1273,3.0615,22.617,230.7985,0.0985,0.1643
2016-04-11T02:07:59.006Z,0.9643,43.086,231.554,0.1862,0.0224,1.8981,20.9148,231.5881,0.0906,0.123,2.8382,24.7112,231.1962,0.1071,0.1458
2016-04-11T02:08:59.216Z,1.1489,43.5603,231.4334,0.1878,0.027,2.0686,20.8101,231.3152,0.09,0.1186,3.1645,23.9373,231.2,0.104,0.1588
2016-04-11T02:09:59.492Z,1.4254,42.832,231.2342,0.1851,0.0333,2.2064,19.8185,230.5725,0.0862,0.1331,3.1138,25.5246,231.253,0.1104,0.146
2016-04-11T02:10:59.635Z,0.7105,43.3612,231.1429,0.1874,0.0165,1.6549,14.9857,230.5771,0.0648,0.1327,3.3099,20.51,231.14,0.0893,0.183
2016-04-11T02:11:59.863Z,1.9055,42.998,231.3492,0.1862,0.0437,1.8785,22.8065,230.7658,0.0989,0.1142,3.0927,23.4133,231.0288,0.1013,0.1564
2016-04-11T02:12:59.166Z,1.0983,43.6199,231.8979,0.1882,0.0256,1.8868,20.4707,231.1477,0.0889,0.123,3.0701,23.1416,231.1698,0.0998,0.1642
2016-04-11T02:13:59.385Z,1.1374,43.8358,232.0474,0.1888,0.0259,2.1014,20.4138,231.9575,0.0878,0.1298,3.7438,24.5602,231.8133,0.1067,0.1751
2016-04-11T02:14:59.548Z,1.163,43.1971,232.1963,0.1858,0.0285,2.3191,19.546,232.1952,0.0844,0.1314,2.9798,24.85,232.0609,0.1075,0.1507
2016-04-11T02:15:59.894Z,1.8967,43.6491,232.677,0.1875,0.0442,2.0257,20.6873,229.98,0.0901,0.1159,3.2023,23.7013,232.9503,0.1019,0.1524
2016-04-11T02:16:59.156Z,1.4621,43.8183,232.6053,0.188,0.0327,2.1654,21.6263,230.9602,0.0934,0.1154,2.5823,23.9831,233.1326,0.103,0.1437
2016-04-11T02:17:59.363Z,0.6878,43.4404,232.2651,0.187,0.0158,2.2122,19.5097,232.5377,0.0841,0.1295,3.0913,24.5054,232.6073,0.1056,0.1532
2016-04-11T02:18:59.657Z,1.2391,43.353,232.2624,0.1864,0.0288,2.7082,21.6565,232.5199,0.0932,0.1352,3.1955,24.6874,232.538,0.1063,0.1558
2016-04-11T02:19:59.129Z,1.7616,43.307,232.542,0.1861,0.0412,2.2243,19.9047,232.6047,0.0853,0.1286,3.286,22.8009,232.6884,0.0977,0.1692
2016-04-11T02:20:59.528Z,0.9045,43.577,232.3639,0.1873,0.022,1.9642,21.5284,232.3415,0.0928,0.1216,3.0266,24.2332,232.5125,0.1048,0.1539
2016-04-11T02:21:59.748Z,1.1342,43.5897,232.1468,0.1879,0.0257,1.7384,20.9118,231.7502,0.0901,0.1114,3.0451,24.0029,232.424,0.1029,0.1574
2016-04-11T02:22:59.042Z,1.9771,42.9719,232.0547,0.1849,0.046,2.1574,21.364,231.2073,0.0926,0.1268,3.0968,24.7874,232.117,0.107,0.1531
2016-04-11T02:23:59.310Z,0.9589,43.5974,231.7998,0.1884,0.0224,2.2773,20.0442,231.2745,0.086,0.1407,3.219,23.3837,232.1711,0.1009,0.16
2016-04-11T02:24:59.501Z,0.9713,43.2948,231.6911,0.187,0.0225,2.0059,19.3496,231.3101,0.084,0.1268,3.1002,23.8333,232.26,0.1029,0.1616
2016-04-11T02:25:59.781Z,1.2616,44.0172,231.9175,0.1892,0.0286,2.7005,18.7454,231.064,0.0809,0.159,3.1236,23.1029,231.9533,0.0997,0.1595
2016-04-11T02:26:59.016Z,0.8492,43.8369,231.8121,0.1896,0.0196,1.848,13.9583,230.8598,0.06,0.1552,3.4682,18.6417,231.8262,0.0811,0.193
2016-04-11T02:27:59.291Z,1.1701,43.5167,231.8142,0.1877,0.0279,2.3948,21.0797,230.6887,0.0911,0.1349,3.3559,24.7147,231.5843,0.107,0.1604
2016-04-11T02:28:59.562Z,1.0248,43.4975,231.3702,0.1877,0.0226,2.0854,19.2604,231.3322,0.0831,0.1296,3.2603,24.56,231.4004,0.1062,0.1559
2016-04-11T02:29:59.822Z,1.0598,43.4593,231.46,0.1877,0.0255,2.662,21.3736,231.4379,0.0924,0.14,3.1195,23.3974,231.2922,0.1012,0.1559
2016-04-11T02:30:59.113Z,0.8578,43.6098,231.5075,0.1881,0.0204,2.18,21.2373,231.32,0.0916,0.131,3.0919,24.0631,231.6033,0.1044,0.1488
2016-04-11T02:31:59.496Z,0.4908,43.0365,231.8122,0.1859,0.011,2.1105,19.0318,231.4076,0.0822,0.138,3.1057,24.2218,231.9753,0.1045,0.154
2016-04-11T02:32:59.866Z,1.2803,43.1684,232.4747,0.1853,0.0293,2.2069,21.1575,231.3904,0.0918,0.1249,3.0587,23.6687,231.6927,0.1021,0.1562
2016-04-11T02:33:59.337Z,1.1468,43.6068,232.3718,0.1878,0.0271,2.5249,21.4259,231.0136,0.0922,0.1384,3.4386,24.5871,231.9548,0.1057,0.1614
2016-04-11T02:34:59.581Z,1.0505,44.333,232.5271,0.1907,0.0246,2.2884,21.064,230.9689,0.0918,0.1307,3.3003,23.2759,232.1512,0.1007,0.1671
2016-04-11T02:35:59.932Z,1.3816,43.4627,232.8447,0.1866,0.0308,2.132,21.0505,231.3793,0.091,0.1203,3.0405,25.7604,232.6145,0.1105,0.147
2016-04-11T02:36:59.235Z,1.6047,43.292,232.8583,0.186,0.0379,1.9618,20.6349,231.4191,0.089,0.1183,3.0574,25.1983,232.5591,0.1079,0.1482
2016-04-11T02:37:59.768Z,1.4455,42.8398,232.6515,0.1841,0.0348,1.9625,19.5348,231.2138,0.085,0.1157,3.2776,25.4289,232.2757,0.1096,0.152
2016-04-11T02:38:59.093Z,1.146,43.6052,232.2268,0.1882,0.0267,1.8189,21.2842,230.6554,0.0929,0.1139,3.2577,24.8426,231.4566,0.1073,0.1557
2016-04-11T02:39:59.308Z,1.2051,43.9498,232.0169,0.189,0.0282,2.3318,22.1825,230.6797,0.0963,0.1218,2.9315,24.89,231.6356,0.1078,0.1475
2016-04-11T02:40:59.661Z,1.6953,42.8441,232.1992,0.1847,0.0407,2.453,20.8104,231.1265,0.0897,0.1379,3.6627,24.7075,232.1103,0.107,0.1651
2016-04-11T02:41:59.971Z,2.1504,43.3649,232.1801,0.1869,0.0499,2.2708,19.1971,231.3695,0.0831,0.1323,92.1613,123.1077,231.8062,0.533,0.4513
2016-04-11T02:42:59.434Z,913.1704,1337.1931,230.4025,5.8057,0.6631,952.5943,1425.2124,229.9045,6.2008,0.6504,1438.5171,2056.8728,228.9425,8.9853,0.7052
2016-04-11T02:43:59.666Z,1034.8546,1458.6358,230.4411,6.3304,0.7097,1067.5583,1539.3866,229.6113,6.7041,0.6933,1535.3406,2118.6626,228.7256,9.2624,0.7244
2016-04-11T02:44:59.932Z,1024.2331,1448.1114,230.5281,6.2817,0.7072,1070.548,1541.7474,229.6218,6.7144,0.6944,1527.0111,2113.768,228.9509,9.2327,0.7224
2016-04-11T02:45:59.087Z,1028.9022,1446.8524,230.3616,6.2805,0.7109,1085.0074,1559.0295,229.8176,6.7841,0.6965,1525.4635,2115.3611,229.3222,9.2243,0.721
2016-04-11T02:46:59.349Z,1030.343,1446.2984,230.2807,6.2804,0.7116,1096.2614,1565.2743,229.7776,6.8124,0.7002,1529.8199,2121.7426,229.602,9.2412,0.7207
2016-04-11T02:47:59.712Z,1041.4506,1452.9989,230.2474,6.3106,0.7168,1109.9227,1577.97,229.8836,6.8647,0.7027,1535.4761,2123.9092,229.5593,9.2521,0.7222
2016-04-11T02:48:59.914Z,1051.4331,1457.4237,230.1903,6.3307,0.7217,1114.1883,1586.8511,229.8746,6.9033,0.7019,1530.7174,2113.036,229.2801,9.2157,0.7241
2016-04-11T02:49:59.209Z,1071.1861,1471.8746,230.1888,6.3943,0.7281,1129.8453,1597.9049,229.7248,6.9561,0.7072,1545.9676,2119.7908,229.0863,9.2529,0.7292
2016-04-11T02:50:59.480Z,1064.6142,1470.7924,230.2578,6.3869,0.7239,1116.5826,1585.3619,229.6547,6.9027,0.7042,1540.0649,2112.6811,229.2952,9.2137,0.7287
2016-04-11T02:51:59.732Z,978.832,1403.7537,230.3201,6.0946,0.6983,1025.7277,1511.3376,229.8418,6.5753,0.6788,1455.6159,2038.9299,229.4063,8.8882,0.714
2016-04-11T02:52:59.935Z,991.5483,1417.3446,230.173,6.1577,0.6997,1037.1733,1512.4326,229.7148,6.5846,0.6858,1480.5616,2054.8697,229.5049,8.9529,0.7203
2016-04-11T02:53:59.175Z,1008.768,1427.01,230.4036,6.1934,0.7067,1054.6431,1532.3969,229.8086,6.6681,0.6886,1485.0722,2056.3568,229.2511,8.97,0.7208
2016-04-11T02:54:59.450Z,1028.7743,1444.2397,231.0184,6.2514,0.7116,1071.5184,1553.8068,229.9126,6.7587,0.6898,1496.6043,2067.6591,229.2282,9.0204,0.7234
2016-04-11T02:55:59.005Z,1015.0422,1427.8708,231.1312,6.1782,0.7103,1075.5969,1559.8415,230.3243,6.772,0.6897,1483.9244,2065.9124,229.2533,9.0117,0.7181
2016-04-11T02:56:59.216Z,1017.3576,1429.4601,231.2381,6.1819,0.711,1087.5204,1567.8572,230.5659,6.7999,0.6931,1493.2132,2078.3926,229.3111,9.0633,0.7192
2016-04-11T02:57:59.544Z,1017.6173,1435.9058,230.9347,6.2181,0.7093,1091.482,1560.2299,230.1967,6.7779,0.6998,1513.7766,2095.2647,229.5174,9.1294,0.7216
2016-04-11T02:58:59.745Z,1022.4229,1432.0307,230.6162,6.2093,0.7137,1100.3739,1568.076,230.2932,6.8091,0.7018,1508.3337,2090.2243,229.2182,9.1186,0.7208
2016-04-11T02:59:59.040Z,1015.2157,1435.2139,230.4119,6.2285,0.7076,1077.2801,1534.1237,228.8871,6.7021,0.7021,1519.3464,2085.6006,229.5912,9.0834,0.7282
