2016-03-27T00:00:59.241Z,1.9352,70.3907,231.4301,0.3036,0.0271,4.2427,61.9238,231.3853,0.2682,0.071,3.164,63.0659,231.8342,0.2718,0.0537
2016-03-27T00:01:59.854Z,2.0648,73.1835,231.2035,0.3167,0.0274,2.8791,64.4927,231.103,0.279,0.0432,2.8526,64.6275,231.8707,0.2787,0.0472
2016-03-27T00:02:59.532Z,2.4654,71.0884,231.4878,0.3067,0.0337,2.8567,63.3467,230.1661,0.275,0.0449,2.9462,62.5757,231.9988,0.2696,0.0466
2016-03-27T00:03:59.366Z,2.3597,72.8754,231.5792,0.3144,0.0329,3.0978,62.7321,228.9988,0.2742,0.0497,2.5352,64.071,232.5232,0.2758,0.0405
2016-03-27T00:04:59.015Z,2.1671,72.9672,231.2882,0.3154,0.0281,3.262,63.9691,232.4333,0.2749,0.0519,2.5573,62.8354,231.6751,0.2717,0.0423
2016-03-27T00:05:59.099Z,1.7166,71.8354,230.792,0.3112,0.0243,3.2122,59.7881,232.3156,0.257,0.0548,2.5625,62.1737,231.6545,0.2687,0.0433
2016-03-27T00:06:59.175Z,2.0207,71.8531,230.3892,0.3116,0.0282,3.1148,66.2043,231.8158,0.2858,0.0464,2.8255,64.0967,231.3276,0.277,0.043
2016-03-27T00:07:59.622Z,3.4755,71.9113,230.5367,0.3115,0.049,2.8124,65.8373,231.173,0.2848,0.045,3.5784,64.8007,231.459,0.2799,0.0554
2016-03-27T00:08:59.223Z,2.3936,72.0816,230.3577,0.313,0.0322,3.1831,64.7318,231.0543,0.2799,0.0511,2.942,62.5834,231.3422,0.2707,0.0464
2016-03-27T00:09:59.411Z,1.8191,70.8655,230.4069,0.3073,0.0258,3.617,63.4071,231.6799,0.2736,0.0566,2.7705,62.7974,230.99,0.272,0.0469
2016-03-27T00:10:59.681Z,2.2787,72.6088,230.9117,0.314,0.032,3.2266,63.6797,231.8322,0.2746,0.0515,3.0598,64.1059,230.7667,0.2777,0.0486
2016-03-27T00:11:59.462Z,2.553,72.596,230.5737,0.3144,0.0354,3.1174,65.7878,231.9272,0.2832,0.0482,2.2376,63.8349,230.4673,0.2771,0.0352
2016-03-27T00:12:59.989Z,2.9705,71.8472,230.3759,0.3118,0.0421,3.1145,64.7257,231.383,0.2796,0.049,3.4964,63.7225,230.7362,0.2771,0.0553
2016-03-27T00:13:59.713Z,2.7041,72.2906,230.931,0.3129,0.0363,3.5561,64.7439,231.535,0.2798,0.055,2.9019,62.6854,231.3758,0.2711,0.0476
2016-03-27T00:14:59.059Z,2.1168,72.5517,230.5788,0.315,0.0276,3.167,65.1116,231.5121,0.2817,0.0472,2.8191,62.7583,231.466,0.2711,0.0451
2016-03-27T00:15:59.173Z,1.9099,72.2122,230.5427,0.3129,0.0268,3.3029,62.5493,231.8496,0.27,0.0536,2.6441,63.5921,231.722,0.2747,0.0408
2016-03-27T00:16:59.628Z,2.658,71.6943,230.7895,0.311,0.0382,3.477,64.3915,232.2538,0.2774,0.0546,3.3462,64.4229,232.0334,0.2778,0.0523
2016-03-27T00:17:59.875Z,1.9489,72.5078,230.0534,0.3151,0.0277,3.2773,64.6936,232.0133,0.279,0.0518,2.5326,63.4286,231.5258,0.274,0.0404
2016-03-27T00:18:59.003Z,1.7094,72.1836,230.2877,0.3132,0.0242,2.9763,62.2658,231.9209,0.2686,0.0482,3.239,62.5492,231.3708,0.2701,0.0516
2016-03-27T00:19:59.208Z,1.8446,72.5458,230.5667,0.3147,0.0265,3.5163,62.8892,231.5981,0.2719,0.059,2.9157,61.5614,231.7749,0.2658,0.0477
2016-03-27T00:20:59.621Z,2.5422,70.2937,230.347,0.3051,0.0371,3.4188,65.5811,231.2383,0.2836,0.0524,2.6505,64.2302,231.8741,0.2766,0.0422
2016-03-27T00:21:59.077Z,3.2522,72.2016,230.6504,0.313,0.045,3.5073,64.0378,231.6782,0.2758,0.0538,2.9227,63.2577,232.1183,0.2726,0.0461
2016-03-27T00:22:59.674Z,1.9972,71.3804,230.5155,0.3093,0.0274,3.6914,64.8475,232.1042,0.2792,0.0584,3.2725,64.2863,232.0907,0.2771,0.0509
2016-03-27T00:23:59.863Z,2.203,73.5054,230.1819,0.3192,0.0299,3.3429,65.0966,232.2904,0.2803,0.0503,3.0737,64.7874,232.3207,0.2787,0.0488
2016-03-27T00:24:59.053Z,1.263,72.1382,230.5338,0.3129,0.0178,3.3258,61.7533,232.4918,0.266,0.0535,2.7043,61.6051,232.4889,0.2647,0.0447
2016-03-27T00:25:59.392Z,2.5514,71.7692,230.3001,0.3114,0.036,3.4796,62.5679,232.2211,0.2695,0.0548,2.5401,61.6749,231.8077,0.2664,0.043
2016-03-27T00:26:59.901Z,3.225,73.4659,230.5533,0.3182,0.0437,2.7749,64.585,231.9711,0.2784,0.0452,3.502,65.1052,231.9208,0.281,0.0535
2016-03-27T00:27:59.379Z,1.8647,71.2928,230.3713,0.3096,0.0264,3.1949,63.7828,231.6842,0.2753,0.0531,2.6594,63.8364,231.786,0.2757,0.042
2016-03-27T00:28:59.683Z,2.0709,72.9671,230.3074,0.317,0.0284,2.9204,64.1459,231.4888,0.2771,0.0463,3.0605,63.8947,231.8115,0.2759,0.0484
2016-03-27T00:29:59.062Z,1.7292,72.5139,230.8803,0.314,0.0242,3.2914,64.7739,231.4626,0.2801,0.052,2.879,64.6142,231.7391,0.2784,0.0453
2016-03-27T00:30:59.375Z,2.5562,71.358,231.4912,0.3084,0.0363,3.083,63.0938,229.4921,0.2747,0.0538,2.7178,64.2234,231.8632,0.2773,0.0415
2016-03-27T00:31:59.988Z,3.5355,73.4653,231.7601,0.317,0.048,2.9571,63.5291,228.6586,0.278,0.0472,2.4933,63.5738,232.1254,0.2736,0.0402
2016-03-27T00:32:59.551Z,2.2313,71.8373,231.464,0.3104,0.0308,3.1382,63.5072,231.22,0.2747,0.0511,2.7253,62.4542,231.2424,0.2699,0.0438
2016-03-27T00:33:59.755Z,1.7738,72.0113,231.3575,0.3116,0.0254,3.0882,62.5435,231.0929,0.2712,0.0504,2.8804,63.6585,231.1098,0.2755,0.0448
2016-03-27T00:34:59.388Z,1.8592,71.4689,231.4438,0.3093,0.0264,3.7206,61.6749,231.6417,0.2666,0.0626,2.3343,64.1101,231.3622,0.2767,0.0378
2016-03-27T00:35:59.990Z,2.5909,71.4192,231.5811,0.3083,0.0379,2.894,64.8609,231.9929,0.2792,0.0453,2.5354,63.0064,231.1459,0.2722,0.0389
2016-03-27T00:36:59.972Z,2.3247,71.9626,231.2341,0.3112,0.0326,2.8326,63.9085,231.9241,0.2754,0.0438,3.0865,63.6981,231.0703,0.2759,0.0487
2016-03-27T00:37:59.156Z,1.7815,72.3517,231.0617,0.313,0.0249,2.8913,64.8824,231.6698,0.28,0.0446,2.2384,64.5498,231.2253,0.2794,0.034
2016-03-27T00:38:59.829Z,2.064,72.8709,231.0732,0.3148,0.0277,3.3323,63.5663,231.9816,0.2737,0.0518,2.5425,63.1643,231.1863,0.2729,0.0417
2016-03-27T00:39:59.977Z,2.8099,70.8275,230.7059,0.3074,0.0412,3.7855,62.7496,231.8937,0.2703,0.0635,2.6077,61.9666,231.0608,0.268,0.0444
2016-03-27T00:40:59.266Z,2.5046,71.1854,230.7022,0.3082,0.0354,3.5084,63.5249,232.1143,0.274,0.0558,2.534,63.5336,231.0203,0.2749,0.0391
2016-03-27T00:41:59.130Z,2.6248,70.8942,230.8702,0.3067,0.0377,3.6038,62.8693,232.2392,0.2705,0.0579,2.7569,63.7782,231.2234,0.2762,0.044
2016-03-27T00:42:59.544Z,1.9389,72.538,230.6281,0.3142,0.0278,3.8454,65.7418,232.5608,0.2829,0.0577,2.3864,62.7012,231.2782,0.271,0.0389
2016-03-27T00:43:59.946Z,1.7082,72.1199,230.9191,0.3124,0.0234,3.2649,63.3702,232.4282,0.2725,0.052,2.5828,63.8604,231.3123,0.2759,0.041
2016-03-27T00:44:59.925Z,2.0001,72.4007,231.6913,0.3122,0.0278,3.4093,65.7071,233.1982,0.2817,0.0523,3.2166,62.8019,232.1732,0.2707,0.051
2016-03-27T00:45:59.717Z,2.654,67.3942,231.221,0.2913,0.0389,3.9218,60.626,233.1641,0.2605,0.067,2.5874,62.6348,232.2618,0.2698,0.043
2016-03-27T00:46:59.108Z,1.8021,71.3078,231.5813,0.3072,0.0262,3.4939,65.0039,232.68,0.2788,0.0562,2.837,60.7559,232.3883,0.2612,0.0461
2016-03-27T00:47:59.380Z,2.2845,70.7314,231.8271,0.3047,0.0322,3.2513,62.8922,233.0195,0.2699,0.0529,2.3856,64.2968,232.3031,0.2768,0.0371
2016-03-27T00:48:59.842Z,2.0261,70.9851,231.7262,0.3061,0.0276,3.6478,61.3113,233.3127,0.2629,0.0575,2.821,63.61,232.4952,0.2735,0.0459
2016-03-27T00:49:59.163Z,3.0988,70.4182,232.5959,0.3024,0.0444,2.3461,62.0124,230.4663,0.2691,0.0392,2.498,63.6333,233.2522,0.2733,0.0421
2016-03-27T00:50:59.363Z,2.4881,71.5071,232.3477,0.3077,0.0347,3.3757,61.9953,230.6847,0.2687,0.0543,3.2103,64.7503,233.4433,0.2776,0.05
2016-03-27T00:51:59.797Z,2.496,73.6303,232.4728,0.3166,0.0338,2.5655,63.0068,231.3241,0.2722,0.0427,3.1371,64.6124,233.52,0.2767,0.0496
2016-03-27T00:52:59.027Z,1.6744,70.7517,232.2209,0.3044,0.0248,3.142,60.4618,232.9363,0.2596,0.0529,2.4343,63.8527,232.7997,0.2741,0.0387
2016-03-27T00:53:59.480Z,2.5805,71.8158,232.0215,0.3095,0.0363,3.6298,63.5446,232.9063,0.2733,0.0576,3.0667,63.0258,232.8668,0.2701,0.0482
2016-03-27T00:54:59.065Z,1.7123,72.1622,231.8067,0.3112,0.0242,3.3886,63.8116,232.6673,0.2748,0.0532,2.8054,61.1084,232.5178,0.263,0.0471
2016-03-27T00:55:59.378Z,2.1493,70.4948,231.7513,0.3037,0.0302,3.4264,63.3481,232.4171,0.2724,0.0538,3.3854,64.0612,232.613,0.2755,0.052
2016-03-27T00:56:59.199Z,2.4905,70.7512,231.7979,0.3046,0.0354,2.903,65.4548,231.4398,0.2829,0.046,2.5992,63.7927,233.0787,0.2743,0.0424
2016-03-27T00:57:59.422Z,2.1986,70.4071,232.17,0.3035,0.0308,2.5542,62.5519,229.5511,0.2721,0.0416,3.0755,64.512,233.3287,0.2762,0.0479
2016-03-27T00:58:59.916Z,1.7025,72.1247,232.2354,0.3101,0.0239,3.0595,63.2048,230.8861,0.2736,0.0492,3.1148,63.4647,233.3035,0.2721,0.0498
2016-03-27T01:00:59.326Z,2.6754,70.9492,231.3834,0.3062,0.038,3.5782,62.8365,231.9109,0.2707,0.0577,2.7427,63.3713,232.0808,0.2725,0.0432
2016-03-27T01:01:59.169Z,2.5507,72.991,230.3558,0.3164,0.0357,3.1469,62.0764,230.6346,0.2693,0.0527,2.9826,63.5191,230.7131,0.2749,0.0472
2016-03-27T01:02:59.355Z,2.4314,71.6104,228.9541,0.3133,0.0344,2.8279,63.5186,229.4918,0.2774,0.0443,3.0062,62.6226,229.4867,0.273,0.0484
2016-03-27T01:03:59.931Z,1.9946,69.929,229.5139,0.3051,0.0293,3.3067,62.5621,229.7226,0.2724,0.0515,2.4949,62.8349,229.7978,0.2735,0.041
2016-03-27T01:04:59.396Z,2.0793,71.7114,229.7137,0.3119,0.0287,2.999,63.4196,229.866,0.2758,0.0478,2.4043,61.8522,229.9607,0.2691,0.0389
2016-03-27T01:06:59.764Z,2.4751,71.107,230.1359,0.309,0.0358,2.7896,62.4749,227.7859,0.2744,0.0446,3.1195,62.5946,231.139,0.271,0.0507
2016-03-27T01:07:59.959Z,1.2675,69.9241,230.2804,0.3035,0.0182,3.5627,62.0321,230.3462,0.269,0.058,2.1091,63.6804,231.3415,0.2752,0.0338
2016-03-27T01:08:59.234Z,2.1443,71.6393,229.9912,0.3118,0.0286,3.1289,61.868,230.4858,0.2683,0.0511,2.4239,64.952,231.1388,0.2812,0.0373
2016-03-27T01:09:59.307Z,2.1537,71.012,229.7665,0.3093,0.0314,3.4271,62.5173,230.3518,0.271,0.0555,3.0582,62.5611,230.7189,0.2712,0.0479
2016-03-27T01:10:59.010Z,1.8833,70.3068,230.0102,0.3055,0.0276,2.4625,63.0384,230.8304,0.2726,0.0421,2.4954,62.5631,231.0162,0.271,0.0408
2016-03-27T01:11:59.262Z,1.6064,70.4487,230.1679,0.3064,0.0226,3.5325,62.2993,230.9592,0.2692,0.0568,3.0836,62.8681,231.254,0.2719,0.0493
2016-03-27T01:12:59.372Z,2.2595,72.0119,230.4942,0.3123,0.0319,3.5805,61.4962,230.9578,0.2667,0.0578,2.7343,62.0299,231.2846,0.2684,0.0446
2016-03-27T01:13:59.793Z,2.2407,71.2413,230.572,0.3093,0.0313,3.2555,63.0146,231.1248,0.2724,0.0537,3.0349,61.6984,231.3255,0.2666,0.0512
2016-03-27T01:14:59.999Z,2.1888,72.0759,231.2785,0.3113,0.0307,3.0723,60.6438,231.4821,0.2621,0.0531,3.1109,63.5635,231.7727,0.2746,0.051
2016-03-27T01:15:59.215Z,2.0739,72.1404,231.2832,0.3117,0.0281,3.3801,62.1089,231.4689,0.2679,0.0573,2.6701,62.681,231.7593,0.2703,0.0437
2016-03-27T01:16:59.772Z,2.6302,72.6907,231.5279,0.3138,0.037,2.7088,63.7973,228.98,0.2787,0.0424,2.5448,63.3455,232.6192,0.2716,0.0409
2016-03-27T01:17:59.286Z,2.2437,72.4352,231.72,0.3124,0.0331,2.9992,60.6108,228.6375,0.2648,0.0531,2.6913,62.3832,232.8229,0.2676,0.0443
2016-03-27T01:18:59.907Z,1.8212,70.5704,231.3884,0.3046,0.0267,3.2144,63.1837,231.5023,0.2729,0.0537,3.0778,63.4826,232.0919,0.2734,0.0514
2016-03-27T01:19:59.445Z,2.2066,71.1647,231.2899,0.3077,0.0315,3.2786,62.6044,231.8859,0.2696,0.0525,2.5395,64.6401,232.1421,0.2787,0.0401
2016-03-27T01:20:59.263Z,2.2354,71.0076,229.7319,0.3089,0.0327,3.0234,63.3021,232.2273,0.2723,0.0494,2.7381,62.7746,232.1898,0.2701,0.0447
2016-03-27T01:21:59.574Z,1.9213,71.6592,229.335,0.312,0.0262,3.1925,63.3527,232.4132,0.2725,0.0516,2.1021,64.5363,232.034,0.2782,0.0328
2016-03-27T01:22:59.279Z,1.7611,70.7436,229.4228,0.3088,0.0258,2.6293,65.3871,232.3954,0.2814,0.0404,2.6412,64.1639,232.1122,0.2763,0.042
2016-03-27T01:23:59.969Z,2.6983,70.777,229.7987,0.308,0.0373,2.9258,62.8212,232.3068,0.2707,0.047,2.3714,62.709,232.1172,0.27,0.0387
2016-03-27T01:24:59.740Z,2.9796,70.6631,229.8369,0.3075,0.0424,3.5949,62.9029,232.7386,0.2707,0.0577,3.2344,63.9952,231.8827,0.2758,0.0514
2016-03-27T01:25:59.430Z,2.6122,70.613,229.5067,0.3084,0.0377,3.4257,62.6704,232.2961,0.2698,0.0551,2.9143,62.6069,231.432,0.2706,0.0473
2016-03-27T01:26:59.576Z,1.7527,72.074,230.0462,0.3132,0.0233,3.1644,61.1789,231.7384,0.2636,0.0518,2.4351,61.2167,231.3023,0.2644,0.0411
2016-03-27T01:27:59.689Z,1.5971,71.9364,231.0763,0.3109,0.0213,3.2067,61.1903,231.6071,0.2642,0.0532,2.388,62.0233,231.5696,0.2685,0.0392
2016-03-27T01:28:59.269Z,1.9929,70.9298,231.5838,0.306,0.0285,3.2473,63.5205,231.3466,0.2744,0.0564,2.7058,61.7645,231.9184,0.2667,0.0464
2016-03-27T01:29:59.790Z,2.5659,71.4418,231.421,0.3085,0.0373,3.7514,62.134,230.6707,0.269,0.0604,2.6657,62.7725,231.8613,0.2708,0.0423
2016-03-27T01:30:59.294Z,2.3907,71.9902,231.5914,0.3111,0.0342,2.3311,63.0095,227.7655,0.2771,0.0386,3.0643,62.8054,232.8788,0.2698,0.0475
2016-03-27T01:31:59.538Z,2.1382,72.4188,231.6524,0.3129,0.0305,3.1116,62.1197,230.3922,0.2696,0.0502,2.2502,63.2503,232.4845,0.2722,0.0354
2016-03-27T01:32:59.429Z,1.9533,70.016,231.5546,0.3026,0.0286,3.6209,62.927,232.1818,0.271,0.0604,2.5129,62.0588,231.8262,0.2679,0.0429
2016-03-27T01:33:59.110Z,2.3858,70.9517,231.6487,0.3058,0.0329,3.4506,63.2687,232.0947,0.2729,0.0552,2.6476,64.0656,231.9832,0.276,0.0442
2016-03-27T01:34:59.554Z,2.9955,71.5807,231.8851,0.3086,0.0428,3.362,62.7923,231.9065,0.2708,0.0532,3.0871,62.817,231.4233,0.2712,0.0493
2016-03-27T01:35:59.862Z,2.2616,71.577,231.6491,0.3088,0.0307,3.311,65.2916,231.8003,0.2819,0.0515,2.3527,62.8476,231.3075,0.2718,0.0367
2016-03-27T01:36:59.212Z,1.8303,72.7598,231.3821,0.3141,0.0253,3.1954,63.6728,231.2593,0.2752,0.0501,3.2997,61.3529,231.1104,0.2661,0.0539
2016-03-27T01:37:59.542Z,2.0035,70.8525,231.535,0.3065,0.0284,3.1077,63.5139,231.3502,0.2748,0.0522,2.8163,61.7947,231.1715,0.2673,0.0453
2016-03-27T01:38:59.157Z,2.914,73.3731,231.4698,0.3173,0.0404,3.3174,64.2523,231.2118,0.2781,0.0539,2.6613,62.4933,230.9279,0.27,0.0421
2016-03-27T01:39:59.441Z,1.5465,72.0264,231.5452,0.3112,0.0218,2.817,62.1134,231.241,0.2686,0.0466,2.9323,61.4411,231.2296,0.2654,0.047
2016-03-27T01:40:59.842Z,2.2517,71.747,231.8797,0.3092,0.0312,2.7382,63.9126,231.3651,0.2763,0.0442,2.9159,62.4179,231.2279,0.2699,0.0477
2016-03-27T01:41:59.398Z,2.4417,72.136,231.9444,0.3108,0.0343,3.2939,63.8381,231.3611,0.276,0.0513,2.7554,63.3962,231.1228,0.2746,0.0436
2016-03-27T01:42:59.891Z,2.4421,70.1041,231.8589,0.3024,0.0365,3.2621,62.5528,231.0511,0.271,0.0566,2.6257,61.4083,231.0643,0.2662,0.0459
2016-03-27T01:43:59.873Z,2.7407,71.4724,231.352,0.3087,0.0382,3.3341,63.531,231.2468,0.2741,0.0546,3.0276,61.6764,231.3954,0.2667,0.0516
2016-03-27T01:44:59.513Z,1.8593,71.7631,230.9712,0.3102,0.0283,3.8024,63.4369,231.7801,0.2739,0.06,2.8256,63.4034,231.8886,0.2732,0.0442
2016-03-27T01:45:59.713Z,2.026,72.4537,231.449,0.3129,0.0275,3.4311,61.8065,231.8638,0.2667,0.0541,2.6111,61.7508,232.589,0.2652,0.043
2016-03-27T01:46:59.522Z,2.5951,71.3414,231.2067,0.3081,0.0363,3.2612,61.8324,231.9043,0.2667,0.0533,2.4793,62.0914,232.3962,0.2671,0.0407
2016-03-27T01:47:59.859Z,3.019,71.4908,231.4172,0.3086,0.0446,3.7579,61.4835,232.1725,0.2649,0.0637,2.6363,61.571,232.4599,0.2651,0.0445
2016-03-27T01:48:59.256Z,3.4414,72.3833,232.3947,0.3112,0.0479,2.9224,64.8038,228.8484,0.2831,0.0454,2.4039,63.06,233.5189,0.2699,0.0378
2016-03-27T01:49:59.560Z,2.2613,71.8965,231.8521,0.3098,0.0314,3.2232,63.1185,229.6626,0.2746,0.0512,2.2426,63.2255,233.0133,0.2716,0.0362
2016-03-27T01:50:59.124Z,1.926,71.6842,231.7873,0.3091,0.026,3.2759,63.0864,231.3939,0.2724,0.0513,2.5744,64.1713,232.7209,0.2759,0.0397
2016-03-27T01:51:59.317Z,2.4681,71.8695,232.0074,0.31,0.0333,3.4859,62.4824,231.5096,0.27,0.0566,2.7703,61.4898,232.6432,0.2646,0.0482
2016-03-27T01:52:59.953Z,2.85,72.6804,231.6123,0.3141,0.0405,2.9116,62.6367,231.4339,0.2711,0.048,2.9538,61.5152,232.7682,0.2641,0.0497
2016-03-27T01:53:59.360Z,3.2492,71.3476,231.355,0.3079,0.0473,3.3388,62.7844,231.5538,0.2706,0.0543,2.7611,64.918,232.5006,0.2791,0.0431
2016-03-27T01:54:59.697Z,1.9025,71.8205,231.3368,0.3098,0.0248,3.1177,64.1945,231.8879,0.2768,0.0503,2.8417,63.6654,232.591,0.2737,0.0453
2016-03-27T01:55:59.015Z,2.0429,72.373,231.1162,0.313,0.0281,3.6518,64.2327,232.1299,0.2766,0.0577,3.0897,63.5337,232.836,0.273,0.0476
2016-03-27T01:56:59.270Z,2.1688,72.0923,230.6296,0.3123,0.0299,3.4986,65.5567,231.7862,0.2829,0.0537,2.3435,62.4274,232.4716,0.2687,0.0385
2016-03-27T01:57:59.576Z,2.4787,70.8287,230.4061,0.3073,0.0337,3.4439,63.1212,231.4983,0.2725,0.0555,2.4913,62.0946,232.3955,0.2673,0.0435
2016-03-27T01:58:59.913Z,2.1768,72.0622,230.219,0.3132,0.0293,3.5449,63.6666,231.587,0.2752,0.0554,2.6611,64.1675,232.2957,0.276,0.0411
2016-03-27T01:59:59.563Z,1.9941,70.783,230.2429,0.3073,0.0288,3.3677,64.1102,231.4009,0.2774,0.0527,3.1612,62.151,232.0256,0.2678,0.0504
