2016-01-15T00:00:59.308Z,3.6538,115.4814,227.0899,0.5077,0.031,4.0962,103.9715,230.5534,0.4509,0.04,82.5653,130.6988,232.743,0.5611,0.6349
2016-01-15T00:01:59.542Z,3.6552,117.3425,227.0048,0.5163,0.0302,3.9974,97.6213,230.9203,0.4229,0.0415,82.6545,130.9721,232.6957,0.5632,0.6335
2016-01-15T00:02:59.897Z,3.7338,118.6079,227.3896,0.5212,0.0325,3.5921,99.7404,231.1086,0.4316,0.0363,83.9693,131.3149,232.8738,0.5632,0.6415
2016-01-15T00:03:59.224Z,4.4389,117.4661,227.7937,0.516,0.0384,4.0518,98.2646,230.0208,0.4267,0.0453,82.8067,129.7174,232.5439,0.5572,0.6431
2016-01-15T00:04:59.581Z,5.1415,118.5441,227.2521,0.5211,0.0431,3.4559,103.8864,229.7037,0.4519,0.0338,82.4811,130.4997,231.902,0.5621,0.6342
2016-01-15T00:05:59.919Z,5.2065,118.4041,228.0326,0.5188,0.0425,4.0265,98.214,228.9627,0.4287,0.0387,81.8104,130.8223,231.4825,0.5647,0.6278
2016-01-15T00:06:59.184Z,3.3164,117.4083,228.4076,0.5143,0.0279,4.3572,102.4781,230.4374,0.4443,0.0439,83.2578,130.0898,232.5632,0.5597,0.643
2016-01-15T00:07:59.476Z,4.753,117.5511,228.4155,0.5143,0.0402,3.6367,99.8835,230.3675,0.434,0.0362,83.0614,131.6201,232.2119,0.5667,0.6352
2016-01-15T00:08:59.786Z,3.5564,118.1241,228.5848,0.5162,0.0303,4.2429,102.9053,230.9237,0.4457,0.0421,82.2218,129.0068,232.2108,0.5558,0.6399
2016-01-15T00:09:59.978Z,3.4541,117.8846,228.3405,0.5163,0.0288,4.9963,101.8909,230.7304,0.4418,0.0477,82.9491,129.828,232.257,0.5587,0.6405
2016-01-15T00:10:59.208Z,4.243,118.5562,229.112,0.5173,0.0365,4.4016,99.4548,230.3537,0.4317,0.042,81.5197,130.9989,231.73,0.5652,0.6257
2016-01-15T00:11:59.305Z,3.7711,118.1005,228.9063,0.5156,0.0311,4.0988,99.7988,230.8798,0.4319,0.0415,82.3815,131.0218,231.7633,0.5652,0.6324
2016-01-15T00:12:59.736Z,4.1126,117.5254,228.5057,0.5141,0.0349,3.9783,100.6916,230.637,0.4373,0.0411,82.1797,128.2936,232.3702,0.5523,0.6453
2016-01-15T00:13:59.111Z,3.3092,117.2469,228.8486,0.5121,0.0284,3.8116,100.6701,229.9394,0.4376,0.038,83.5452,128.9231,232.8118,0.5532,0.6506
2016-01-15T00:14:59.374Z,3.1784,116.4036,228.3577,0.51,0.0264,3.5074,98.8904,229.496,0.4307,0.037,81.718,128.4547,232.1762,0.5527,0.641
2016-01-15T00:15:59.697Z,4.6107,119.4338,229.8795,0.5192,0.0386,3.3326,98.4925,229.1226,0.4295,0.0346,82.2465,131.3142,232.138,0.5656,0.6305
2016-01-15T00:16:59.047Z,3.2047,118.202,229.339,0.5152,0.028,3.4784,101.574,230.3734,0.4406,0.035,83.5412,131.8731,232.7711,0.5666,0.6357
2016-01-15T00:17:59.277Z,4.1946,116.6421,229.3664,0.5087,0.0366,3.973,97.7608,229.512,0.426,0.0434,82.9684,132.1402,232.9203,0.5675,0.6325
2016-01-15T00:18:59.563Z,3.7975,120.5053,230.8692,0.521,0.0324,3.8026,99.927,228.8395,0.4364,0.0381,83.38,130.517,233.5203,0.5592,0.6418
2016-01-15T00:19:59.701Z,4.5255,119.934,231.267,0.5184,0.0374,4.0999,101.5859,229.5855,0.4419,0.0412,83.6021,131.3001,233.3185,0.5626,0.6401
2016-01-15T00:20:59.123Z,3.9187,119.0452,230.9759,0.5154,0.0322,3.8184,99.8646,229.3076,0.4351,0.0389,82.9001,132.1196,232.3459,0.5682,0.6313
2016-01-15T00:21:59.427Z,5.138,115.866,230.4885,0.502,0.0447,3.9904,99.3903,229.737,0.4327,0.0411,83.1161,126.8657,231.5836,0.5482,0.6597
2016-01-15T00:22:59.615Z,2.4236,119.1666,230.1555,0.5171,0.0201,4.02,99.6524,229.4185,0.4346,0.0403,81.7425,129.3941,231.5412,0.5595,0.6338
2016-01-15T00:23:59.725Z,3.3453,117.9148,230.0307,0.5124,0.0287,4.1152,102.2967,230.4763,0.4442,0.0429,83.4464,130.252,232.0177,0.5614,0.643
2016-01-15T00:25:59.289Z,3.2494,119.3797,230.4214,0.5181,0.0271,3.7574,100.8603,229.8543,0.4387,0.0368,82.7623,129.6607,231.9606,0.5593,0.6406
2016-01-15T00:26:59.598Z,3.8821,119.2477,230.8069,0.516,0.0319,3.5447,102.9515,230.0085,0.4482,0.0354,82.9075,130.3632,232.0215,0.5619,0.6387
2016-01-15T00:27:59.844Z,2.6223,119.2957,231.2335,0.5158,0.0208,3.9037,99.1789,230.1449,0.4312,0.0392,82.6057,130.5387,231.8642,0.5627,0.6369
2016-01-15T00:28:59.216Z,3.7057,118.5711,231.1072,0.5131,0.0307,3.8107,101.6277,230.5218,0.4406,0.0393,82.1861,129.6876,231.6027,0.5602,0.6388
2016-01-15T00:29:59.555Z,3.7433,118.401,231.2085,0.5117,0.0305,3.8608,101.0779,230.9398,0.4374,0.0386,82.9614,130.3924,231.8653,0.5626,0.6391
2016-01-15T00:30:59.897Z,3.5644,120.8847,231.1102,0.5227,0.0303,3.712,99.6896,230.6524,0.4321,0.0382,83.1154,132.4976,232.0127,0.5712,0.6297
2016-01-15T00:31:59.085Z,3.9403,120.0173,231.5468,0.5178,0.033,4.0364,98.9528,228.7978,0.4327,0.0407,83.4558,128.8277,232.68,0.5543,0.6513
2016-01-15T00:32:59.372Z,4.8579,122.4098,231.6007,0.528,0.0387,3.2302,100.4944,228.7526,0.4393,0.0318,82.4143,132.4799,232.9926,0.5681,0.6258
2016-01-15T00:33:59.599Z,3.7487,128.4385,231.612,0.5538,0.0289,3.9368,107.9434,229.913,0.4695,0.037,82.6502,136.2389,231.753,0.5879,0.6075
2016-01-15T00:34:59.821Z,4.6569,127.5874,232.0951,0.5491,0.036,3.6258,108.5834,230.0176,0.4721,0.0325,80.4636,132.8484,229.1209,0.5798,0.6086
2016-01-15T00:35:59.184Z,4.7421,127.8539,231.07,0.553,0.0359,3.4774,110.3938,229.9096,0.4801,0.031,82.5947,136.6298,231.7356,0.5893,0.608
2016-01-15T00:36:59.511Z,3.6871,126.002,231.6831,0.5432,0.0287,4.4464,106.4175,230.6136,0.4615,0.0431,82.7815,136.4186,232.3756,0.5869,0.6123
2016-01-15T00:37:59.813Z,4.6136,128.3192,231.2403,0.5546,0.0358,3.8347,110.272,229.6663,0.48,0.0352,82.84,136.8418,232.4357,0.5883,0.6076
2016-01-15T00:38:59.021Z,4.9693,127.2499,231.1831,0.5498,0.041,4.9953,108.3799,229.7613,0.4716,0.0444,82.963,139.6178,232.188,0.6009,0.5987
2016-01-15T00:39:59.291Z,3.5927,128.7044,230.9388,0.5566,0.0276,3.3951,108.1148,230.1255,0.4701,0.0318,82.5115,137.6878,232.0922,0.5933,0.6032
2016-01-15T00:40:59.626Z,4.4292,128.3593,230.3112,0.5571,0.0342,5.2145,112.9599,230.3943,0.4907,0.0459,82.5483,136.6118,232.2017,0.5886,0.6063
2016-01-15T00:41:59.076Z,5.0599,128.3046,230.8802,0.5559,0.04,3.459,108.2997,230.5214,0.4701,0.0329,82.2094,136.6574,232.4738,0.5873,0.6052
2016-01-15T00:42:59.337Z,4.2665,124.4375,230.4486,0.5395,0.0343,3.8401,108.624,230.4777,0.4714,0.0352,82.4081,137.2924,232.3608,0.5908,0.6031
2016-01-15T00:43:59.680Z,5.0209,129.4235,230.7356,0.5608,0.0392,3.912,109.764,230.6823,0.476,0.0355,83.3996,137.0946,232.5826,0.5893,0.6109
2016-01-15T00:44:59.888Z,5.3473,129.9014,230.3622,0.5631,0.0418,3.6342,109.0151,229.841,0.4741,0.0316,82.0318,134.3656,231.794,0.5793,0.6112
2016-01-15T00:45:59.281Z,4.3699,127.1244,229.9129,0.5524,0.0351,4.0064,110.5414,229.704,0.4813,0.036,81.8757,135.9788,231.366,0.5879,0.6048
2016-01-15T00:46:59.606Z,4.6885,129.1651,230.333,0.5603,0.0352,3.8776,108.1361,230.3012,0.4695,0.0358,83.7925,138.2599,231.9578,0.5962,0.6075
2016-01-15T00:47:59.998Z,4.028,127.6363,230.432,0.5527,0.0297,4.1575,110.794,230.4575,0.4811,0.0367,82.649,137.2425,231.9734,0.5912,0.6049
2016-01-15T00:48:59.387Z,4.0137,126.4701,231.3702,0.5464,0.0329,4.4472,110.5911,230.5694,0.4797,0.04,83.4797,137.1816,232.7622,0.5893,0.6117
2016-01-15T00:49:59.783Z,4.5674,127.6696,231.3381,0.552,0.0359,4.7985,110.5529,230.6404,0.4798,0.0433,83.4544,137.7474,232.324,0.5934,0.6084
2016-01-15T00:50:59.165Z,4.2782,126.5748,230.1629,0.5494,0.0332,4.2803,109.3148,231.056,0.4732,0.0379,83.0563,136.796,232.0086,0.5898,0.6091
2016-01-15T00:51:59.584Z,2.5987,126.8013,229.8926,0.5509,0.0202,4.2198,106.8635,231.2561,0.4621,0.0427,83.2892,136.8555,232.1796,0.5897,0.6137
2016-01-15T00:52:59.918Z,4.0085,128.2429,230.1574,0.5567,0.0311,5.1442,109.5544,230.8729,0.4748,0.046,82.0123,135.1227,231.8446,0.5829,0.6089
2016-01-15T00:53:59.107Z,4.3937,127.1006,229.8816,0.5528,0.0356,4.3454,110.9738,230.4786,0.4816,0.0386,82.7781,136.2843,231.3992,0.5894,0.6092
2016-01-15T00:54:59.261Z,4.9796,126.1226,230.0136,0.5478,0.0395,4.0751,108.8512,230.1323,0.4725,0.0366,82.6073,136.7862,231.6286,0.5907,0.6078
2016-01-15T00:55:59.525Z,3.5325,126.2157,229.6905,0.5493,0.029,4.2667,109.0671,229.364,0.4754,0.0387,82.2259,135.3653,231.1444,0.5851,0.6107
2016-01-15T00:56:59.869Z,4.6744,126.372,230.1531,0.5481,0.0374,3.9025,109.6704,229.85,0.4775,0.0363,82.6215,134.1695,232.1099,0.5777,0.6201
2016-01-15T00:57:59.097Z,5.2767,127.8831,230.4703,0.5547,0.0407,3.7229,109.79,229.8839,0.4776,0.0348,82.6829,135.4859,232.4053,0.5826,0.6113
2016-01-15T00:58:59.321Z,4.288,127.5273,230.8298,0.552,0.0334,3.5359,111.0407,230.2457,0.4826,0.0304,83.0268,137.7901,232.6325,0.5924,0.6062
2016-01-15T00:59:59.584Z,3.8222,127.4654,230.8768,0.5522,0.0301,4.6052,109.1155,230.0369,0.4743,0.0426,83.2986,137.7605,232.5799,0.592,0.6071
