2016-02-26T00:00:59.657Z,1.8246,48.3402,229.7598,0.2104,0.0412,2.9342,34.2911,231.4016,0.1478,0.093,2.1685,35.9265,232.0643,0.1551,0.0678
2016-02-26T00:01:59.969Z,1.8393,50.2991,230.9523,0.2177,0.0357,3.4347,32.3218,230.8642,0.1398,0.1162,2.992,34.6499,231.8656,0.149,0.0888
2016-02-26T00:02:59.252Z,3.0973,50.2216,231.3778,0.2168,0.063,3.2482,32.7787,230.514,0.1423,0.1062,2.9506,34.7948,231.7524,0.1502,0.0846
2016-02-26T00:03:59.510Z,2.2129,50.0054,231.429,0.216,0.0445,3.4888,32.5531,231.0124,0.1405,0.1126,2.3026,35.0004,231.5574,0.1513,0.07
2016-02-26T00:04:59.742Z,2.0255,50.4886,230.0049,0.2189,0.0395,2.4247,30.8231,228.5351,0.1342,0.0884,2.2263,33.2247,231.9314,0.144,0.0673
2016-02-26T00:05:59.997Z,2.3209,50.2792,229.567,0.2191,0.0453,3.1185,32.3243,230.0395,0.1409,0.1014,3.3178,36.1114,231.6586,0.1559,0.0912
2016-02-26T00:06:59.235Z,2.1936,50.7893,230.8468,0.2194,0.0434,3.5509,33.4376,231.6036,0.1446,0.1171,3.0182,35.1988,232.1289,0.1514,0.0873
2016-02-26T00:07:59.582Z,2.1803,49.739,230.6153,0.2158,0.0447,3.2258,33.0347,230.7314,0.1431,0.1042,2.2956,35.2955,231.7886,0.1522,0.0676
2016-02-26T00:09:59.243Z,2.5735,49.5695,230.1216,0.2151,0.052,3.399,33.5017,230.8964,0.1452,0.1073,2.7331,34.6376,232.4626,0.1488,0.0838
2016-02-26T00:10:59.647Z,1.5907,49.227,231.3035,0.213,0.0324,3.2891,33.7957,231.1421,0.1462,0.1024,2.8524,34.8785,232.8668,0.1495,0.0869
2016-02-26T00:11:59.060Z,2.1034,50.2061,232.005,0.2164,0.0402,3.4561,34.6732,231.35,0.1494,0.1022,2.7924,35.4237,233.3406,0.1518,0.085
2016-02-26T00:12:59.237Z,2.0907,50.3771,232.3905,0.2166,0.0422,3.4914,32.1176,232.1174,0.1386,0.1127,2.3032,33.3635,233.6205,0.1431,0.0715
2016-02-26T00:13:59.395Z,2.1727,50.1804,230.662,0.2176,0.0433,3.6266,32.6929,232.0855,0.1408,0.1135,2.1359,33.1848,233.4925,0.1419,0.0689
2016-02-26T00:14:59.502Z,1.8386,50.0241,231.2424,0.2161,0.0372,3.4901,32.4898,232.3047,0.1404,0.1153,2.991,35.011,233.3393,0.1503,0.0884
2016-02-26T00:15:59.790Z,2.7299,49.6178,231.7402,0.2141,0.0553,3.5151,31.5554,232.4259,0.1363,0.1147,2.7729,33.6423,233.2889,0.1438,0.0846
2016-02-26T00:16:59.025Z,2.4783,50.015,231.6084,0.2162,0.0497,3.4467,32.2393,232.0282,0.139,0.1099,2.6224,32.8411,233.187,0.1411,0.0804
2016-02-26T00:17:59.251Z,1.7602,50.3205,231.6218,0.2178,0.0351,3.1224,32.7586,232.1185,0.141,0.0982,2.7357,34.6729,233.184,0.1486,0.0802
2016-02-26T00:18:59.366Z,2.0125,49.7386,230.1244,0.216,0.041,3.4119,33.0874,232.4078,0.1425,0.1036,2.4626,33.8604,232.8369,0.1456,0.0775
2016-02-26T00:19:59.596Z,2.2481,49.7207,231.4185,0.2147,0.0454,3.4845,34.4104,232.0901,0.1482,0.1059,2.9071,36.0511,232.7771,0.1551,0.0793
2016-02-26T00:20:59.865Z,2.5465,50.294,231.5198,0.2173,0.0515,3.4532,32.6716,232.0283,0.1409,0.1063,2.8233,34.9737,232.9934,0.1499,0.0841
2016-02-26T00:21:59.208Z,2.3361,49.6939,231.2508,0.2146,0.0467,3.3202,34.4071,232.3268,0.1473,0.0984,3.0204,35.3324,233.1974,0.1513,0.0912
2016-02-26T00:22:59.568Z,1.8608,49.849,231.0915,0.2155,0.0378,3.9021,33.4109,231.6266,0.1443,0.1168,2.7709,36.1997,233.1687,0.1549,0.079
2016-02-26T00:23:59.825Z,1.9568,50.0273,231.5332,0.2159,0.0382,3.5052,34.3071,232.0833,0.148,0.1086,2.793,35.2067,233.3823,0.1508,0.0793
2016-02-26T00:24:59.203Z,2.4684,48.8199,231.3838,0.2112,0.0484,2.8367,35.607,231.9499,0.1532,0.09,2.7786,35.9619,233.1132,0.1543,0.076
2016-02-26T00:25:59.529Z,1.7476,50.049,230.9668,0.2163,0.0345,3.5309,36.3376,231.4101,0.157,0.102,2.2236,32.7327,232.0532,0.1409,0.0723
2016-02-26T00:26:59.813Z,2.2047,50.1879,231.2526,0.2169,0.0437,3.0219,34.5479,231.5559,0.1495,0.097,2.8874,33.1858,232.5584,0.1429,0.0873
2016-02-26T00:27:59.008Z,1.6804,49.4638,231.2553,0.2142,0.0347,3.1548,33.83,231.483,0.1462,0.1032,2.5876,35.4768,232.2963,0.1527,0.0762
2016-02-26T00:28:59.363Z,1.7937,49.8756,231.0685,0.2162,0.0356,3.0809,33.5184,231.4769,0.1443,0.1005,2.913,35.3819,232.0007,0.1527,0.084
2016-02-26T00:29:59.628Z,1.8943,49.5315,231.4757,0.214,0.039,2.9965,33.6436,231.5543,0.1451,0.0918,1.7626,34.3859,232.1023,0.1481,0.0635
2016-02-26T00:30:59.802Z,2.0285,50.1067,231.7949,0.2163,0.0408,3.1285,34.9878,231.2283,0.1512,0.0959,3.0377,33.691,232.2403,0.145,0.0914
2016-02-26T00:31:59.066Z,2.1564,50.0002,231.5462,0.2161,0.0435,3.6408,33.8698,230.9715,0.1467,0.1139,2.8018,34.753,232.5948,0.1497,0.0833
2016-02-26T00:32:59.341Z,2.0499,50.12,231.6113,0.2165,0.0408,3.0351,32.3909,230.6027,0.1403,0.1034,2.8623,34.6353,232.2954,0.1489,0.0836
2016-02-26T00:33:59.713Z,2.5914,50.4068,231.8352,0.2174,0.0534,3.6326,34.2049,231.6502,0.1476,0.1087,2.1176,33.7971,232.084,0.1457,0.0692
2016-02-26T00:34:59.821Z,1.7498,49.9684,232.0145,0.2154,0.0336,3.3016,29.391,231.4563,0.1273,0.1118,2.2574,30.5912,231.6026,0.1324,0.0789
2016-02-26T00:35:59.006Z,1.5568,50.0597,232.3204,0.2152,0.0309,3.1247,33.2826,231.7709,0.143,0.0992,2.2946,33.6753,232.3853,0.1454,0.071
2016-02-26T00:36:59.269Z,1.6023,50.6636,231.9033,0.2184,0.031,3.5805,34.0953,231.9584,0.1469,0.1126,2.6695,35.0543,232.5629,0.1504,0.0798
2016-02-26T00:37:59.530Z,2.1861,49.555,232.1336,0.213,0.0434,3.3505,32.9796,232.1886,0.1415,0.1038,2.7167,36.2413,233.3234,0.1554,0.0777
2016-02-26T00:38:59.963Z,2.7469,49.8448,231.8216,0.2149,0.0533,3.4409,33.8045,232.114,0.1453,0.1098,2.8049,35.3842,232.8965,0.1519,0.0778
2016-02-26T00:39:59.228Z,2.4669,50.2781,231.2756,0.217,0.0496,3.3899,35.5544,232.0961,0.1531,0.1,2.4926,34.649,232.8986,0.148,0.0736
2016-02-26T00:40:59.393Z,2.2379,49.7321,231.1945,0.2156,0.0433,3.2879,31.8709,232.7692,0.1368,0.1069,3.3711,34.9822,232.5584,0.1503,0.0962
2016-02-26T00:41:59.659Z,2.2672,50.955,231.7637,0.2195,0.0429,3.1995,35.5377,233.4861,0.1523,0.0971,2.5273,35.2221,232.9036,0.1514,0.0787
2016-02-26T00:42:59.959Z,1.9775,49.6101,231.4074,0.2138,0.0388,3.1676,34.2841,232.9301,0.1473,0.1018,2.9208,35.4713,232.9711,0.1523,0.0853
2016-02-26T00:43:59.238Z,2.0217,49.6209,231.6578,0.2139,0.0394,3.5646,31.4201,233.0278,0.1343,0.1144,2.7166,34.8014,233.2251,0.1491,0.0839
2016-02-26T00:44:59.428Z,1.8666,50.8385,231.0441,0.2199,0.0357,3.2156,35.5865,232.6341,0.1527,0.1004,2.7311,35.1592,232.9343,0.1504,0.0803
2016-02-26T00:45:59.739Z,1.8919,49.9329,230.9654,0.2162,0.0385,3.3341,34.2695,232.3012,0.1475,0.1038,2.7823,33.5496,232.9333,0.144,0.0867
2016-02-26T00:46:59.989Z,2.6551,49.1464,230.9265,0.2129,0.0533,3.6529,34.6392,232.4885,0.1485,0.1099,2.2533,35.4021,232.9947,0.1523,0.0667
2016-02-26T00:47:59.338Z,1.8764,50.7143,231.2739,0.2192,0.038,3.1082,34.2734,232.4521,0.1474,0.0979,2.4916,35.4842,233.1958,0.152,0.073
2016-02-26T00:48:59.550Z,2.4426,49.5948,231.9243,0.2135,0.0471,3.3901,32.6147,231.8233,0.1411,0.109,2.793,34.9216,233.454,0.1499,0.0827
2016-02-26T00:49:59.809Z,1.8335,49.7544,231.864,0.2143,0.0365,2.932,33.74,232.0378,0.1448,0.0973,2.6822,34.7823,233.6252,0.1488,0.0811
2016-02-26T00:50:59.137Z,2.3722,50.0978,231.6774,0.2166,0.0468,2.935,35.9541,232.1949,0.1546,0.0928,2.4558,34.8472,233.0438,0.1492,0.0776
2016-02-26T00:51:59.460Z,1.722,50.4457,231.7238,0.2177,0.0348,3.5068,33.3751,232.2801,0.1441,0.1124,2.8826,33.9875,233.2895,0.1456,0.0885
2016-02-26T00:52:59.734Z,1.8425,49.8858,231.4402,0.2159,0.0368,3.4543,34.3622,232.1723,0.1474,0.1055,2.9266,34.66,233.0161,0.1486,0.0855
2016-02-26T00:54:59.281Z,2.5476,50.0143,231.6397,0.216,0.0508,3.1079,33.1811,229.8044,0.1444,0.0941,2.5941,33.7076,233.3503,0.1443,0.0799
2016-02-26T00:55:59.496Z,2.0782,50.4601,231.1298,0.2186,0.0404,2.9287,35.0284,231.4248,0.1519,0.0913,2.8393,35.1524,232.6076,0.152,0.0818
2016-02-26T00:56:59.791Z,2.2168,50.5447,230.9107,0.2186,0.0437,3.4748,33.7221,230.7491,0.1464,0.1068,2.5145,33.296,231.4974,0.1436,0.0771
2016-02-26T00:57:59.043Z,1.9944,49.6403,230.8079,0.2155,0.041,3.3202,32.6571,230.8273,0.1418,0.1028,2.8345,34.1457,231.4167,0.1478,0.0894
2016-02-26T00:58:59.369Z,1.9893,49.9299,231.3418,0.2164,0.0413,3.233,35.128,231.2833,0.1517,0.097,2.464,34.6354,231.6404,0.1497,0.0789
2016-02-26T00:59:59.668Z,2.4882,48.8949,230.7578,0.2119,0.0497,2.9131,33.8364,230.7862,0.1468,0.0943,2.4004,33.5333,231.4426,0.1445,0.0826
2016-02-26T01:00:59.082Z,1.5608,48.903,230.5309,0.212,0.0313,2.9389,33.6116,230.667,0.1461,0.0976,2.815,36.67,231.5616,0.1586,0.0782
2016-02-26T01:01:59.343Z,1.7243,49.7896,230.3429,0.216,0.0359,3.5252,34.6245,230.9223,0.1502,0.1059,2.1795,35.2295,232.0418,0.1518,0.0662
2016-02-26T01:02:59.561Z,2.3177,49.7444,229.6634,0.2164,0.0443,3.1447,32.9031,229.8114,0.143,0.1,2.8371,34.1058,231.4137,0.1474,0.0856
2016-02-26T01:03:59.990Z,2.3581,49.1135,229.9513,0.2136,0.0475,3.3078,32.7975,229.5316,0.1427,0.1031,2.6756,33.7116,231.5341,0.1457,0.084
2016-02-26T01:04:59.261Z,2.7673,49.9132,230.2402,0.217,0.0566,3.4904,35.3606,229.9177,0.154,0.1001,2.8457,34.9862,231.5539,0.1508,0.0853
2016-02-26T01:05:59.576Z,2.0967,49.5623,229.6997,0.2157,0.0427,3.6096,34.3938,230.0666,0.1497,0.1112,2.5475,33.9324,231.4448,0.1473,0.079
2016-02-26T01:06:59.780Z,1.5276,49.8643,230.4845,0.2164,0.0315,3.1159,32.6166,230.833,0.1412,0.1004,2.5149,35.2383,232.1386,0.1518,0.0783
2016-02-26T01:07:59.064Z,2.126,49.5229,229.6706,0.2156,0.0427,3.541,35.651,230.3207,0.1551,0.0991,2.4892,33.0575,231.6024,0.1429,0.0815
2016-02-26T01:08:59.192Z,1.7834,50.2115,229.0447,0.2188,0.0345,3.4832,33.8687,230.2638,0.1473,0.1098,2.2998,34.8018,231.3253,0.1509,0.0723
2016-02-26T01:09:59.500Z,2.1986,49.3776,229.458,0.2151,0.0453,3.328,34.6129,230.617,0.15,0.103,2.1469,35.2763,231.3833,0.1529,0.068
2016-02-26T01:10:59.688Z,2.1357,49.7933,230.2776,0.216,0.0415,2.6192,33.2013,230.9426,0.1431,0.0852,2.2527,34.1022,232.0001,0.1469,0.0735
2016-02-26T01:11:59.853Z,2.6049,49.512,230.1566,0.2147,0.0525,3.1842,30.4438,231.3538,0.1312,0.1098,2.7168,34.0919,232.0282,0.1465,0.0809
2016-02-26T01:12:59.254Z,2.428,50.5188,229.5169,0.2199,0.0497,3.2913,35.7271,231.5574,0.1544,0.0952,3.0894,34.0386,231.9598,0.147,0.0948
2016-02-26T01:13:59.440Z,1.6054,49.4077,229.0053,0.216,0.0325,3.0674,33.5836,230.8997,0.1449,0.0958,2.9167,34.627,231.8864,0.1493,0.0874
2016-02-26T01:14:59.730Z,1.8272,49.6,230.474,0.215,0.0373,3.3153,32.8047,230.1451,0.1422,0.1054,2.6711,35.6038,231.9274,0.1536,0.0793
2016-02-26T01:15:59.102Z,1.5524,49.8132,231.0812,0.2154,0.031,3.0512,34.9548,230.3289,0.1517,0.0959,2.5068,34.9548,232.3916,0.1509,0.0772
2016-02-26T01:16:59.332Z,1.7185,49.467,230.954,0.2147,0.0352,3.9732,33.9981,231.3148,0.1469,0.1201,2.7108,34.6251,232.3565,0.1486,0.0823
2016-02-26T01:17:59.675Z,2.07,50.9668,231.5065,0.22,0.0412,3.5486,33.8726,231.7254,0.1463,0.1072,2.3453,34.2791,233.2275,0.1472,0.0728
2016-02-26T01:18:59.904Z,2.0671,50.294,231.3618,0.217,0.0398,2.8843,34.5486,231.8889,0.1485,0.0891,2.6555,35.9565,233.3681,0.1536,0.0733
2016-02-26T01:19:59.181Z,3.0359,48.9241,231.5867,0.2114,0.062,3.4624,33.7841,231.0822,0.1463,0.106,3.1813,35.3062,233.4996,0.151,0.096
2016-02-26T01:20:59.727Z,2.409,49.6233,231.407,0.2146,0.0481,3.0653,35.3455,228.7938,0.154,0.0958,2.849,34.5999,233.6276,0.1481,0.0829
2016-02-26T01:21:59.111Z,1.5449,49.427,231.2973,0.2132,0.0301,3.5252,34.4207,229.7656,0.1499,0.1053,2.7019,35.4888,233.4127,0.1521,0.0811
2016-02-26T01:22:59.632Z,2.1807,49.3168,231.1749,0.2129,0.0453,3.0336,33.897,232.1275,0.146,0.0971,2.3082,35.3392,232.5984,0.1517,0.0737
2016-02-26T01:23:59.131Z,1.7174,50.3843,230.3479,0.2179,0.0342,3.6028,34.7021,231.3466,0.15,0.112,2.4504,34.8591,232.4038,0.1497,0.0723
2016-02-26T01:24:59.427Z,2.2467,49.4082,230.5725,0.2142,0.0462,3.3003,33.4974,231.3664,0.1449,0.1012,2.8599,35.315,232.8467,0.1513,0.085
2016-02-26T01:25:59.829Z,1.9291,49.317,230.9854,0.2136,0.0401,2.9345,33.6997,231.7971,0.1455,0.0934,2.3931,35.1126,233.2764,0.1501,0.0718
2016-02-26T01:26:59.021Z,2.3407,50.09,231.1958,0.217,0.0479,3.5106,33.0293,232.0261,0.1423,0.1122,2.8393,35.1451,233.4232,0.1507,0.0814
2016-02-26T01:27:59.272Z,1.9992,49.7168,231.3682,0.2144,0.0402,3.3504,34.2957,232.4074,0.1477,0.1047,2.8148,34.6841,233.2158,0.1482,0.0857
2016-02-26T01:28:59.503Z,2.0093,49.8189,231.0578,0.2155,0.0405,3.3379,34.4967,232.207,0.1483,0.1045,2.4501,36.0426,233.3923,0.1542,0.0696
2016-02-26T01:29:59.823Z,1.8446,50.0525,231.5795,0.2157,0.0376,3.1584,35.1171,232.4511,0.1511,0.0924,2.6969,35.9107,233.9308,0.1535,0.0744
2016-02-26T01:30:59.092Z,2.0363,48.8049,231.0839,0.211,0.041,3.1882,33.1523,232.2986,0.1428,0.0991,2.5331,33.7654,233.5489,0.1448,0.0849
2016-02-26T01:31:59.339Z,2.5055,49.8198,231.2335,0.2156,0.0512,3.1378,32.9847,232.3292,0.1418,0.1018,2.7749,36.2046,233.5278,0.1554,0.0786
2016-02-26T01:32:59.548Z,2.1907,49.9043,231.2282,0.2158,0.043,3.714,33.9256,231.9962,0.146,0.1098,2.5411,33.2296,233.2495,0.1427,0.0804
2016-02-26T01:33:59.977Z,1.9805,50.0673,231.1957,0.2161,0.0388,3.0172,33.9372,231.8102,0.1458,0.0918,2.648,34.7716,233.0218,0.1491,0.0799
2016-02-26T01:34:59.232Z,2.1877,49.5397,231.2923,0.2137,0.0441,3.5002,31.1924,231.5787,0.135,0.1131,2.3944,32.1113,233.2926,0.1376,0.083
2016-02-26T01:35:59.490Z,2.3436,48.9564,231.3052,0.2118,0.0473,3.1053,31.0824,231.7826,0.1342,0.1055,2.9207,35.4737,232.4388,0.1526,0.0845
2016-02-26T01:36:59.982Z,2.3412,49.9633,230.8921,0.2162,0.0477,3.621,34.3575,231.2408,0.1489,0.1019,2.6312,33.3498,232.1042,0.1438,0.0819
2016-02-26T01:37:59.154Z,2.0867,50.5551,230.8051,0.219,0.0397,3.3272,31.9409,231.126,0.1384,0.1158,2.4141,35.3867,232.2252,0.1521,0.0759
2016-02-26T01:38:59.443Z,1.9791,47.51,230.2857,0.206,0.0418,2.8123,30.2785,230.5829,0.1311,0.1065,3.094,32.1818,232.1493,0.1386,0.1089
2016-02-26T01:39:59.789Z,1.7361,49.8086,230.9917,0.2154,0.0345,3.2837,33.6561,231.4884,0.1453,0.1043,2.711,34.8449,233.451,0.1498,0.079
2016-02-26T01:40:59.278Z,3.0211,49.2313,231.1216,0.2133,0.0608,3.2291,34.4563,231.4159,0.1483,0.0962,2.6531,35.9231,233.2814,0.1548,0.078
2016-02-26T01:41:59.567Z,2.1504,49.2609,230.939,0.2132,0.0432,3.2584,33.7156,231.4184,0.1464,0.1013,2.5668,34.5056,232.6733,0.1479,0.0787
2016-02-26T01:42:59.866Z,1.8291,50.4453,231.602,0.2177,0.0367,3.3359,34.2625,231.6075,0.1482,0.1012,2.7286,34.6973,233.1465,0.1492,0.0832
2016-02-26T01:43:59.370Z,2.0089,50.1648,231.6273,0.2164,0.0384,3.1169,33.4702,231.6224,0.1443,0.0943,2.5781,35.3432,233.4618,0.151,0.0743
2016-02-26T01:44:59.611Z,2.6318,49.2195,231.5185,0.2126,0.0533,3.2337,33.9833,231.589,0.1465,0.0995,2.6107,35.5927,233.2031,0.1532,0.0845
2016-02-26T01:45:59.954Z,2.3755,49.4125,231.6845,0.2135,0.0476,3.4346,34.6115,231.6615,0.1493,0.1025,3.0613,33.772,233.3373,0.1451,0.0915
2016-02-26T01:46:59.246Z,2.6399,49.8479,230.9736,0.2161,0.0511,3.2402,33.1974,231.7065,0.1431,0.1002,2.5699,36.8898,233.238,0.1582,0.0717
2016-02-26T01:47:59.506Z,2.1824,49.9563,231.2235,0.2158,0.0425,3.0518,33.584,232.2864,0.1449,0.0998,3.164,34.4017,233.7234,0.1473,0.0936
2016-02-26T01:48:59.721Z,2.2386,50.1522,231.3016,0.217,0.0444,3.3435,33.4246,232.9674,0.1437,0.1022,2.4301,35.5967,233.8482,0.1524,0.0735
2016-02-26T01:49:59.039Z,2.6381,49.601,231.9429,0.2133,0.0536,3.451,35.2067,233.6147,0.1506,0.0969,2.9134,34.5179,234.1479,0.1471,0.0884
2016-02-26T01:50:59.416Z,2.3621,50.0237,232.2512,0.216,0.047,3.2385,33.4243,232.8763,0.1437,0.1029,2.8048,33.9068,233.9889,0.1456,0.0865
2016-02-26T01:51:59.646Z,2.2671,49.8223,232.0676,0.2146,0.0445,3.2049,33.1808,232.8487,0.1425,0.1076,3.0083,35.754,233.9565,0.1529,0.0858
2016-02-26T01:52:59.936Z,1.7863,50.2136,232.282,0.2164,0.0346,3.7195,33.8656,233.3198,0.1451,0.1118,2.803,35.0911,234.0832,0.1497,0.0835
2016-02-26T01:53:59.222Z,1.6288,49.4421,231.7862,0.2136,0.0328,3.1303,33.7207,232.4824,0.1452,0.1052,2.595,34.668,233.6773,0.1486,0.0836
2016-02-26T01:54:59.492Z,2.4427,49.7102,231.3011,0.2146,0.0497,3.2548,33.1009,232.2993,0.1427,0.107,3.1934,34.2185,233.4164,0.1462,0.0936
2016-02-26T01:55:59.685Z,2.2192,49.8589,231.3825,0.2155,0.044,2.9235,33.8247,232.3569,0.1458,0.0934,2.4988,35.6188,233.3855,0.1522,0.0719
2016-02-26T01:56:59.968Z,1.8885,49.7675,231.1155,0.2152,0.0375,3.3283,34.3403,231.889,0.1478,0.0995,2.9736,34.0986,232.5415,0.1467,0.0821
2016-02-26T01:57:59.190Z,2.0782,49.4746,231.5279,0.2131,0.0422,3.3693,36.1963,231.888,0.1567,0.0943,2.3693,33.5228,232.4127,0.144,0.0746
2016-02-26T01:58:59.475Z,2.88,49.6901,231.8845,0.2145,0.0574,3.5389,32.7772,231.7316,0.1413,0.108,2.832,34.0827,232.4505,0.1464,0.086
2016-02-26T01:59:59.810Z,2.6763,49.9291,232.2244,0.2142,0.0535,3.3237,35.1684,231.9782,0.152,0.1031,2.6254,35.5876,232.6419,0.1531,0.0796
