2016-01-21T00:00:59.030Z,4.4129,70.1208,228.7278,0.3063,0.0629,2.591,62.3829,227.9151,0.2742,0.0454,1.4373,63.6957,231.4452,0.2752,0.0239
2016-01-21T00:01:59.327Z,5.3687,74.3268,228.5933,0.3256,0.0715,3.2549,63.7509,228.5047,0.2796,0.0518,2.1951,65.7571,231.3619,0.284,0.0344
2016-01-21T00:02:59.721Z,4.0404,72.6375,229.1247,0.3169,0.0567,2.9756,65.186,229.7781,0.2841,0.0466,1.3773,66.7589,232.4564,0.2876,0.0197
2016-01-21T00:03:59.902Z,5.1488,73.7749,229.0095,0.3219,0.0686,3.3574,65.3684,229.4738,0.2848,0.0523,2.2345,64.338,232.3347,0.2777,0.0352
2016-01-21T00:04:59.264Z,5.1796,74.135,229.9844,0.3217,0.0704,2.7628,65.5743,229.3578,0.2856,0.0426,2.1113,66.1504,232.5638,0.2848,0.0307
2016-01-21T00:05:59.546Z,4.9932,73.3013,230.9798,0.3171,0.0695,3.1269,65.4651,228.6033,0.2862,0.0487,2.5634,66.5168,232.7611,0.2858,0.0388
2016-01-21T00:06:59.835Z,5.3961,71.7995,230.6471,0.3112,0.0766,3.465,64.0559,227.7704,0.2812,0.0534,1.7053,67.1322,232.6973,0.2884,0.0261
2016-01-21T00:08:59.193Z,4.7086,73.2437,230.4451,0.3175,0.0669,2.9218,63.2821,228.026,0.2777,0.0466,33.1488,88.0221,231.2529,0.381,0.2276
2016-01-21T00:09:59.466Z,2.3453,67.9159,230.2304,0.2957,0.037,4.0424,64.6269,229.3673,0.2822,0.0637,2.2532,65.8631,231.4358,0.2848,0.0346
2016-01-21T00:10:59.769Z,2.4948,73.0472,230.6564,0.3165,0.0338,3.5386,64.3217,229.976,0.2796,0.0555,2.4801,66.081,232.1132,0.284,0.0365
2016-01-21T00:11:59.028Z,2.1506,73.6254,230.8825,0.3185,0.0283,3.0155,66.0555,229.9272,0.2875,0.048,2.4887,65.7043,232.0978,0.2835,0.0375
2016-01-21T00:12:59.350Z,2.8067,73.2677,232.2667,0.3155,0.0389,3.224,65.1991,230.5945,0.283,0.0517,2.3102,65.3025,233.7453,0.2792,0.0347
2016-01-21T00:13:59.555Z,3.3356,74.7313,232.4379,0.3214,0.0458,3.8368,65.0478,230.2515,0.2819,0.059,1.5625,66.9075,233.9731,0.2857,0.0246
2016-01-21T00:14:59.789Z,2.9852,74.6887,232.2888,0.3214,0.0405,3.8262,63.6213,230.5891,0.2758,0.0582,2.2945,67.2976,234.3244,0.2869,0.0346
2016-01-21T00:15:59.948Z,1.5914,73.2215,232.0779,0.3152,0.0209,4.178,64.2056,230.4846,0.2785,0.0652,2.0344,64.7462,233.8915,0.277,0.0299
2016-01-21T00:16:59.237Z,3.208,71.7608,231.9432,0.3089,0.0434,3.6772,63.4553,230.2532,0.2756,0.0578,2.2104,67.3362,233.7484,0.2879,0.0326
2016-01-21T00:17:59.485Z,3.5402,72.3427,231.7904,0.3122,0.0486,3.7485,65.7774,230.9922,0.2846,0.0579,1.4668,66.3271,233.4945,0.2844,0.0226
2016-01-21T00:18:59.804Z,3.0493,73.9889,231.3295,0.3196,0.0422,3.9084,66.412,231.2302,0.2876,0.0588,48.5304,99.7864,232.3702,0.4299,0.3239
2016-01-21T00:19:59.982Z,4.9952,73.3779,230.7489,0.3175,0.0687,3.1777,63.5563,231.5174,0.2743,0.0509,16.3455,77.2764,232.6198,0.3324,0.1211
2016-01-21T00:20:59.247Z,4.6153,75.0169,230.8068,0.3249,0.0618,3.1487,64.9462,231.2981,0.2809,0.0478,1.9741,65.634,232.2066,0.283,0.0297
2016-01-21T00:21:59.490Z,5.0653,73.4753,231.2615,0.317,0.0703,3.4296,66.4293,231.0314,0.2878,0.0535,1.7948,66.8888,232.8037,0.2874,0.0263
2016-01-21T00:22:59.708Z,5.0449,72.2933,231.8791,0.312,0.0715,2.7484,65.2269,231.2715,0.2822,0.0441,1.7052,67.0677,233.9602,0.2869,0.0258
2016-01-21T00:23:59.970Z,5.287,74.273,232.0064,0.3196,0.0718,2.7654,65.73,231.3842,0.2843,0.0414,1.7139,65.0861,233.6777,0.2787,0.0262
2016-01-21T00:24:59.349Z,4.1936,73.4341,232.3109,0.3158,0.0583,3.367,66.6936,231.0668,0.2887,0.0503,1.9647,66.2153,233.5373,0.284,0.0299
2016-01-21T00:25:59.588Z,5.1915,73.2512,232.2645,0.3152,0.0716,2.8719,65.7907,230.8513,0.2849,0.0429,2.2586,64.9779,233.4135,0.2786,0.0345
2016-01-21T00:26:59.750Z,4.9571,74.5758,232.1156,0.3209,0.0667,2.6382,65.0943,230.0675,0.2823,0.04,2.2278,66.2101,233.3535,0.2842,0.0343
2016-01-21T00:28:59.251Z,4.4292,73.9813,232.3155,0.3185,0.0611,3.4823,65.2033,229.5533,0.284,0.0561,8.6768,70.6723,232.5588,0.3041,0.0706
2016-01-21T00:29:59.464Z,2.6779,74.9553,232.7507,0.3219,0.0354,3.9741,65.9204,228.5784,0.2885,0.0599,50.6798,101.766,231.8887,0.4395,0.338
2016-01-21T00:30:59.718Z,1.5388,74.431,232.6797,0.3193,0.0199,3.2467,64.0223,228.5234,0.2805,0.0504,2.0095,63.9963,231.9112,0.2758,0.0317
2016-01-21T00:32:59.385Z,2.63,75.1603,232.7403,0.3227,0.0354,3.3551,67.2097,229.8002,0.2928,0.0502,2.1659,66.9976,232.8381,0.2875,0.0322
2016-01-21T00:33:59.628Z,2.0699,74.3515,232.6412,0.3195,0.0287,3.2389,66.9763,231.2697,0.2892,0.049,2.3215,67.3868,233.0418,0.2892,0.0348
2016-01-21T00:34:59.960Z,2.3644,76.2477,231.9693,0.3286,0.031,3.4532,66.3307,231.7835,0.2863,0.0519,2.7458,69.1184,233.3248,0.2962,0.0392
2016-01-21T00:35:59.093Z,2.7111,74.0678,231.9366,0.3197,0.038,4.0556,65.0173,231.8402,0.28,0.0638,1.8172,65.14,233.7711,0.2788,0.0291
2016-01-21T00:36:59.243Z,2.7715,75.0984,232.7441,0.3229,0.0365,2.8909,65.2235,228.8024,0.2855,0.0453,1.664,66.391,234.5051,0.2829,0.0267
2016-01-21T00:37:59.398Z,2.3568,76.1129,231.8697,0.3281,0.0319,3.5536,66.5473,230.562,0.2882,0.0535,2.1179,68.0654,232.9075,0.2924,0.0313
2016-01-21T00:38:59.876Z,2.0865,74.9435,232.5942,0.322,0.0302,3.9391,68.1052,229.2476,0.2967,0.0575,2.3065,68.2874,232.8416,0.2934,0.0335
2016-01-21T00:39:59.126Z,3.1134,75.4488,232.4814,0.3244,0.0419,3.4733,67.9023,229.0143,0.297,0.0504,64.0384,114.0487,232.2958,0.4914,0.4233
2016-01-21T00:40:59.311Z,2.2171,76.334,232.1434,0.3287,0.0296,3.8515,67.7656,228.9224,0.2962,0.0577,1.9508,67.5145,232.4771,0.2904,0.0287
2016-01-21T00:41:59.599Z,1.8988,76.3963,232.401,0.3282,0.0253,3.6569,65.4668,229.0745,0.286,0.0577,2.1175,68.684,232.5799,0.2952,0.032
2016-01-21T00:42:59.815Z,2.3872,77.6632,232.2651,0.3342,0.0315,3.2197,67.3534,231.3761,0.2908,0.048,2.1541,67.82,233.507,0.2907,0.0329
2016-01-21T00:43:59.039Z,2.7051,76.3992,232.4871,0.3282,0.0346,3.8666,68.3431,231.7866,0.2951,0.0555,2.413,69.6251,233.528,0.2985,0.0337
2016-01-21T00:44:59.310Z,3.5085,75.6686,232.5435,0.325,0.0472,3.0082,67.5211,231.7391,0.291,0.0439,1.9574,69.3749,233.395,0.2972,0.0276
2016-01-21T00:45:59.631Z,2.5953,76.2584,232.1989,0.3281,0.0347,2.9075,66.6984,231.6212,0.2877,0.047,1.7271,67.1224,233.1619,0.2878,0.0257
2016-01-21T00:46:59.807Z,2.491,75.4773,232.7746,0.3244,0.033,3.9019,68.4935,230.8165,0.2967,0.0578,2.6573,66.4412,232.3544,0.2856,0.0384
2016-01-21T00:48:59.255Z,2.2644,74.9583,231.8013,0.3236,0.0303,3.3217,67.354,229.8865,0.2929,0.0493,2.4808,68.8227,232.6371,0.2957,0.0362
2016-01-21T00:49:59.452Z,3.0638,75.1173,231.1133,0.3247,0.04,3.1802,67.221,229.0657,0.2933,0.0478,107.3393,151.6045,233.2127,0.6504,0.4997
2016-01-21T00:50:59.747Z,2.6602,75.2172,231.057,0.325,0.0337,4.1663,67.2412,229.7223,0.2924,0.063,82.7723,106.7176,233.2375,0.4578,0.7783
2016-01-21T00:51:59.104Z,3.3487,74.2577,231.2929,0.3209,0.047,3.6061,66.0118,230.1291,0.2869,0.0556,82.3811,107.8434,233.2326,0.4617,0.7674
2016-01-21T00:52:59.306Z,3.3646,75.3148,232.4366,0.324,0.0455,3.5198,68.9098,231.5419,0.298,0.0511,83.3008,107.6519,233.0925,0.4618,0.7746
2016-01-21T00:53:59.739Z,2.7264,75.1967,232.4404,0.3231,0.0364,3.5152,67.1958,231.802,0.2903,0.0529,82.6422,107.0807,233.566,0.4587,0.7724
2016-01-21T00:54:59.027Z,2.6376,75.3092,232.5686,0.324,0.0352,4.0383,67.2216,231.5518,0.2901,0.059,82.7162,107.0774,233.1954,0.4593,0.7732
2016-01-21T00:55:59.402Z,3.4272,75.5828,232.647,0.3252,0.047,3.3599,68.2649,231.5697,0.2942,0.0493,82.7489,106.6565,233.5423,0.4563,0.7767
2016-01-21T00:56:59.670Z,2.6159,74.0437,233.3627,0.3168,0.0359,3.7592,67.8263,231.7616,0.2924,0.0557,83.2555,107.986,234.2474,0.4611,0.7716
2016-01-21T00:57:59.913Z,3.144,77.0355,233.8682,0.3295,0.042,3.9082,67.3965,231.4296,0.2904,0.0579,83.0244,108.3313,234.468,0.4621,0.7675
2016-01-21T00:58:59.083Z,2.841,76.8684,233.0671,0.3303,0.0378,3.8254,67.8298,230.7631,0.2938,0.0586,82.6996,107.0226,233.8457,0.4577,0.7728
2016-01-21T00:59:59.569Z,3.0621,76.5072,232.1814,0.3292,0.0399,3.8015,67.7802,230.5696,0.294,0.0543,119.6248,144.5628,233.9585,0.6183,0.8065
2016-01-21T01:00:59.810Z,4.3689,73.036,231.3529,0.3162,0.0609,3.911,65.2835,230.1556,0.2833,0.0612,107.7126,131.606,233.4259,0.5641,0.8004
2016-01-21T01:01:59.391Z,3.9478,75.1724,231.2069,0.3251,0.0538,2.8346,66.9627,229.8803,0.2914,0.0428,82.4778,106.9158,233.3561,0.4584,0.772
2016-01-21T01:02:59.563Z,4.2592,75.9674,232.4823,0.3267,0.0573,3.9319,67.978,230.9701,0.2945,0.058,82.7567,107.6909,233.5842,0.4607,0.7684
2016-01-21T01:03:59.783Z,4.3607,75.2148,232.2158,0.3236,0.058,3.0019,67.8923,231.4603,0.2937,0.0445,83.0152,108.611,233.614,0.4652,0.7659
2016-01-21T01:04:59.121Z,4.4812,75.3611,232.51,0.3236,0.0598,3.4641,67.564,231.5034,0.292,0.0518,83.1651,108.5139,233.8084,0.4646,0.7678
2016-01-21T01:05:59.395Z,4.6992,75.877,232.3636,0.3269,0.0638,3.1056,67.449,231.6667,0.2909,0.0473,82.2219,105.707,233.8449,0.4524,0.7802
2016-01-21T01:06:59.644Z,4.5181,75.9167,232.1555,0.3269,0.0601,3.3987,67.8121,231.8421,0.2923,0.0505,82.8273,107.0191,233.5774,0.4578,0.7753
2016-01-21T01:07:59.145Z,4.1856,75.4292,232.5806,0.3244,0.0563,3.2968,68.6677,231.8404,0.2952,0.0472,82.4492,107.9143,233.466,0.4622,0.7652
2016-01-21T01:08:59.427Z,3.7466,77.0991,231.9791,0.3325,0.049,3.3542,65.9213,230.8813,0.2857,0.052,81.9432,106.2807,232.7412,0.4562,0.7712
2016-01-21T01:09:59.786Z,4.8923,76.4219,231.9642,0.329,0.0653,3.9303,67.5009,230.277,0.2934,0.0578,86.8711,112.4048,232.3399,0.4842,0.7689
2016-01-21T01:10:59.056Z,4.0842,76.0496,231.5072,0.3283,0.0531,4.0394,66.1244,229.916,0.2873,0.0634,138.6967,162.8111,231.6752,0.703,0.83
2016-01-21T01:11:59.371Z,2.6213,74.2931,231.6486,0.3205,0.0368,3.3441,67.0885,230.0882,0.2916,0.0536,81.492,106.6897,231.8766,0.4603,0.7645
2016-01-21T01:12:59.469Z,2.3707,75.6186,232.2424,0.3255,0.0312,3.343,68.5397,230.9011,0.2968,0.0492,82.1516,106.94,233.3532,0.4586,0.7699
2016-01-21T01:13:59.690Z,2.7577,76.3821,232.4354,0.3285,0.0369,3.4798,67.5875,231.8023,0.292,0.0523,82.4569,107.1541,233.8444,0.4592,0.7709
2016-01-21T01:14:59.867Z,3.6447,76.3207,233.07,0.3276,0.0475,3.4754,69.41,232.6201,0.2985,0.0503,82.8631,107.0659,233.6005,0.4587,0.7746
2016-01-21T01:15:59.056Z,2.8756,75.2529,232.8653,0.3236,0.0389,3.7243,67.5807,232.2383,0.2911,0.0538,82.8174,107.254,233.7557,0.4588,0.7728
2016-01-21T01:16:59.234Z,2.9023,76.0269,233.5602,0.3257,0.0387,3.0598,67.1278,229.7391,0.2923,0.0456,83.7446,109.2529,234.6395,0.4655,0.7667
2016-01-21T01:17:59.452Z,3.0736,76.5471,233.1185,0.328,0.0402,4.2414,67.5602,232.714,0.2903,0.0636,83.5369,107.8558,234.0873,0.4604,0.7762
2016-01-21T01:18:59.771Z,2.9608,74.7563,231.752,0.3228,0.0408,3.2897,69.069,232.2012,0.2973,0.048,82.6912,106.767,233.4729,0.4575,0.7751
2016-01-21T01:19:59.891Z,2.613,75.7335,231.5323,0.3271,0.034,3.7868,68.2475,231.5689,0.2945,0.0559,82.6359,107.3569,233.3043,0.4602,0.771
2016-01-21T01:20:59.197Z,3.6141,75.678,231.3332,0.3272,0.0474,3.3648,68.1834,231.7398,0.2941,0.0498,142.4877,165.8512,232.2599,0.7143,0.84
2016-01-21T01:21:59.429Z,2.3397,75.5743,231.2509,0.3265,0.0313,3.5266,67.7552,231.988,0.2923,0.0514,82.1711,107.03,232.7143,0.4603,0.7684
2016-01-21T01:22:59.673Z,2.2134,75.4635,232.0403,0.3245,0.0298,3.6975,70.1135,232.5567,0.3019,0.0531,82.6296,107.2353,233.7025,0.459,0.7715
2016-01-21T01:23:59.878Z,2.2099,75.4415,232.0925,0.3251,0.0304,3.7877,66.8555,232.7211,0.2871,0.0571,82.7085,107.6551,233.7509,0.4607,0.7692
2016-01-21T01:24:59.091Z,2.6143,77.1271,232.7517,0.3308,0.0344,3.2358,68.1683,232.745,0.293,0.047,83.0484,106.7531,234.1578,0.4561,0.7787
2016-01-21T01:25:59.444Z,2.9088,76.2793,233.1283,0.3268,0.0387,3.649,65.9713,231.7409,0.2849,0.0566,83.3664,107.3479,234.1373,0.4586,0.7767
2016-01-21T01:26:59.639Z,2.7545,75.8169,232.8595,0.3255,0.0374,3.6291,68.04,231.3332,0.2942,0.0538,82.8375,107.3846,234.1581,0.4592,0.7722
2016-01-21T01:27:59.165Z,2.8649,76.7484,233.9273,0.3281,0.0374,3.6342,67.8759,232.1451,0.2928,0.0548,82.2512,106.565,233.3807,0.4561,0.7732
2016-01-21T01:28:59.538Z,3.7971,77.1464,233.1934,0.3309,0.0489,3.494,67.3881,231.5543,0.2907,0.0527,81.6574,106.4916,232.0896,0.4585,0.7681
2016-01-21T01:29:59.857Z,4.172,75.4171,232.3171,0.3247,0.0563,3.7825,67.4898,230.9562,0.2923,0.0576,82.6435,107.461,233.6748,0.46,0.7707
2016-01-21T01:30:59.040Z,3.4585,75.5454,232.5771,0.3245,0.0467,3.2885,67.528,229.5906,0.2935,0.0491,141.1022,164.6036,232.5454,0.7082,0.8363
2016-01-21T01:31:59.275Z,4.3568,76.3241,232.1514,0.3284,0.0586,2.8952,67.9026,229.8185,0.2953,0.0432,85.7745,110.098,232.6017,0.4734,0.775
2016-01-21T01:32:59.477Z,4.8027,74.912,232.0812,0.3224,0.0632,3.4976,68.2562,232.0787,0.2935,0.0489,82.3054,108.1426,233.5465,0.4634,0.7624
2016-01-21T01:33:59.761Z,4.1453,76.0212,232.6267,0.3271,0.0548,3.4341,69.681,233.041,0.2992,0.0511,82.36,106.7445,233.5166,0.457,0.772
2016-01-21T01:34:59.376Z,3.8432,74.9419,233.1314,0.3214,0.0517,3.3888,66.911,233.3551,0.2869,0.0519,83.2501,107.369,234.3978,0.4582,0.7762
2016-01-21T01:35:59.602Z,4.9989,76.3943,233.3365,0.3266,0.0668,3.3366,68.5416,232.7285,0.2949,0.051,82.9399,106.5332,234.0576,0.4553,0.7802
2016-01-21T01:36:59.757Z,4.4348,75.6051,233.4319,0.324,0.0588,3.1121,68.6737,232.9178,0.2952,0.0466,82.9284,107.4889,233.8462,0.4595,0.7716
2016-01-21T01:37:59.375Z,3.993,77.7707,233.9047,0.3324,0.053,2.2766,68.6368,232.6728,0.295,0.0328,82.4216,106.7598,233.0161,0.458,0.773
2016-01-21T01:38:59.646Z,4.946,76.9584,233.9346,0.3295,0.0659,3.3403,69.2504,232.6878,0.2977,0.049,82.1683,107.5874,233.019,0.4616,0.7645
2016-01-21T01:39:59.848Z,4.5162,76.4964,233.1404,0.3278,0.0592,2.8268,67.7503,232.0469,0.2922,0.0447,81.6147,105.9249,233.0758,0.4538,0.7712
2016-01-21T01:40:59.181Z,4.2717,76.2937,233.4127,0.3268,0.0571,3.4126,67.3599,231.4574,0.291,0.0519,109.8701,135.0408,232.9037,0.5803,0.7957
2016-01-21T01:41:59.427Z,4.3598,76.5313,233.6009,0.3276,0.0574,3.5076,67.6755,229.8413,0.2941,0.0526,115.7575,140.2259,232.8143,0.6031,0.8055
2016-01-21T01:42:59.743Z,5.409,77.0164,233.5829,0.3296,0.0713,3.4867,68.5193,232.1464,0.2953,0.0509,83.452,108.5746,234.3424,0.4635,0.7699
2016-01-21T01:43:59.059Z,4.3769,75.4108,233.6704,0.3217,0.0588,3.2137,68.3719,232.2153,0.2949,0.0479,82.9563,108.4383,234.4717,0.4626,0.766
2016-01-21T01:44:59.433Z,4.2722,76.6051,233.1765,0.3286,0.0571,3.2747,67.3989,232.4935,0.2899,0.0484,83.222,107.4855,234.9883,0.4577,0.7755
2016-01-21T01:45:59.646Z,4.5603,76.9316,233.1356,0.3298,0.0598,2.8024,67.7442,232.6256,0.2911,0.0411,83.5723,107.8533,235.0215,0.4592,0.7754
2016-01-21T01:46:59.868Z,4.7699,75.9531,232.8982,0.326,0.0625,3.3236,68.4599,232.6627,0.2942,0.0477,83.4902,107.8387,234.5247,0.4599,0.7743
2016-01-21T01:47:59.433Z,4.053,75.944,232.9178,0.3258,0.0532,3.5508,69.3611,232.5443,0.2981,0.0504,83.3838,107.2833,234.4817,0.4576,0.7774
2016-01-21T01:48:59.853Z,4.2834,76.0385,232.7301,0.3267,0.0572,3.1707,68.1965,231.5372,0.2945,0.0468,82.4896,107.6203,233.835,0.4602,0.7683
2016-01-21T01:49:59.942Z,5.1802,75.6598,231.8793,0.3258,0.0696,3.1379,69.5002,230.5078,0.3013,0.0451,82.0521,106.5048,232.8943,0.4575,0.771
2016-01-21T01:50:59.182Z,4.2078,75.5653,231.9259,0.3254,0.0549,3.5192,67.7991,230.5343,0.2939,0.0526,82.1004,106.7848,233.2858,0.4582,0.7702
2016-01-21T01:51:59.647Z,4.016,76.1244,231.5168,0.3285,0.0527,3.5267,67.5625,229.5854,0.2941,0.0523,144.3211,169.0687,233.4962,0.7242,0.8315
2016-01-21T01:52:59.843Z,4.2086,76.513,232.6196,0.329,0.0551,3.4596,67.7422,231.2646,0.293,0.0516,82.6817,107.2477,233.6937,0.4588,0.7716
2016-01-21T01:54:59.304Z,4.3146,76.1969,232.8549,0.3272,0.057,2.9015,67.6109,231.6333,0.2917,0.0434,83.0389,107.7959,234.0604,0.4606,0.7709
2016-01-21T01:55:59.753Z,4.4845,76.1897,232.8508,0.3268,0.0602,2.8679,68.4273,231.8084,0.2954,0.0422,82.7978,107.6147,234.1235,0.4593,0.7701
2016-01-21T01:56:59.146Z,4.2887,75.2759,233.1031,0.3229,0.0571,2.7848,68.0273,229.765,0.2954,0.0403,83.6837,108.5484,234.747,0.4624,0.7717
2016-01-21T01:57:59.268Z,4.4143,76.7246,232.8082,0.3295,0.059,2.651,67.7721,230.8457,0.2927,0.0398,83.1038,107.5632,234.5163,0.459,0.774
2016-01-21T01:58:59.421Z,4.6456,75.6726,232.7052,0.3257,0.062,3.3373,67.4954,231.5243,0.2905,0.0497,82.7319,107.2648,233.6751,0.4587,0.7726
2016-01-21T01:59:59.631Z,4.2824,75.802,232.6373,0.3254,0.0567,2.861,67.7537,230.1988,0.2943,0.0422,82.655,107.8658,233.2818,0.4625,0.7667
