2016-04-19T00:00:59.301Z,4.3304,43.9353,231.5542,0.1899,0.098,1.7124,17.4629,231.5457,0.0752,0.1096,3.2762,23.9579,231.6787,0.1042,0.1568
2016-04-19T00:01:59.961Z,3.3303,43.292,231.559,0.1865,0.0773,1.9668,23.2922,231.3238,0.101,0.0954,2.7018,25.5503,231.5872,0.1105,0.1266
2016-04-19T00:02:59.856Z,4.0716,43.6933,231.3666,0.1884,0.0946,1.8831,20.2926,231.1804,0.088,0.0974,2.8936,25.0347,231.7359,0.1074,0.1413
2016-04-19T00:03:59.089Z,4.4847,44.4302,231.4719,0.192,0.1023,1.7674,20.465,231.2917,0.0888,0.1002,2.9258,23.8839,231.7433,0.1028,0.1497
2016-04-19T00:04:59.700Z,4.7695,44.2363,231.5695,0.1914,0.1093,1.8985,21.1011,231.4132,0.0907,0.1079,3.2911,25.063,231.7858,0.1079,0.1488
2016-04-19T00:05:59.419Z,3.7943,42.6609,231.4002,0.1841,0.0889,2.1382,20.3821,231.2208,0.0883,0.1199,2.9598,25.0306,231.5992,0.1082,0.146
2016-04-19T00:06:59.229Z,4.7654,43.8748,231.2111,0.1896,0.1076,1.8226,22.5518,231.1753,0.0969,0.0969,3.3511,24.7611,231.6265,0.1069,0.159
2016-04-19T00:07:59.557Z,4.9741,44.1211,231.1276,0.1902,0.1135,1.7044,21.9038,231.014,0.0947,0.104,3.2055,25.1425,231.81,0.1084,0.1529
2016-04-19T00:08:59.831Z,4.8303,44.0193,231.1902,0.1904,0.1102,2.11,21.7613,231.3908,0.0942,0.1057,3.0878,24.4898,231.606,0.1059,0.1482
2016-04-19T00:09:59.643Z,3.9321,43.6232,231.7333,0.1884,0.0915,1.8054,21.0126,231.5599,0.0909,0.0996,2.8963,24.4,232.1173,0.1054,0.1425
2016-04-19T00:10:59.506Z,4.3564,43.4536,231.8588,0.1874,0.0992,1.894,20.6273,231.7498,0.089,0.103,2.8418,26.1955,232.2454,0.1125,0.1392
2016-04-19T00:11:59.735Z,4.4696,44.1991,232.0111,0.1904,0.1023,2.0602,19.9251,231.5437,0.0863,0.1118,3.5252,23.7587,232.0346,0.1024,0.167
2016-04-19T00:12:59.020Z,5.2478,44.3683,232.0139,0.1909,0.1171,2.2519,22.1536,231.8801,0.0957,0.1054,3.0371,23.4784,231.996,0.1008,0.1548
2016-04-19T00:13:59.548Z,4.8369,43.9253,232.0785,0.1891,0.1103,1.7589,19.7791,231.9005,0.0849,0.1044,3.0826,23.8102,232.1702,0.102,0.1552
2016-04-19T00:14:59.699Z,4.6427,44.1468,232.0545,0.1899,0.1055,1.7664,21.5907,231.6543,0.0932,0.0937,3.074,24.828,232.234,0.1069,0.144
2016-04-19T00:15:59.018Z,4.8101,45.0476,231.9084,0.1938,0.1077,2.038,22.2801,231.736,0.0961,0.1034,3.0433,23.9521,232.4424,0.1028,0.1451
2016-04-19T00:16:59.002Z,4.6834,43.5669,232.0273,0.1879,0.107,2.1114,20.8773,231.3601,0.0902,0.1019,3.2864,24.2112,232.6853,0.1034,0.1526
2016-04-19T00:17:59.187Z,4.4512,43.8189,232.1904,0.1882,0.1033,1.3954,19.3392,231.3898,0.0842,0.0967,3.1334,25.4382,232.3236,0.1098,0.1447
2016-04-19T00:18:59.505Z,5.156,44.1317,231.4522,0.1907,0.1172,2.1863,21.524,231.8062,0.0927,0.1079,3.2196,24.6258,231.9895,0.1062,0.1514
2016-04-19T00:19:59.064Z,4.2884,43.4446,231.0272,0.1882,0.1008,1.4154,21.345,231.7713,0.0922,0.0751,3.3511,24.9943,231.8643,0.1078,0.1507
2016-04-19T00:20:59.524Z,4.0828,43.6686,230.9445,0.1891,0.0939,1.4487,20.2046,231.5195,0.087,0.0767,3.1993,24.8163,231.6866,0.1068,0.1521
2016-04-19T00:21:59.760Z,4.5042,43.8438,232.0288,0.1887,0.1043,1.4209,18.8091,231.2142,0.0816,0.0964,2.6215,25.3426,230.5858,0.11,0.1302
2016-04-19T00:22:59.049Z,4.589,43.8559,232.4914,0.189,0.1052,1.7586,20.6688,231.5201,0.089,0.1011,3.6252,23.3919,230.4054,0.1012,0.1719
2016-04-19T00:23:59.727Z,4.2675,44.605,232.7034,0.1917,0.0967,2.0212,22.4474,231.6598,0.0965,0.0902,3.4874,25.017,230.2629,0.1084,0.1611
2016-04-19T00:24:59.117Z,4.0574,43.7023,232.6817,0.1879,0.0912,1.787,21.642,231.5962,0.0937,0.0859,2.7449,24.8659,230.3271,0.1081,0.1404
2016-04-19T00:25:59.781Z,4.3053,44.1359,232.6301,0.1895,0.0977,1.9717,23.4301,231.6574,0.1013,0.0942,3.0553,24.1787,230.3941,0.1051,0.143
2016-04-19T00:26:59.003Z,5.1635,44.8893,232.8122,0.1928,0.1156,1.9848,19.2026,231.5236,0.0831,0.1052,3.0374,22.6939,230.9126,0.0983,0.1584
2016-04-19T00:27:59.384Z,5.0604,44.4584,232.7687,0.1911,0.1136,1.8142,21.2964,231.1788,0.092,0.1002,2.6125,24.3165,230.9312,0.1058,0.1312
2016-04-19T00:28:59.779Z,4.6481,43.9542,232.6941,0.1886,0.1079,1.6989,19.1723,231.2436,0.0831,0.0874,3.2497,24.2564,231.1125,0.1053,0.1557
2016-04-19T00:29:59.022Z,4.7578,44.44,232.8139,0.1906,0.1063,2.1038,22.048,231.4818,0.0953,0.1034,3.0688,25.57,231.0564,0.1104,0.1463
2016-04-19T00:30:59.236Z,5.2186,43.937,233.0602,0.1885,0.1185,1.6734,20.1285,231.31,0.0869,0.0985,3.5084,24.5581,230.806,0.1064,0.1651
2016-04-19T00:31:59.456Z,4.9185,44.7202,232.803,0.1918,0.1105,1.787,20.198,231.276,0.0874,0.1022,2.921,23.1946,231.1462,0.1011,0.1501
2016-04-19T00:32:59.805Z,3.6556,44.1414,232.8433,0.1896,0.0836,1.9119,19.8877,231.2532,0.0863,0.1059,3.2044,24.1436,231.2714,0.1044,0.1522
2016-04-19T00:33:59.153Z,4.463,43.9859,232.3544,0.1888,0.1017,1.5858,20.7948,231.1449,0.0896,0.0944,2.9804,24.9759,231.0702,0.1081,0.1464
2016-04-19T00:34:59.900Z,4.9722,44.4049,232.5567,0.1904,0.1123,2.0697,21.9595,231.3404,0.0952,0.0907,3.2211,23.4747,231.3532,0.1015,0.1578
2016-04-19T00:35:59.116Z,5.0298,43.6687,232.4787,0.1874,0.1144,2.1385,19.7675,230.9767,0.0851,0.1122,3.3265,24.2513,231.5081,0.1047,0.16
2016-04-19T00:36:59.698Z,4.34,44.7574,233.5145,0.1915,0.0958,1.3487,22.188,228.721,0.0973,0.0796,2.8318,24.1109,232.7932,0.1038,0.1415
2016-04-19T00:37:59.186Z,4.2412,43.8026,233.2982,0.1876,0.0956,1.8466,20.6297,230.4859,0.0893,0.1026,3.2972,24.1332,232.4553,0.1039,0.152
2016-04-19T00:38:59.439Z,4.6816,44.3488,232.9595,0.1899,0.1072,1.6349,18.7533,231.8824,0.0808,0.0883,3.3059,24.0154,232.0368,0.1032,0.158
2016-04-19T00:39:59.775Z,4.9055,44.2491,232.9654,0.19,0.111,2.106,20.1319,231.9731,0.087,0.1207,3.4474,24.9284,231.9803,0.1076,0.1555
2016-04-19T00:40:59.408Z,4.0697,43.7918,232.7618,0.1878,0.0938,1.5984,21.2293,231.7747,0.0919,0.0943,3.2076,26.1708,231.6681,0.113,0.1419
2016-04-19T00:41:59.785Z,5.1889,44.4726,232.022,0.1919,0.1175,2.0063,21.7652,232.0052,0.0934,0.1054,3.1978,23.6988,232.5137,0.1023,0.1557
2016-04-19T00:42:59.899Z,5.4249,44.4638,231.8552,0.1915,0.1225,1.5468,13.9696,232.0813,0.0599,0.1122,3.4997,19.6163,232.3105,0.0844,0.1892
2016-04-19T00:43:59.512Z,4.832,43.6308,231.681,0.1883,0.111,1.6786,19.7994,231.5722,0.0851,0.1091,3.3222,27.1293,231.872,0.1169,0.1403
2016-04-19T00:44:59.062Z,4.0857,43.0078,231.8741,0.1853,0.0949,1.8913,19.0677,231.3388,0.0822,0.1089,2.8875,24.8256,231.6724,0.1071,0.1369
2016-04-19T00:45:59.438Z,3.8544,44.8404,231.8142,0.1931,0.0873,2.2422,21.3968,230.7997,0.0926,0.109,3.0132,23.7602,231.7867,0.1025,0.1489
2016-04-19T00:46:59.774Z,4.8991,43.9417,231.7353,0.1897,0.1117,1.7234,21.3105,230.8232,0.0923,0.0937,3.19,25.7241,231.8429,0.1121,0.1421
2016-04-19T00:47:59.931Z,5.9118,44.7578,231.8271,0.1931,0.1325,1.6352,13.8391,231.2008,0.0599,0.1355,3.3401,18.9568,231.7777,0.0821,0.1834
2016-04-19T00:48:59.210Z,4.3986,44.7704,232.2566,0.1926,0.1003,1.639,19.4998,231.5444,0.0846,0.106,3.3692,21.8103,231.89,0.0942,0.1677
2016-04-19T00:49:59.467Z,4.856,44.7581,232.1302,0.1929,0.1087,2.0044,20.9573,231.8129,0.0905,0.1022,3.5037,23.9489,232.2701,0.1037,0.1615
2016-04-19T00:50:59.925Z,5.2969,44.6053,232.0903,0.1922,0.1182,1.8216,20.5136,231.677,0.0891,0.0988,2.8571,25.2,232.2458,0.1085,0.1355
2016-04-19T00:51:59.659Z,4.8009,44.0792,231.8068,0.1907,0.1087,1.9366,21.572,231.3702,0.0931,0.0985,3.1284,25.3486,231.8987,0.1095,0.1444
2016-04-19T00:52:59.409Z,4.2999,43.3948,231.7189,0.1874,0.1005,1.9244,17.4596,231.2759,0.0758,0.119,2.9495,22.5264,232.18,0.0976,0.1529
2016-04-19T00:53:59.846Z,5.0836,44.5149,231.8704,0.1924,0.1151,2.5358,23.3001,231.2292,0.101,0.1026,2.7499,24.0637,232.1923,0.104,0.1454
2016-04-19T00:54:59.101Z,5.027,44.197,232.2281,0.1902,0.1133,1.7776,20.7198,231.6951,0.0892,0.0958,2.4104,25.4243,232.2397,0.1096,0.13
2016-04-19T00:55:59.526Z,3.8905,45.0463,232.2108,0.1941,0.0882,1.9462,21.6532,231.5989,0.0938,0.1059,3.0607,23.3248,232.1765,0.1008,0.1509
2016-04-19T00:56:59.464Z,3.6693,42.3638,230.4001,0.184,0.087,1.7002,21.8728,232.3791,0.0941,0.0884,2.953,25.1922,232.0224,0.1082,0.139
2016-04-19T00:57:59.648Z,4.4858,43.254,230.449,0.1883,0.1057,1.8302,20.105,232.6642,0.0861,0.1055,2.6867,24.3815,232.3153,0.1049,0.1324
2016-04-19T00:58:59.006Z,5.0802,44.3692,230.4903,0.1927,0.1149,1.9597,20.1641,232.6276,0.087,0.109,3.0973,23.3483,232.4794,0.1006,0.1539
2016-04-19T00:59:59.143Z,4.4601,42.9433,229.719,0.1869,0.1043,2.3102,18.6803,232.3454,0.0801,0.1219,3.1224,23.812,232.3013,0.103,0.1511
