2016-02-19T00:00:59.522Z,1249.5066,1642.8874,231.5601,7.0945,0.7608,1323.5216,1754.2646,231.2194,7.5864,0.754,1763.1881,2305.7529,230.1052,10.0203,0.7638
2016-02-19T00:01:59.722Z,1258.8437,1639.2083,230.2446,7.1198,0.7679,1332.9337,1750.4054,230.3562,7.5978,0.7616,1766.9361,2295.3699,228.9097,10.0274,0.7694
2016-02-19T00:02:59.877Z,1247.2047,1626.0051,229.587,7.0821,0.7674,1327.488,1734.8203,229.8708,7.5474,0.7652,1767.8988,2293.318,228.5625,10.0337,0.77
2016-02-19T00:03:59.136Z,1250.9087,1630.3621,229.5339,7.103,0.7676,1340.334,1737.5739,229.6795,7.5653,0.7711,1788.6057,2312.9345,228.5441,10.12,0.772
2016-02-19T00:04:59.349Z,1236.6094,1614.7079,228.27,7.0738,0.7657,1325.0931,1704.798,228.5692,7.4578,0.7769,1794.9512,2306.6801,228.1037,10.1122,0.7788
2016-02-19T00:05:59.547Z,1253.1618,1622.0992,228.5319,7.0982,0.7724,1349.4619,1734.678,228.6723,7.5864,0.7778,1794.9822,2312.805,228.3608,10.1274,0.7767
2016-02-19T00:06:59.684Z,1232.7131,1613.0604,229.6276,7.0246,0.764,1342.0081,1738.7427,229.7738,7.5671,0.772,1782.7021,2319.9324,229.3153,10.1165,0.769
2016-02-19T00:07:59.887Z,1247.4915,1623.6998,229.2686,7.0823,0.7689,1354.1666,1743.7677,229.4592,7.5995,0.7773,1800.2235,2329.8997,229.0001,10.174,0.7718
2016-02-19T00:08:59.206Z,1239.6986,1625.6793,229.1957,7.0933,0.7626,1325.6153,1709.1376,228.6057,7.4766,0.7756,1801.4333,2318.5807,229.1338,10.1183,0.7782
2016-02-19T00:09:59.346Z,1250.4497,1633.9057,228.6912,7.1444,0.7658,1340.1772,1715.4655,228.2953,7.514,0.7807,1821.9645,2336.0458,228.9776,10.2019,0.78
2016-02-19T00:10:59.490Z,1240.2115,1630.7501,229.1059,7.1177,0.7602,1319.538,1702.5299,228.601,7.4477,0.7752,1806.5891,2321.9669,229.3617,10.1233,0.7792
2016-02-19T00:11:59.701Z,1256.8597,1645.4713,229.1589,7.1809,0.7633,1339.8419,1719.8335,228.6243,7.5218,0.7793,1825.453,2341.2397,229.4119,10.2058,0.7799
2016-02-19T00:12:59.189Z,1235.1848,1624.203,228.8067,7.0991,0.7602,1324.8101,1696.5225,228.2917,7.4314,0.7803,1817.1479,2333.1252,229.3608,10.1722,0.78
2016-02-19T00:13:59.426Z,1249.8848,1639.878,229.4521,7.1475,0.762,1348.723,1726.6169,228.6896,7.5502,0.7807,1828.4672,2352.4936,229.7838,10.2375,0.7778
2016-02-19T00:14:59.606Z,1235.4235,1625.3234,229.2553,7.0895,0.7601,1328.6277,1706.0236,228.3455,7.4706,0.7794,1812.4052,2331.3134,229.558,10.1551,0.7785
2016-02-19T00:15:59.979Z,1252.8167,1647.0562,229.5042,7.1764,0.7602,1340.667,1717.5091,228.2406,7.5247,0.7803,1835.2212,2352.798,229.8627,10.2351,0.7796
2016-02-19T00:16:59.130Z,1229.8056,1618.6862,229.3956,7.0567,0.76,1329.2661,1710.6779,228.7376,7.479,0.7777,1807.7336,2333.1678,229.6476,10.1593,0.7747
2016-02-19T00:17:59.379Z,1255.2006,1629.7331,228.656,7.1272,0.7703,1358.6619,1733.0695,228.4382,7.5861,0.7837,1822.7635,2338.7708,228.7227,10.2249,0.78
2016-02-19T00:18:59.598Z,1241.1766,1629.0833,229.6487,7.0945,0.7615,1321.7565,1712.826,228.7367,7.488,0.7717,1799.3242,2318.5242,229.2789,10.1118,0.7767
2016-02-19T00:19:59.814Z,1267.913,1649.4531,229.6554,7.1822,0.768,1351.277,1735.5339,228.6326,7.5907,0.7779,1824.8651,2338.7752,228.924,10.2166,0.78
2016-02-19T00:20:59.994Z,1247.5403,1630.6341,229.5207,7.1048,0.7656,1331.5444,1722.2435,229.0105,7.5198,0.773,1798.0688,2316.1866,229.124,10.1086,0.7775
2016-02-19T00:21:59.246Z,1271.3767,1644.8045,229.0179,7.1822,0.7729,1353.1451,1737.8159,228.3701,7.6098,0.7784,1814.021,2321.8947,228.4706,10.1632,0.7805
2016-02-19T00:22:59.440Z,1245.0353,1617.8949,228.5461,7.079,0.7697,1337.9656,1718.1974,227.9111,7.5393,0.7791,1795.3821,2309.5381,228.8516,10.0926,0.7775
2016-02-19T00:23:59.780Z,1261.8889,1636.3908,228.893,7.1485,0.7707,1352.4473,1732.4422,227.8691,7.6026,0.7806,1815.6331,2328.5981,228.9816,10.169,0.7796
2016-02-19T00:24:59.960Z,1250.5645,1628.981,228.9741,7.114,0.768,1331.1878,1712.5736,227.7414,7.5203,0.7777,1802.632,2312.8433,228.8524,10.1057,0.7799
2016-02-19T00:25:59.141Z,1267.6241,1639.7622,228.3646,7.1808,0.7732,1345.1224,1721.838,227.5515,7.567,0.781,1815.7561,2316.3207,228.292,10.1464,0.7838
2016-02-19T00:26:59.447Z,1259.1215,1631.1342,228.7164,7.1316,0.7724,1337.1708,1723.442,227.9006,7.5613,0.7755,1796.7502,2304.2578,228.5774,10.0806,0.7806
2016-02-19T00:27:59.724Z,1269.9571,1645.4409,228.7389,7.1939,0.772,1338.5328,1722.3184,227.9266,7.5557,0.777,1809.9675,2313.4492,228.5761,10.121,0.7811
2016-02-19T00:28:59.058Z,1257.4167,1639.1876,229.2785,7.149,0.7672,1333.761,1722.5138,228.4333,7.5402,0.7739,1805.2764,2318.0461,229.0353,10.1206,0.7793
2016-02-19T00:29:59.311Z,1258.7101,1650.1675,229.7311,7.1826,0.7625,1333.6538,1728.0437,229.1261,7.5419,0.7719,1810.6864,2330.7845,229.8856,10.1392,0.7782
2016-02-19T00:30:59.508Z,1249.0233,1639.4718,229.0715,7.1572,0.761,1335.4295,1720.5928,228.6692,7.5244,0.7758,1815.1072,2338.158,230.0609,10.163,0.778
2016-02-19T00:31:59.790Z,1258.2653,1637.106,228.5303,7.1639,0.7691,1337.1926,1716.5874,227.8273,7.5342,0.7785,1813.7362,2323.2382,229.2479,10.1345,0.7801
2016-02-19T00:32:59.112Z,1257.1055,1635.6951,228.5215,7.158,0.7685,1341.427,1723.7661,228.0746,7.5578,0.7787,1808.9801,2323.3245,229.393,10.1283,0.7794
2016-02-19T00:33:59.303Z,1248.3042,1636.2549,228.9725,7.1457,0.7627,1340.5247,1727.2173,228.9267,7.5448,0.7765,1811.1188,2336.4597,230.1169,10.1531,0.7753
2016-02-19T00:34:59.489Z,1247.505,1632.4402,228.682,7.138,0.7639,1345.1573,1724.319,228.5123,7.5465,0.7799,1818.2358,2342.113,229.8806,10.1883,0.7772
2016-02-19T00:35:59.778Z,1247.2515,1622.2456,227.9131,7.118,0.7688,1341.9133,1712.4635,227.6922,7.5209,0.7834,1811.8529,2323.6252,228.9185,10.1501,0.7798
2016-02-19T00:36:59.009Z,1260.0668,1632.369,228.3598,7.1485,0.7721,1348.5041,1728.152,227.7993,7.5862,0.7801,1809.3079,2320.293,229.1131,10.127,0.7797
2016-02-19T00:37:59.161Z,1254.7269,1625.3282,228.0694,7.127,0.7724,1343.6021,1716.8207,227.4802,7.5474,0.7835,1807.2753,2312.4465,228.6176,10.1153,0.7817
2016-02-19T00:38:59.496Z,1257.8078,1622.9711,227.9601,7.1201,0.7748,1361.0682,1732.993,227.609,7.6139,0.7853,1811.5411,2323.3186,228.587,10.1639,0.78
2016-02-19T00:39:59.804Z,1247.1813,1610.0817,228.2636,7.0536,0.7745,1358.0142,1737.422,228.1812,7.6139,0.7812,1791.2034,2311.9433,228.6426,10.1115,0.7745
2016-02-19T00:40:59.082Z,1252.8831,1629.0357,228.8215,7.1195,0.7689,1361.6033,1744.9377,228.8795,7.6239,0.7807,1813.3853,2343.2834,229.6946,10.2015,0.7739
2016-02-19T00:41:59.437Z,1248.4297,1636.0371,229.6934,7.1233,0.7631,1343.6596,1739.5598,229.4117,7.5824,0.7721,1800.5289,2331.6711,230.139,10.1309,0.7717
2016-02-19T00:42:59.821Z,1263.9207,1641.1306,229.1494,7.1622,0.77,1360.5116,1748.5618,229.0116,7.6355,0.7788,1813.9126,2337.6549,229.5567,10.1836,0.7766
2016-02-19T00:43:59.181Z,1248.0663,1629.1152,229.5586,7.0969,0.7668,1349.5731,1744.6222,229.5756,7.5991,0.7729,1796.7582,2330.9736,229.9393,10.1367,0.7702
2016-02-19T00:44:59.408Z,1266.669,1671.9566,230.0473,7.2674,0.7575,1328.0169,1705.9631,227.6831,7.4921,0.7782,1851.5961,2358.9646,230.3849,10.239,0.7856
2016-02-19T00:45:59.696Z,1250.9242,1649.4119,229.3353,7.1915,0.7583,1316.4247,1686.4164,227.1093,7.4247,0.7808,1836.3686,2339.9266,229.7243,10.1856,0.7849
2016-02-19T00:46:59.989Z,1272.9269,1656.8171,229.5709,7.2171,0.7688,1354.5466,1745.8147,229.3935,7.6104,0.7758,1822.0543,2341.7334,229.5465,10.2015,0.7794
2016-02-19T00:47:59.136Z,1258.3467,1636.0582,229.0125,7.1441,0.769,1340.454,1727.7976,228.7567,7.553,0.7762,1804.2793,2317.6224,228.9029,10.1247,0.7793
2016-02-19T00:48:59.461Z,1274.1502,1648.4698,228.9758,7.1996,0.7725,1364.3072,1744.6261,228.5634,7.633,0.7818,1825.098,2337.1763,228.7528,10.2167,0.7802
2016-02-19T00:49:59.568Z,1263.3168,1630.0633,228.3405,7.1389,0.7753,1344.8878,1718.1926,227.2989,7.559,0.7826,1808.5084,2305.7222,227.9901,10.1132,0.784
2016-02-19T00:50:59.816Z,1275.9493,1652.4342,228.9763,7.2163,0.7722,1357.9785,1733.4445,227.7616,7.6111,0.7839,1831.4991,2338.0408,228.7735,10.2196,0.7822
2016-02-19T00:51:59.026Z,1257.4717,1648.8003,229.614,7.1805,0.7626,1331.7487,1714.5903,228.1384,7.5155,0.7771,1819.5923,2331.6978,229.6405,10.1541,0.7807
2016-02-19T00:52:59.212Z,1272.9284,1665.9295,229.6186,7.2553,0.7643,1352.3555,1730.9116,228.3291,7.5809,0.7805,1846.2964,2361.7666,229.919,10.2715,0.7805
2016-02-19T00:53:59.501Z,1251.9088,1648.3516,229.7074,7.1758,0.7596,1336.1201,1722.2343,228.9289,7.5229,0.776,1823.4051,2348.5603,230.427,10.1919,0.7782
2016-02-19T00:54:59.764Z,1276.6824,1661.9003,229.741,7.2337,0.7684,1365.2893,1750.8837,228.7513,7.6538,0.7803,1835.4276,2355.5749,229.8555,10.2481,0.7797
2016-02-19T00:55:59.051Z,1263.1424,1646.4201,229.4576,7.1744,0.7678,1344.4783,1727.7052,228.2444,7.5697,0.7782,1820.5374,2334.1823,229.5402,10.1689,0.7798
2016-02-19T00:56:59.342Z,1277.5139,1666.257,230.207,7.2378,0.7669,1370.607,1762.8431,229.2595,7.6892,0.7782,1833.5567,2361.99,230.3999,10.2513,0.7764
2016-02-19T00:57:59.688Z,1284.9,1663.488,230.546,7.2154,0.7719,1340.5282,1749.8389,229.0786,7.6387,0.7662,1789.9572,2300.5454,228.6654,10.0597,0.7763
2016-02-19T00:58:59.912Z,1311.7127,1681.9447,230.2346,7.3053,0.78,1368.9331,1777.58,229.3227,7.7506,0.7698,1810.2029,2317.3076,228.59,10.1367,0.7813
2016-02-19T00:59:59.169Z,1275.1929,1655.7378,229.6059,7.2114,0.7698,1357.6843,1751.6299,228.8644,7.6532,0.7754,1814.5013,2335.3923,230.031,10.153,0.7771
