2016-04-23T00:00:59.500Z,5.1254,69.2816,230.7749,0.2998,0.0762,2.8589,61.9422,230.5511,0.2689,0.0486,1.9938,61.4769,231.2316,0.2657,0.0335
2016-04-23T00:01:59.785Z,4.5668,71.1366,230.5793,0.3077,0.0653,2.4073,63.39,230.6773,0.2747,0.0397,2.2795,63.6171,231.6558,0.2744,0.0358
2016-04-23T00:02:59.108Z,4.2069,71.6627,230.3044,0.3107,0.0584,2.6368,63.8846,230.5359,0.2773,0.0402,1.96,63.8193,231.3688,0.2757,0.0316
2016-04-23T00:03:59.462Z,4.0452,69.5712,230.1144,0.3026,0.0586,2.713,61.6098,230.1056,0.2679,0.0432,1.5113,63.1811,231.6184,0.2729,0.0237
2016-04-23T00:04:59.713Z,4.8813,71.2218,230.0893,0.3097,0.0691,2.7445,62.2902,230.7782,0.2691,0.0454,1.9158,61.9266,231.2073,0.2679,0.0313
2016-04-23T00:05:59.079Z,5.0166,71.7761,230.0346,0.3118,0.071,2.8099,61.5997,230.8029,0.2664,0.0469,1.7963,61.505,231.1133,0.2661,0.0293
2016-04-23T00:06:59.781Z,4.1037,71.7591,230.6198,0.3111,0.0571,3.3161,64.7715,231.1559,0.2802,0.0513,1.8796,62.7495,231.2649,0.272,0.0296
2016-04-23T00:07:59.192Z,4.4284,72.246,230.9483,0.3127,0.0627,3.0251,62.4869,231.3027,0.2699,0.0478,2.1903,62.8557,231.5914,0.2716,0.0347
2016-04-23T00:08:59.666Z,4.6586,70.8775,230.7805,0.3077,0.0663,3.0092,63.1676,231.2053,0.2733,0.049,2.1409,61.5137,231.4484,0.2662,0.0374
2016-04-23T00:09:59.100Z,4.885,71.5054,230.6347,0.3097,0.0689,2.8503,63.9439,230.5192,0.2771,0.0427,1.5287,63.5372,231.4209,0.2748,0.0233
2016-04-23T00:10:59.069Z,4.1871,71.2299,230.6787,0.3087,0.0596,2.898,62.0877,230.4674,0.2699,0.0467,1.7599,62.098,231.5121,0.2675,0.0287
2016-04-23T00:11:59.249Z,4.9278,71.0424,230.3982,0.3079,0.0696,3.352,63.1536,230.3288,0.2743,0.0541,2.231,63.6103,231.3341,0.2754,0.0341
2016-04-23T00:12:59.504Z,4.9093,71.9279,230.3089,0.312,0.0698,2.8395,63.7695,230.14,0.2773,0.0447,2.4311,63.482,231.3168,0.2742,0.0371
2016-04-23T00:13:59.733Z,4.5971,70.4323,230.3454,0.3053,0.0668,2.8442,62.3816,230.2749,0.271,0.0452,1.9177,64.0738,231.3585,0.277,0.0308
2016-04-23T00:14:59.086Z,3.6228,69.8452,230.6382,0.3021,0.0522,3.0186,61.2211,230.3473,0.266,0.051,1.6818,63.8337,231.3387,0.2752,0.0264
2016-04-23T00:15:59.453Z,3.7847,71.8584,230.9374,0.3111,0.0531,2.9188,62.7433,230.2347,0.2724,0.0464,1.7682,62.2032,230.8303,0.2699,0.0287
2016-04-23T00:16:59.624Z,5.3027,71.0222,231.0719,0.3077,0.0764,2.526,61.0302,229.9916,0.2651,0.0423,2.4173,62.5898,231.1503,0.2707,0.0386
2016-04-23T00:17:59.691Z,5.3045,71.2425,230.7936,0.3085,0.0753,3.1651,59.9729,229.884,0.2609,0.053,1.8271,61.7122,230.8955,0.2673,0.0297
2016-04-23T00:18:59.168Z,5.1551,71.5104,231.1575,0.3096,0.0732,2.6516,61.819,230.1963,0.2685,0.0442,2.001,62.1709,231.3971,0.269,0.0336
2016-04-23T00:19:59.868Z,4.6203,71.0501,231.5809,0.3067,0.0661,2.6364,61.5987,230.6933,0.2668,0.0474,1.8158,61.9853,231.9295,0.2673,0.0299
2016-04-23T00:20:59.453Z,4.8136,71.3866,230.8528,0.3087,0.0674,2.8883,63.8652,230.7461,0.2766,0.0452,2.0666,64.2969,231.9467,0.2779,0.0326
2016-04-23T00:21:59.816Z,5.3256,71.423,230.9349,0.3089,0.0745,3.1478,62.487,230.6811,0.2704,0.0503,2.2229,62.9105,232.1179,0.2715,0.0374
2016-04-23T00:22:59.501Z,3.8132,70.4355,231.352,0.3043,0.054,2.6841,62.2529,230.3752,0.2703,0.0432,1.5799,62.767,232.3852,0.2701,0.026
2016-04-23T00:23:59.055Z,4.4707,71.2552,232.8419,0.306,0.0629,2.2912,60.6993,229.1711,0.2647,0.0372,2.0777,64.0014,233.9536,0.2739,0.0348
2016-04-23T00:24:59.253Z,4.6429,71.2838,232.368,0.3068,0.0654,2.7443,61.9752,230.5637,0.2689,0.0445,2.1253,64.6304,233.5436,0.2768,0.0314
2016-04-23T00:25:59.476Z,5.0425,71.7696,231.9401,0.3093,0.0716,2.7716,62.6145,231.6321,0.2703,0.0446,1.5151,63.6351,232.8087,0.2741,0.0252
2016-04-23T00:26:59.225Z,3.7794,71.6726,231.3454,0.3099,0.0533,2.5628,63.5363,231.6168,0.2748,0.0416,2.1291,64.2644,232.4009,0.2763,0.0324
2016-04-23T00:27:59.733Z,3.984,70.5022,230.6475,0.3059,0.0574,3.3453,63.5053,231.7696,0.2735,0.0532,2.0868,62.7879,232.3071,0.2704,0.0321
2016-04-23T00:28:59.076Z,5.3133,70.6454,230.5982,0.3067,0.0759,3.3097,62.3789,231.7756,0.2689,0.0548,1.8286,63.4579,232.6211,0.2731,0.0292
2016-04-23T00:29:59.427Z,4.7641,70.8675,230.6493,0.3076,0.0677,2.5988,62.2277,231.6124,0.2686,0.0435,2.0266,62.8749,232.5287,0.2709,0.0363
2016-04-23T00:30:59.772Z,3.9735,70.2913,230.5018,0.3046,0.0562,2.5133,63.0992,231.1022,0.2729,0.0408,1.9603,63.1192,232.4454,0.272,0.0304
2016-04-23T00:31:59.099Z,3.7151,70.6773,230.6388,0.3063,0.0525,3.0714,62.1334,230.6314,0.2695,0.0501,1.8435,62.9879,232.5923,0.271,0.0295
2016-04-23T00:32:59.821Z,3.9514,70.9735,230.94,0.3078,0.0574,3.0542,63.9577,230.9421,0.2767,0.0464,2.0903,62.9792,232.3476,0.271,0.035
2016-04-23T00:33:59.125Z,4.4742,70.937,230.3376,0.3085,0.0639,3.197,62.4349,231.3916,0.2699,0.0537,2.5157,60.8128,231.5969,0.2625,0.0433
2016-04-23T00:34:59.495Z,5.3379,71.8486,230.3008,0.3123,0.0749,2.8288,63.3824,231.6207,0.2738,0.0454,2.4798,63.5093,231.7208,0.2738,0.0399
2016-04-23T00:35:59.804Z,4.8126,69.4091,230.7848,0.3007,0.071,2.6851,62.5587,231.7199,0.2699,0.0432,2.5226,62.3059,232.0751,0.2682,0.0404
2016-04-23T00:36:59.241Z,3.954,69.9016,231.1619,0.3022,0.0566,2.5172,62.6216,231.7623,0.2698,0.04,2.6593,63.6712,232.1503,0.2748,0.0416
2016-04-23T00:37:59.958Z,3.7211,69.9416,231.2429,0.302,0.0534,2.8502,61.5648,231.6192,0.2661,0.0487,1.8792,63.9954,232.4014,0.2755,0.0295
2016-04-23T00:38:59.167Z,4.9002,69.3994,230.8777,0.3009,0.0729,2.5473,59.977,231.5227,0.259,0.0448,2.0439,60.4063,231.9112,0.2602,0.0369
2016-04-23T00:39:59.712Z,4.7297,71.8322,230.6743,0.3108,0.0671,2.5772,62.1496,231.1015,0.2687,0.0427,2.2382,62.6886,231.5655,0.2705,0.0357
2016-04-23T00:40:59.043Z,4.7531,71.6526,230.7094,0.3109,0.068,2.6966,62.7681,231.25,0.2719,0.0419,2.6109,63.5114,231.7019,0.2742,0.0411
2016-04-23T00:41:59.697Z,4.2666,70.5247,230.5078,0.3054,0.0618,2.7121,61.8714,231.2229,0.2672,0.0426,2.2157,61.6841,231.489,0.2663,0.0374
2016-04-23T00:42:59.056Z,4.9601,71.1791,230.3953,0.3085,0.071,2.8392,62.9053,230.8799,0.2722,0.0452,1.73,63.7545,231.5975,0.2753,0.0256
2016-04-23T00:43:59.321Z,4.7095,70.4355,230.3661,0.3058,0.0683,2.6618,62.0349,230.8612,0.2688,0.0432,2.163,63.2208,231.4508,0.2733,0.0351
2016-04-23T00:44:59.657Z,4.1519,71.4334,230.896,0.3086,0.0587,2.8056,63.8686,231.6175,0.2755,0.0434,1.7816,62.7382,231.8743,0.2709,0.0285
2016-04-23T00:45:59.074Z,4.3636,71.8146,231.0448,0.3107,0.0621,2.9634,63.9767,231.8367,0.276,0.0477,2.2182,63.738,231.2053,0.2758,0.0356
2016-04-23T00:46:59.509Z,4.9666,72.1449,231.175,0.3121,0.0699,2.7033,64.0067,231.9985,0.2757,0.0427,2.4293,62.5262,231.4034,0.2698,0.0396
2016-04-23T00:47:59.814Z,4.8644,70.7875,230.9589,0.3059,0.0713,3.4432,62.606,231.7605,0.2695,0.0597,2.2959,63.0991,231.4871,0.2718,0.0385
2016-04-23T00:48:59.108Z,4.0734,71.1412,231.0502,0.3076,0.0574,3.1041,63.5572,231.7097,0.2744,0.05,2.1312,62.5302,231.1084,0.2706,0.0349
2016-04-23T00:49:59.538Z,4.9008,71.6657,231.0766,0.3099,0.071,2.774,63.7249,231.6027,0.2748,0.0428,1.8926,61.3263,231.4639,0.2645,0.0305
2016-04-23T00:50:59.734Z,5.3231,71.7926,230.9891,0.3107,0.0758,3.1415,63.4727,231.6358,0.2738,0.0495,2.1041,61.8541,231.577,0.2668,0.0325
2016-04-23T00:51:59.975Z,5.1685,71.4042,230.9701,0.3096,0.0741,2.2615,63.8426,231.4787,0.276,0.0351,2.084,63.3805,231.5292,0.2734,0.0313
2016-04-23T00:52:59.517Z,4.4451,70.283,231.1686,0.3037,0.0651,2.8041,62.5421,231.776,0.2704,0.0447,2.8664,62.8265,231.6187,0.2716,0.0484
2016-04-23T00:53:59.755Z,4.8807,72.4827,231.1746,0.314,0.0685,2.5146,61.281,231.6499,0.2646,0.0438,2.0548,65.0376,231.5401,0.2813,0.0329
2016-04-23T00:54:59.023Z,4.7813,71.948,231.4997,0.3106,0.068,3.1528,64.693,231.8798,0.2783,0.0494,2.2586,61.4816,231.7778,0.2656,0.0369
2016-04-23T00:55:59.496Z,4.8684,71.7971,231.4168,0.3103,0.0681,3.2045,61.9301,231.6659,0.2671,0.0515,1.5954,61.934,231.7831,0.2676,0.0252
2016-04-23T00:56:59.900Z,3.936,71.7066,231.4711,0.3097,0.0553,3.0161,62.8861,231.6341,0.2714,0.0479,1.4699,63.2872,231.6703,0.2733,0.0237
2016-04-23T00:57:59.340Z,4.7793,72.1701,231.6286,0.3118,0.067,3.0629,62.0819,232.0372,0.2678,0.0524,1.8207,63.4891,231.7743,0.2739,0.0299
2016-04-23T00:58:59.481Z,4.9247,71.6258,231.6996,0.3095,0.0692,3.4408,63.8776,232.5342,0.2745,0.0545,2.1789,63.5679,232.2231,0.2741,0.0336
2016-04-23T00:59:59.864Z,4.5374,71.4202,232.0077,0.3076,0.066,2.6013,62.929,232.5552,0.2701,0.0427,2.1482,64.2618,232.5504,0.276,0.0322
