2016-02-14T00:00:59.707Z,3.8401,44.3152,229.241,0.1937,0.0874,2.3114,24.9915,230.5725,0.1085,0.1079,3.1454,24.8277,232.9023,0.1066,0.1532
2016-02-14T00:01:59.606Z,4.8263,44.1574,228.2514,0.1936,0.1111,1.8152,23.1962,229.214,0.1013,0.0982,3.4942,23.4772,232.7466,0.1006,0.1693
2016-02-14T00:02:59.027Z,4.7029,43.4472,229.1414,0.1902,0.1096,2.0147,20.0134,231.0424,0.0869,0.1146,3.4768,26.3248,232.0728,0.1136,0.1559
2016-02-14T00:03:59.780Z,4.9907,43.5214,230.0172,0.189,0.117,1.7566,22.0417,232.068,0.0947,0.1007,3.4117,24.9268,230.7108,0.1082,0.1654
2016-02-14T00:04:59.186Z,4.4011,43.7248,230.1256,0.1896,0.1012,1.3336,19.5716,232.333,0.0849,0.0904,3.6427,22.303,230.7761,0.0964,0.1879
2016-02-14T00:05:59.905Z,5.0788,45.2579,230.0316,0.1971,0.1136,1.8497,19.2158,232.0639,0.0832,0.1066,3.5117,24.3912,230.347,0.1057,0.1738
2016-02-14T00:06:59.415Z,4.8824,44.5332,229.8813,0.1934,0.1107,1.8668,22.5471,231.7965,0.0973,0.1012,3.6798,25.5387,230.2262,0.1112,0.1625
2016-02-14T00:07:59.796Z,4.7187,44.0442,229.5058,0.192,0.1088,1.57,22.6312,231.3647,0.0974,0.0901,3.6996,23.7558,230.4029,0.1027,0.1748
2016-02-14T00:08:59.146Z,5.7587,43.7037,229.49,0.1903,0.1318,1.5932,15.4861,230.9816,0.0674,0.1218,3.8302,21.249,230.655,0.0921,0.2026
2016-02-14T00:09:59.336Z,5.2918,44.8086,229.4225,0.1949,0.1196,1.8051,19.1156,231.3703,0.082,0.1112,3.7351,23.951,230.2222,0.1043,0.1782
2016-02-14T00:10:59.732Z,4.9973,43.7413,230.4302,0.1901,0.1148,2.1295,23.2942,232.4665,0.1,0.1025,3.7188,27.494,231.017,0.1192,0.1625
2016-02-14T00:11:59.875Z,4.4718,43.4564,230.4208,0.1887,0.1038,1.7859,24.2086,232.0686,0.104,0.0966,3.5613,24.5659,231.0799,0.1064,0.1673
2016-02-14T00:12:59.387Z,4.3604,44.173,230.2461,0.1914,0.101,2.1927,23.0772,232.0528,0.0994,0.0944,3.5908,23.1253,231.6601,0.0998,0.1814
2016-02-14T00:13:59.085Z,5.0601,44.8647,229.6228,0.1952,0.1132,2.1121,21.7386,231.394,0.0937,0.111,3.5402,25.5958,231.0464,0.1106,0.1643
2016-02-14T00:14:59.744Z,5.194,44.3629,230.2313,0.1928,0.1182,2.3238,21.9526,230.3814,0.0962,0.1225,4.0913,24.6054,230.7522,0.1065,0.184
2016-02-14T00:15:59.910Z,4.9082,44.6122,231.4208,0.1929,0.1108,1.8897,22.6589,229.8507,0.0989,0.1032,3.6136,22.1356,230.3313,0.0958,0.1834
2016-02-14T00:16:59.564Z,5.206,44.9011,231.4596,0.1936,0.1147,1.5181,21.2107,229.9412,0.0923,0.0959,3.688,24.7486,230.6758,0.1077,0.1745
2016-02-14T00:17:59.169Z,4.6947,44.5593,231.5547,0.1924,0.1073,1.9236,22.7114,230.1507,0.099,0.0988,3.849,25.8092,230.9702,0.1114,0.1701
2016-02-14T00:18:59.787Z,5.3261,43.7358,231.2405,0.1887,0.1216,1.9128,19.7763,230.872,0.0857,0.1073,3.8964,24.653,230.6192,0.1065,0.1895
2016-02-14T00:19:59.450Z,4.6537,44.3008,231.1069,0.1917,0.1079,1.8902,20.2541,231.2003,0.0879,0.1146,3.9904,22.4249,230.5457,0.0977,0.1967
2016-02-14T00:20:59.792Z,4.958,44.7118,231.2941,0.1935,0.1122,1.6828,20.8777,231.124,0.0902,0.1009,3.7455,25.3934,231.1425,0.1103,0.1716
2016-02-14T00:21:59.040Z,4.763,44.2778,232.5721,0.1899,0.1091,1.924,23.8588,232.0902,0.1028,0.1038,3.9237,26.281,232.7581,0.1131,0.1688
2016-02-14T00:22:59.387Z,5.0044,44.6069,232.0592,0.1916,0.1132,1.9324,22.1408,231.7115,0.0956,0.1022,3.7352,22.9584,232.4174,0.0987,0.1835
2016-02-14T00:23:59.717Z,5.0207,44.5591,232.4325,0.1917,0.1138,2.1522,22.2339,231.8764,0.096,0.1073,3.3003,25.198,232.8135,0.1087,0.1634
2016-02-14T00:24:59.240Z,5.1462,45.3643,232.148,0.1957,0.1151,2.0484,20.9712,231.4121,0.0904,0.1116,3.8858,24.9688,232.5233,0.1079,0.1724
2016-02-14T00:25:59.199Z,4.804,44.1688,231.9446,0.1908,0.1108,1.5562,22.4769,231.5093,0.0973,0.0893,3.8215,25.2843,232.1105,0.1091,0.1738
2016-02-14T00:26:59.465Z,5.0592,44.1835,231.8604,0.1911,0.1155,1.9168,19.5236,231.442,0.084,0.1195,3.9313,26.5075,232.777,0.1141,0.1737
2016-02-14T00:27:59.823Z,5.273,45.6636,232.2798,0.1964,0.1161,1.905,20.7801,230.9268,0.0898,0.1076,3.678,24.2509,232.8096,0.1042,0.174
2016-02-14T00:28:59.495Z,4.703,44.1568,232.2076,0.1901,0.1068,1.8299,20.4833,230.8068,0.0884,0.1074,3.2969,25.7396,232.649,0.1109,0.1576
2016-02-14T00:29:59.771Z,3.4996,45.3219,232.1914,0.1954,0.0786,2.0324,20.1175,231.2204,0.0869,0.107,3.7834,23.9214,232.6157,0.1029,0.177
2016-02-14T00:30:59.247Z,4.2626,42.8166,231.7124,0.1848,0.1013,1.9418,24.0671,231.0671,0.1041,0.1022,3.6585,25.2857,231.9553,0.1091,0.168
2016-02-14T00:31:59.544Z,5.1598,44.9222,232.3459,0.1932,0.1164,2.0178,19.8544,230.6609,0.0859,0.1221,3.6598,23.8238,232.7656,0.1026,0.1749
2016-02-14T00:32:59.935Z,5.3347,44.8197,232.2054,0.1927,0.119,1.98,23.8189,231.129,0.1034,0.1109,3.6875,25.7354,233.0162,0.1102,0.1674
2016-02-14T00:33:59.769Z,4.7602,44.4599,232.2821,0.1913,0.1084,2.3018,24.2273,230.8173,0.1053,0.1153,3.6664,23.9655,232.4934,0.1029,0.1734
2016-02-14T00:34:59.458Z,3.9463,43.7509,232.3481,0.1881,0.0916,1.8125,18.4021,231.0018,0.0793,0.117,3.2832,26.1931,232.5504,0.113,0.151
2016-02-14T00:35:59.008Z,4.1859,43.701,232.493,0.1888,0.097,1.8532,21.0456,231.0812,0.0908,0.0993,3.4709,25.8413,232.6609,0.1109,0.1568
2016-02-14T00:36:59.330Z,4.9173,44.7174,232.43,0.1929,0.1112,1.88,21.8658,228.1207,0.0956,0.097,3.2287,24.8266,232.9549,0.1064,0.1548
2016-02-14T00:37:59.727Z,5.1308,45.1163,232.1132,0.1939,0.1149,2.0697,21.3049,230.7901,0.0918,0.117,3.7239,25.798,232.3891,0.1105,0.1641
2016-02-14T00:38:59.387Z,4.7789,44.5654,232.2373,0.1921,0.1082,1.8177,23.8282,231.9777,0.1027,0.1038,3.7233,24.0201,232.494,0.1034,0.1749
2016-02-14T00:39:59.835Z,4.1828,45.046,231.9776,0.1947,0.0933,2.0707,22.2127,231.5362,0.0958,0.1086,3.4336,24.2574,232.1346,0.1052,0.1649
2016-02-14T00:40:59.955Z,3.6404,42.8166,231.9371,0.1847,0.0858,2.236,22.2227,231.8482,0.0959,0.1112,3.3466,26.3159,231.8471,0.1137,0.15
2016-02-14T00:41:59.282Z,4.8918,45.0328,231.9307,0.1942,0.1114,1.9681,21.3118,231.6528,0.0923,0.1132,3.1654,24.6374,231.6623,0.1066,0.1568
2016-02-14T00:42:59.624Z,4.7407,44.1725,232.2184,0.1904,0.1085,1.7938,18.9627,232.0452,0.0818,0.1112,3.3712,26.5927,230.9149,0.1155,0.1527
2016-02-14T00:43:59.767Z,4.9026,44.4665,232.7787,0.1905,0.1111,1.7828,23.4514,232.2276,0.1015,0.0957,3.6537,26.1235,229.9209,0.1136,0.1672
2016-02-14T00:44:59.337Z,4.0819,44.9144,232.4634,0.193,0.0913,1.6599,21.727,231.8604,0.0934,0.0944,3.73,22.7962,231.949,0.0986,0.1832
2016-02-14T00:46:59.628Z,4.6692,44.6808,232.6408,0.1919,0.106,1.9297,20.9317,231.4244,0.0905,0.1097,3.5686,24.5802,232.6351,0.1059,0.1696
2016-02-14T00:48:59.466Z,5.1601,44.7755,232.6858,0.1925,0.1155,2.4282,24.2468,231.4935,0.1043,0.1122,3.6718,25.2395,233.1526,0.108,0.1687
2016-02-14T00:49:59.879Z,3.9583,43.3917,232.8345,0.1862,0.0912,1.612,16.8858,232.3583,0.0726,0.112,3.7089,28.7567,233.1755,0.123,0.1507
2016-02-14T00:50:59.876Z,5.3949,44.7382,233.0967,0.1926,0.1227,2.3426,23.9035,232.6927,0.103,0.1065,3.4276,24.6051,233.1179,0.1047,0.1638
2016-02-14T00:51:59.506Z,5.1092,44.4638,233.223,0.1902,0.1148,1.8097,19.677,232.4834,0.0843,0.1137,3.4186,26.6471,233.001,0.1144,0.1516
2016-02-14T00:52:59.463Z,5.1743,44.9393,232.7873,0.1927,0.1163,2.0725,21.8414,232.3876,0.0937,0.1096,3.5976,25.1669,232.8204,0.1076,0.1631
2016-02-14T00:53:59.573Z,4.8785,43.7592,232.9855,0.1878,0.1121,2.1285,21.1185,232.1286,0.0911,0.1158,3.5163,25.3089,233.2662,0.108,0.1635
2016-02-14T00:54:59.151Z,5.2478,44.8674,232.8295,0.1927,0.1176,2.0955,20.3198,232.2862,0.0875,0.1108,3.8209,27.0944,233.0702,0.1166,0.1637
2016-02-14T00:55:59.379Z,4.8627,45.602,232.4271,0.1956,0.1087,1.9453,20.1845,232.4505,0.0866,0.1123,3.5526,24.0392,233.1148,0.1036,0.1736
2016-02-14T00:56:59.253Z,4.1663,43.8938,232.481,0.1888,0.0953,2.2882,24.0447,232.0497,0.1031,0.1031,3.6635,25.3716,232.9256,0.1091,0.1674
2016-02-14T00:57:59.659Z,3.7851,44.8978,232.3242,0.1928,0.0851,2.1823,21.8504,231.9446,0.0943,0.1122,3.6318,23.8885,233.4196,0.1026,0.1772
2016-02-14T00:58:59.737Z,3.8082,43.2322,232.0681,0.1859,0.0905,1.7752,19.5748,231.7234,0.0846,0.1095,3.5795,25.2997,233.5823,0.1085,0.1643
2016-02-14T00:59:59.179Z,5.1644,45.1859,231.9869,0.1947,0.114,2.2277,20.7123,231.5178,0.0896,0.1233,3.4418,25.613,233.8174,0.1092,0.1589
