2016-03-03T00:00:59.343Z,3.7367,68.4797,229.4889,0.2984,0.0538,3.2723,62.1318,230.6846,0.2694,0.0528,1.6247,62.2624,231.8042,0.2687,0.027
2016-03-03T00:01:59.671Z,4.3987,70.5822,228.6143,0.3084,0.0644,3.5302,63.4622,229.6485,0.2765,0.0557,2.0379,62.8787,231.5807,0.2709,0.0322
2016-03-03T00:02:59.966Z,5.0783,70.7254,228.6934,0.3091,0.0746,2.4777,59.2405,227.1974,0.2607,0.0417,2.0903,63.6183,232.1452,0.2739,0.0352
2016-03-03T00:03:59.191Z,5.0082,70.5685,230.1554,0.3064,0.0703,3.0962,63.2372,229.7254,0.2751,0.0501,2.1693,61.5375,231.4697,0.2658,0.0346
2016-03-03T00:04:59.734Z,3.391,70.7102,229.5038,0.3082,0.0485,3.5854,64.0367,230.7441,0.2777,0.0555,2.0227,63.9507,230.4502,0.2777,0.0311
2016-03-03T00:05:59.064Z,4.5459,71.3604,229.4904,0.31,0.0651,2.8558,64.2417,230.614,0.2787,0.0461,2.1533,63.0934,230.4921,0.2739,0.0324
2016-03-03T00:06:59.355Z,5.2045,70.06,228.9,0.3059,0.0734,2.4188,62.6878,230.0644,0.2722,0.0384,2.6462,61.4498,230.3775,0.2664,0.0451
2016-03-03T00:07:59.568Z,4.9745,70.1533,228.4775,0.3066,0.0721,2.2011,63.6629,229.7152,0.2767,0.0329,2.2377,63.4626,230.022,0.2757,0.0355
2016-03-03T00:08:59.738Z,4.646,70.2734,228.764,0.307,0.0664,2.8748,63.7066,229.7919,0.2775,0.0454,2.4735,63.3386,230.3638,0.2749,0.0404
2016-03-03T00:09:59.056Z,3.6054,70.3351,229.2309,0.3067,0.0518,2.7522,61.2762,230.17,0.2661,0.0492,1.834,60.158,230.6259,0.2611,0.0332
2016-03-03T00:10:59.314Z,4.497,70.7276,229.3749,0.3079,0.0654,3.4752,63.3173,229.9488,0.2753,0.0535,2.0463,62.4699,230.289,0.2714,0.0348
2016-03-03T00:11:59.607Z,4.2579,70.4384,228.8125,0.3077,0.0607,2.7997,62.4965,229.832,0.272,0.0447,1.7779,63.0959,230.759,0.2731,0.0276
2016-03-03T00:12:59.902Z,4.7687,71.0255,228.967,0.3099,0.0683,3.1729,62.5782,229.465,0.2728,0.0492,2.2109,62.4807,231.8176,0.2702,0.0354
2016-03-03T00:13:59.444Z,4.1181,70.4996,230.9859,0.3054,0.0609,2.8373,61.6772,230.0138,0.2679,0.0453,2.5353,64.871,231.9777,0.2799,0.0404
2016-03-03T00:14:59.844Z,4.3148,71.6253,230.7271,0.3108,0.0609,3.2656,63.2902,230.2379,0.2743,0.0523,2.2173,62.4544,231.5848,0.2697,0.0358
2016-03-03T00:15:59.153Z,4.9349,70.5948,230.9947,0.3056,0.0712,2.6306,63.39,230.397,0.275,0.0409,2.4424,63.141,231.4891,0.2721,0.0387
2016-03-03T00:16:59.394Z,4.7908,71.7885,231.8124,0.3092,0.069,3.0791,63.1544,231.7451,0.2722,0.0488,2.1229,62.8179,232.6091,0.2698,0.034
2016-03-03T00:17:59.802Z,4.3833,71.5076,231.1037,0.3091,0.0615,2.4058,63.2942,231.7122,0.2727,0.0409,1.9898,63.595,232.5867,0.2733,0.0332
2016-03-03T00:18:59.238Z,4.5274,72.4474,231.2844,0.3134,0.0649,2.89,64.1563,231.3841,0.2769,0.0453,1.7664,63.7011,232.5581,0.2744,0.0273
2016-03-03T00:19:59.415Z,5.0401,72.016,230.9521,0.3119,0.0702,2.214,62.9911,231.6145,0.2718,0.0359,2.0368,63.4203,232.706,0.2727,0.0329
2016-03-03T00:20:59.690Z,4.837,71.6252,230.5822,0.3108,0.0676,2.8588,64.5998,231.1992,0.2793,0.0456,2.3821,64.4547,231.9541,0.2782,0.0369
2016-03-03T00:21:59.072Z,4.8226,72.4492,230.9888,0.3141,0.0669,2.6394,62.8569,231.2392,0.2714,0.0428,2.1191,64.6113,232.0149,0.2783,0.0337
2016-03-03T00:22:59.297Z,5.452,71.8224,230.2639,0.3116,0.0771,2.7284,63.9558,232.1024,0.2753,0.0434,1.9002,63.3416,231.4373,0.2736,0.0312
2016-03-03T00:23:59.722Z,4.6575,71.2892,231.0162,0.3081,0.0658,2.7852,63.3685,232.6364,0.2726,0.0443,1.8786,62.5795,233.0856,0.2681,0.0311
2016-03-03T00:24:59.234Z,4.543,70.6918,231.2831,0.3054,0.0659,2.5879,63.684,232.4588,0.2737,0.0419,1.7184,62.9984,233.0531,0.2703,0.0293
2016-03-03T00:25:59.436Z,4.7317,72.0937,231.0966,0.3117,0.0683,3.4846,62.6063,232.1191,0.2692,0.0543,2.4173,64.0563,232.6007,0.2755,0.0397
2016-03-03T00:26:59.747Z,4.9816,72.2604,230.8507,0.3132,0.0711,2.9668,63.3154,231.668,0.2732,0.046,2.1843,63.9792,232.6115,0.2747,0.0347
2016-03-03T00:27:59.081Z,4.4457,71.1713,230.6867,0.309,0.0631,2.721,63.7508,231.8962,0.275,0.0429,2.3559,65.0119,232.8984,0.279,0.0349
2016-03-03T00:28:59.436Z,4.3779,69.5789,230.1522,0.3025,0.0648,2.334,64.1991,232.0277,0.2769,0.0382,1.7887,63.7741,233.1085,0.2736,0.0288
2016-03-03T00:29:59.680Z,4.5488,71.5791,230.1202,0.3116,0.0637,2.7054,63.7276,231.8517,0.2748,0.0429,2.1714,63.1234,232.9347,0.2707,0.0383
2016-03-03T00:30:59.853Z,4.5455,71.4093,229.9112,0.3114,0.0657,3.1047,63.3658,231.1773,0.2741,0.0508,1.9603,63.3667,232.3127,0.2724,0.0313
2016-03-03T00:31:59.119Z,4.3762,72.608,229.904,0.3157,0.0591,2.9149,63.6819,231.0109,0.2756,0.0461,2.4802,63.4303,232.1507,0.2733,0.0393
2016-03-03T00:32:59.515Z,3.9551,71.2967,229.4677,0.311,0.0568,3.0227,62.5476,230.8887,0.2715,0.0478,2.526,64.0953,231.3531,0.2771,0.0409
2016-03-03T00:33:59.182Z,3.8409,72.1552,230.5342,0.313,0.0537,2.8686,62.8701,230.9509,0.2721,0.0468,1.9796,63.4137,232.1268,0.2735,0.0304
2016-03-03T00:34:59.457Z,4.8251,71.2314,231.0643,0.3077,0.0696,2.9985,63.9432,230.8805,0.2767,0.0481,2.3269,64.3621,231.94,0.2771,0.0352
2016-03-03T00:35:59.827Z,4.7279,72.66,232.051,0.3133,0.0652,2.5496,63.4516,231.49,0.2741,0.04,2.0914,64.0414,230.9465,0.2773,0.0329
2016-03-03T00:36:59.049Z,5.0711,72.4603,232.8758,0.3109,0.0718,3.0518,62.5562,231.8527,0.2701,0.0488,2.1391,63.9693,230.0519,0.2781,0.0341
2016-03-03T00:37:59.435Z,4.5093,72.234,232.1879,0.3112,0.0629,3.0749,63.3468,231.4599,0.2735,0.0503,2.0805,62.8249,232.6512,0.2702,0.0324
2016-03-03T00:38:59.478Z,4.2134,71.2304,232.0096,0.3066,0.06,3.3569,62.4422,231.1488,0.2702,0.0546,2.5344,65.3982,232.2129,0.2822,0.0403
2016-03-03T00:39:59.939Z,4.5954,70.7515,231.8808,0.3055,0.0647,2.8322,61.546,230.6803,0.2665,0.0487,2.2071,63.5868,232.2546,0.2739,0.0363
2016-03-03T00:40:59.279Z,4.6877,72.4432,231.5777,0.3129,0.066,2.5646,64.4242,231.358,0.2786,0.0411,2.2477,63.5547,232.2997,0.2738,0.0349
2016-03-03T00:41:59.814Z,4.6528,72.1033,232.0846,0.3104,0.064,2.5929,64.1178,231.4587,0.2768,0.0397,1.7183,62.4914,232.4477,0.2683,0.0284
2016-03-03T00:42:59.165Z,4.9821,71.4843,232.182,0.3072,0.0702,2.8116,64.4729,230.3329,0.2801,0.0448,2.6357,63.5812,231.7437,0.2739,0.0403
2016-03-03T00:43:59.669Z,5.1195,72.4414,231.8001,0.3122,0.071,2.4692,61.7675,231.4059,0.2668,0.0404,2.7434,62.9805,232.3923,0.2709,0.0436
2016-03-03T00:45:59.596Z,4.6059,71.1598,231.8461,0.3068,0.0645,3.2573,63.5125,232.0651,0.2741,0.0518,2.0934,64.3408,232.8455,0.2763,0.0313
2016-03-03T00:46:59.902Z,5.0031,72.059,232.4388,0.3097,0.0695,2.9109,62.7714,232.3263,0.2701,0.047,2.6885,63.3558,233.1325,0.2718,0.0431
2016-03-03T00:47:59.132Z,5.1412,71.3019,232.2516,0.3074,0.0733,2.8259,64.3838,232.5761,0.2774,0.0438,2.7114,63.5668,233.2242,0.2722,0.0432
2016-03-03T00:48:59.445Z,4.7698,72.4184,232.1568,0.3114,0.0672,2.3366,64.5307,232.3229,0.2776,0.0389,2.5477,63.7071,232.4721,0.2739,0.0386
2016-03-03T00:49:59.783Z,4.4,72.9369,232.5223,0.3135,0.0593,2.8629,62.9305,231.6987,0.2719,0.0459,2.2947,62.9011,231.1762,0.2722,0.0345
2016-03-03T00:50:59.797Z,4.4602,72.6371,232.3169,0.3131,0.062,2.8249,62.6565,231.2737,0.2712,0.0458,1.7487,63.0238,230.7538,0.2729,0.0273
2016-03-03T00:51:59.977Z,4.7096,71.5052,232.0762,0.3086,0.0674,2.7758,62.4046,228.2668,0.2737,0.0447,1.8434,62.6738,231.791,0.2705,0.0304
2016-03-03T00:52:59.242Z,4.6687,71.4661,232.3177,0.3078,0.0643,2.7852,62.4112,229.0341,0.2732,0.0436,1.9526,63.74,232.2611,0.2744,0.0314
2016-03-03T00:53:59.615Z,4.7909,71.4449,232.319,0.3074,0.0682,3.2373,65.2374,231.5102,0.2821,0.05,2.102,63.8097,232.7886,0.2737,0.0326
2016-03-03T00:54:59.966Z,3.7408,72.4701,233.0021,0.3109,0.0527,3.3533,62.7391,231.8482,0.2707,0.0556,2.6796,63.1599,233.3766,0.2709,0.0419
2016-03-03T00:55:59.496Z,3.8956,72.3113,232.246,0.3116,0.0549,3.8832,63.6779,231.432,0.2751,0.0603,2.5896,63.3362,232.7547,0.2718,0.0401
2016-03-03T00:56:59.835Z,4.3137,71.2666,231.3237,0.3079,0.0623,2.6336,63.3368,231.684,0.2736,0.043,2.2255,65.0762,232.6966,0.2796,0.0334
2016-03-03T00:57:59.100Z,4.647,71.9058,230.7663,0.3113,0.0656,2.834,62.8056,231.9434,0.2706,0.0427,2.2197,63.531,232.9642,0.2733,0.0357
2016-03-03T00:58:59.384Z,5.0785,70.0258,230.3372,0.3042,0.0722,2.3643,62.0573,231.3414,0.2678,0.0398,2.4253,61.8809,232.8723,0.2651,0.0398
2016-03-03T00:59:59.699Z,4.1399,72.1873,230.6205,0.3131,0.0589,3.16,64.4518,231.066,0.2787,0.0496,2.1418,62.7509,232.6681,0.2693,0.0349
2016-03-03T01:00:59.296Z,4.1272,68.5913,229.9539,0.298,0.0636,2.5452,64.3147,232.1639,0.2776,0.0391,2.6266,63.0049,232.7217,0.2703,0.0427
2016-03-03T01:01:59.574Z,4.6608,71.4174,229.4154,0.3114,0.0664,2.6048,66.2616,231.3688,0.2867,0.0388,2.0283,62.8574,232.1329,0.2708,0.0323
2016-03-03T01:02:59.207Z,5.9271,71.3546,229.2467,0.3111,0.0828,2.2578,63.275,231.0156,0.2737,0.0363,2.5422,62.6662,231.7239,0.2707,0.0407
2016-03-03T01:03:59.420Z,5.3758,70.7012,230.778,0.3054,0.077,3.3095,62.4327,232.2581,0.2691,0.0555,2.3166,61.9627,231.8524,0.2676,0.0384
2016-03-03T01:04:59.892Z,3.9295,70.5583,231.3774,0.3048,0.0562,2.6887,62.5236,231.8963,0.2697,0.0438,2.0245,63.9255,231.884,0.2761,0.0312
2016-03-03T01:05:59.083Z,4.0792,70.2437,231.5255,0.3035,0.0584,2.3206,63.7935,232.1529,0.2749,0.0358,2.3682,65.5378,231.8402,0.2831,0.0366
2016-03-03T01:06:59.316Z,5.0624,71.5984,231.3536,0.3097,0.0719,2.9902,63.0963,231.6103,0.273,0.0489,2.2611,62.6599,232.0077,0.2698,0.0371
2016-03-03T01:07:59.563Z,4.5574,72.7628,231.6642,0.3141,0.0639,3.0824,62.8499,231.6603,0.2712,0.0489,2.4163,63.8438,232.1172,0.2748,0.0379
2016-03-03T01:08:59.961Z,5.0516,71.168,231.5162,0.3074,0.0722,2.5693,63.4921,232.1647,0.2736,0.0418,2.5523,62.7325,232.463,0.2698,0.0404
2016-03-03T01:09:59.282Z,5.1201,71.6677,231.6799,0.3087,0.0729,2.6319,62.087,231.5927,0.2681,0.0424,2.368,63.1046,232.2314,0.2716,0.0377
2016-03-03T01:10:59.515Z,5.0348,71.4875,231.9458,0.3084,0.0703,3.1047,63.0477,232.0392,0.2721,0.0478,2.1718,64.5295,232.338,0.2777,0.0331
2016-03-03T01:11:59.687Z,5.0467,70.8391,231.6097,0.3054,0.0726,3.3698,64.2586,232.0403,0.2769,0.0512,2.5404,63.3092,231.9503,0.2734,0.0387
2016-03-03T01:12:59.062Z,4.3248,70.2471,231.5434,0.3033,0.0634,2.8092,61.8677,231.4156,0.2674,0.0472,1.816,62.3731,231.7799,0.2692,0.0314
2016-03-03T01:13:59.561Z,4.5133,71.4037,232.445,0.3072,0.0629,3.1489,63.0587,232.5271,0.2714,0.0518,2.093,62.705,232.9316,0.269,0.0348
2016-03-03T01:14:59.437Z,4.2302,70.6199,232.7723,0.3029,0.0607,3.307,63.2971,232.6276,0.2721,0.0535,2.0371,63.2901,233.5332,0.2711,0.0322
2016-03-03T01:15:59.736Z,4.9021,73.9505,232.7398,0.3184,0.0673,3.1411,63.5509,232.7608,0.2729,0.0492,2.0249,65.0522,233.861,0.2777,0.0312
2016-03-03T01:16:59.085Z,4.4501,72.465,232.3813,0.3118,0.0624,2.8257,64.257,232.847,0.2761,0.0433,1.9167,64.6322,233.7291,0.2776,0.031
2016-03-03T01:17:59.334Z,5.0348,71.3879,232.5491,0.3073,0.0721,2.687,64.2822,232.7923,0.2759,0.0408,2.7907,63.5954,233.3298,0.2721,0.0448
2016-03-03T01:18:59.673Z,4.3368,72.0721,232.5546,0.3098,0.0602,2.8213,63.1162,232.7585,0.2709,0.0437,2.4046,63.5684,232.836,0.2733,0.0375
2016-03-03T01:19:59.124Z,4.185,72.2975,232.5485,0.3105,0.0575,2.9765,62.0876,232.787,0.2668,0.048,2.0585,63.0478,232.8609,0.2707,0.031
2016-03-03T01:20:59.552Z,4.4971,72.2854,232.722,0.3104,0.0629,3.5604,64.4788,232.7512,0.2762,0.0534,2.0002,63.7405,232.9658,0.2739,0.0318
2016-03-03T01:21:59.144Z,5.1564,72.3235,232.6979,0.3111,0.0742,3.094,64.4545,232.5791,0.2768,0.0496,2.4421,64.2188,233.2092,0.2751,0.0373
2016-03-03T01:22:59.858Z,5.166,72.1579,232.6437,0.31,0.0722,3.3784,63.3557,232.0743,0.2728,0.0546,2.5092,62.5743,232.6804,0.2687,0.0415
2016-03-03T01:23:59.000Z,3.4476,73.0238,233.1606,0.313,0.0482,2.701,64.0246,232.6462,0.2755,0.0418,1.8737,64.4783,233.3382,0.2763,0.0297
2016-03-03T01:24:59.632Z,3.7961,73.4633,232.817,0.3151,0.0532,3.1548,65.6436,231.9866,0.2824,0.0473,2.4091,63.4184,232.9671,0.2721,0.0379
2016-03-03T01:25:59.564Z,4.8789,71.2736,232.9084,0.3065,0.0709,2.3886,62.8842,232.0709,0.2712,0.0385,2.248,64.3034,232.9445,0.2763,0.036
2016-03-03T01:26:59.304Z,5.239,72.6577,232.3273,0.3124,0.0732,3.0516,63.0017,232.0423,0.2719,0.0473,2.2652,61.535,232.713,0.2644,0.0374
2016-03-03T01:27:59.155Z,4.4766,71.8313,232.3356,0.3092,0.0634,3.5847,63.1387,232.1252,0.2724,0.0563,2.3382,63.8941,233.0819,0.2746,0.0384
2016-03-03T01:28:59.490Z,3.8731,72.2367,232.4878,0.3108,0.0542,2.8673,64.1014,231.5735,0.2766,0.0449,29.971,83.9613,233.4597,0.3605,0.2081
2016-03-03T01:29:59.203Z,754.7269,1163.0016,231.2173,5.0361,0.536,765.5681,1168.8238,230.826,5.0692,0.5352,1233.1836,1736.2482,230.9276,7.5291,0.7226
2016-03-03T01:30:59.479Z,1040.9506,1481.1546,231.28,6.4034,0.703,1088.0229,1561.9294,230.5537,6.7744,0.6962,1563.2276,2166.431,230.5943,9.3948,0.721
2016-03-03T01:31:59.824Z,1042.7091,1474.8496,231.3796,6.374,0.7078,1101.8299,1574.4479,230.6249,6.8269,0.7003,1557.6979,2160.2396,230.0539,9.3902,0.7218
2016-03-03T01:32:59.345Z,1050.7481,1469.2374,230.4206,6.3761,0.7154,1097.7915,1556.8164,229.0943,6.7955,0.7046,1559.1253,2133.5266,228.796,9.3245,0.7303
2016-03-03T01:33:59.079Z,1058.8512,1484.9394,231.1393,6.4245,0.7129,1114.5694,1579.8665,229.8453,6.8728,0.7054,1568.2456,2154.0708,229.7534,9.3751,0.7284
2016-03-03T01:34:59.990Z,1065.9791,1486.1378,230.8545,6.4373,0.718,1134.838,1591.9742,229.9732,6.9222,0.7127,1584.123,2169.7589,229.5903,9.45,0.7297
2016-03-03T01:35:59.222Z,1077.1833,1504.1884,231.1291,6.508,0.7167,1133.1064,1590.2242,229.8501,6.9184,0.7125,1595.0726,2172.7878,229.7322,9.4577,0.7336
2016-03-03T01:36:59.696Z,1073.5102,1500.693,230.7547,6.5032,0.7149,1136.8049,1586.6653,229.8177,6.9041,0.7161,1602.0611,2178.174,229.8763,9.4753,0.7354
2016-03-03T01:37:59.031Z,1076.8264,1506.7216,230.8158,6.5279,0.7151,1141.2257,1586.8907,229.8608,6.9036,0.7193,1611.9471,2186.9147,229.8875,9.5122,0.7381
2016-03-03T01:38:59.545Z,1080.7916,1511.7119,230.7871,6.55,0.7147,1138.0154,1582.142,229.7022,6.8879,0.7194,1614.571,2181.2876,229.5994,9.5004,0.7401
2016-03-03T01:39:59.836Z,995.4664,1435.8429,230.3946,6.2321,0.693,1071.0677,1518.0934,229.6537,6.6103,0.705,1536.3378,2117.7813,229.6467,9.2218,0.725
2016-03-03T01:40:59.102Z,989.5107,1424.9212,230.1708,6.191,0.6951,1058.6197,1502.5948,229.1315,6.5576,0.7048,1528.6143,2101.3863,229.4335,9.1596,0.7281
2016-03-03T01:41:59.657Z,982.6133,1443.1452,230.5087,6.2607,0.6807,1042.6796,1456.9694,226.3527,6.4367,0.7156,1576.3616,2126.5366,230.1693,9.2388,0.7408
2016-03-03T01:42:59.926Z,996.3302,1430.2209,230.4942,6.2046,0.6964,1071.447,1510.086,228.5403,6.6069,0.7097,1539.7911,2109.0421,229.6776,9.1822,0.7307
2016-03-03T01:43:59.201Z,1009.753,1431.2539,230.4562,6.2106,0.7055,1089.9253,1536.1487,229.2864,6.6996,0.7093,1529.8818,2102.7987,229.4166,9.1661,0.7283
2016-03-03T01:44:59.498Z,1014.6148,1433.7528,230.9349,6.2087,0.7078,1104.3734,1564.4919,230.4547,6.7884,0.7057,1523.0491,2111.2592,229.9752,9.18,0.7209
2016-03-03T01:45:59.955Z,1025.8817,1444.961,231.2754,6.2473,0.7101,1108.9894,1576.5069,230.9909,6.8246,0.7028,1524.4592,2112.9381,229.8249,9.1936,0.7207
2016-03-03T01:46:59.099Z,1038.3491,1460.4918,231.411,6.3111,0.7111,1111.2781,1580.1983,230.9823,6.8411,0.7028,1534.6995,2118.5424,230.2015,9.2032,0.724
2016-03-03T01:47:59.309Z,1045.0826,1463.6623,230.9411,6.3376,0.7139,1107.8161,1576.661,230.7276,6.8332,0.7026,1534.8703,2109.7448,230.1057,9.1683,0.7284
2016-03-03T01:48:59.145Z,1050.1987,1473.541,231.1424,6.3753,0.7121,1120.3149,1580.8588,230.6227,6.8548,0.7089,1555.6434,2133.3974,230.426,9.2584,0.7293
2016-03-03T01:49:59.665Z,1039.2781,1459.7836,230.6969,6.3277,0.7115,1126.1024,1575.4909,230.4699,6.8359,0.7153,1559.0322,2137.2332,230.221,9.2833,0.729
2016-03-03T01:50:59.983Z,1041.823,1460.4749,231.3609,6.3119,0.7132,1136.1052,1595.4954,231.0759,6.9047,0.712,1550.2226,2139.7294,230.6381,9.277,0.7247
2016-03-03T01:51:59.575Z,1046.4875,1462.8894,231.5239,6.3187,0.7155,1146.1579,1610.9818,231.4557,6.9601,0.7112,1548.4108,2143.2085,230.8707,9.2831,0.721
2016-03-03T01:52:59.380Z,1049.0117,1467.3824,231.0744,6.3499,0.7145,1147.5119,1600.6239,231.1001,6.9258,0.7172,1565.8964,2152.9869,230.8354,9.3269,0.7281
2016-03-03T01:53:59.625Z,1055.4997,1469.6943,231.0372,6.3613,0.7181,1152.8729,1601.871,230.837,6.9397,0.7197,1574.3577,2155.6203,230.6164,9.3471,0.7302
2016-03-03T01:54:59.801Z,1058.5591,1468.9374,230.9064,6.3612,0.7203,1167.9601,1616.5803,231.1671,6.9934,0.7226,1575.846,2163.4711,230.6931,9.3783,0.7291
2016-03-03T01:55:59.699Z,1055.1772,1479.8097,231.3084,6.3975,0.7134,1165.7843,1607.6104,230.6787,6.9689,0.7253,1599.03,2187.5607,231.4819,9.4503,0.7317
2016-03-03T01:56:59.009Z,1034.4637,1485.4104,231.6552,6.4116,0.6963,1121.8662,1543.0138,228.596,6.7498,0.7274,1619.7289,2186.2244,231.923,9.4257,0.7406
2016-03-03T01:57:59.744Z,1049.2397,1493.5089,231.5367,6.4504,0.7023,1128.2055,1556.2815,229.2254,6.7888,0.7253,1614.636,2176.6792,231.3536,9.4082,0.7415
2016-03-03T01:58:59.076Z,1110.8438,1517.4414,231.3524,6.5585,0.7327,1196.658,1643.3828,230.7282,7.1222,0.7286,1617.3517,2184.2001,230.1228,9.4911,0.74
2016-03-03T01:59:59.574Z,1133.9913,1537.868,231.0205,6.6567,0.7381,1215.4408,1658.5144,230.6013,7.1919,0.7326,1640.2777,2198.7367,229.7834,9.5685,0.7456
