2016-04-18T00:00:59.639Z,1.8426,43.3754,230.5864,0.1881,0.0446,2.5737,22.7408,233.1141,0.0979,0.1362,2.5834,25.6851,232.3031,0.1107,0.1269
2016-04-18T00:01:59.963Z,1.4159,43.1964,230.8845,0.1868,0.0335,1.9891,20.8879,232.3722,0.0903,0.1191,2.9351,25.0209,232.0751,0.1077,0.1412
2016-04-18T00:02:59.167Z,0.6284,44.399,232.1154,0.1909,0.0151,2.1522,22.4075,231.3408,0.0972,0.1256,2.9399,23.3238,232.5696,0.1002,0.1536
2016-04-18T00:03:59.468Z,1.5127,43.7362,232.1605,0.1884,0.0346,2.1087,19.83,230.9286,0.0864,0.1328,3.2917,23.3187,232.6914,0.1002,0.1622
2016-04-18T00:04:59.743Z,1.4635,43.4009,232.0224,0.1875,0.0351,2.1992,21.6225,230.9785,0.093,0.1195,2.5973,24.0608,232.4353,0.1035,0.1395
2016-04-18T00:05:59.912Z,0.8737,43.4334,231.656,0.1879,0.0195,1.6396,17.9674,231.1912,0.0774,0.1171,3.0979,24.5578,232.1004,0.1058,0.1554
2016-04-18T00:06:59.182Z,0.7316,43.5769,231.5066,0.1884,0.0178,1.8486,21.0021,231.0431,0.0909,0.1351,3.2923,24.0891,232.1661,0.1028,0.1586
2016-04-18T00:07:59.367Z,0.6224,43.4658,231.0912,0.188,0.0149,2.1267,20.6616,231.0109,0.0899,0.1327,3.1342,24.1167,232.4852,0.1042,0.1521
2016-04-18T00:08:59.632Z,1.977,43.1564,231.2026,0.1865,0.0474,2.2116,18.1931,230.927,0.0789,0.1371,2.7007,24.8185,232.4241,0.1065,0.1382
2016-04-18T00:09:59.843Z,1.6483,43.3952,231.3392,0.1874,0.0396,2.3327,20.0184,231.1383,0.087,0.1376,3.2755,25.1499,232.6514,0.1076,0.1574
2016-04-18T00:10:59.183Z,0.9308,43.94,231.3529,0.1902,0.0212,2.0874,21.2271,231.3807,0.0918,0.1287,3.0054,24.9327,232.6696,0.1069,0.1478
2016-04-18T00:11:59.427Z,0.8224,43.3471,231.5959,0.1871,0.0197,1.9561,19.5075,231.5754,0.0842,0.1179,2.9602,25.4298,233.0216,0.1091,0.1461
2016-04-18T00:12:59.928Z,2.3238,44.0856,231.8052,0.1901,0.0531,2.5104,22.2049,231.5247,0.0956,0.1356,3.0368,22.7504,233.0719,0.0977,0.1573
2016-04-18T00:13:59.153Z,1.8978,42.824,232.0437,0.1847,0.0453,2.2802,20.9542,231.7573,0.0904,0.1369,2.9082,23.7528,232.6663,0.1024,0.1492
2016-04-18T00:14:59.404Z,1.5279,43.6218,232.3685,0.1883,0.0357,2.1907,20.9403,229.3516,0.091,0.1212,3.0482,24.6824,233.6268,0.1059,0.1455
2016-04-18T00:15:59.712Z,1.0577,43.7385,232.1242,0.1887,0.0248,1.7643,19.2096,228.6627,0.0837,0.1078,2.6001,25.4524,233.233,0.1092,0.1299
2016-04-18T00:16:59.926Z,0.808,43.7986,231.833,0.1893,0.0192,2.2663,18.5532,231.5201,0.0801,0.1409,2.8538,22.1233,232.0251,0.0953,0.1542
2016-04-18T00:17:59.185Z,1.8319,43.2504,232.0401,0.1866,0.043,2.2509,20.8406,232.1522,0.0894,0.1308,3.2004,23.9618,232.0701,0.1033,0.1604
2016-04-18T00:18:59.523Z,1.9374,43.2064,231.9026,0.1859,0.0458,2.0933,23.9237,232.387,0.1027,0.1124,3.1251,23.1516,232.3415,0.0996,0.158
2016-04-18T00:19:59.968Z,1.6468,43.5179,231.68,0.1877,0.0368,2.2011,19.1258,232.3114,0.0825,0.1393,3.2899,23.9103,232.2117,0.1027,0.162
2016-04-18T00:20:59.223Z,0.9032,43.3893,231.8248,0.1871,0.0213,2.3281,20.3284,232.6342,0.0876,0.1398,2.9874,24.5532,232.0703,0.1059,0.1503
2016-04-18T00:21:59.590Z,0.7759,43.6345,231.7048,0.1887,0.0186,2.5792,20.1252,232.8026,0.0865,0.1473,2.9799,24.5058,232.1035,0.1059,0.1452
2016-04-18T00:22:59.919Z,2.1862,43.3645,231.7253,0.1875,0.0502,2.265,22.8092,232.5183,0.0985,0.1227,3.0265,23.68,231.8028,0.1027,0.1582
2016-04-18T00:23:59.257Z,2.023,42.9983,231.4584,0.1864,0.048,2.0908,20.1197,232.4342,0.087,0.1339,3.3654,24.9213,231.9686,0.1072,0.1577
2016-04-18T00:24:59.628Z,1.1485,43.803,231.0752,0.1903,0.0265,2.0773,20.1724,231.9937,0.0865,0.1368,3.1142,19.4762,231.906,0.0843,0.1752
2016-04-18T00:26:59.290Z,0.9821,43.4594,231.128,0.1881,0.0229,1.8432,21.7328,231.6643,0.0938,0.1128,2.8392,24.0141,232.0334,0.1034,0.1459
2016-04-18T00:27:59.495Z,2.361,43.216,231.1097,0.1869,0.0547,1.5736,21.1657,231.6993,0.0914,0.1036,2.4524,24.7231,231.8385,0.1071,0.1334
2016-04-18T00:28:59.763Z,2.1795,42.6041,231.2279,0.1838,0.0513,2.3747,19.8098,231.902,0.0852,0.139,2.9085,24.8743,231.7896,0.1074,0.142
2016-04-18T00:29:59.038Z,0.96,43.4909,231.5846,0.1884,0.0238,2.0207,18.16,231.9832,0.0781,0.1319,3.2077,23.7953,231.7569,0.1026,0.1566
2016-04-18T00:30:59.183Z,0.9569,43.5138,231.4892,0.1881,0.0212,2.1663,20.2822,231.8285,0.0873,0.1218,3.1789,24.4931,231.6836,0.1062,0.1564
2016-04-18T00:31:59.432Z,1.0538,43.1273,231.6971,0.1856,0.0245,2.2815,19.9721,232.1966,0.0859,0.1336,2.9632,24.8852,232.0165,0.1076,0.1488
2016-04-18T00:32:59.710Z,1.9802,43.6553,231.5461,0.189,0.0465,2.3226,19.9155,232.7367,0.0859,0.1292,2.9193,23.1184,232.3859,0.0992,0.1496
2016-04-18T00:33:59.119Z,2.2094,41.9502,231.8557,0.1804,0.0527,2.1261,15.2178,233.2387,0.0654,0.1482,3.2189,27.657,232.7709,0.1189,0.1354
2016-04-18T00:34:59.378Z,1.4177,43.4275,232.0051,0.1871,0.033,2.1648,22.0797,233.5255,0.0938,0.1283,3.0073,25.0705,233.0029,0.1078,0.1488
2016-04-18T00:35:59.693Z,0.774,43.7813,232.4191,0.1886,0.019,2.521,22.1113,233.6405,0.0946,0.1293,3.2155,23.8471,232.9757,0.1026,0.1595
2016-04-18T00:36:59.990Z,1.3186,43.7773,232.4705,0.188,0.0293,1.9385,21.2142,233.7191,0.0909,0.1163,3.06,23.8496,233.0236,0.1025,0.1602
2016-04-18T00:37:59.458Z,2.0068,43.9229,232.7122,0.1891,0.0461,2.1018,22.2213,231.5081,0.0958,0.118,2.8324,23.587,233.3822,0.1014,0.1433
2016-04-18T00:38:59.590Z,1.0144,44.0886,232.0186,0.1902,0.0237,1.6443,17.701,230.6631,0.0771,0.1096,3.0819,23.8591,233.7427,0.1021,0.1552
2016-04-18T00:39:59.862Z,1.1685,43.5131,231.737,0.1876,0.0276,2.2064,20.0287,233.242,0.0862,0.1258,3.0837,25.0448,233.2884,0.1076,0.1486
2016-04-18T00:40:59.042Z,0.9623,43.4103,231.6559,0.1868,0.023,2.171,19.0247,234.0884,0.0814,0.1436,3.4026,22.0913,233.3627,0.095,0.1697
2016-04-18T00:41:59.225Z,1.3526,43.2898,231.9786,0.1866,0.0312,2.1648,20.6344,233.4209,0.0886,0.1377,2.7342,23.9914,233.3441,0.1029,0.1444
2016-04-18T00:42:59.428Z,1.2947,43.5301,231.6777,0.1878,0.0292,1.8904,17.8397,233.4254,0.0765,0.1357,2.9852,22.72,233.3665,0.0977,0.1563
2016-04-18T00:43:59.741Z,1.1403,43.8288,231.4151,0.189,0.0256,2.0546,19.6838,233.1351,0.084,0.1403,3.5324,22.4743,233.0808,0.0965,0.1734
2016-04-18T00:44:59.061Z,1.336,43.8567,231.6023,0.1888,0.0318,2.0361,22.9372,232.7042,0.0986,0.1153,3.3246,22.9388,232.8512,0.0986,0.1688
2016-04-18T00:45:59.421Z,1.7817,43.0955,231.532,0.1864,0.042,2.5028,20.4904,232.6571,0.0878,0.1465,3.0402,25.6948,232.777,0.1105,0.1384
2016-04-18T00:46:59.600Z,1.1631,43.4311,231.2248,0.1878,0.0276,2.4193,19.9204,232.1674,0.0865,0.1398,2.8137,25.4815,232.7335,0.1093,0.1378
2016-04-18T00:47:59.812Z,0.9244,42.8885,230.1329,0.1865,0.0218,2.4477,20.2815,232.687,0.0869,0.1345,2.6009,25.3153,232.7186,0.109,0.1391
2016-04-18T00:48:59.114Z,0.7763,43.4416,230.1826,0.1887,0.0176,2.3392,19.7031,232.7297,0.0848,0.1323,2.9218,23.0651,232.8241,0.0989,0.1482
2016-04-18T00:49:59.378Z,1.1268,43.1986,229.9476,0.1884,0.0265,2.2854,19.3641,232.6086,0.0834,0.1375,3.2404,23.5599,232.7637,0.1014,0.1609
2016-04-18T00:50:59.558Z,1.076,43.4495,230.3627,0.1884,0.0253,1.8299,19.9956,232.9589,0.0859,0.122,2.7166,24.0952,232.9549,0.1031,0.1438
2016-04-18T00:51:59.848Z,1.0368,43.5924,230.5411,0.1889,0.023,2.1668,17.9577,233.0462,0.0771,0.1421,3.1427,24.2351,233.104,0.104,0.1542
2016-04-18T00:52:59.124Z,1.4663,43.223,230.585,0.1878,0.0356,1.7247,21.3576,233.048,0.0919,0.106,2.7017,24.4164,233.0417,0.1046,0.1388
2016-04-18T00:53:59.435Z,1.7098,43.0436,230.7425,0.1859,0.0414,2.6635,21.2296,233.0603,0.0909,0.1427,3.2244,24.8805,233.0896,0.1069,0.1487
2016-04-18T00:54:59.952Z,1.2502,42.1317,230.663,0.1827,0.0311,1.9139,18.2075,232.7576,0.0787,0.1343,2.8933,26.0782,233.208,0.1122,0.1383
2016-04-18T00:55:59.237Z,1.0957,43.5838,230.4784,0.1896,0.0246,1.814,20.6263,232.7051,0.0884,0.1203,3.278,24.5079,233.0092,0.1051,0.1572
2016-04-18T00:56:59.485Z,0.7653,43.6533,230.9051,0.1887,0.0191,2.0926,18.3622,230.0331,0.0795,0.1321,3.2038,22.7175,233.8682,0.097,0.1597
2016-04-18T00:57:59.972Z,1.7761,42.8279,231.6003,0.1849,0.0412,2.1985,21.8676,231.8843,0.0943,0.1129,3.1007,24.1339,231.3841,0.1045,0.1534
2016-04-18T00:58:59.291Z,1.2988,43.8052,231.2866,0.19,0.0297,1.9674,20.7832,232.8633,0.0893,0.111,2.7768,25.1567,231.872,0.1086,0.1376
2016-04-18T00:59:59.549Z,1.0342,43.5976,231.2841,0.1886,0.0241,2.2282,20.5521,232.9031,0.0881,0.1334,3.0285,23.3378,233.2846,0.1001,0.1546
