2016-04-20T00:00:59.780Z,4.8776,44.4711,233.0358,0.1908,0.11,1.9273,21.5029,231.9097,0.0932,0.1013,3.0233,25.9762,228.7013,0.1134,0.1301
2016-04-20T00:01:59.034Z,4.8322,44.5404,232.9349,0.1912,0.1098,2.412,21.8283,231.731,0.0941,0.1124,2.8947,22.4886,228.7761,0.0989,0.1504
2016-04-20T00:02:59.444Z,4.6405,44.2586,232.7275,0.1905,0.1062,1.7308,21.9449,231.5219,0.0948,0.0922,2.8966,23.3501,228.3001,0.1029,0.1463
2016-04-20T00:03:59.667Z,5.0373,43.9881,232.7465,0.1892,0.1142,1.588,18.7758,231.61,0.0812,0.0886,3.0733,23.2432,228.5799,0.1021,0.1546
2016-04-20T00:04:59.987Z,4.6904,44.3722,232.882,0.1903,0.1062,1.5864,19.4305,231.575,0.0836,0.0987,2.9117,24.7637,228.7505,0.1085,0.1402
2016-04-20T00:05:59.279Z,4.5638,44.2055,233.0565,0.1893,0.1036,1.9962,19.6263,231.8207,0.0846,0.1021,3.0444,22.6344,228.933,0.0992,0.1526
2016-04-20T00:06:59.505Z,4.6751,44.4196,233.3866,0.1899,0.1061,1.6711,21.1047,232.3995,0.0909,0.0866,3.3104,24.3002,229.3813,0.106,0.1524
2016-04-20T00:07:59.851Z,4.7808,44.0685,233.4173,0.1878,0.1089,1.8677,20.4584,232.6363,0.088,0.1064,3.0023,24.5918,229.4662,0.1069,0.1429
2016-04-20T00:08:59.308Z,4.7878,44.8649,233.5302,0.1918,0.1076,1.6477,20.8891,232.9948,0.0903,0.093,3.1782,23.9592,230.3903,0.1043,0.1547
2016-04-20T00:09:59.573Z,4.6126,43.878,233.6658,0.1879,0.1051,1.7462,19.1247,232.8763,0.0824,0.1058,3.0029,23.8103,230.5062,0.1037,0.1474
2016-04-20T00:10:59.769Z,5.1353,45.0132,233.631,0.1923,0.1149,1.5436,20.9536,232.9447,0.0899,0.0863,3.554,23.558,230.4933,0.1027,0.1688
2016-04-20T00:11:59.066Z,5.0933,44.6067,233.9124,0.1915,0.1137,1.0625,20.9354,233.218,0.0897,0.0818,3.4075,24.4302,230.654,0.1058,0.1636
2016-04-20T00:12:59.353Z,4.3323,44.3824,234.1924,0.1893,0.0983,1.6114,24.0291,231.705,0.1035,0.083,3.2101,24.363,231.3977,0.1059,0.1459
2016-04-20T00:13:59.662Z,4.0013,43.5067,234.4532,0.1858,0.0927,1.4803,19.6652,230.1709,0.0852,0.0868,3.0034,25.6331,232.3001,0.1109,0.1332
2016-04-20T00:14:59.916Z,5.2942,45.3819,233.5482,0.1941,0.1188,2.1944,20.2434,233.3567,0.0868,0.1099,3.0197,22.8414,233.1445,0.0977,0.1555
2016-04-20T00:15:59.149Z,4.9326,44.3136,233.3807,0.1893,0.111,1.9254,19.1729,233.2722,0.0822,0.1178,3.183,24.491,234.3659,0.105,0.1446
2016-04-20T00:16:59.479Z,4.7004,44.2768,233.228,0.19,0.1064,2.0879,22.3935,233.0332,0.0965,0.1037,2.9091,24.8834,234.2626,0.1064,0.1437
2016-04-20T00:17:59.945Z,4.0733,44.1205,233.5104,0.1891,0.0921,1.161,17.9467,233.0412,0.0768,0.0879,2.7544,24.0329,234.6251,0.1025,0.1422
2016-04-20T00:18:59.041Z,5.5188,44.8553,233.7584,0.1923,0.1231,1.5346,13.3394,232.8227,0.0569,0.1287,3.1943,19.0147,235.0747,0.0806,0.1822
2016-04-20T00:19:59.179Z,5.6663,45.0502,234.0133,0.1924,0.1263,1.8299,15.7102,232.7507,0.0676,0.1322,3.2353,20.8354,234.9809,0.0889,0.1749
2016-04-20T00:20:59.604Z,5.2322,44.1778,234.3262,0.1887,0.1189,2.0844,19.538,232.8157,0.0844,0.1141,2.8298,23.4346,235.0835,0.0998,0.1453
2016-04-20T00:21:59.761Z,4.18,44.7087,234.785,0.1902,0.0949,2.3967,20.465,232.9208,0.087,0.1229,3.0855,22.752,235.003,0.0968,0.1559
2016-04-20T00:22:59.114Z,4.018,43.9917,234.7816,0.1871,0.091,2.5202,23.5561,233.115,0.1013,0.1053,3.3292,25.5219,234.6406,0.1093,0.145
2016-04-20T00:23:59.368Z,4.7046,44.3045,233.8821,0.1892,0.1071,1.3793,18.8178,233.0377,0.0804,0.0936,3.0154,23.9437,234.2203,0.1023,0.1447
2016-04-20T00:24:59.684Z,5.4466,44.8321,233.3797,0.1922,0.1218,1.9638,20.8021,233.2101,0.0891,0.1057,3.0668,25.1408,234.024,0.1075,0.1452
2016-04-20T00:25:59.046Z,5.2958,44.922,233.7616,0.1923,0.1192,2.0103,23.6084,232.9257,0.1017,0.0951,3.2477,23.3587,234.2921,0.0999,0.158
2016-04-20T00:26:59.348Z,3.9791,44.1915,234.0523,0.1887,0.092,1.4297,20.9318,232.1835,0.0898,0.0879,3.0415,25.2042,233.7333,0.1083,0.1411
2016-04-20T00:27:59.579Z,4.2199,43.3624,234.233,0.1852,0.0977,1.5746,17.6067,232.6933,0.0754,0.1092,2.9836,25.773,233.943,0.1107,0.1438
2016-04-20T00:28:59.733Z,5.1625,44.3259,234.3665,0.1892,0.1157,1.7082,18.2659,233.3197,0.0784,0.1114,3.3491,23.9753,234.1087,0.103,0.1591
2016-04-20T00:29:59.999Z,4.8403,44.9792,234.0832,0.1922,0.1092,1.8412,20.6027,233.3096,0.0879,0.0976,2.9083,25.4291,234.3603,0.1087,0.139
2016-04-20T00:30:59.322Z,4.5877,44.7064,233.9656,0.1911,0.104,2.0544,21.8529,233.291,0.0933,0.1007,2.8149,24.4064,234.3807,0.1043,0.1432
2016-04-20T00:31:59.707Z,3.8079,44.0493,233.7271,0.1888,0.0856,1.7869,20.4938,233.4211,0.0875,0.1004,3.1522,25.1605,233.8767,0.1077,0.1485
2016-04-20T00:32:59.024Z,3.6369,43.247,233.645,0.185,0.0869,1.7262,20.3939,233.7407,0.0868,0.0908,2.7077,26.0268,233.779,0.1116,0.1286
2016-04-20T00:33:59.235Z,5.5882,44.6574,233.9316,0.1913,0.1248,1.5212,19.8981,234.0343,0.0854,0.0952,3.5274,25.3864,234.0409,0.1086,0.1558
2016-04-20T00:34:59.427Z,4.804,44.3366,233.2469,0.1901,0.1101,1.8404,20.4211,233.2969,0.0877,0.1059,2.9052,25.359,233.6052,0.1093,0.1396
2016-04-20T00:35:59.766Z,4.5403,44.3376,232.8907,0.19,0.105,2.1949,21.708,233.0604,0.0926,0.1059,3.1166,24.7835,233.3526,0.106,0.1418
2016-04-20T00:36:59.133Z,5.136,44.4313,231.4139,0.1918,0.1162,1.9873,22.8307,233.1429,0.0982,0.1012,3.3861,24.4674,233.3838,0.105,0.1549
2016-04-20T00:37:59.403Z,4.8147,44.2837,231.2813,0.1912,0.1096,2.1002,21.574,232.9564,0.0924,0.1125,3.2453,24.1446,233.4536,0.1034,0.1535
2016-04-20T00:38:59.846Z,5.3789,44.0366,231.1721,0.1908,0.122,1.6034,20.5393,232.8813,0.0881,0.0869,3.0232,24.6377,233.3627,0.1062,0.1446
2016-04-20T00:39:59.143Z,4.3048,43.6467,231.3429,0.1891,0.0983,1.57,21.2487,233.3003,0.0906,0.0921,2.9966,23.7182,233.9051,0.1016,0.1498
2016-04-20T00:40:59.307Z,5.1558,43.8215,231.6034,0.1895,0.1176,1.919,20.8675,233.4421,0.0898,0.1007,3.318,24.692,233.7778,0.1059,0.154
2016-04-20T00:41:59.598Z,5.0498,44.5959,232.6559,0.192,0.1148,1.9264,19.7226,232.7943,0.0846,0.1025,3.4662,24.0555,233.7275,0.1032,0.1599
2016-04-20T00:42:59.748Z,4.6243,44.403,232.9474,0.1909,0.1043,1.6813,21.6557,232.6786,0.093,0.1022,3.1864,22.6833,233.7308,0.0975,0.1565
2016-04-20T00:43:59.214Z,3.6219,43.9328,233.3599,0.1884,0.0822,1.507,21.482,232.1989,0.0927,0.0878,2.9928,24.3287,234.3094,0.1043,0.1451
2016-04-20T00:44:59.791Z,4.0895,43.6855,233.6786,0.187,0.0925,1.9126,21.7282,232.5312,0.0932,0.0995,3.2451,25.8291,234.6704,0.1098,0.1455
2016-04-20T00:45:59.103Z,5.0196,44.9276,233.8793,0.1914,0.1127,1.8654,22.2656,232.6756,0.0957,0.1001,2.8921,24.9192,234.7473,0.1061,0.1404
2016-04-20T00:46:59.278Z,5.0452,43.9354,233.4422,0.1881,0.1159,1.6224,20.1718,232.5162,0.0869,0.1046,3.2587,24.3775,234.1969,0.1038,0.1497
2016-04-20T00:47:59.564Z,4.8445,44.8457,233.4079,0.1922,0.1072,1.5552,20.5827,232.4508,0.0885,0.1003,2.7897,23.1497,233.9251,0.0989,0.1417
2016-04-20T00:48:59.804Z,4.8985,44.0537,233.2478,0.1887,0.1109,1.9692,20.1355,232.731,0.0868,0.1136,2.5918,25.4662,234.0923,0.1093,0.1291
2016-04-20T00:49:59.133Z,5.2872,44.4153,232.5937,0.1909,0.1196,1.8301,18.8659,233.1773,0.0806,0.1026,2.9451,24.3478,233.3089,0.1039,0.1442
2016-04-20T00:50:59.313Z,5.3496,44.2788,232.9378,0.1901,0.1212,1.7363,20.3166,233.6652,0.087,0.1001,3.128,24.6079,233.5244,0.1055,0.1443
2016-04-20T00:51:59.554Z,3.7489,43.3592,233.7231,0.1862,0.0873,1.6396,21.3907,233.4565,0.0922,0.0813,3.1578,26.1221,233.4781,0.1116,0.1452
2016-04-20T00:52:59.926Z,4.7287,44.8751,233.813,0.1922,0.1076,2.2834,20.0179,232.9805,0.0862,0.1237,2.9349,23.0391,233.478,0.0986,0.15
2016-04-20T00:53:59.173Z,5.1152,44.5843,233.7456,0.1906,0.116,1.551,20.3591,232.7552,0.0873,0.0924,2.9826,22.568,233.3001,0.0971,0.156
2016-04-20T00:54:59.595Z,5.1867,44.5738,233.9376,0.1905,0.117,2.0622,21.6158,233.0404,0.0927,0.1044,3.1537,24.3393,233.6491,0.104,0.1481
2016-04-20T00:55:59.903Z,4.9758,44.4828,234.0548,0.1899,0.1128,1.6614,18.5983,233.4238,0.0796,0.1055,3.0333,23.3413,234.0309,0.1,0.1545
2016-04-20T00:56:59.087Z,5.2971,45.0165,233.6093,0.1922,0.1192,2.2121,20.9067,233.4783,0.0896,0.1113,3.5724,24.7722,233.7984,0.1058,0.161
2016-04-20T00:57:59.273Z,4.9535,44.4937,233.8493,0.1901,0.1127,2.0186,22.6033,233.5075,0.0966,0.1022,3.4373,23.3123,233.6298,0.1,0.1604
2016-04-20T00:58:59.679Z,4.2273,44.0489,233.8348,0.1886,0.0962,1.9477,21.7548,233.7252,0.093,0.1011,3.3533,25.8111,233.4151,0.1104,0.1466
2016-04-20T00:59:59.059Z,4.556,44.2987,233.925,0.1898,0.1019,1.8918,21.0146,233.9583,0.0899,0.0957,3.0674,24.8767,234.0251,0.1061,0.1457
