2016-04-14T00:00:59.301Z,1274.1259,1631.0099,228.6423,7.1336,0.78,1414.3816,1839.6144,232.2016,7.9222,0.7698,1769.279,2347.0908,230.3644,10.1883,0.752
2016-04-14T00:01:59.555Z,1224.756,1560.4522,228.1709,6.8404,0.7542,1346.2684,1740.0413,231.6698,7.5145,0.7397,1708.3951,2245.572,229.5834,9.7834,0.7662
2016-04-14T00:02:59.154Z,4.1639,43.2018,229.5244,0.1886,0.0952,1.5792,21.8466,232.1253,0.0942,0.0996,88.4542,113.9953,231.8438,0.4938,0.4564
2016-04-14T00:03:59.779Z,4.2173,43.6233,230.0908,0.1891,0.0968,2.4196,22.4611,230.2404,0.0976,0.103,2.9042,23.808,232.7902,0.1021,0.1396
2016-04-14T00:04:59.764Z,4.3832,43.5216,230.7052,0.1887,0.1013,1.869,21.2574,232.0257,0.0915,0.0974,3.0856,24.3677,232.1147,0.1051,0.1446
2016-04-14T00:05:59.078Z,5.0556,43.8902,231.5537,0.1892,0.1145,2.1231,22.5766,232.5858,0.0971,0.1113,3.2996,24.2782,231.7719,0.1048,0.1519
2016-04-14T00:06:59.289Z,4.8472,44.1112,231.6255,0.1902,0.1115,1.7312,21.7471,232.5174,0.0934,0.0946,3.1382,25.2286,231.9563,0.1086,0.1464
2016-04-14T00:07:59.762Z,4.482,43.4684,230.4034,0.1891,0.1024,1.9165,20.4555,233.4276,0.0871,0.1082,3.0674,24.223,232.7646,0.1042,0.1512
2016-04-14T00:08:59.992Z,4.9463,43.2189,230.6823,0.1873,0.1149,2.0123,19.1738,233.1191,0.0824,0.1198,2.9726,24.6841,232.1462,0.106,0.1408
2016-04-14T00:09:59.270Z,4.5263,44.3933,231.4501,0.1916,0.1034,1.5688,21.8753,232.845,0.094,0.0922,2.9986,24.6686,231.9993,0.1063,0.142
2016-04-14T00:10:59.818Z,4.8849,44.0526,231.1958,0.1908,0.1115,1.5465,20.7643,232.5322,0.0892,0.1013,3.0037,24.727,232.0515,0.1063,0.1407
2016-04-14T00:11:59.753Z,4.0391,43.1814,230.3647,0.1871,0.0936,1.8043,19.5642,232.6366,0.0843,0.0968,2.6573,25.2248,232.0538,0.1088,0.1304
2016-04-14T00:12:59.912Z,5.0557,43.1673,229.8891,0.1879,0.1165,1.5775,17.4382,233.231,0.0742,0.0991,2.6418,25.018,232.346,0.1078,0.1354
2016-04-14T00:13:59.352Z,5.1218,43.8872,231.3324,0.19,0.1179,2.2063,21.6788,233.0849,0.0929,0.1146,2.6824,24.268,232.3561,0.1042,0.1382
2016-04-14T00:14:59.569Z,5.1544,44.0054,231.5769,0.1902,0.1166,1.948,20.742,233.4446,0.0887,0.1081,3.2353,25.5425,232.6296,0.1105,0.1445
2016-04-14T00:15:59.049Z,3.7529,43.788,231.793,0.1896,0.0871,1.6443,20.831,233.6052,0.0892,0.092,2.6982,25.346,232.6642,0.1088,0.1314
2016-04-14T00:16:59.452Z,3.7248,43.3654,229.8783,0.1886,0.086,1.9525,22.9445,234.4276,0.0978,0.1014,3.0629,25.1435,232.757,0.108,0.141
2016-04-14T00:17:59.778Z,4.904,43.4471,231.6005,0.188,0.1143,1.6169,19.5868,233.9245,0.084,0.106,3.2053,25.8752,232.681,0.1112,0.1425
2016-04-14T00:18:59.095Z,4.4348,43.8947,231.6083,0.189,0.1017,1.8926,21.9114,234.031,0.0931,0.0936,3.0018,24.6853,232.6942,0.1059,0.1452
2016-04-14T00:19:59.445Z,4.9652,43.6964,231.5708,0.1886,0.1143,2.0632,19.4876,233.8221,0.0833,0.1143,3.0085,23.1286,232.4535,0.0995,0.1495
2016-04-14T00:20:59.922Z,4.2876,42.3755,230.8437,0.1837,0.1015,1.8789,20.0231,234.0044,0.0857,0.0997,2.9401,25.8111,232.5058,0.1102,0.1418
2016-04-14T00:21:59.234Z,5.0504,43.8042,230.4887,0.19,0.1151,1.6712,20.3543,232.3383,0.0873,0.094,2.6878,24.6097,232.5431,0.1054,0.1314
2016-04-14T00:22:59.754Z,5.3289,44.1427,231.9409,0.1905,0.1211,1.75,21.5491,230.5714,0.0937,0.0893,3.4489,24.8899,232.7496,0.1071,0.147
2016-04-14T00:23:59.069Z,4.855,42.9534,231.5802,0.1854,0.114,1.7872,19.768,232.5833,0.0854,0.0973,2.6856,25.0369,232.3186,0.1076,0.1338
2016-04-14T00:24:59.431Z,3.809,43.0713,231.2796,0.1864,0.0882,1.9509,20.9542,232.5668,0.0897,0.1042,3.0544,24.5291,232.1874,0.1056,0.1435
2016-04-14T00:25:59.660Z,4.8746,43.5853,230.027,0.1891,0.1134,2.0049,20.02,232.4312,0.0859,0.1149,2.5407,24.2321,232.5307,0.1048,0.1335
2016-04-14T00:26:59.822Z,4.9593,43.5432,230.2936,0.1895,0.1138,1.7484,20.9718,232.3172,0.0903,0.0963,2.7448,25.8305,233.2587,0.1108,0.137
2016-04-14T00:27:59.496Z,4.7459,44.2089,230.7037,0.1912,0.108,1.9002,23.1244,232.1286,0.0989,0.0981,2.8,24.3952,232.3922,0.105,0.1373
2016-04-14T00:28:59.241Z,4.3324,43.6119,230.3036,0.1896,0.1009,1.4196,19.7313,231.9136,0.0845,0.088,2.9171,23.6685,231.8059,0.1022,0.1464
2016-04-14T00:29:59.580Z,4.7966,43.3115,230.1441,0.1885,0.1108,1.7987,20.0697,231.6999,0.0865,0.099,2.8618,25.17,231.6592,0.1086,0.1411
2016-04-14T00:30:59.803Z,5.0586,42.7432,228.6466,0.1871,0.1195,1.6288,18.8387,231.8338,0.0815,0.1079,2.7626,24.258,231.5023,0.1051,0.1379
2016-04-14T00:31:59.172Z,4.4163,43.1338,230.0571,0.1881,0.1021,1.5507,19.9953,231.2351,0.0862,0.0881,2.8683,25.2369,231.2032,0.1093,0.138
2016-04-14T00:32:59.454Z,3.608,43.4592,230.4751,0.1886,0.084,2.2379,22.6559,231.2181,0.0982,0.1024,3.2246,24.3096,231.4602,0.1052,0.1537
2016-04-14T00:33:59.804Z,4.3213,43.5611,231.0309,0.188,0.0997,2.1429,21.2603,232.2257,0.0918,0.1108,3.1826,22.8426,232.5613,0.0984,0.1543
2016-04-14T00:34:59.223Z,5.2219,43.9338,230.4418,0.1901,0.1191,1.8386,20.6109,232.3031,0.0884,0.1014,2.7236,23.727,232.7086,0.1017,0.1371
2016-04-14T00:35:59.765Z,4.8584,43.4324,229.9236,0.1889,0.1126,1.7589,21.6745,232.6558,0.0934,0.1053,2.8883,25.3974,233.0697,0.1087,0.1347
2016-04-14T00:36:59.047Z,4.6818,43.7245,231.1066,0.1893,0.1072,1.8388,21.376,232.3492,0.0918,0.1045,2.8763,23.1365,232.9994,0.0996,0.1433
2016-04-14T00:37:59.835Z,3.6588,44.2688,231.2066,0.1913,0.0826,2.0787,22.8335,232.3564,0.0979,0.1054,3.3797,23.436,233.1055,0.1004,0.1601
2016-04-14T00:38:59.046Z,4.8198,43.9238,230.866,0.1903,0.1108,1.8336,19.7836,232.1456,0.0847,0.1108,2.694,23.2455,232.6762,0.0997,0.1418
2016-04-14T00:39:59.486Z,5.0295,43.4204,229.6634,0.1891,0.116,1.7513,20.936,231.9945,0.0897,0.1086,3.2183,24.871,232.3565,0.1064,0.1503
2016-04-14T00:40:59.434Z,4.9054,43.4465,229.9277,0.1888,0.1121,1.8124,21.6222,232.1865,0.0931,0.0991,3.2396,24.782,232.6719,0.1066,0.1502
2016-04-14T00:41:59.810Z,4.1316,42.6849,230.532,0.1853,0.096,2.0423,22.6065,231.8119,0.0974,0.1009,2.9824,23.1597,232.8351,0.0995,0.1478
2016-04-14T00:42:59.133Z,3.892,43.0428,230.4612,0.1871,0.0919,2.2432,23.0646,232.0168,0.0998,0.1013,2.7764,25.0512,232.8892,0.1077,0.1391
2016-04-14T00:43:59.414Z,4.7538,43.6621,230.4819,0.1898,0.1099,2.1018,19.7443,231.9058,0.0848,0.1074,2.9559,24.5634,232.7909,0.1058,0.1438
2016-04-14T00:44:59.785Z,5.2111,43.581,228.7791,0.1902,0.1193,1.8348,20.5754,232.3267,0.0887,0.0973,2.7388,23.6878,233.0177,0.1015,0.1407
2016-04-14T00:45:59.100Z,4.5554,42.695,229.9917,0.1861,0.1067,1.9848,19.7668,231.7777,0.0857,0.1153,3.1704,25.6792,232.881,0.1103,0.1408
2016-04-14T00:46:59.440Z,3.4947,42.7505,230.4997,0.1852,0.0818,1.7097,21.5808,232.1891,0.0934,0.0901,2.6381,25.732,233.288,0.1099,0.1268
2016-04-14T00:47:59.890Z,4.1452,42.6384,230.2635,0.1852,0.0978,2.3049,24.4066,232.4588,0.1051,0.1125,3.2402,24.4984,232.7449,0.1055,0.1452
2016-04-14T00:48:59.132Z,4.7224,43.584,229.9083,0.1894,0.1094,2.1053,21.566,231.8006,0.093,0.1022,2.852,24.896,232.8937,0.1068,0.1367
2016-04-14T00:49:59.469Z,4.829,43.71,229.262,0.1908,0.1107,1.8978,20.5767,231.8285,0.0885,0.1164,3.07,25.4568,233.3253,0.1092,0.1426
2016-04-14T00:50:59.668Z,4.9519,43.4656,230.7495,0.1889,0.1153,1.8602,19.2458,232.0034,0.0825,0.1144,3.2165,24.4131,233.3399,0.1049,0.1511
2016-04-14T00:51:59.047Z,3.7462,43.3086,230.9187,0.188,0.0851,1.8167,20.6959,233.1142,0.089,0.099,2.7459,25.1084,232.9579,0.1082,0.1336
2016-04-14T00:52:59.913Z,4.4614,43.6247,231.3,0.1886,0.1016,1.641,21.495,233.7573,0.092,0.0928,3.0367,25.2498,233.037,0.1082,0.1411
2016-04-14T00:53:59.161Z,5.2926,43.7488,231.3168,0.1894,0.1201,1.8352,20.4699,233.9029,0.0874,0.1019,3.1447,25.6678,233.0423,0.1099,0.148
2016-04-14T00:54:59.367Z,5.1185,43.817,231.0648,0.1893,0.1174,1.7565,22.2844,233.6495,0.0954,0.1081,2.7753,23.1737,232.68,0.0991,0.1425
2016-04-14T00:55:59.267Z,4.5287,43.0398,230.6155,0.1868,0.1056,1.5722,18.7454,233.109,0.0802,0.1032,2.9107,23.9777,232.0481,0.103,0.1407
2016-04-14T00:56:59.429Z,4.6313,43.6854,230.1832,0.1897,0.108,1.8029,21.2867,232.9001,0.0914,0.0962,2.8434,24.2177,231.7458,0.1043,0.1409
2016-04-14T00:57:59.687Z,5.0987,43.9093,230.253,0.191,0.116,1.9453,18.9758,232.7018,0.0818,0.1118,3.0991,23.8283,231.8886,0.1029,0.155
2016-04-14T00:58:59.562Z,4.6294,43.5634,230.0152,0.1902,0.1082,1.5178,20.9432,232.5834,0.0904,0.0907,3.4214,25.4467,231.78,0.1102,0.155
2016-04-14T00:59:59.759Z,3.3936,42.9799,230.1127,0.1872,0.0799,1.8336,20.5546,232.7389,0.0879,0.1091,3.0696,23.798,231.945,0.103,0.1477
