2016-04-07T00:00:59.387Z,4.0318,42.7202,232.0484,0.1843,0.0944,1.4565,19.0327,231.6176,0.0822,0.092,2.4967,27.6455,232.3275,0.1188,0.1081
2016-04-07T00:01:59.449Z,3.9465,43.8427,232.1897,0.1889,0.0903,1.951,23.3462,231.5068,0.1003,0.0969,3.2189,24.7151,232.0232,0.1068,0.1469
2016-04-07T00:02:59.682Z,5.0526,43.4952,231.8126,0.1877,0.1159,1.3756,18.5708,231.3249,0.0803,0.1011,3.2442,26.2464,231.6597,0.1133,0.1462
2016-04-07T00:03:59.926Z,4.822,44.7788,231.941,0.193,0.1078,2.3024,20.7138,230.999,0.0899,0.1101,3.218,23.398,231.7429,0.1013,0.1604
2016-04-07T00:04:59.318Z,4.5343,43.3723,231.9122,0.1866,0.1059,1.598,19.5808,230.7854,0.0848,0.093,2.8541,25.5658,231.5877,0.11,0.1412
2016-04-07T00:05:59.651Z,4.2744,43.2946,231.9433,0.187,0.0989,1.6054,17.3604,230.4229,0.0757,0.0982,3.3363,24.9134,231.6656,0.1074,0.1525
2016-04-07T00:06:59.258Z,3.9722,42.5391,231.9174,0.1833,0.0919,1.5454,18.6885,230.791,0.0805,0.1012,2.8832,27.4609,232.0479,0.1182,0.129
2016-04-07T00:07:59.307Z,4.7952,43.9889,232.5002,0.1895,0.1093,2.0579,22.9856,231.5508,0.0991,0.1001,3.0736,24.5978,232.1803,0.1051,0.1465
2016-04-07T00:08:59.610Z,4.7435,44.8942,232.7362,0.1932,0.1077,1.8308,21.167,231.9673,0.091,0.1088,2.8125,23.2489,232.2465,0.1002,0.1401
2016-04-07T00:10:59.877Z,4.8051,43.9631,233.1586,0.1886,0.1097,1.4581,19.8381,229.8215,0.0861,0.0899,2.9392,24.3892,232.7524,0.1049,0.1405
2016-04-07T00:11:59.338Z,4.9443,44.4303,232.6831,0.1908,0.1116,1.8248,21.836,231.2413,0.0941,0.0996,3.272,22.6058,231.2448,0.0982,0.1588
2016-04-07T00:12:59.544Z,5.2452,44.0199,232.4989,0.1893,0.1198,1.6459,17.6139,230.8904,0.0761,0.104,3.0413,22.9499,231.1634,0.0996,0.1557
2016-04-07T00:13:59.824Z,4.7438,43.77,232.9205,0.1879,0.1086,1.436,19.9534,231.3775,0.0862,0.0936,3.0684,24.0467,231.6367,0.104,0.149
2016-04-07T00:14:59.253Z,5.0578,44.2677,233.0709,0.1899,0.1157,1.6379,21.284,231.5088,0.0919,0.0947,3.1391,22.7069,231.7887,0.0976,0.165
2016-04-07T00:15:59.857Z,4.7829,44.3805,232.9028,0.1901,0.1074,1.7578,21.1538,231.3568,0.0915,0.0995,2.9018,23.6334,231.503,0.1023,0.145
2016-04-07T00:16:59.152Z,4.4324,43.8426,232.6448,0.1889,0.102,1.951,19.5871,231.1541,0.0849,0.1136,2.8622,25.0689,231.3628,0.1081,0.1402
2016-04-07T00:17:59.767Z,4.6977,43.9723,232.7544,0.1892,0.1064,1.9023,19.5412,231.616,0.0843,0.1084,3.1775,22.991,231.9251,0.0988,0.1548
2016-04-07T00:18:59.101Z,4.8149,44.2538,232.7771,0.19,0.1109,2.0701,20.608,231.1844,0.0888,0.1046,3.0207,23.132,231.9818,0.0993,0.1532
2016-04-07T00:19:59.652Z,4.71,44.5508,232.6786,0.1917,0.1065,2.1425,21.3984,231.5524,0.0922,0.1011,3.0489,24.4138,232.0778,0.1052,0.1493
2016-04-07T00:20:59.872Z,4.1765,43.662,232.8529,0.1876,0.0952,1.902,18.8158,231.8212,0.0813,0.108,3.0871,24.3611,232.187,0.1048,0.152
2016-04-07T00:21:59.080Z,3.7202,43.4847,232.6714,0.187,0.0859,1.906,18.1504,231.6588,0.0787,0.1096,2.9946,22.741,232.0957,0.0982,0.1529
2016-04-07T00:22:59.422Z,5.0018,44.3208,232.8092,0.1908,0.1127,1.6615,20.9516,231.9327,0.0904,0.1018,3.1773,23.7791,232.0571,0.1023,0.1522
2016-04-07T00:23:59.720Z,5.1846,44.4384,233.2178,0.1898,0.1167,1.616,19.9692,232.1534,0.0862,0.1037,3.2623,23.2253,232.5891,0.0995,0.1591
2016-04-07T00:24:59.228Z,4.9131,44.0091,232.9477,0.1889,0.1119,1.5854,21.2091,232.1579,0.0916,0.0961,3.1873,24.8982,232.2058,0.1068,0.1439
2016-04-07T00:25:59.700Z,3.7342,43.6299,232.989,0.1874,0.0849,1.7939,18.9899,232.5714,0.0815,0.0995,3.1911,23.9489,232.0918,0.1033,0.1502
2016-04-07T00:26:59.067Z,4.1454,44.6827,232.8402,0.1914,0.0936,1.8916,21.1463,232.3069,0.0911,0.1044,3.0901,23.1987,232.1068,0.0997,0.1529
2016-04-07T00:27:59.584Z,81.5002,160.869,232.609,0.6948,0.1356,84.6274,143.4898,232.0992,0.6209,0.168,252.2541,371.5946,231.4956,1.6166,0.5125
2016-04-07T00:28:59.766Z,1118.8494,1528.8604,231.0231,6.6179,0.7316,1154.8974,1625.7812,230.6388,7.0493,0.7104,1606.2221,2191.359,228.9681,9.5709,0.7326
2016-04-07T00:29:59.252Z,1219.2012,1615.3601,231.0994,6.9901,0.7549,1265.0762,1719.5784,230.7273,7.4529,0.7353,1707.5419,2278.5006,229.0828,9.9455,0.7499
2016-04-07T00:30:59.609Z,1223.0998,1615.1256,230.9844,6.9922,0.7581,1272.7958,1723.5393,230.4577,7.4788,0.7384,1708.3697,2274.6882,228.7744,9.9433,0.7497
2016-04-07T00:31:59.100Z,1235.9267,1625.2825,230.8136,7.0414,0.7601,1296.406,1741.7143,230.7717,7.5468,0.7438,1729.3535,2293.053,228.746,10.0241,0.7531
2016-04-07T00:32:59.275Z,1268.9012,1655.0131,230.967,7.1656,0.7677,1315.2016,1764.4873,230.8076,7.6449,0.7456,1748.817,2303.4497,228.8339,10.0663,0.7599
2016-04-07T00:33:59.800Z,1283.4607,1669.5478,231.0245,7.2267,0.7699,1334.4138,1779.5953,230.924,7.7061,0.7497,1768.343,2320.9544,228.8374,10.142,0.7606
2016-04-07T00:34:59.147Z,1298.714,1687.1411,231.3748,7.292,0.7697,1349.2649,1795.4117,231.1759,7.7663,0.7509,1783.4964,2336.1459,229.1791,10.1933,0.7616
2016-04-07T00:35:59.211Z,1323.9763,1718.3563,231.5098,7.4221,0.7702,1359.8112,1803.8731,230.6261,7.8212,0.7539,1812.8572,2356.8336,229.5646,10.2666,0.7693
2016-04-07T00:36:59.435Z,1337.7882,1725.1184,231.5284,7.4508,0.7757,1380.0066,1826.069,230.9745,7.9057,0.7556,1818.87,2363.879,229.584,10.2961,0.7698
2016-04-07T00:37:59.692Z,1264.6971,1660.0868,231.2001,7.1804,0.7626,1305.8677,1753.1947,230.7488,7.598,0.7443,1748.9911,2296.8633,229.3281,10.0159,0.762
2016-04-07T00:38:59.142Z,1249.0225,1645.3426,231.2755,7.1138,0.7589,1288.9027,1739.1042,231.1502,7.5236,0.7415,1733.3006,2281.5955,229.2215,9.9535,0.7601
2016-04-07T00:39:59.428Z,1261.9874,1655.1577,231.8384,7.1389,0.7612,1310.0503,1765.3091,231.6313,7.6212,0.7417,1739.4409,2292.2738,229.3342,9.9952,0.76
2016-04-07T00:40:59.852Z,1255.1434,1678.3239,231.8775,7.238,0.7473,1275.9172,1694.5689,228.429,7.4188,0.7534,1801.6931,2322.9783,230.2029,10.0904,0.7757
2016-04-07T00:41:59.640Z,1273.0774,1694.3545,231.9607,7.3051,0.7515,1302.6825,1716.3898,228.6022,7.5081,0.7598,1824.1809,2346.5386,230.1856,10.1943,0.7795
2016-04-07T00:42:59.037Z,1278.7746,1691.2298,231.6645,7.3005,0.7567,1318.2017,1736.4034,229.5876,7.5629,0.7594,1818.8954,2347.2734,230.0883,10.2016,0.7764
2016-04-07T00:43:59.322Z,1327.5258,1709.3254,230.9606,7.4013,0.7771,1366.223,1801.8551,230.8618,7.8048,0.7593,1808.1082,2335.6219,229.0775,10.1955,0.7742
2016-04-07T00:44:59.766Z,861.7453,1123.4372,230.9537,4.8754,0.5298,888.2181,1174.8108,230.8661,5.1029,0.5427,1275.2362,1629.4989,230.1746,7.1055,0.8115
2016-04-07T00:45:59.687Z,1.9602,42.8915,232.0271,0.1847,0.0485,2.2786,20.4247,231.4273,0.088,0.1402,22.1984,42.8689,232.5524,0.1848,0.2649
2016-04-07T00:46:59.115Z,1.4253,43.1882,231.4879,0.1866,0.0322,2.0957,22.1287,231.5028,0.0953,0.1271,2.8059,26.2331,232.1136,0.1129,0.136
2016-04-07T00:47:59.604Z,0.5479,44.1166,231.9134,0.1903,0.0154,2.4074,19.8776,231.8775,0.0858,0.1368,2.8683,22.8547,232.4117,0.0984,0.1509
2016-04-07T00:48:59.028Z,1.6096,42.9224,232.2998,0.185,0.0388,2.0604,19.4632,230.1714,0.0848,0.1204,3.0973,24.6093,232.9558,0.1054,0.1458
2016-04-07T00:49:59.480Z,1.722,42.9312,232.9887,0.1845,0.0407,2.0737,20.1531,229.3448,0.0877,0.1244,2.9859,24.7022,233.9557,0.1053,0.1438
2016-04-07T00:50:59.680Z,1.1892,44.2588,232.6871,0.1905,0.0284,1.8426,20.7907,231.3063,0.0901,0.1208,2.558,24.3441,233.2863,0.1043,0.1315
2016-04-07T00:51:59.037Z,1.0472,43.2633,232.7683,0.1858,0.0237,2.0884,20.1562,232.3278,0.086,0.1293,3.3599,25.9207,232.7656,0.1112,0.1522
2016-04-07T00:52:59.620Z,1.1532,43.2438,232.9763,0.1854,0.0277,2.1644,19.8812,232.2537,0.0851,0.1374,2.9632,27.1535,232.6848,0.1163,0.1342
2016-04-07T00:53:59.108Z,1.5201,43.3718,233.2033,0.186,0.0373,2.2551,23.691,232.3876,0.102,0.1198,3.1019,23.8214,232.9311,0.1025,0.1515
2016-04-07T00:54:59.325Z,1.4063,43.7299,233.1918,0.1876,0.0312,2.3476,21.0551,232.5007,0.0908,0.1319,3.1941,24.1904,233.0351,0.1037,0.1553
2016-04-07T00:55:59.582Z,0.6905,44.3021,233.6992,0.19,0.017,2.1947,22.319,231.1315,0.0964,0.1303,3.1851,24.4558,233.6933,0.1042,0.1545
2016-04-07T00:56:59.849Z,1.4516,44.0498,234.0264,0.1887,0.0322,1.8379,15.3447,230.3792,0.0669,0.1496,3.3069,20.7787,234.0211,0.0888,0.1715
2016-04-07T00:57:59.139Z,1.0111,44.0796,233.699,0.1889,0.0234,1.974,19.068,230.2286,0.0824,0.129,2.8711,22.7106,233.4084,0.0974,0.1551
2016-04-07T00:58:59.453Z,1.0886,44.4804,233.7855,0.1899,0.0253,2.4877,20.5297,229.4899,0.0893,0.1364,3.101,23.1947,233.364,0.0999,0.1613
2016-04-07T00:59:59.939Z,1.4149,44.2405,234.2037,0.1888,0.0323,2.0868,20.7355,226.4543,0.0913,0.1247,2.7229,23.4865,234.207,0.1002,0.1423
2016-04-07T01:00:59.231Z,1.4169,43.7743,233.7652,0.1871,0.0326,2.3482,19.991,227.1676,0.0882,0.1364,2.6224,25.5806,233.8618,0.1098,0.1246
2016-04-07T01:01:59.634Z,0.7437,44.4825,233.1516,0.1907,0.0166,2.4211,21.4858,229.054,0.0937,0.1283,3.2562,22.9666,233.0392,0.0988,0.1645
2016-04-07T01:02:59.319Z,1.2313,44.1171,233.3568,0.1893,0.0273,2.2093,19.8588,228.419,0.0867,0.1424,3.0592,24.1696,233.3498,0.1039,0.1561
2016-04-07T01:03:59.671Z,2.2914,43.5813,233.4168,0.1865,0.0521,2.5016,22.7204,229.5463,0.0987,0.1309,3.1508,24.0485,233.2311,0.1033,0.1593
2016-04-07T01:04:59.038Z,1.9391,43.122,233.3929,0.1846,0.0477,2.6854,21.476,229.3073,0.0938,0.1439,3.244,24.8381,233.2152,0.1069,0.1533
2016-04-07T01:05:59.349Z,1.3633,43.3311,233.2938,0.1864,0.0348,2.255,19.5382,228.9635,0.0851,0.1488,2.9735,24.8892,233.1395,0.1068,0.1473
2016-04-07T01:06:59.523Z,0.8898,43.9325,233.0114,0.1885,0.0219,2.4173,21.7635,228.9468,0.0949,0.1346,2.8041,24.4703,232.9574,0.1049,0.1503
2016-04-07T01:07:59.138Z,1.0801,43.6827,233.3391,0.1876,0.025,2.4851,22.6507,229.1947,0.0993,0.1333,2.8184,25.5229,233.1324,0.1098,0.1512
2016-04-07T01:08:59.595Z,1.8759,42.8304,233.596,0.1836,0.0454,2.6615,21.0587,229.313,0.0919,0.1473,2.9601,26.7487,233.3591,0.1151,0.1371
2016-04-07T01:09:59.855Z,1.237,44.2024,233.376,0.1896,0.0277,2.2026,20.3562,229.1427,0.0891,0.1447,3.117,24.2846,232.9192,0.1047,0.1563
2016-04-07T01:10:59.132Z,1.1536,43.9848,233.4709,0.1887,0.0259,2.713,22.2982,229.2567,0.0971,0.149,2.9687,25.5412,232.6637,0.1104,0.1492
2016-04-07T01:11:59.421Z,1.672,44.1373,233.7049,0.1888,0.0386,2.4143,20.904,229.278,0.0911,0.1476,3.2881,23.7598,232.8866,0.1015,0.1638
2016-04-07T01:12:59.722Z,1.7779,43.0281,233.7289,0.1844,0.0414,1.8392,18.5614,226.0581,0.0823,0.1197,2.7368,23.7877,233.3752,0.1021,0.1437
2016-04-07T01:13:59.679Z,1.8682,43.002,233.9514,0.1829,0.047,2.0423,20.8867,227.0725,0.0922,0.1351,2.9284,25.154,233.276,0.1077,0.1389
2016-04-07T01:14:59.029Z,0.9476,44.2123,233.6511,0.1897,0.021,2.3019,21.2907,228.9621,0.0927,0.1458,3.1104,23.9968,232.6414,0.1036,0.1538
2016-04-07T01:15:59.373Z,1.0603,43.7466,233.5377,0.1871,0.0244,2.6679,20.6687,228.6353,0.0905,0.1529,3.2222,26.0811,232.4135,0.112,0.148
2016-04-07T01:16:59.569Z,1.3649,44.3198,233.3934,0.19,0.0307,2.6314,19.1956,228.8018,0.0835,0.1641,3.3979,23.7748,232.5468,0.1022,0.1629
2016-04-07T01:17:59.793Z,2.3558,42.9228,232.3713,0.185,0.0551,2.2947,20.1395,228.8813,0.088,0.1397,2.7559,23.9913,232.49,0.1029,0.1412
2016-04-07T01:18:59.161Z,2.1885,42.6634,232.1397,0.1836,0.0535,2.2158,21.1778,229.1763,0.0924,0.1392,3.2001,23.5524,232.6681,0.1011,0.1555
2016-04-07T01:19:59.417Z,0.8767,43.0972,232.0593,0.1862,0.0213,2.2728,19.821,229.4239,0.0858,0.1491,3.1017,25.4687,232.7845,0.1095,0.1511
2016-04-07T01:20:59.799Z,1.4625,44.0914,233.3165,0.1891,0.0321,2.4757,21.7378,229.4635,0.0951,0.1436,3.3249,24.8907,233.3204,0.1067,0.1607
2016-04-07T01:21:59.117Z,0.9463,43.7058,233.6416,0.1864,0.022,2.3559,19.4224,229.9802,0.0837,0.1374,3.2034,23.499,234.1323,0.1003,0.1606
2016-04-07T01:22:59.866Z,0.295,44.1662,233.1652,0.1889,0.0078,1.8074,13.6062,229.7799,0.0591,0.1523,2.8896,19.382,233.9942,0.0832,0.1722
2016-04-07T01:24:59.902Z,0.8377,44.0187,233.3225,0.1887,0.0197,2.2662,18.5063,229.3277,0.0804,0.153,3.0237,22.3479,234.2112,0.0958,0.1618
2016-04-07T01:25:59.227Z,2.2106,43.2509,233.3526,0.1853,0.0519,2.6184,19.0004,229.1067,0.083,0.151,3.0194,26.29,234.4141,0.112,0.1463
2016-04-07T01:26:59.733Z,1.988,42.728,233.0618,0.1836,0.0471,2.5881,20.0664,229.4762,0.0874,0.1499,2.9687,26.7085,234.7929,0.114,0.1373
2016-04-07T01:27:59.973Z,1.0834,44.0928,231.7588,0.1905,0.0266,2.3117,21.418,229.8273,0.0936,0.1365,3.0467,23.0333,234.8082,0.0984,0.1502
2016-04-07T01:28:59.261Z,0.748,43.5488,231.4581,0.1879,0.0176,2.2278,21.7612,229.6275,0.0942,0.1289,2.8317,25.8044,234.5736,0.11,0.1425
2016-04-07T01:29:59.656Z,1.3697,44.1935,232.1113,0.1908,0.0309,2.4138,19.9548,228.1458,0.0878,0.1378,3.0847,24.7326,234.7555,0.1052,0.147
2016-04-07T01:30:59.149Z,2.038,42.2157,231.811,0.1822,0.0504,1.9527,20.6302,227.1243,0.0911,0.1217,2.8366,25.9066,235.0719,0.1103,0.1281
2016-04-07T01:31:59.460Z,1.9646,43.0021,231.7186,0.1854,0.0477,2.4416,20.5964,231.5059,0.0889,0.1404,2.8436,25.4846,233.3725,0.1088,0.1342
2016-04-07T01:32:59.197Z,1.6693,43.16,232.6202,0.1854,0.0396,2.2196,21.6813,231.4695,0.0937,0.1271,3.2829,24.4182,233.3124,0.1042,0.1569
2016-04-07T01:33:59.472Z,1.6579,44.037,232.0435,0.1895,0.0365,1.9236,22.1862,231.0774,0.0958,0.1189,2.708,24.1586,233.1095,0.1036,0.1403
2016-04-07T01:34:59.772Z,1.3282,43.9104,232.6526,0.1891,0.0302,2.0212,21.5112,231.768,0.093,0.1185,2.8289,23.3182,233.502,0.0999,0.1505
2016-04-07T01:35:59.283Z,1.3027,42.93,232.6958,0.1841,0.031,2.2403,20.5112,232.1268,0.0882,0.1377,3.0902,26.0564,233.4854,0.111,0.1416
2016-04-07T01:36:59.568Z,1.2123,44.3964,232.9371,0.1903,0.0275,2.7163,22.2837,232.3189,0.0959,0.1429,3.1722,24.2624,233.4236,0.1038,0.1571
2016-04-07T01:37:59.783Z,1.1481,44.0716,233.0042,0.1895,0.0257,2.2355,20.9276,232.1418,0.0893,0.1346,3.2885,23.9344,233.4107,0.1025,0.158
2016-04-07T01:38:59.043Z,1.3769,43.2643,233.2266,0.1862,0.0317,2.2222,20.4454,232.5383,0.0876,0.1321,2.8592,25.8909,233.479,0.1108,0.1406
2016-04-07T01:39:59.463Z,2.5411,44.1397,233.2008,0.1889,0.0583,2.5214,22.8801,232.7965,0.0979,0.1361,3.1843,24.0813,233.2743,0.1032,0.1568
2016-04-07T01:40:59.924Z,1.9966,43.3949,232.6225,0.1868,0.0474,2.6173,22.3568,232.9412,0.0959,0.1316,3.0909,24.9507,233.2624,0.1069,0.1499
2016-04-07T01:41:59.837Z,1.1351,42.5551,232.4919,0.1832,0.0281,2.4848,22.0949,233.6176,0.0944,0.1365,3.0133,24.5529,233.0114,0.1059,0.1493
2016-04-07T01:42:59.243Z,1.2739,43.6766,233.2778,0.1877,0.0311,2.8641,22.8411,233.0243,0.0981,0.133,3.3547,23.1412,232.586,0.0996,0.168
2016-04-07T01:43:59.550Z,1.4849,44.0363,233.3959,0.189,0.0335,2.4087,20.6027,233.2297,0.0884,0.1363,3.243,23.5964,232.5779,0.1019,0.1571
2016-04-07T01:44:59.800Z,2.3405,44.7213,233.2714,0.1922,0.0549,2.5665,20.9197,233.1427,0.0895,0.1351,3.168,21.4826,232.5962,0.0924,0.1685
2016-04-07T01:45:59.626Z,2.0298,42.9959,233.2538,0.1843,0.0472,1.7571,22.044,232.9871,0.0946,0.1123,2.8013,24.9074,232.4059,0.107,0.1447
2016-04-07T01:46:59.859Z,1.4359,43.6608,233.3525,0.1865,0.0333,2.6934,21.2333,233.3546,0.0911,0.153,3.0934,24.3511,232.5716,0.1053,0.1509
2016-04-07T01:47:59.286Z,0.8806,43.3539,233.1821,0.1863,0.0209,2.0576,19.505,233.3386,0.0838,0.137,3.0036,24.7603,232.157,0.1067,0.1492
2016-04-07T01:48:59.658Z,1.1703,43.2001,233.8333,0.1847,0.0282,2.3082,21.1124,233.1555,0.0902,0.1268,2.7357,25.7876,231.7887,0.1108,0.1368
2016-04-07T01:49:59.021Z,2.2343,43.4247,233.5077,0.1864,0.0533,1.9794,21.17,232.597,0.0911,0.1198,3.4567,23.884,232.1157,0.1027,0.1676
2016-04-07T01:50:59.272Z,0.9309,44.0209,234.0216,0.1878,0.0224,2.4668,19.7419,232.6884,0.0849,0.1308,3.1051,25.5563,229.2722,0.1114,0.1508
2016-04-07T01:51:59.462Z,0.7665,43.8,233.0587,0.188,0.02,2.2158,21.5889,231.9085,0.093,0.138,3.1667,23.9185,230.4214,0.1038,0.1524
2016-04-07T01:52:59.219Z,1.2098,43.1094,232.7948,0.1856,0.0293,2.2892,20.6436,232.4279,0.0884,0.1312,2.7552,24.8821,231.7037,0.1069,0.1499
2016-04-07T01:53:59.499Z,2.0302,42.9743,233.3854,0.1842,0.049,2.2751,18.3046,232.559,0.0788,0.143,2.9748,26.1914,232.3037,0.113,0.1397
2016-04-07T01:54:59.208Z,1.3809,43.4813,233.2447,0.1867,0.0342,2.3326,18.4493,232.8281,0.0798,0.1402,3.2623,23.3501,232.4081,0.1009,0.1619
2016-04-07T01:55:59.477Z,1.2089,43.6154,233.9888,0.186,0.0277,2.278,20.7105,228.7037,0.0908,0.1222,3.0079,25.2978,233.5016,0.1082,0.1471
2016-04-07T01:56:59.810Z,1.217,44.1728,234.3264,0.1883,0.0284,1.9032,21.2107,227.086,0.0932,0.1137,3.1198,23.9327,233.8232,0.1027,0.1491
2016-04-07T01:57:59.106Z,1.8966,43.0676,233.9476,0.1845,0.0444,2.4487,20.0485,229.7863,0.0871,0.1457,3.1564,25.4416,232.8963,0.1093,0.1456
2016-04-07T01:58:59.694Z,1.7813,42.8201,233.5186,0.1832,0.0433,2.1446,20.9047,229.6021,0.0909,0.1291,2.7139,24.8771,232.9924,0.1066,0.1349
2016-04-07T01:59:59.932Z,1.1688,43.8758,233.1852,0.1882,0.0267,2.7403,20.3559,231.3634,0.0879,0.1451,3.3051,24.661,232.793,0.1064,0.1592
2016-04-07T02:00:59.042Z,1.2483,43.4317,233.3886,0.1859,0.0299,2.6254,21.8169,232.1582,0.0934,0.1393,3.0047,27.4316,232.6828,0.1181,0.1337
2016-04-07T02:01:59.756Z,1.5637,43.681,233.4371,0.1872,0.0367,2.5507,22.3641,232.043,0.0968,0.136,3.2561,26.3301,232.3863,0.1135,0.1479
2016-04-07T02:02:59.346Z,1.6449,42.9687,233.393,0.1843,0.043,2.2731,22.958,231.6793,0.0988,0.1169,2.8399,23.6987,232.3193,0.1019,0.14
2016-04-07T02:03:59.645Z,1.0561,43.724,233.344,0.1875,0.0248,2.2402,21.3386,231.8155,0.0917,0.1192,3.2864,25.1467,232.3517,0.1083,0.1517
2016-04-07T02:04:59.902Z,1.1185,44.313,233.5166,0.1898,0.0257,2.0748,20.3967,231.7934,0.0879,0.1257,3.0812,24.8423,232.5237,0.1071,0.1552
2016-04-07T02:05:59.378Z,1.6352,43.7332,233.3653,0.1872,0.0378,2.3442,20.0631,231.3278,0.0864,0.1354,3.0974,24.7549,232.6934,0.1066,0.1558
2016-04-07T02:06:59.973Z,2.0674,44.4264,233.9525,0.19,0.0482,1.782,20.3679,228.8961,0.0885,0.105,2.7672,22.9186,233.794,0.0982,0.1405
2016-04-07T02:07:59.945Z,1.9484,43.4014,233.8912,0.1854,0.0462,1.8363,18.9884,229.7537,0.0827,0.1136,2.9171,24.6019,233.8984,0.1051,0.1449
2016-04-07T02:08:59.338Z,1.3148,43.6412,232.9856,0.1873,0.0294,2.1764,20.5527,231.698,0.0887,0.1284,2.9929,25.5938,232.7254,0.1101,0.1419
2016-04-07T02:09:59.984Z,0.9951,43.6089,233.3234,0.1876,0.0234,2.6279,21.5937,232.1187,0.0927,0.1375,3.0336,24.0197,233.1207,0.1034,0.1521
2016-04-07T02:10:59.709Z,1.4608,43.4664,232.9549,0.1864,0.0344,2.5684,21.8487,231.8986,0.0946,0.1344,3.4384,24.3348,233.1033,0.1041,0.1644
2016-04-07T02:11:59.196Z,2.2083,42.4171,233.0771,0.1821,0.053,2.1428,23.2031,232.0459,0.0996,0.1197,2.7568,26.3019,233.0203,0.1124,0.1313
2016-04-07T02:12:59.473Z,2.1601,43.31,233.2569,0.186,0.0503,2.327,21.0496,231.8473,0.0907,0.1357,2.9457,24.8819,232.9262,0.1069,0.1502
2016-04-07T02:13:59.694Z,1.4044,43.8321,233.4363,0.1878,0.0333,1.9691,21.6489,231.6734,0.0937,0.1256,2.7749,24.4688,232.7798,0.1056,0.1393
2016-04-07T02:14:59.979Z,1.3552,43.2802,233.5389,0.1854,0.0307,2.5107,20.9861,231.6573,0.0911,0.1388,2.9504,24.3455,232.9049,0.104,0.1536
2016-04-07T02:15:59.478Z,1.369,43.5404,233.0242,0.1869,0.0319,2.1278,20.3051,231.1888,0.0883,0.1257,2.9636,25.3903,232.4832,0.1091,0.1478
2016-04-07T02:16:59.433Z,1.0156,43.7086,232.8639,0.1872,0.0247,2.3742,22.5272,230.88,0.0977,0.1358,3.0254,24.1871,232.3016,0.104,0.1544
2016-04-07T02:17:59.700Z,0.9458,43.7863,231.8979,0.189,0.0216,1.9108,20.9242,230.563,0.0907,0.1215,2.9477,25.6997,232.0362,0.1114,0.1439
2016-04-07T02:19:59.399Z,1.2519,43.3649,231.6672,0.1872,0.0296,2.0716,20.7973,231.0141,0.0901,0.1205,2.8649,24.5486,231.8298,0.1057,0.144
2016-04-07T02:20:59.523Z,1.8997,42.8599,232.5392,0.1842,0.0457,2.4396,23.1085,230.7732,0.0999,0.1237,3.114,23.9864,231.7485,0.103,0.1508
2016-04-07T02:21:59.785Z,1.2571,44.6199,232.6512,0.1918,0.0275,2.2649,20.4098,231.1696,0.0879,0.1318,2.9202,24.5047,231.8257,0.1055,0.1524
2016-04-07T02:22:59.065Z,1.0727,43.4333,232.6241,0.1867,0.0256,2.2387,18.7111,231.0858,0.0808,0.1334,3.1756,23.925,232.063,0.1034,0.1552
2016-04-07T02:23:59.431Z,1.2052,43.1235,232.2678,0.1859,0.0289,2.5532,20.853,230.6087,0.0907,0.1383,3.3402,25.6973,231.9843,0.1105,0.1537
2016-04-07T02:24:59.897Z,2.5338,43.304,232.5281,0.1864,0.0585,2.3503,20.2946,231.2067,0.0879,0.1347,2.793,24.3573,232.2718,0.1048,0.1449
2016-04-07T02:25:59.664Z,2.0089,42.0936,232.5899,0.1809,0.0477,2.2089,19.7534,231.4514,0.0852,0.1352,3.0543,26.5975,232.6388,0.1145,0.1374
2016-04-07T02:26:59.996Z,1.1459,44.1622,232.9504,0.1893,0.0255,1.4078,20.3345,228.9845,0.0889,0.1068,2.8479,23.5548,233.4368,0.1011,0.1416
2016-04-07T02:27:59.285Z,1.2561,43.4543,232.6334,0.1869,0.0296,2.2406,21.9543,230.6156,0.0958,0.1162,2.5952,24.2272,232.5983,0.1044,0.136
2016-04-07T02:28:59.908Z,1.277,43.5171,232.2033,0.1876,0.0296,2.6336,20.2588,232.2075,0.0868,0.1383,3.1284,24.2536,232.153,0.1048,0.1545
2016-04-07T02:29:59.448Z,1.9063,42.5662,231.9303,0.1836,0.046,2.2458,21.027,230.325,0.0913,0.1309,3.1146,25.5774,232.1117,0.1102,0.1501
2016-04-07T02:30:59.499Z,1.8149,43.346,231.93,0.1864,0.0443,2.1929,24.9235,229.3196,0.1091,0.1159,3.1104,22.6229,232.4336,0.0971,0.1622
2016-04-07T02:31:59.727Z,1.0296,43.4524,231.6186,0.1876,0.024,2.9627,20.6436,230.3991,0.0897,0.1458,2.804,24.559,231.7784,0.1062,0.1442
2016-04-07T02:32:59.243Z,1.3216,43.9916,231.7178,0.1901,0.0307,2.4217,19.3129,231.7173,0.0832,0.1352,3.1097,22.5459,231.434,0.098,0.1587
2016-04-07T02:33:59.692Z,0.8718,43.7247,231.6299,0.1887,0.0228,2.3335,20.3109,231.8922,0.0877,0.1377,2.6487,25.1134,231.6503,0.1086,0.1312
2016-04-07T02:34:59.127Z,2.2543,42.6492,231.9302,0.1834,0.054,2.2529,21.2941,232.1303,0.092,0.129,2.6969,25.7919,231.9381,0.111,0.1328
2016-04-07T02:35:59.420Z,1.8011,43.2425,232.0203,0.1867,0.0448,1.8142,22.1873,232.0569,0.0951,0.1164,3.2344,23.9678,232.1163,0.1033,0.1567
2016-04-07T02:36:59.774Z,1.139,43.1942,231.9966,0.1864,0.0276,2.3241,20.8993,231.9125,0.0901,0.1308,2.9526,24.8598,231.8301,0.1071,0.1476
2016-04-07T02:37:59.304Z,1.0628,43.5532,231.6548,0.1874,0.0244,2.3697,22.0619,231.7834,0.0954,0.1311,3.1577,25.5844,232.0516,0.11,0.1493
2016-04-07T02:38:59.371Z,2.0676,43.2512,232.1293,0.1862,0.0476,2.2147,21.4987,231.831,0.0926,0.1304,3.0838,23.5477,232.4659,0.101,0.1543
2016-04-07T02:39:59.757Z,1.0707,44.0213,232.1622,0.1895,0.0252,2.0286,20.237,232.0199,0.0874,0.1253,2.8313,24.7881,232.9244,0.1062,0.1422
2016-04-07T02:40:59.358Z,1.1509,43.1413,232.2101,0.1855,0.0276,2.5765,20.8249,232.3462,0.0893,0.1429,2.722,25.456,232.7234,0.1093,0.1385
2016-04-07T02:41:59.593Z,1.294,43.0744,232.1965,0.1856,0.0298,2.4,20.8618,232.2033,0.0898,0.136,2.4622,25.8475,232.7947,0.1102,0.1284
2016-04-07T02:42:59.894Z,1.8941,42.7481,232.3481,0.1842,0.0445,2.3975,21.1957,232.5164,0.0914,0.1275,2.9131,24.9109,232.8746,0.1068,0.143
2016-04-07T02:43:59.156Z,0.9453,44.086,232.4773,0.1891,0.023,2.2878,21.0498,232.327,0.0908,0.1286,2.9254,23.768,232.6204,0.1023,0.148
2016-04-07T02:44:59.722Z,1.0057,43.6967,232.7657,0.187,0.0236,2.0766,21.9582,232.3038,0.0943,0.123,2.5422,25.0662,232.6887,0.1077,0.1304
2016-04-07T02:45:59.140Z,1.223,43.8502,232.9147,0.1879,0.0292,2.4832,22.6231,232.3084,0.0971,0.1223,3.0083,24.8421,232.7564,0.1066,0.1466
2016-04-07T02:46:59.526Z,2.0124,42.9741,233.0725,0.1842,0.0477,2.5081,20.218,232.4935,0.0869,0.138,3.6687,26.3762,232.899,0.1125,0.1593
2016-04-07T02:47:59.762Z,2.0928,43.8175,232.9546,0.1878,0.0488,1.9324,20.0024,231.8163,0.0859,0.1201,3.3716,24.0113,233.2109,0.1027,0.1565
2016-04-07T02:48:59.342Z,1.5204,42.8794,232.5793,0.1847,0.036,2.559,20.892,231.8479,0.09,0.1399,2.9723,25.261,233.1481,0.108,0.1466
2016-04-07T02:49:59.747Z,1.3434,43.8358,232.529,0.1884,0.0301,2.7689,20.3785,231.5527,0.088,0.1415,2.8408,24.309,232.8475,0.1044,0.1468
2016-04-07T02:50:59.924Z,1.2425,42.9447,232.2032,0.185,0.0303,2.2487,18.2639,231.2149,0.0784,0.1392,3.0688,26.2285,232.1623,0.113,0.1433
2016-04-07T02:51:59.170Z,2.177,42.1922,231.7587,0.1826,0.0525,2.3306,18.5881,230.473,0.0809,0.1417,2.4924,26.9393,231.3435,0.1169,0.1184
2016-04-07T02:52:59.648Z,2.4473,43.8211,231.4743,0.1892,0.0559,2.6345,24.3478,230.081,0.1055,0.1215,3.0782,22.7891,230.7473,0.0988,0.1542
2016-04-07T02:53:59.432Z,1.4195,43.1264,231.7433,0.1863,0.0331,2.4823,21.4731,230.6745,0.0932,0.1432,3.4205,24.929,231.3337,0.1079,0.1578
2016-04-07T02:54:59.633Z,1.4271,43.321,231.5477,0.1874,0.0346,2.0701,21.7078,230.7737,0.0942,0.118,2.5471,24.7949,231.4907,0.1073,0.1367
2016-04-07T02:55:59.079Z,1.2867,43.2013,231.4356,0.1868,0.0292,2.7428,23.1201,230.8287,0.0999,0.1352,2.7531,24.3683,231.4622,0.1054,0.1441
2016-04-07T02:56:59.915Z,1.7063,42.1714,229.9259,0.1834,0.0421,2.2255,18.2877,231.0861,0.0791,0.1348,3.324,25.8023,231.5858,0.1114,0.1486
2016-04-07T02:57:59.242Z,1.3466,42.2079,230.1191,0.1836,0.032,1.9162,19.6592,231.4423,0.0852,0.1213,2.9411,23.8709,232.1061,0.1028,0.1534
2016-04-07T02:58:59.517Z,1.4603,43.3214,230.4187,0.1875,0.0332,2.5597,21.8501,231.7586,0.0941,0.1334,2.7893,24.3816,232.2775,0.105,0.142
2016-04-07T02:59:59.795Z,1.3103,42.909,230.4349,0.1856,0.0301,2.1264,22.2223,230.65,0.096,0.12,2.6052,24.1674,232.1462,0.1041,0.1431
2016-04-07T03:00:59.558Z,1.7567,42.8621,230.7657,0.1853,0.0435,1.8581,22.8853,227.9599,0.1003,0.0946,2.5787,24.8503,232.319,0.1074,0.1193
2016-04-07T03:01:59.820Z,1.4923,43.7216,232.1042,0.1881,0.0333,2.3356,22.4515,230.8358,0.0974,0.1342,3.0591,24.5123,231.7745,0.1059,0.147
2016-04-07T03:02:59.023Z,1.3142,43.6811,232.315,0.1887,0.029,2.5507,22.0256,231.5591,0.0954,0.1377,2.8663,23.6946,231.7766,0.1026,0.1512
2016-04-07T03:03:59.454Z,2.2204,43.8843,232.5981,0.1887,0.0529,2.0157,22.4212,231.5098,0.0966,0.1155,3.1389,23.5342,231.8135,0.1013,0.158
2016-04-07T03:04:59.993Z,2.1054,43.0603,232.6659,0.1853,0.0503,2.483,20.7522,231.569,0.0895,0.1373,2.8675,23.7683,231.8872,0.1025,0.1507
2016-04-07T03:05:59.029Z,1.8961,43.1508,232.7064,0.1853,0.0449,2.6882,21.5155,231.7363,0.0927,0.1365,3.1898,23.1243,231.8597,0.0996,0.1629
2016-04-07T03:06:59.326Z,1.2493,43.5358,233.1973,0.1867,0.028,2.2373,20.5111,231.9246,0.0884,0.1209,2.8249,23.9663,232.1918,0.103,0.1473
2016-04-07T03:07:59.594Z,1.0605,44.0104,232.8079,0.1892,0.0244,2.3998,21.7568,231.5133,0.094,0.1311,3.186,24.6925,231.9459,0.1064,0.1511
2016-04-07T03:08:59.058Z,1.5518,43.2548,232.4431,0.1852,0.0381,2.1646,19.0583,231.1624,0.0823,0.1247,3.6469,24.6932,231.4777,0.1066,0.1643
2016-04-07T03:09:59.384Z,2.4566,42.3597,231.931,0.1828,0.058,2.671,22.9061,230.6214,0.0992,0.1382,2.8528,26.2797,231.1965,0.1135,0.1336
2016-04-07T03:10:59.132Z,1.2584,43.4577,231.6926,0.1879,0.0289,2.4534,20.2063,230.5448,0.0876,0.1443,3.3693,24.5793,231.8752,0.1063,0.1546
2016-04-07T03:11:59.468Z,0.9261,43.6032,231.7129,0.1879,0.0218,1.9436,22.0117,230.6674,0.0952,0.1187,3.1273,25.2945,232.0392,0.109,0.1484
2016-04-07T03:12:59.852Z,1.0766,42.8836,231.7073,0.1847,0.0254,2.4797,22.1011,231.0423,0.0957,0.1265,2.9724,26.2213,231.8176,0.1129,0.1401
2016-04-07T03:13:59.085Z,1.9057,42.5618,231.7217,0.1834,0.0453,2.204,20.5247,230.8992,0.0886,0.1249,2.9007,25.7518,231.6847,0.1113,0.14
2016-04-07T03:14:59.622Z,0.9503,43.7534,231.7855,0.1886,0.0221,2.666,21.2242,230.97,0.0918,0.1364,2.9125,23.1704,232.0016,0.0998,0.1545
2016-04-07T03:15:59.118Z,0.8107,42.9307,231.5701,0.1857,0.0198,2.0911,19.8444,230.8213,0.0855,0.1284,2.6386,24.9947,231.6935,0.1077,0.1342
2016-04-07T03:16:59.423Z,1.3313,43.0352,232.132,0.1847,0.0325,2.2412,20.3036,231.1791,0.0878,0.134,3.0189,25.6882,232.0493,0.1109,0.1393
2016-04-07T03:17:59.101Z,1.6024,43.7602,232.1436,0.1884,0.0367,1.7897,18.8401,229.4344,0.0829,0.1138,3.1824,24.171,232.4969,0.1041,0.1514
2016-04-07T03:18:59.344Z,1.079,43.5139,231.6682,0.1875,0.0258,1.8765,21.8349,229.5652,0.0946,0.1077,2.8315,23.4807,232.4896,0.1008,0.1428
2016-04-07T03:19:59.640Z,0.9968,43.3601,231.124,0.1871,0.0236,2.2134,20.9374,232.1224,0.0905,0.1301,2.4847,25.6411,231.9279,0.1109,0.1285
2016-04-07T03:20:59.016Z,1.5627,42.6014,230.9164,0.1844,0.0369,2.601,22.6052,232.1464,0.0973,0.1246,2.8426,25.7227,231.7982,0.1108,0.1431
2016-04-07T03:21:59.683Z,2.3589,42.7061,230.7834,0.1846,0.0561,2.5926,23.3214,232.1724,0.1009,0.1309,2.8679,25.1551,231.4014,0.1086,0.1397
2016-04-07T03:22:59.128Z,1.8529,42.4092,230.5213,0.1841,0.0446,2.7301,21.7486,231.9066,0.0942,0.1354,3.0816,24.9747,231.4964,0.1083,0.1471
2016-04-07T03:23:59.661Z,1.0915,43.712,230.5121,0.1901,0.0262,2.1742,22.6729,231.7097,0.0981,0.1187,2.9257,24.3812,228.6478,0.1066,0.1455
2016-04-07T03:24:59.035Z,1.1537,43.2017,231.3458,0.1867,0.0271,2.4112,21.2692,231.2834,0.092,0.1267,3.2966,24.6841,226.2381,0.1092,0.1611
2016-04-07T03:25:59.364Z,1.5943,43.0461,231.8029,0.1855,0.0377,1.8412,21.2527,231.3147,0.0917,0.1105,2.8252,23.2177,225.9587,0.1029,0.1496
2016-04-07T03:26:59.661Z,2.0846,42.9369,230.9766,0.1858,0.0492,2.3757,23.0408,231.9818,0.0991,0.1191,3.0936,23.3489,228.6258,0.1024,0.1554
2016-04-07T03:27:59.769Z,2.2087,42.9392,230.6515,0.1857,0.0533,2.5605,20.7722,232.0127,0.0888,0.136,3.1345,24.5818,230.6257,0.1058,0.1488
2016-04-07T03:28:59.143Z,0.7698,43.1941,230.472,0.1881,0.0194,2.5152,20.3466,231.6399,0.0879,0.1374,3.1427,25.1464,230.2666,0.1094,0.152
2016-04-07T03:29:59.455Z,0.9215,43.2305,231.1263,0.1874,0.0214,1.9644,19.7537,232.311,0.0851,0.1198,3.5687,25.5611,230.2524,0.1113,0.1589
2016-04-07T03:30:59.795Z,0.828,43.2223,232.1025,0.1863,0.0197,2.6373,21.3742,232.3692,0.0917,0.1415,3.2283,22.7938,230.028,0.0992,0.165
2016-04-07T03:31:59.056Z,2.4387,43.1131,232.8274,0.1853,0.0579,1.796,19.5336,229.159,0.0851,0.1111,2.9063,24.074,230.867,0.1041,0.144
2016-04-07T03:32:59.222Z,2.1901,43.5629,232.6313,0.187,0.0509,2.0737,20.9184,229.2183,0.0913,0.1169,2.6817,24.8681,230.2356,0.1081,0.1311
2016-04-07T03:33:59.612Z,0.9069,43.4452,232.1533,0.1872,0.0229,1.6696,21.6635,229.7547,0.0943,0.0978,2.7559,23.493,230.2222,0.1022,0.1444
2016-04-07T03:34:59.175Z,1.0307,43.2246,231.6284,0.1872,0.0241,1.9517,19.257,229.4119,0.0848,0.1166,2.8132,24.0596,229.7957,0.1044,0.1437
2016-04-07T03:35:59.559Z,0.9724,43.391,231.7378,0.1879,0.0233,1.4857,22.9214,229.3567,0.0999,0.0811,2.8417,23.4054,229.8822,0.1017,0.1426
2016-04-07T03:36:59.326Z,1.9151,42.7762,232.057,0.1842,0.0451,1.8222,20.8533,227.6671,0.0919,0.1083,2.7092,25.0383,229.7973,0.1088,0.1394
2016-04-07T03:37:59.687Z,1.049,43.6472,232.1136,0.1877,0.0247,1.8184,21.0613,227.2885,0.0934,0.0935,2.9637,23.6025,230.3197,0.1022,0.1483
2016-04-07T03:38:59.961Z,0.8425,43.763,232.3209,0.1884,0.0209,1.977,21.4269,227.9671,0.0943,0.1101,2.7242,24.8771,230.4611,0.1081,0.1369
2016-04-07T03:39:59.671Z,1.5743,43.3732,232.384,0.1871,0.0381,1.7129,18.6103,228.0788,0.0819,0.1118,2.3251,22.4714,230.1753,0.0979,0.1336
2016-04-07T03:40:59.568Z,2.0618,43.5474,232.9607,0.1866,0.0489,1.3614,13.6701,228.177,0.0599,0.1152,2.8887,19.0397,230.5379,0.0828,0.1659
2016-04-07T03:41:59.616Z,0.7411,43.8934,232.3588,0.1891,0.0175,1.4125,13.3446,228.0571,0.0588,0.1264,2.999,18.5682,230.3097,0.081,0.1749
2016-04-07T03:42:59.060Z,1.0462,43.6257,232.2458,0.1878,0.0249,1.9162,18.0403,228.3782,0.0787,0.1083,2.7861,24.9129,230.6384,0.1081,0.1396
2016-04-07T03:43:59.463Z,1.4593,43.6339,232.2659,0.1876,0.0326,1.217,23.0868,228.276,0.1012,0.0864,2.9751,23.8386,230.6805,0.1029,0.1475
2016-04-07T03:44:59.843Z,1.9829,42.2966,232.4823,0.1819,0.0482,1.9199,16.6938,228.5277,0.0731,0.1225,2.7314,25.363,230.5592,0.1101,0.1308
2016-04-07T03:45:59.171Z,1.7487,43.1037,231.9784,0.1861,0.042,1.7823,20.2818,228.5642,0.0887,0.1082,2.2393,24.8721,230.526,0.108,0.1174
2016-04-07T03:46:59.367Z,0.6483,43.7313,232.3785,0.1884,0.018,1.8986,18.2352,228.8761,0.0792,0.1035,2.5389,22.7589,230.7898,0.0988,0.1425
2016-04-07T03:47:59.683Z,1.4767,42.6088,232.7178,0.1831,0.0347,2.0193,18.2826,228.8969,0.0801,0.1147,3.0791,26.15,230.3844,0.1133,0.1401
2016-04-07T03:48:59.452Z,1.7146,43.2422,232.5227,0.1857,0.0412,1.5533,21.9353,228.8687,0.0958,0.0936,2.7114,24.4693,230.577,0.1068,0.1296
2016-04-07T03:49:59.768Z,1.3177,43.6441,232.1529,0.1883,0.0299,1.8255,19.7891,228.5614,0.0864,0.1162,3.0048,25.4443,231.0764,0.1102,0.1392
2016-04-07T03:50:59.016Z,0.937,42.8653,231.4409,0.1851,0.0233,1.7858,20.2084,228.5302,0.088,0.1123,2.8754,25.4317,231.57,0.1101,0.1373
2016-04-07T03:51:59.424Z,1.258,43.1948,231.24,0.187,0.0299,2.4169,21.1547,228.3691,0.0921,0.1236,2.7395,25.9881,231.1218,0.1127,0.1303
2016-04-07T03:52:59.836Z,2.231,42.6841,231.1509,0.1841,0.0528,1.9891,21.6715,228.236,0.0945,0.1042,2.3407,25.1027,231.0754,0.1085,0.122
2016-04-07T03:53:59.198Z,2.0688,42.8078,230.7209,0.1856,0.0491,1.1917,22.5631,228.2189,0.099,0.0885,2.5308,24.6767,231.3482,0.1065,0.1296
2016-04-07T03:54:59.634Z,1.4439,43.1799,230.4929,0.1872,0.0374,2.0138,21.154,227.8975,0.0926,0.1072,2.6084,24.4428,231.943,0.1059,0.1296
2016-04-07T03:55:59.062Z,1.287,43.7792,230.934,0.1899,0.0288,2.4083,24.0616,231.1643,0.104,0.1243,2.8609,23.6767,231.3877,0.103,0.1513
2016-04-07T03:56:59.537Z,0.9779,43.0229,230.853,0.1862,0.0237,2.1552,21.2251,231.1749,0.0917,0.1251,2.9482,24.349,231.2015,0.1057,0.1504
2016-04-07T03:57:59.790Z,1.521,42.643,230.7253,0.1853,0.037,1.8103,19.8368,229.8882,0.0857,0.1205,3.3177,25.8925,231.5155,0.112,0.1529
2016-04-07T03:58:59.013Z,2.1028,42.1841,230.6527,0.1823,0.0502,1.8542,19.5968,227.7728,0.086,0.1159,3.3943,26.0902,231.8224,0.1119,0.1448
2016-04-07T03:59:59.391Z,1.5504,42.5999,230.6053,0.1846,0.0376,1.8599,21.0486,226.9111,0.0925,0.1088,2.5186,24.7516,231.7375,0.1069,0.1373
2016-04-07T04:00:59.620Z,1.3814,43.54,229.7305,0.1889,0.0312,2.1061,23.5323,227.7004,0.1039,0.1108,2.7318,25.1462,230.4085,0.109,0.1342
2016-04-07T04:01:59.984Z,1.1357,43.3876,229.9096,0.1885,0.026,1.764,21.6951,229.5522,0.0944,0.1113,3.5142,24.9785,229.9244,0.1086,0.1566
2016-04-07T04:02:59.686Z,1.3389,42.5522,230.7358,0.1838,0.033,1.8866,21.8516,230.4185,0.0943,0.1111,3.0238,23.5023,230.3916,0.1021,0.1531
2016-04-07T04:03:59.022Z,1.5078,44.2871,231.0127,0.1918,0.0338,1.9637,21.3632,229.4971,0.0937,0.1147,3.3006,22.8642,230.6077,0.0989,0.1638
2016-04-07T04:04:59.285Z,0.8754,43.6721,230.9274,0.1892,0.0209,1.9947,20.9509,227.29,0.092,0.1044,2.6697,25.1251,230.9659,0.1082,0.1304
2016-04-07T04:05:59.678Z,1.3659,42.847,230.6558,0.1855,0.0319,2.0455,21.0307,226.6069,0.0931,0.1116,2.7674,24.1163,230.6512,0.1046,0.14
2016-04-07T04:06:59.674Z,1.5242,42.4216,230.2734,0.1844,0.0371,2.229,19.2757,228.3029,0.0843,0.1354,3.0913,23.7336,229.8946,0.103,0.1564
2016-04-07T04:07:59.985Z,0.736,42.8986,229.6948,0.187,0.0197,2.5573,21.4317,228.8482,0.0933,0.1258,3.1108,25.0353,229.2239,0.109,0.153
2016-04-07T04:08:59.156Z,1.4773,42.9873,229.9207,0.1874,0.0324,2.1489,20.2436,229.136,0.0883,0.1211,2.5661,25.3812,229.7424,0.11,0.141
2016-04-07T04:09:59.471Z,1.8763,42.0385,229.8322,0.1825,0.0459,2.0228,19.6508,229.1139,0.0855,0.1255,2.5704,25.9497,229.5484,0.1128,0.1295
2016-04-07T04:10:59.772Z,1.4947,42.5842,229.8821,0.1855,0.0362,1.9742,20.1421,226.4723,0.0888,0.1095,2.9678,25.5938,230.0198,0.112,0.1347
2016-04-07T04:11:59.318Z,1.3186,43.8534,229.9084,0.1908,0.0288,1.6589,21.2351,226.4642,0.0938,0.0974,2.9718,22.3244,230.3936,0.0971,0.1521
2016-04-07T04:12:59.817Z,0.9466,43.5716,230.3212,0.1895,0.0216,1.6202,20.122,225.6395,0.0895,0.1137,3.014,24.5975,231.0437,0.1065,0.1463
2016-04-07T04:13:59.448Z,1.6854,43.1378,230.3799,0.1876,0.0406,2.3026,22.1609,228.1958,0.0972,0.1234,3.2247,24.2721,230.6802,0.1051,0.1581
2016-04-07T04:14:59.796Z,2.0298,42.336,229.9067,0.1843,0.0495,1.9032,18.5789,230.6099,0.0801,0.1198,2.9899,23.7124,230.1046,0.1029,0.1516
2016-04-07T04:15:59.703Z,1.5859,42.4519,229.5677,0.1848,0.0397,2.3563,19.212,230.2771,0.0833,0.1399,2.8396,24.1874,230.2212,0.1054,0.1418
2016-04-07T04:16:59.118Z,1.1409,43.4633,229.0283,0.1899,0.0249,2.3549,20.9539,229.251,0.0914,0.1301,2.8228,24.4927,229.5473,0.1069,0.1477
2016-04-07T04:17:59.360Z,1.2378,42.6965,229.0524,0.1868,0.0281,1.3904,19.6829,227.1063,0.087,0.097,2.7922,24.7843,230.4957,0.1075,0.1407
2016-04-07T04:18:59.162Z,1.6827,43.174,229.5266,0.1881,0.0386,1.1778,20.6133,226.7032,0.0905,0.0868,2.6099,23.8873,230.9497,0.1037,0.1336
2016-04-07T04:19:59.460Z,2.4577,43.1981,229.6077,0.1884,0.0569,1.8375,23.0401,229.4023,0.1007,0.1082,2.8879,21.8842,230.1612,0.0956,0.1518
2016-04-07T04:20:59.414Z,2.1387,41.6433,228.5946,0.1825,0.0538,2.0129,23.6042,230.5597,0.1022,0.1131,3.2379,25.6516,230.5035,0.1113,0.1469
2016-04-07T04:21:59.870Z,1.207,43.1767,228.2282,0.1888,0.0289,1.8016,19.8839,230.8237,0.0862,0.1158,2.794,24.9428,230.0817,0.1078,0.1412
2016-04-07T04:22:59.193Z,1.1607,42.9201,228.1476,0.1881,0.0283,1.8442,21.6597,230.7097,0.0936,0.1088,2.8717,25.3011,229.9649,0.11,0.1407
2016-04-07T04:23:59.528Z,1.1726,43.0884,228.5647,0.1882,0.0293,2.0876,24.0916,230.9811,0.1046,0.1108,2.8929,22.7538,230.3525,0.0985,0.1518
2016-04-07T04:24:59.423Z,2.0791,42.9723,229.49,0.187,0.0493,2.0443,20.557,229.1712,0.0904,0.1219,3.0863,22.4292,231.0719,0.0971,0.1642
2016-04-07T04:25:59.879Z,1.6864,40.1236,231.1146,0.1737,0.048,1.9464,22.762,227.2896,0.1,0.1081,2.9048,25.4864,231.6625,0.1097,0.1399
2016-04-07T04:26:59.242Z,1.2978,43.6196,231.1119,0.1884,0.0314,2.0461,20.8341,229.9398,0.0903,0.1146,3.1218,24.2576,230.5338,0.1052,0.1599
2016-04-07T04:27:59.580Z,1.4287,43.2903,230.4138,0.188,0.0332,2.2171,22.2666,230.3357,0.0967,0.1155,3.4214,24.1259,230.9192,0.1044,0.1657
2016-04-07T04:28:59.011Z,1.9347,42.7448,230.3679,0.1852,0.0452,2.193,16.6286,229.6198,0.0723,0.1449,2.7119,23.6178,230.8328,0.1024,0.1438
2016-04-07T04:29:59.279Z,2.4389,42.2552,229.7251,0.1839,0.058,1.88,18.6748,229.2389,0.0815,0.12,2.8527,24.7565,230.4062,0.1075,0.1392
2016-04-07T04:30:59.193Z,1.127,42.8181,229.6471,0.1864,0.0279,2.1118,21.3638,229.8305,0.0925,0.127,2.7413,24.0671,230.2799,0.1048,0.1425
2016-04-07T04:31:59.613Z,1.2213,42.9513,229.6344,0.187,0.0277,1.9951,22.2834,226.6504,0.0982,0.1019,2.432,23.3613,230.6842,0.1009,0.1338
2016-04-07T04:32:59.950Z,1.6835,43.1753,229.6584,0.1883,0.0396,1.8663,20.2634,226.9776,0.0889,0.1118,3.1857,25.3673,230.8197,0.1098,0.144
2016-04-07T04:33:59.403Z,2.0826,42.4432,229.5378,0.1852,0.0499,2.0751,21.2829,228.3803,0.093,0.1119,2.7383,25.6402,230.3226,0.1119,0.1356
2016-04-07T04:34:59.407Z,1.4442,42.7448,229.8493,0.1863,0.0341,2.1767,24.5621,228.9407,0.1071,0.1262,3.1254,22.5252,231.1041,0.0976,0.161
2016-04-07T04:35:59.852Z,1,43.155,230.404,0.1874,0.0241,2.1695,19.7016,229.536,0.0854,0.1211,2.6943,23.6532,231.7585,0.1018,0.1465
2016-04-07T04:36:59.092Z,1.1417,43.0138,230.1554,0.1869,0.0269,1.6458,19.849,226.6099,0.0872,0.1119,3.0517,25.7582,232.5327,0.1103,0.1383
2016-04-07T04:37:59.632Z,1.5087,42.4008,230.7502,0.1836,0.0373,1.9425,21.7091,226.6858,0.0961,0.1065,2.9575,25.0289,232.5416,0.1074,0.1366
2016-04-07T04:38:59.999Z,1.38,43.1685,230.638,0.1871,0.0312,1.6265,20.714,226.629,0.0913,0.0981,3.0229,24.4653,232.4655,0.1053,0.1421
2016-04-07T04:39:59.414Z,1.353,43.3936,230.5791,0.1884,0.0323,1.8743,18.8277,226.9408,0.0824,0.1191,2.6922,24.0924,232.4822,0.104,0.1379
2016-04-07T04:40:59.880Z,1.4445,43.3091,230.8007,0.188,0.0347,1.8817,20.7141,227.1626,0.0911,0.1041,3.1324,25.2034,232.7678,0.1084,0.147
2016-04-07T04:41:59.245Z,2.1917,42.9187,230.3229,0.1861,0.052,1.8241,22.1971,227.4564,0.098,0.0997,2.6496,24.3417,232.7323,0.1044,0.1364
2016-04-07T04:42:59.657Z,2.1865,42.3998,229.7804,0.184,0.052,2.4629,23.6818,229.3316,0.1034,0.1145,2.9627,24.6557,231.6934,0.107,0.1429
2016-04-07T04:43:59.729Z,1.2488,43.6119,229.4978,0.189,0.0298,2.2653,21.101,229.8985,0.0915,0.1153,2.9273,23.4456,231.6003,0.1014,0.1492
2016-04-07T04:44:59.443Z,1.066,42.6187,230.5398,0.1853,0.0246,2.4063,19.8525,229.3604,0.0866,0.1312,2.8205,26.2653,231.3959,0.1138,0.1371
2016-04-07T04:45:59.496Z,1.339,42.9962,231.1316,0.1856,0.0308,2.4157,21.877,227.3609,0.0964,0.1247,2.7237,25.5866,232.2252,0.1101,0.1335
2016-04-07T04:46:59.117Z,1.9201,42.7463,230.6864,0.1848,0.0464,2.1003,21.1882,226.7939,0.093,0.1176,2.9353,24.8682,232.2824,0.1072,0.1404
2016-04-07T04:47:59.558Z,1.2865,42.9282,230.4941,0.1863,0.0309,2.0952,19.4089,226.9931,0.0851,0.1185,2.7368,25.2418,232.1721,0.1082,0.1353
2016-04-07T04:48:59.709Z,0.8946,43.5002,230.4545,0.1885,0.021,2.0621,20.7195,229.5235,0.0905,0.1169,3.0796,23.769,230.7641,0.1036,0.1535
2016-04-07T04:49:59.558Z,1.1234,43.0654,231.1932,0.1863,0.0262,1.8949,19.6692,229.9322,0.0852,0.1274,3.0531,24.0268,228.0062,0.1054,0.1507
2016-04-07T04:50:59.223Z,1.9908,43.0568,231.1211,0.1862,0.0482,2.1386,21.0098,229.7848,0.0912,0.1247,2.8058,23.9113,228.8851,0.1047,0.1386
2016-04-07T04:51:59.529Z,2.1318,42.2067,230.4471,0.1828,0.0521,1.8954,20.9189,228.191,0.0917,0.1176,3.003,24.6047,231.1903,0.1062,0.1482
2016-04-07T04:52:59.450Z,1.6105,42.1553,230.004,0.1834,0.0389,1.7474,17.4358,225.9152,0.0773,0.1124,2.4248,24.8933,231.2905,0.108,0.1266
2016-04-07T04:53:59.837Z,1.1757,43.1743,229.0089,0.1886,0.0279,2.1058,20.9208,225.8659,0.0927,0.119,3.0543,23.5349,230.4047,0.1016,0.1508
2016-04-07T04:54:59.475Z,1.3659,42.7381,228.4758,0.1867,0.0309,2.4109,22.5514,228.1843,0.0989,0.1294,2.9367,24.8787,229.6708,0.1082,0.1454
2016-04-07T04:55:59.109Z,2.0071,42.3226,227.5962,0.1857,0.0479,2.1711,19.9473,228.058,0.0876,0.131,2.9101,23.4598,229.374,0.1029,0.1473
2016-04-07T04:56:59.170Z,1.2579,42.6301,228.9833,0.1856,0.0321,2.5282,22.4443,229.8045,0.0974,0.1257,2.7468,24.8984,230.9489,0.1074,0.1408
2016-04-07T04:57:59.477Z,1.2531,42.9066,228.2946,0.1878,0.0295,2.3634,21.6352,230.0321,0.0937,0.1322,2.8129,25.6847,231.5465,0.1103,0.1374
2016-04-07T04:58:59.775Z,1.4642,42.7491,228.1541,0.187,0.0333,1.6508,20.8513,227.7952,0.0915,0.1101,2.7512,24.561,232.6258,0.1055,0.1349
2016-04-07T04:59:59.242Z,1.9878,42.7441,228.38,0.1877,0.0467,2.2768,22.0514,226.824,0.0971,0.1086,3.3876,24.3084,232.3241,0.1043,0.1576
2016-04-07T05:00:59.400Z,1.4005,42.9635,229.1863,0.1879,0.0354,2.3916,23.8862,227.9799,0.1045,0.1149,2.7074,25.8766,230.8254,0.1126,0.1282
2016-04-07T05:01:59.751Z,0.76,42.9744,228.8566,0.1875,0.0179,2.3574,21.4834,229.1537,0.0934,0.1289,2.9746,24.6125,229.3559,0.1075,0.1464
2016-04-07T05:02:59.151Z,1.1532,42.5474,228.5277,0.1864,0.0277,2.225,19.9291,229.3022,0.0873,0.1376,2.9506,24.1443,229.2089,0.105,0.1493
2016-04-07T05:03:59.457Z,1.1555,42.3215,228.0317,0.1853,0.0282,2.1797,17.592,229.5154,0.0767,0.1383,3.1371,24.5533,228.838,0.1067,0.1511
2016-04-07T05:04:59.167Z,1.3061,42.4836,228.6582,0.1852,0.0332,1.401,22.9268,227.5298,0.1006,0.0908,2.7708,24.6522,229.4524,0.1069,0.1373
2016-04-07T05:05:59.388Z,1.1123,42.0666,228.7009,0.1841,0.0273,1.4686,18.0092,227.1086,0.0795,0.1092,3.0792,25.5936,230.2645,0.1115,0.1416
2016-04-07T05:06:59.752Z,0.902,42.8441,227.3551,0.1887,0.0234,2.164,20.662,229.0842,0.0903,0.1209,3.1113,24.4261,230.0602,0.1061,0.1497
2016-04-07T05:07:59.952Z,1.2064,41.4466,227.2176,0.1829,0.0314,2.0305,21.7235,229.6921,0.0945,0.114,2.8621,24.2516,230.1285,0.1055,0.1445
2016-04-07T05:08:59.343Z,1.9889,41.8846,227.1372,0.1836,0.0479,2.3886,21.0342,229.812,0.0916,0.1332,2.7686,25.1963,229.4632,0.1098,0.1353
2016-04-07T05:09:59.386Z,1.4816,41.888,227.3942,0.1837,0.0384,1.9113,20.9826,230.5169,0.0905,0.1191,2.7184,24.4215,229.8318,0.1064,0.1364
2016-04-07T05:10:59.805Z,0.8796,42.8129,227.4592,0.1885,0.0219,2.4218,21.6742,230.0752,0.0935,0.1309,2.8149,23.4726,229.7231,0.1026,0.1457
2016-04-07T05:11:59.993Z,1.0655,41.8491,227.9185,0.1838,0.0258,1.9354,20.762,228.4105,0.091,0.1201,2.6499,26.3124,230.0415,0.1145,0.1234
2016-04-07T05:12:59.316Z,1.6278,42.5402,228.6174,0.1857,0.0389,1.8958,19.9739,226.3218,0.0879,0.1082,2.7762,25.086,230.9172,0.1087,0.1329
2016-04-07T05:13:59.003Z,1.8325,42.1019,228.4578,0.1842,0.0447,2.1018,21.0813,227.6797,0.0922,0.1212,3.1168,25.6338,230.3186,0.1111,0.14
2016-04-07T05:14:59.359Z,1.3842,42.3021,228.2397,0.1851,0.0338,2.1885,19.9633,228.756,0.0874,0.1293,2.7031,24.1642,229.9034,0.1056,0.1376
2016-04-07T05:15:59.537Z,0.7314,43.1114,228.2437,0.1885,0.0186,2.6242,21.3321,229.3635,0.0925,0.1286,2.9237,24.6015,230.2027,0.107,0.144
2016-04-07T05:16:59.838Z,1.2055,42.7299,227.9563,0.1872,0.0278,2.0132,19.515,229.58,0.085,0.125,2.7014,23.9391,229.9673,0.104,0.139
2016-04-07T05:17:59.102Z,1.2404,42.1025,227.9824,0.1845,0.03,2.0962,20.0146,229.3901,0.0873,0.1253,2.8403,23.7943,229.4397,0.1039,0.1473
2016-04-07T05:18:59.603Z,1.6004,41.113,227.5943,0.1804,0.0401,1.8584,18.6984,229.4373,0.0815,0.1202,2.5592,25.5945,230.0535,0.1113,0.1298
2016-04-07T05:19:59.037Z,1.0884,43.1216,227.4276,0.1894,0.0267,2.0578,20.5283,228.5336,0.0899,0.1131,2.4799,23.139,229.8538,0.0999,0.1366
2016-04-07T05:20:59.401Z,1.0561,43.2604,227.6168,0.1909,0.024,1.6897,20.2118,226.6246,0.089,0.0986,2.6066,22.4916,231.143,0.0977,0.1351
2016-04-07T05:21:59.818Z,1.5457,42.7788,229.7932,0.1863,0.0369,2.2112,20.0788,229.7514,0.0875,0.1207,3.0513,25.0959,232.7951,0.1074,0.1452
2016-04-07T05:22:59.856Z,1.2459,43.93,230.4569,0.1907,0.0293,2.1752,20.9655,231.4776,0.0907,0.132,3.0922,23.243,232.2525,0.1001,0.1553
2016-04-07T05:23:59.131Z,0.9143,43.6977,231.355,0.1887,0.0219,2.5026,22.3717,231.6118,0.0967,0.1212,3.2409,22.5141,229.5541,0.0981,0.1654
2016-04-07T05:24:59.445Z,0.8647,43.1264,230.8392,0.1873,0.0215,1.7852,20.7514,231.1024,0.0898,0.1189,2.8846,24.6173,231.1179,0.1065,0.1445
2016-04-07T05:25:59.699Z,1.5955,42.3843,230.1627,0.1842,0.0387,1.9804,18.4629,230.9774,0.0803,0.133,3.2655,25.706,231.9407,0.111,0.1521
2016-04-07T05:26:59.635Z,1.3795,42.4922,229.8044,0.1845,0.0341,2.7067,23.0954,231.2438,0.1001,0.1393,2.8316,24.5191,232.0318,0.1054,0.1471
2016-04-07T05:27:59.107Z,1.1542,42.8382,230.1417,0.1866,0.0279,2.1397,18.7708,230.8117,0.0816,0.1201,2.8374,25.0214,232.0573,0.1079,0.1428
2016-04-07T05:28:59.395Z,1.1599,43.3945,230.401,0.1884,0.0274,2.7333,22.8438,230.706,0.0984,0.1308,2.8652,25.6932,232.6583,0.11,0.1402
2016-04-07T05:29:59.722Z,2.0464,42.6426,230.1089,0.1855,0.0498,1.7842,20.3879,227.863,0.0891,0.1037,2.8925,25.7184,233.817,0.1101,0.1367
2016-04-07T05:30:59.392Z,2.2611,42.2057,229.5269,0.183,0.0552,2.2689,20.9591,229.0316,0.0917,0.1277,2.938,26.7148,233.2342,0.1138,0.1319
2016-04-07T05:31:59.974Z,1.565,42.5982,229.4621,0.1863,0.0396,2.5382,21.6146,231.8383,0.0926,0.137,3.0084,25.0166,232.6178,0.1075,0.1434
2016-04-07T05:32:59.383Z,1.2496,43.3126,231.1762,0.1871,0.0302,2.2016,22.1598,230.8911,0.0959,0.1261,2.9531,25.3316,232.9352,0.1092,0.142
2016-04-07T05:33:59.655Z,1.1752,43.9141,231.1556,0.1899,0.0266,2.4442,22.1176,230.0598,0.0962,0.1266,2.8191,25.4227,231.42,0.1103,0.1396
2016-04-07T05:34:59.441Z,1.9387,42.8154,230.6369,0.1858,0.046,1.9025,20.3431,230.1323,0.088,0.1208,2.3375,25.9025,231.5929,0.1118,0.1165
2016-04-07T05:35:59.851Z,2.1582,41.5703,229.2278,0.1811,0.0536,2.3601,21.4988,230.1723,0.094,0.1302,2.6458,25.3095,232.3202,0.1087,0.1271
2016-04-07T05:36:59.403Z,2.0499,42.4184,229.632,0.1842,0.0487,2.1544,19.4816,230.9488,0.0846,0.135,3.083,24.2134,231.6519,0.1044,0.1521
2016-04-07T05:37:59.730Z,1.2991,42.98,230.3774,0.1862,0.0314,2.5833,22.0214,230.7208,0.095,0.1379,3.148,25.7632,231.5575,0.1109,0.1492
2016-04-07T05:38:59.343Z,1.3641,42.882,228.8826,0.1873,0.0306,2.1001,22.2009,230.8717,0.0961,0.1268,3.024,26.5143,231.6288,0.1143,0.1383
2016-04-07T05:39:59.663Z,1.4523,42.7311,229.2383,0.1861,0.0357,2.2123,20.6412,231.3347,0.089,0.1212,2.9285,23.9908,231.8572,0.1036,0.1532
2016-04-07T05:40:59.387Z,1.2149,42.9729,230.0058,0.1867,0.03,1.7168,15.4092,228.7142,0.0678,0.1351,3.1298,20.384,233.3196,0.0878,0.1704
2016-04-07T05:41:59.681Z,1.2303,43.4979,229.6078,0.1892,0.0298,2.4253,21.4573,229.6421,0.0935,0.1242,2.7698,23.1638,232.9257,0.0995,0.1384
2016-04-07T05:42:59.939Z,1.345,43.3214,229.15,0.1888,0.0312,2.4187,21.5754,231.549,0.0929,0.1291,3.2785,24.1557,231.7942,0.104,0.1562
2016-04-07T05:43:59.980Z,1.9041,42.4887,229.1134,0.1846,0.0471,2.1441,21.2748,232.0708,0.091,0.1208,2.9229,25.9305,231.7305,0.112,0.1387
2016-04-07T05:44:59.230Z,2.0854,42.882,229.692,0.1869,0.0484,2.5018,19.4342,231.7578,0.083,0.1362,3.1433,22.9291,232.2369,0.0989,0.1612
2016-04-07T05:45:59.094Z,1.4815,43.0231,229.3223,0.1874,0.0369,2.0353,22.2133,231.8843,0.0953,0.1171,3.4801,23.6423,231.7145,0.102,0.1604
2016-04-07T05:46:59.513Z,1.203,42.7897,229.1914,0.1867,0.0283,2.4859,19.7393,231.8926,0.0854,0.1402,3.1789,22.2359,231.2122,0.0963,0.1665
2016-04-07T05:47:59.830Z,1.1785,43.2745,229.1718,0.1893,0.0286,2.2034,22.0505,231.1346,0.0946,0.1237,2.962,23.1699,232.0826,0.1001,0.1449
2016-04-07T05:48:59.422Z,1.642,42.584,228.5138,0.1861,0.0394,2.0594,21.0019,230.9946,0.0908,0.125,2.8673,24.1144,231.6644,0.1041,0.1403
2016-04-07T05:49:59.789Z,2.2698,42.0147,229.3053,0.1833,0.0549,1.8287,17.1777,231.8945,0.0736,0.1283,3.0942,25.2108,232.1263,0.1086,0.1446
2016-04-07T05:50:59.239Z,1.7607,42.6667,229.5033,0.1861,0.0418,2.1383,20.8021,232.6359,0.0896,0.136,3.4968,24.175,232.8067,0.1033,0.1577
2016-04-07T05:51:59.722Z,0.807,43.3482,229.2412,0.1892,0.0214,2.0242,18.7089,232.4832,0.08,0.1301,2.6214,22.1448,232.6326,0.0953,0.1444
2016-04-07T05:52:59.334Z,1.1192,43.0674,229.9509,0.1877,0.0255,2.1456,20.0805,232.3298,0.086,0.1304,2.918,23.6777,232.562,0.1019,0.1532
2016-04-07T05:53:59.198Z,1.7101,43.0854,230.1977,0.1869,0.0419,2.5072,19.7786,232.1351,0.0848,0.1442,2.9583,23.4763,232.3442,0.1008,0.1543
2016-04-07T05:54:59.521Z,1.7917,42.715,231.4667,0.1847,0.0427,1.53,21.0232,228.7196,0.0917,0.1092,2.4423,23.7933,233.0851,0.1017,0.1337
2016-04-07T05:55:59.969Z,1.2778,44.0676,231.1804,0.1904,0.029,2.7037,21.6237,230.7557,0.0941,0.1318,2.8598,23.7162,232.986,0.1015,0.1434
2016-04-07T05:56:59.350Z,1.3538,44.2317,230.8314,0.192,0.0299,2.0453,19.7802,232.6272,0.0851,0.1374,2.9651,22.0714,232.6061,0.0947,0.159
2016-04-07T05:57:59.917Z,1.4889,42.9785,230.8393,0.1862,0.0368,2.1878,21.9876,232.0864,0.0949,0.1189,3.3662,23.3842,232.2921,0.1008,0.161
2016-04-07T05:58:59.158Z,1.6569,42.6702,230.73,0.1853,0.0414,2.6197,20.3483,232.1304,0.0876,0.1489,2.9019,24.7716,232.385,0.1064,0.1377
2016-04-07T05:59:59.663Z,1.3884,43.2185,230.2459,0.1871,0.031,1.8893,19.8381,232.5186,0.0856,0.1309,2.589,23.3101,232.8551,0.0997,0.1392
2016-04-07T06:00:59.961Z,1.2729,43.7349,230.7996,0.189,0.0295,2.6405,22.4082,232.0466,0.0967,0.1365,2.8416,25.1364,232.9399,0.1076,0.1359
2016-04-07T06:01:59.581Z,1.8701,42.6153,230.6666,0.1844,0.0447,2.2922,20.7651,231.7174,0.0892,0.1383,2.9563,24.6849,232.5612,0.106,0.1398
2016-04-07T06:02:59.118Z,1.7197,42.5162,230.099,0.1857,0.041,1.9344,14.8306,231.6853,0.0637,0.1529,3.0022,19.4681,232.1262,0.084,0.1681
2016-04-07T06:03:59.312Z,0.8763,43.2501,229.4326,0.1884,0.02,2.385,17.1139,231.0428,0.0742,0.148,3.1882,20.7155,231.6251,0.0893,0.1715
2016-04-07T06:04:59.597Z,1.3034,42.4246,228.5016,0.1863,0.0321,1.9007,17.8567,231.2766,0.0771,0.1258,3.0249,23.6418,231.2259,0.1025,0.1541
2016-04-07T06:05:59.028Z,1.1864,43.0297,228.0222,0.1888,0.0289,2.2026,21.684,231.6051,0.0933,0.1244,2.8347,22.6787,231.2037,0.0981,0.1482
2016-04-07T06:06:59.425Z,1.9845,42.2979,228.0117,0.1857,0.0489,2.2745,23.9416,231.7616,0.1033,0.114,3.0949,23.091,230.9267,0.1001,0.1509
2016-04-07T06:07:59.698Z,1.1647,42.9453,228.3867,0.1877,0.0277,2.4867,19.4184,231.8993,0.084,0.1359,2.7668,22.9464,231.2525,0.0995,0.1463
2016-04-07T06:08:59.980Z,1.2456,42.6696,228.76,0.1866,0.0295,2.4507,21.0929,232.1713,0.0905,0.1298,3.2455,23.702,231.5496,0.1021,0.1608
2016-04-07T06:09:59.224Z,0.9253,42.7542,229.8721,0.1856,0.0227,2.0553,20.0893,232.7537,0.0863,0.1296,2.8638,22.6176,231.5244,0.0977,0.1486
2016-04-07T06:10:59.741Z,2.4074,42.448,229.825,0.185,0.0588,1.9081,19.7261,232.771,0.0847,0.1233,3.3608,25.1947,231.4959,0.1092,0.1518
2016-04-07T06:11:59.173Z,1.3045,43.5567,230.137,0.1895,0.0311,2.5054,21.3608,232.6926,0.0912,0.1325,2.8667,23.7074,231.4057,0.1024,0.1484
2016-04-07T06:12:59.436Z,1.1327,42.7505,230.3474,0.1857,0.0271,2.4464,21.2741,232.1024,0.0915,0.1305,3.343,25.8558,231.7343,0.1116,0.1512
2016-04-07T06:13:59.809Z,1.2095,43.639,230.7149,0.1895,0.0279,2.0823,22.4691,230.7567,0.0972,0.1172,2.6101,23.8212,232.3349,0.1029,0.1458
2016-04-07T06:14:59.153Z,2.7052,43.3437,230.8502,0.188,0.0637,1.5851,18.8598,228.2762,0.083,0.1074,2.8234,24.872,233.0102,0.1068,0.1342
2016-04-07T06:15:59.430Z,2.33,41.8152,229.4311,0.1826,0.0552,2.186,19.3746,229.1541,0.0844,0.1382,3.1621,26.5165,231.296,0.1141,0.1445
2016-04-07T06:16:59.503Z,1.3455,42.8235,230.5876,0.1857,0.0336,2.0869,20.5887,230.3956,0.0896,0.1246,2.9235,24.079,229.4097,0.1051,0.152
2016-04-07T06:17:59.779Z,0.944,42.9684,230.9307,0.186,0.0225,2.3821,21.1209,230.7281,0.0921,0.1271,3.079,25.8335,229.6937,0.1123,0.1509
2016-04-07T06:18:59.112Z,1.3183,43.3906,230.2971,0.1887,0.0307,1.8133,20.487,230.7364,0.0888,0.1133,2.7722,23.1867,229.9717,0.101,0.1458
2016-04-07T06:19:59.618Z,2.0048,43.2225,230.7485,0.1871,0.0473,2.2098,20.3055,231.472,0.0877,0.1286,4.5755,25.0495,230.3026,0.1088,0.1646
2016-04-07T06:20:59.988Z,495.3303,745.1714,229.7721,3.2544,0.3947,543.1272,846.5177,230.477,3.6838,0.4254,876.3691,1236.8801,228.6939,5.4309,0.7601
2016-04-07T06:21:59.242Z,1018.4184,1419.4984,229.7338,6.1789,0.7174,1070.4316,1548.1674,230.136,6.7266,0.6917,1486.6066,2083.5798,227.8283,9.1454,0.713
2016-04-07T06:22:59.515Z,1012.1242,1396.7829,229.8384,6.0768,0.7248,1089.6707,1584.2324,231.1771,6.8531,0.6878,1450.8913,2065.8532,227.7933,9.0689,0.7019
2016-04-07T06:23:59.904Z,1028.9917,1410.2757,230.1012,6.1283,0.7297,1102.3774,1597.3716,230.9032,6.9181,0.69,1457.5944,2064.0301,227.7292,9.0637,0.7064
2016-04-07T06:24:59.221Z,1041.714,1416.2039,229.5915,6.1686,0.736,1114.9292,1603.0828,230.6892,6.9488,0.695,1467.3227,2064.4128,227.5048,9.0743,0.711
2016-04-07T06:25:59.490Z,1033.1722,1418.4338,229.0526,6.1929,0.728,1110.6283,1582.3518,230.5538,6.8638,0.702,1489.3324,2082.3332,228.0027,9.1328,0.7154
2016-04-07T06:26:59.798Z,1025.383,1414.4669,229.1364,6.1733,0.7247,1113.3158,1579.6652,230.5594,6.851,0.705,1494.8507,2088.8653,228.1144,9.1569,0.7153
2016-04-07T06:27:59.669Z,1026.3711,1438.8671,229.0794,6.2819,0.7132,1097.9421,1522.7553,227.4069,6.6958,0.7207,1558.7537,2118.8469,228.3486,9.2787,0.7363
2016-04-07T06:28:59.989Z,959.5833,1395.3933,228.721,6.1007,0.6873,1046.0782,1464.3297,227.4869,6.4369,0.7147,1527.9862,2100.6344,229.0438,9.1712,0.7269
2016-04-07T06:29:59.392Z,959.6267,1354.0662,228.4455,5.927,0.709,1074.2906,1527.4724,230.29,6.6322,0.7035,1454.0177,2054.8947,227.825,9.0191,0.7072
2016-04-07T06:30:59.649Z,962.9019,1347.5393,228.6464,5.8928,0.7141,1084.8634,1546.4094,230.9878,6.6941,0.7017,1440.9358,2047.6762,227.5179,9.0001,0.7034
2016-04-07T06:31:59.075Z,984.9698,1378.994,229.3364,6.013,0.7139,1076.1679,1544.0113,230.7028,6.6925,0.697,1457.7261,2048.383,227.7079,8.9963,0.7109
2016-04-07T06:32:59.307Z,1000.9089,1396.2396,229.2848,6.0896,0.7176,1078.7141,1545.1893,230.3703,6.7072,0.6986,1472.2388,2053.4146,228.0297,9.0049,0.7176
2016-04-07T06:33:59.595Z,1015.6642,1417.781,229.4711,6.1783,0.7176,1068.9861,1537.1634,230.2212,6.6768,0.6956,1479.63,2048.6423,228.2106,8.9763,0.7212
2016-04-07T06:34:59.542Z,1022.0865,1419.6616,229.3098,6.1911,0.72,1082.3071,1547.6784,230.4975,6.7147,0.6994,1486.2934,2056.8221,228.1191,9.0164,0.7215
2016-04-07T06:35:59.868Z,1024.7664,1421.3814,229.3043,6.1987,0.7211,1095.5984,1554.8764,230.6372,6.7416,0.7042,1499.5194,2071.4409,227.8598,9.0913,0.7234
2016-04-07T06:36:59.170Z,1025.037,1414.0027,229.1822,6.1697,0.7251,1092.8107,1556.7899,230.9089,6.7422,0.7025,1484.0999,2052.2743,227.2952,9.0292,0.7218
2016-04-07T06:37:59.732Z,1040.7266,1432.8149,229.0652,6.2549,0.7262,1112.7518,1555.801,229.6547,6.7742,0.7152,1527.1814,2082.3663,227.3746,9.1583,0.7332
2016-04-07T06:38:59.210Z,1027.4955,1428.2899,229.0178,6.2369,0.7189,1108.1139,1537.3083,228.8194,6.7185,0.7212,1540.0797,2095.6893,227.9374,9.194,0.7345
2016-04-07T06:39:59.057Z,1033.5031,1409.66,228.6145,6.1662,0.7327,1137.4497,1590.2972,231.3661,6.8727,0.7155,1501.4416,2079.9592,227.4476,9.1449,0.7218
2016-04-07T06:40:59.382Z,1034.233,1397.3187,227.8272,6.1332,0.7393,1161.273,1613.0046,232.079,6.9507,0.7199,1494.229,2086.1306,227.696,9.1617,0.717
2016-04-07T06:41:59.619Z,1039.8807,1400.4483,227.4486,6.1576,0.7423,1170.2542,1616.8858,231.7544,6.9764,0.724,1504.2661,2091.1871,227.7319,9.1821,0.7198
2016-04-07T06:42:59.579Z,1036.0513,1400.8642,227.6591,6.1536,0.7397,1171.4971,1612.1231,231.5553,6.9622,0.7269,1512.4487,2100.4721,227.9698,9.2137,0.7204
2016-04-07T06:43:59.839Z,1048.3656,1404.9244,227.7583,6.1686,0.7469,1177.1741,1629.7356,232.0502,7.023,0.722,1499.7521,2087.7593,227.7643,9.1661,0.7194
2016-04-07T06:44:59.216Z,1055.7895,1417.5375,228.0764,6.215,0.7456,1176.1243,1631.8723,232.2036,7.0274,0.7202,1507.4028,2093.355,227.9981,9.1811,0.721
2016-04-07T06:45:59.518Z,1131.3556,1488.12,231.4437,6.4301,0.7599,1135.9358,1650.5871,231.7856,7.1213,0.6884,1474.7936,2009.2257,225.101,8.9253,0.7341
2016-04-07T06:46:59.088Z,1133.4422,1496.6933,231.4775,6.4658,0.757,1137.6745,1646.9087,231.5573,7.1125,0.691,1489.7321,2023.0836,225.5294,8.9699,0.7369
2016-04-07T06:47:59.503Z,1091.2817,1465.134,230.3933,6.3593,0.7444,1169.9521,1642.8668,231.5769,7.0943,0.712,1525.1044,2091.9162,227.578,9.192,0.7293
2016-04-07T06:48:59.744Z,1080.8847,1449.1463,229.9107,6.3028,0.7459,1192.4204,1655.104,232.0608,7.1321,0.72,1531.788,2112.1952,227.8128,9.2714,0.7246
2016-04-07T06:49:59.094Z,1090.2009,1462.9634,229.9256,6.3621,0.7449,1187.3315,1647.4147,231.8608,7.1048,0.721,1543.1339,2114.3593,227.6345,9.289,0.7298
2016-04-07T06:51:59.612Z,1091.4704,1495.9075,230.4874,6.49,0.7296,1124.6489,1569.8856,228.9015,6.8581,0.7164,1571.8284,2100.9574,227.9686,9.2159,0.7484
2016-04-07T06:52:59.057Z,1132.6625,1504.2102,230.2308,6.5339,0.7523,1174.9138,1648.8719,231.2566,7.13,0.7126,1546.9317,2087.4644,227.0085,9.1951,0.7409
2016-04-07T06:53:59.367Z,1150.3164,1516.4951,230.261,6.5861,0.7586,1193.2101,1669.6529,231.3919,7.2154,0.715,1554.7163,2096.6473,227.0086,9.2361,0.7412
2016-04-07T06:54:59.369Z,1143.8551,1509.534,230.1559,6.5593,0.7576,1169.7259,1652.1547,231.4844,7.1371,0.7081,1535.228,2067.2027,226.37,9.1319,0.742
2016-04-07T06:55:59.845Z,1153.3627,1509.4023,230.4276,6.5501,0.7646,1184.6749,1673.9993,231.8416,7.2203,0.7081,1527.148,2062.6452,226.0187,9.1251,0.7408
2016-04-07T06:56:59.207Z,1151.3358,1509.6252,230.4718,6.5498,0.7618,1188.4607,1672.338,231.5679,7.2213,0.7106,1537.271,2072.9904,226.201,9.164,0.7412
2016-04-07T06:57:59.498Z,1139.0246,1517.5977,230.1887,6.5929,0.7509,1184.0183,1648.7906,231.159,7.1323,0.7181,1571.101,2111.3948,227.6628,9.2741,0.7433
2016-04-07T06:58:59.304Z,1140.2264,1517.5048,230.3393,6.5883,0.7515,1193.344,1660.504,231.6521,7.1683,0.7183,1572.5028,2118.7281,227.7365,9.3026,0.7418
2016-04-07T06:59:59.598Z,1135.5048,1505.4707,230.4179,6.5332,0.7536,1213.6027,1678.6499,231.9367,7.2369,0.7226,1569.1618,2128.1137,227.6284,9.349,0.7382
2016-04-07T07:00:59.318Z,1129.2412,1494.1234,229.7448,6.5031,0.756,1228.0326,1678.1783,231.6833,7.2431,0.7319,1582.4965,2139.0348,227.2246,9.4142,0.7401
2016-04-07T07:01:59.755Z,1131.5452,1503.851,229.4613,6.554,0.7522,1217.5892,1657.3662,230.9548,7.1758,0.7349,1600.556,2147.7539,227.3368,9.4476,0.7452
2016-04-07T07:02:59.013Z,1147.0048,1525.2635,229.4446,6.6478,0.7522,1209.8099,1650.9654,230.5361,7.1606,0.7327,1610.2012,2144.8083,227.5975,9.423,0.7515
2016-04-07T07:03:59.403Z,1144.9306,1541.5251,229.3956,6.7201,0.7423,1186.897,1600.3958,227.8223,7.0249,0.7416,1650.8709,2162.2603,227.9593,9.485,0.7642
2016-04-07T07:04:59.995Z,1232.1684,1576.6621,229.8321,6.8601,0.781,1249.9199,1710.7637,229.9259,7.4399,0.7309,1610.2166,2111.6682,225.016,9.3834,0.7622
2016-04-07T07:05:59.161Z,1222.2236,1565.892,230.3698,6.7974,0.7813,1228.5139,1704.2542,230.9066,7.3807,0.7208,1582.6894,2085.1443,224.3034,9.2959,0.76
2016-04-07T07:06:59.967Z,1171.2103,1542.8636,229.4681,6.7234,0.7595,1223.186,1659.4901,230.0813,7.2125,0.7371,1627.1408,2149.2035,226.8081,9.4755,0.7574
2016-04-07T07:07:59.341Z,1214.2615,1571.849,229.1642,6.8589,0.7725,1270.9348,1703.9794,229.7526,7.4167,0.7461,1656.3156,2173.4116,226.6506,9.5887,0.7611
2016-04-07T07:08:59.719Z,1205.1163,1562.0393,229.4757,6.8071,0.7707,1251.8032,1699.9396,230.3412,7.3798,0.7359,1626.3907,2146.5323,226.5592,9.4747,0.7576
2016-04-07T07:09:59.395Z,1192.4938,1547.8148,229.9212,6.7319,0.7704,1254.0085,1711.2225,231.3112,7.398,0.7325,1608.3384,2141.1771,226.5451,9.4516,0.75
2016-04-07T07:11:59.746Z,1223.3958,1559.4718,230.3015,6.7715,0.7854,1269.4698,1742.7096,231.537,7.5264,0.7286,1590.4832,2112.8465,225.0705,9.3867,0.7525
2016-04-07T07:12:59.065Z,1240.1174,1558.7089,230.33,6.7675,0.7962,1273.5524,1758.6838,231.8506,7.5855,0.7242,1567.7874,2078.8822,223.2391,9.3122,0.7536
2016-04-07T07:13:59.918Z,1251.4495,1567.8524,230.0243,6.8154,0.7988,1288.9714,1768.496,231.8341,7.6278,0.729,1583.0619,2092.3993,223.4087,9.3662,0.7584
2016-04-07T07:14:59.372Z,1290.3351,1599.1307,230.8483,6.9269,0.8064,1278.177,1780.8304,231.7996,7.6828,0.7181,1566.042,2052.9451,221.9743,9.2485,0.7629
2016-04-07T07:15:59.220Z,1312.6585,1629.1165,231.0084,7.0528,0.8058,1266.1849,1770.6216,231.0429,7.6637,0.714,1579.252,2051.1435,222.2404,9.229,0.7701
2016-04-07T07:16:59.453Z,1277.041,1629.1467,231.5256,7.0359,0.784,1227.127,1707.1348,229.1568,7.4489,0.72,1616.6253,2085.0031,224.1659,9.3007,0.7761
2016-04-07T07:17:59.778Z,1312.918,1658.6012,231.5813,7.162,0.7914,1265.0781,1741.4058,229.2031,7.5976,0.7267,1649.4727,2113.6928,223.9747,9.4373,0.7806
2016-04-07T07:18:59.101Z,1349.918,1703.5269,231.7116,7.3516,0.7911,1287.7022,1753.4623,229.053,7.6553,0.734,1701.0788,2155.3202,224.0628,9.6195,0.7899
2016-04-07T07:19:59.386Z,1370.6586,1730.6907,231.4901,7.4762,0.7911,1307.6663,1756.9838,228.6221,7.6853,0.7443,1746.4137,2193.0058,223.9827,9.7904,0.7981
2016-04-07T07:20:59.272Z,1393.2204,1760.6428,231.8063,7.5954,0.7911,1332.0538,1776.3373,228.6857,7.7679,0.7506,1788.6264,2237.1987,224.7524,9.9546,0.8
2016-04-07T07:21:59.584Z,461.0707,608.3922,232.7257,2.626,0.3238,434.7067,586.9913,230.0387,2.5669,0.2902,693.8347,854.9274,226.883,3.8009,0.7229
2016-04-07T07:22:59.897Z,4.8971,44.4211,233.4475,0.1903,0.1112,1.5813,20.9753,230.4178,0.0911,0.0826,2.7792,24.0805,228.6674,0.1054,0.1408
2016-04-07T07:23:59.102Z,4.7798,44.186,233.1464,0.1896,0.1088,1.3661,21.1103,230.1842,0.092,0.0744,2.8813,23.8484,228.7884,0.1043,0.1426
2016-04-07T07:24:59.430Z,5.2098,44.3724,233.4722,0.1903,0.1174,1.0846,21.9553,230.2304,0.0949,0.0567,3.2202,24.8959,228.0277,0.1091,0.1482
2016-04-07T07:25:59.990Z,4.6953,44.7239,233.6407,0.1915,0.1074,1.6876,22.4509,229.9365,0.0977,0.0799,2.9643,24.2587,229.2818,0.1061,0.1342
2016-04-07T07:26:59.176Z,4.7896,43.8661,232.4769,0.1889,0.109,1.209,20.9142,229.5423,0.0908,0.0631,2.7977,23.3254,230.5512,0.1014,0.1414
2016-04-07T07:27:59.536Z,3.9701,44.3841,232.6022,0.1908,0.0886,1.5718,22.8093,229.2477,0.0995,0.0808,2.7486,24.536,230.8579,0.1062,0.1403
2016-04-07T07:28:59.407Z,4.5535,43.6773,232.811,0.1874,0.1059,1.3105,20.1867,229.8784,0.0877,0.0767,3.0446,24.8421,231.1335,0.1074,0.1357
2016-04-07T07:29:59.693Z,5.164,43.9448,232.3657,0.1885,0.1179,1.2038,19.1368,230.11,0.0836,0.0788,2.9054,26.1143,231.9808,0.1129,0.1311
2016-04-07T07:30:59.989Z,4.7238,44.2728,232.2479,0.1907,0.1078,1.286,22.647,230.6657,0.0984,0.0699,2.8243,24.2743,229.8649,0.106,0.1322
2016-04-07T07:31:59.216Z,3.8671,43.4617,232.5375,0.1871,0.0901,1.5976,23.539,230.736,0.1016,0.0707,2.8104,24.5913,228.1998,0.1074,0.1357
2016-04-07T07:32:59.735Z,3.6477,43.1748,232.7969,0.1853,0.0854,1.4135,21.7469,230.3166,0.094,0.0707,3.2857,25.0365,228.4964,0.1093,0.1455
2016-04-07T07:33:59.597Z,4.1692,44.2608,232.7916,0.1903,0.0974,1.4503,21.8651,229.921,0.0946,0.082,2.7905,21.7697,228.2432,0.0952,0.1497
2016-04-07T07:34:59.877Z,5.2721,44.189,232.9965,0.1899,0.1223,1.2473,21.4181,230.3347,0.0931,0.0729,3.3502,24.5013,227.3221,0.1076,0.1515
2016-04-07T07:35:59.236Z,5.1142,44.5656,233.1549,0.1913,0.1159,1.4924,21.461,230.2814,0.0931,0.0829,2.6282,22.461,227.6148,0.0984,0.1406
2016-04-07T07:36:59.994Z,4.3046,43.3048,233.4784,0.1853,0.1001,1.6018,20.0764,230.3005,0.0872,0.076,2.9354,25.0036,228.1001,0.11,0.1375
2016-04-07T07:37:59.275Z,5.0368,45.0979,233.5127,0.1931,0.1129,1.3213,20.2096,230.3737,0.0877,0.0689,3.0586,22.8981,227.8296,0.1002,0.1491
2016-04-07T07:38:59.511Z,4.8756,44.0512,232.5071,0.1893,0.1116,1.3005,21.6484,230.2237,0.0942,0.0748,3.159,26.2225,231.0623,0.1135,0.1367
2016-04-07T07:39:59.851Z,5.191,43.8919,232.6986,0.1888,0.119,1.3068,19.844,230.3174,0.0865,0.076,3.0954,25.1351,230.9991,0.1088,0.1378
2016-04-07T07:40:59.304Z,3.8912,43.6349,233.1615,0.1866,0.0886,1.6858,22.08,230.0709,0.0958,0.0759,2.6951,24.8464,230.5264,0.1078,0.1321
2016-04-07T07:41:59.568Z,3.8977,44.642,233.4684,0.1907,0.0867,1.508,21.3503,230.028,0.0931,0.0814,2.8524,25.1995,230.6208,0.1095,0.1323
2016-04-07T07:42:59.634Z,4.4835,44.2401,233.3665,0.1897,0.1026,1.1267,21.6934,229.5993,0.0947,0.0708,3.1227,23.9202,230.5832,0.1037,0.148
2016-04-07T07:43:59.945Z,4.7755,45.102,233.0674,0.1933,0.1075,1.192,19.6024,229.292,0.0852,0.073,2.7688,23.1123,230.9356,0.0997,0.1381
2016-04-07T07:44:59.785Z,4.8691,44.4067,233.6038,0.1899,0.1104,1.907,22.2463,229.9079,0.0965,0.0919,3.1693,23.2259,231.0544,0.1005,0.1525
2016-04-07T07:45:59.203Z,4.2976,44.2219,233.2914,0.1897,0.0974,1.8651,20.7602,229.9228,0.0906,0.0924,3.1252,24.0111,230.4437,0.1047,0.1474
2016-04-07T07:46:59.802Z,4.4499,43.2177,231.9625,0.1862,0.1042,1.4173,21.5366,230.1195,0.0939,0.0714,3.1921,26.0617,230.3282,0.113,0.1426
2016-04-07T07:47:59.206Z,4.8458,44.5217,231.8713,0.1916,0.1098,1.6884,21.4819,230.0408,0.0936,0.0789,2.6442,24.7868,231.5389,0.1072,0.1376
2016-04-07T07:48:59.561Z,4.5031,44.2354,231.8375,0.1905,0.1025,1.5449,22.9929,229.859,0.1004,0.0755,2.7318,24.6011,233.3077,0.1053,0.1335
2016-04-07T07:50:59.333Z,3.7462,44.1189,233.0799,0.1895,0.0853,1.5508,20.7768,229.4829,0.0903,0.0809,3.0293,24.4906,233.2928,0.1049,0.1403
2016-04-07T07:51:59.753Z,4.579,43.4099,233.144,0.1863,0.1052,1.5884,18.919,229.1616,0.0818,0.0914,3.0946,25.8142,233.98,0.1109,0.1375
2016-04-07T07:52:59.215Z,5.1191,44.8986,234.3081,0.1917,0.1157,1.5459,21.0916,229.4877,0.092,0.0872,3.1061,24.4142,232.516,0.1053,0.1461
2016-04-07T07:53:59.611Z,4.6429,44.7218,235.0579,0.1902,0.1054,1.4061,20.8315,229.527,0.0909,0.0793,3.0811,24.9626,230.5032,0.1083,0.1374
2016-04-07T07:54:59.986Z,4.2111,44.0896,234.7467,0.1878,0.0963,1.3611,20.4158,229.0782,0.0892,0.0766,2.7318,24.8085,229.1474,0.1085,0.133
2016-04-07T07:55:59.529Z,3.7489,43.7554,234.41,0.1869,0.0865,1.6852,21.542,229.0371,0.0943,0.0793,2.778,24.0552,229.002,0.1048,0.1375
2016-04-07T07:56:59.366Z,4.1463,43.534,234.2494,0.1857,0.0961,1.4577,20.2564,228.943,0.0886,0.0818,2.7486,24.2031,229.464,0.1057,0.1334
2016-04-07T07:57:59.643Z,4.9478,45.2005,233.4475,0.194,0.1117,2.0054,22.6224,229.0105,0.0992,0.0824,3.215,21.7945,231.8518,0.0941,0.1605
2016-04-07T07:58:59.857Z,5.2768,44.4387,232.8446,0.1907,0.1196,1.4337,19.6282,227.7475,0.0862,0.0895,2.6834,23.3068,232.117,0.1011,0.1323
2016-04-07T07:59:59.375Z,4.5066,44.0298,233.2296,0.1889,0.104,1.2893,21.5631,228.224,0.0952,0.0776,2.8464,24.0474,231.9476,0.104,0.1398
2016-04-07T08:00:59.151Z,5.0533,44.26,232.3834,0.1904,0.1152,1.7858,22.3919,228.5903,0.0982,0.088,2.7452,25.0508,232.9126,0.1071,0.1267
2016-04-07T08:01:59.535Z,5.3789,44.7504,232.6935,0.1925,0.1208,1.477,19.9159,229.082,0.0871,0.0809,2.8289,23.6809,233.1734,0.1021,0.1417
2016-04-07T08:02:59.343Z,5.3184,44.118,233.0741,0.1888,0.1203,1.8602,22.2547,228.9866,0.0969,0.0954,2.8551,24.385,232.0911,0.1049,0.1403
2016-04-07T08:03:59.843Z,4.1852,44.8289,235.0841,0.1904,0.0924,1.3429,21.9989,229.0064,0.0961,0.0725,3.1648,22.3548,229.7797,0.0976,0.163
2016-04-07T08:04:59.245Z,4.8837,44.3118,235.4071,0.1878,0.1121,1.2689,20.6408,229.2371,0.0898,0.0651,2.6849,24.8793,229.3333,0.1088,0.1276
2016-04-07T08:05:59.589Z,4.8835,45.3998,235.4481,0.1929,0.1091,1.5995,22.0349,229.7023,0.096,0.0851,2.8852,23.3965,229.2404,0.1022,0.139
2016-04-07T08:06:59.194Z,4.9838,44.6347,235.2113,0.1895,0.1126,1.4909,19.8285,229.1247,0.0869,0.089,3.2956,25.021,229.5676,0.1092,0.1454
2016-04-07T08:07:59.883Z,3.9908,44.8409,235.6283,0.1903,0.0901,1.6476,22.3521,228.3957,0.0977,0.0861,2.9033,22.639,229.8911,0.0985,0.1471
2016-04-07T08:08:59.302Z,3.8746,43.2967,235.397,0.1841,0.0902,1.7429,21.1869,228.8523,0.0926,0.0882,2.9912,24.6502,229.7609,0.1077,0.1418
2016-04-07T08:09:59.234Z,4.5291,45.2448,235.2032,0.1923,0.1,1.603,21.71,229.8729,0.0944,0.0828,3.0414,24.7172,229.7249,0.1073,0.1451
2016-04-07T08:10:59.594Z,5.1747,45.0389,234.9367,0.1917,0.1151,1.5108,22.3547,230.133,0.097,0.0783,3.0175,23.2564,229.8064,0.101,0.1516
2016-04-07T08:11:59.135Z,5.2536,44.5444,235.064,0.1898,0.1178,1.3182,20.2734,230.1276,0.0878,0.075,2.7703,24.3694,229.7054,0.1062,0.138
2016-04-07T08:12:59.948Z,4.3839,44.0501,234.8179,0.1879,0.1004,1.2517,18.4915,230.8321,0.0802,0.0708,2.8861,24.3237,229.7172,0.1062,0.141
2016-04-07T08:13:59.312Z,3.8051,44.8316,235.0953,0.1908,0.0866,1.7453,24.7231,231.4239,0.1064,0.0702,2.824,23.3886,229.3526,0.1013,0.1433
2016-04-07T08:14:59.989Z,4.0238,44.097,235.3866,0.1868,0.0937,1.2817,20.5668,231.3587,0.0888,0.0722,2.961,23.4705,227.0884,0.1033,0.1397
2016-04-07T08:15:59.206Z,5.3006,44.6439,233.0348,0.1914,0.1188,1.919,21.8832,231.2414,0.0951,0.0893,2.9406,23.8967,230.0096,0.1042,0.1446
2016-04-07T08:16:59.483Z,4.8114,44.2375,232.1962,0.1908,0.1099,1.4419,21.371,230.84,0.0933,0.0853,3.3967,24.6348,231.6742,0.1063,0.1511
2016-04-07T08:18:59.826Z,4.3402,43.9041,232.2531,0.1888,0.1004,1.4381,20.8437,230.2961,0.0906,0.0792,2.96,23.3484,230.9893,0.1009,0.1458
2016-04-07T08:19:59.172Z,4.7033,44.2952,232.7062,0.1907,0.1076,1.5089,22.1304,230.6358,0.096,0.0653,2.7428,24.9642,230.7706,0.1083,0.1336
2016-04-07T08:20:59.812Z,4.8765,44.2243,232.642,0.19,0.1107,1.5584,21.7258,229.7835,0.0943,0.0848,2.8821,24.972,232.832,0.1076,0.13
2016-04-07T08:21:59.259Z,4.7439,43.927,233.5029,0.1874,0.108,1.5686,22.245,229.4253,0.097,0.0809,2.9771,24.0767,233.1381,0.1034,0.1409
2016-04-07T08:22:59.811Z,4.0039,43.1996,233.5742,0.1848,0.0933,1.5279,22.9217,229.3757,0.1,0.0753,2.6067,26.4654,233.4713,0.1136,0.1168
2016-04-07T08:23:59.841Z,4.2273,44.8512,233.2533,0.1916,0.0962,1.8846,23.3235,230.4602,0.101,0.0869,2.7187,22.4145,233.4366,0.096,0.1398
2016-04-07T08:24:59.181Z,4.7583,44.0916,233.0746,0.1889,0.1077,1.7942,20.7336,232.4763,0.0898,0.1081,3.0773,25.4781,233.2697,0.1089,0.1403
2016-04-07T08:25:59.472Z,4.747,44.4127,233.1599,0.1908,0.1079,1.6831,19.027,231.477,0.0813,0.0984,3.1029,25.6158,234.0748,0.1096,0.1424
2016-04-07T08:26:59.306Z,4.8592,44.4166,231.7807,0.1918,0.1084,1.4182,21.3627,230.1049,0.0924,0.0815,3.2598,24.6256,234.6049,0.1048,0.1492
2016-04-07T08:27:59.647Z,4.0151,42.9508,231.6729,0.1853,0.0951,1.6812,25.512,230.1712,0.1107,0.0759,3.0008,24.6379,234.2569,0.1048,0.1379
2016-04-07T08:28:59.039Z,4.801,44.506,231.7451,0.1923,0.1084,0.9941,21.436,230.4002,0.0928,0.0749,2.9847,24.8627,233.7598,0.1064,0.1341
2016-04-07T08:29:59.592Z,4.635,44.0135,231.515,0.1901,0.1076,1.5265,21.6416,232.9173,0.0926,0.0866,3.2151,25.7109,233.16,0.1103,0.1447
2016-04-07T08:30:59.356Z,5.0523,44.0104,231.3831,0.1901,0.1143,1.961,19.3769,232.8887,0.0829,0.1087,3.2725,23.7103,233.4754,0.1015,0.1553
2016-04-07T08:31:59.662Z,3.7451,43.1407,231.2433,0.1865,0.0866,1.7973,20.2618,230.4118,0.0879,0.0949,2.52,23.6389,233.8541,0.1013,0.1291
2016-04-07T08:32:59.339Z,3.7864,42.8274,230.7363,0.1854,0.0903,1.3577,23.5136,230.3088,0.1021,0.075,3.3389,25.7987,233.6422,0.1101,0.1412
2016-04-07T08:33:59.808Z,4.8174,44.4191,231.9717,0.192,0.1108,1.7529,23.0261,229.7853,0.1,0.0761,2.558,24.6771,233.5784,0.1053,0.1296
2016-04-07T08:34:59.130Z,4.9443,44.0356,231.2656,0.1902,0.1127,1.6508,21.714,231.888,0.0938,0.0984,3.0742,23.2636,232.1736,0.1,0.1561
2016-04-07T08:35:59.558Z,4.7901,43.8218,231.663,0.1892,0.1095,1.8819,21.8552,232.1703,0.0941,0.0999,3.422,24.7445,232.3005,0.1067,0.1556
2016-04-07T08:36:59.979Z,3.8616,42.9352,230.5216,0.1859,0.0902,1.8023,22.1448,230.9195,0.0958,0.091,2.9178,25.8537,232.5977,0.1111,0.1323
2016-04-07T08:37:59.149Z,5.022,43.8717,229.6831,0.1911,0.1144,0.9644,20.9456,229.8679,0.0917,0.0774,2.5769,21.6606,232.9511,0.0929,0.1388
2016-04-07T08:38:59.695Z,4.7113,43.7982,229.8799,0.1899,0.1085,1.3427,21.6675,229.8921,0.0937,0.077,2.7746,24.8259,233,0.1067,0.1285
2016-04-07T08:39:59.382Z,4.8342,44.216,229.5919,0.1929,0.11,2.3474,23.0053,233.4584,0.0984,0.1035,3.0434,23.9112,231.8381,0.1027,0.1485
2016-04-07T08:40:59.799Z,3.4786,42.928,228.5366,0.1879,0.0811,2.4623,22.3531,233.8627,0.0954,0.1125,3.0736,25.2434,232.3557,0.1084,0.139
2016-04-07T08:41:59.568Z,3.8863,42.8492,228.2525,0.1874,0.0904,2.0522,24.211,233.4104,0.103,0.1003,2.9269,24.1585,232.2956,0.104,0.141
2016-04-07T08:42:59.752Z,5.3694,43.0449,228.3988,0.1886,0.1234,1.4568,20.7109,230.5974,0.0901,0.0829,2.6355,25.889,233.1789,0.1108,0.1266
2016-04-07T08:43:59.974Z,5.1786,42.5359,228.1637,0.1864,0.1224,1.4869,20.56,230.309,0.089,0.0793,2.7395,26.3735,232.0504,0.1135,0.1263
2016-04-07T08:44:59.233Z,5.0303,43.4688,228.4907,0.1906,0.1159,2.0146,20.1482,232.4901,0.0868,0.1169,2.9321,24.0167,230.8639,0.1038,0.144
2016-04-07T08:45:59.597Z,4.0763,43.6557,228.2388,0.1911,0.0949,1.9457,20.6066,232.1364,0.0887,0.1064,2.6363,21.9445,231.2077,0.095,0.1377
2016-04-07T08:46:59.245Z,4.6262,43.086,228.0444,0.1889,0.1084,1.8719,23.8699,232.7521,0.1024,0.0952,2.9306,24.9628,231.4556,0.1076,0.1339
2016-04-07T08:47:59.509Z,5.1188,43.2191,228.6984,0.189,0.1184,1.3924,20.4855,230.1046,0.089,0.0858,2.9766,24.7951,231.3475,0.1078,0.1362
2016-04-07T08:48:59.843Z,5.191,43.3555,227.8475,0.1901,0.1202,1.6073,20.9539,228.8271,0.0914,0.0772,2.9704,24.3283,231.5245,0.1055,0.1463
2016-04-07T08:49:59.187Z,4.0498,43.2154,228.715,0.1891,0.0946,1.7627,18.0024,228.6399,0.0788,0.1077,2.7666,23.791,231.5652,0.1031,0.1352
2016-04-07T08:50:59.605Z,4.0707,43.5719,228.9402,0.1904,0.0932,1.688,16.4488,230.8563,0.071,0.1095,3.457,21.7532,231.5814,0.0941,0.1738
2016-04-07T08:51:59.442Z,4.2933,42.631,228.6691,0.1865,0.1018,2.0012,23.0402,233.7978,0.0982,0.0957,2.932,24.9404,231.7702,0.108,0.1377
2016-04-07T08:52:59.920Z,5.2121,43.8816,229.1427,0.1918,0.1179,1.9034,22.1725,233.0385,0.0957,0.1044,3.1747,24.2086,232.4127,0.1038,0.1493
2016-04-07T08:53:59.273Z,5.0112,44.1247,230.1909,0.1914,0.1151,1.4101,23.1189,230.3773,0.1001,0.0754,2.7352,24.4644,232.701,0.1057,0.1326
2016-04-07T08:54:59.801Z,4.5148,43.6648,230.6753,0.1895,0.1035,1.614,20.8192,231.3085,0.0899,0.0901,2.8922,24.4443,232.1374,0.1051,0.1354
2016-04-07T08:55:59.962Z,4.5921,44.0088,229.9637,0.1913,0.1062,1.8171,22.3478,233.2018,0.0964,0.092,2.9759,24.8176,231.2262,0.1066,0.1402
2016-04-07T08:56:59.255Z,4.7047,44.0123,230.0469,0.1911,0.1073,1.7723,21.0277,232.8016,0.09,0.0961,3.2241,26.5524,231.6358,0.115,0.1399
2016-04-07T08:57:59.935Z,4.8649,42.8733,229.7243,0.1864,0.1132,1.8717,19.8572,233.3365,0.0854,0.1048,2.743,25.4446,231.617,0.1107,0.1288
2016-04-07T08:58:59.389Z,3.5988,42.8427,228.6733,0.1876,0.0863,1.5474,23.751,231.8298,0.1026,0.0781,2.9093,23.3054,232.0574,0.1001,0.1456
2016-04-07T08:59:59.784Z,4.8245,44.227,229.611,0.1924,0.1104,1.6923,22.6631,229.5922,0.0989,0.0914,2.7525,23.7107,232.4668,0.102,0.133
