2016-01-04T00:00:59.598Z,1090.7893,1500.6213,228.5949,6.5638,0.727,1157.2864,1568.9687,227.3484,6.9006,0.7372,1633.1143,2154.0356,228.3538,9.4326,0.7581
2016-01-04T00:01:59.009Z,1058.9718,1476.7414,228.8876,6.4514,0.7166,1102.9837,1531.7911,227.4525,6.7341,0.7201,1584.5308,2104.4292,228.5231,9.2084,0.7531
2016-01-04T00:02:59.409Z,1060.9627,1470.4487,228.8402,6.4251,0.7218,1129.6046,1565.1388,228.4029,6.8528,0.7218,1580.0982,2116.8956,228.817,9.2507,0.747
2016-01-04T00:03:59.737Z,1071.9729,1488.3546,229.0626,6.4971,0.7199,1140.3189,1568.9656,228.4391,6.8677,0.7267,1608.7841,2141.8414,228.7213,9.3638,0.7503
2016-01-04T00:04:59.965Z,1036.6818,1465.2322,229.0803,6.3956,0.7081,1092.4781,1524.0986,228.0814,6.6818,0.7168,1577.2581,2108.2456,228.7761,9.2148,0.7489
2016-01-04T00:05:59.204Z,1022.3075,1448.9105,229.036,6.3256,0.7057,1087.9735,1519.6832,228.0978,6.6618,0.7162,1561.998,2098.1247,228.8184,9.1686,0.7439
2016-01-04T00:06:59.400Z,1049.7021,1467.6208,229.0637,6.4063,0.7151,1118.6529,1547.4047,228.0196,6.7857,0.7222,1590.3646,2123.6402,228.8493,9.2791,0.7491
2016-01-04T00:07:59.667Z,1075.1408,1488.9712,229.2196,6.4953,0.7221,1143.3063,1572.9637,228.3658,6.8871,0.7268,1607.9574,2140.5843,228.7051,9.3587,0.7508
2016-01-04T00:08:59.937Z,1031.5033,1447.1982,228.961,6.3204,0.7127,1118.9547,1550.8649,228.5777,6.7847,0.7213,1570.2342,2117.2432,228.8396,9.2509,0.7419
2016-01-04T00:09:59.281Z,1026.4629,1441.5628,228.7611,6.3011,0.7122,1097.576,1530.5317,228.3007,6.7031,0.7171,1554.7833,2090.7976,228.3234,9.1567,0.7436
2016-01-04T00:10:59.599Z,1049.5603,1465.7439,228.7277,6.408,0.7157,1115.7298,1536.2082,227.7642,6.7442,0.7258,1592.4039,2118.887,228.3612,9.2781,0.7521
2016-01-04T00:11:59.966Z,1075.2303,1498.2839,228.5689,6.5544,0.7172,1136.6689,1551.8036,227.6449,6.816,0.7326,1632.9838,2155.5758,229.1124,9.4079,0.7577
2016-01-04T00:12:59.199Z,1054.5535,1474.7445,228.9702,6.4399,0.7147,1109.8433,1543.704,227.953,6.7712,0.7186,1582.4023,2111.3961,228.9284,9.2219,0.7492
2016-01-04T00:13:59.468Z,1022.5593,1483.5227,229.2359,6.4708,0.6897,1055.0051,1461.6046,225.5631,6.4791,0.7214,1621.9832,2131.3554,229.7593,9.276,0.7604
2016-01-04T00:14:59.661Z,1049.035,1485.5941,228.9661,6.4877,0.7062,1096.8758,1520.9699,227.7944,6.6756,0.721,1608.6124,2132.3224,229.3382,9.2971,0.7542
2016-01-04T00:15:59.993Z,1089.4798,1500.4043,228.9416,6.5531,0.726,1156.8374,1590.3239,228.7603,6.9512,0.7276,1614.7694,2149.6594,229.1744,9.3794,0.7514
2016-01-04T00:16:59.244Z,1062.1614,1470.4949,229.0459,6.42,0.7223,1144.8551,1583.6757,228.9632,6.9159,0.7226,1581.0833,2128.2569,229.1648,9.286,0.7432
2016-01-04T00:17:59.636Z,1037.5382,1448.3131,228.891,6.3269,0.7162,1113.6341,1555.9214,228.8238,6.799,0.7159,1555.9142,2102.5558,229.0302,9.18,0.7402
2016-01-04T00:18:59.926Z,1056.2282,1482.0746,229.4646,6.4586,0.7129,1106.9052,1548.5501,228.4172,6.7788,0.7143,1580.5034,2113.8739,229.51,9.21,0.7478
2016-01-04T00:19:59.301Z,1098.6699,1522.6051,229.6381,6.6299,0.7219,1143.5101,1578.2148,228.1036,6.9185,0.7238,1630.1657,2154.3179,229.5717,9.3833,0.7567
2016-01-04T00:20:59.604Z,1075.6878,1509.3821,229.5038,6.5763,0.7122,1117.5322,1538.1513,226.9746,6.776,0.7269,1633.0166,2146.8373,229.3402,9.3599,0.7613
2016-01-04T00:21:59.857Z,1033.0743,1500.7874,230.0914,6.5218,0.6884,1060.4481,1471.1782,225.7392,6.5167,0.7208,1632.2879,2142.2632,230.3068,9.3008,0.7616
2016-01-04T00:22:59.221Z,1051.148,1514.5276,230.6809,6.5645,0.6942,1067.6968,1495.971,226.5517,6.6024,0.7141,1625.3783,2137.8975,230.4725,9.2755,0.76
2016-01-04T00:23:59.375Z,1129.0956,1558.096,230.5209,6.7591,0.724,1125.2203,1580.4856,228.5914,6.9133,0.7119,1624.1729,2133.1164,229.288,9.3026,0.7607
2016-01-04T00:24:59.578Z,1108.3316,1535.8064,229.6664,6.6869,0.7217,1118.9414,1568.6669,228.7486,6.8574,0.7132,1610.133,2124.2598,229.1781,9.2684,0.7579
2016-01-04T00:25:59.856Z,1060.1131,1487.0799,229.2802,6.4854,0.7129,1096.9084,1552.3073,229.5396,6.7618,0.7068,1566.5319,2102.493,229.7243,9.1517,0.7451
2016-01-04T00:26:59.336Z,1044.1925,1471.098,229.3496,6.4137,0.71,1117.7836,1563.4269,229.7011,6.8061,0.7153,1575.7094,2130.5976,230.3648,9.2482,0.7397
2016-01-04T00:27:59.467Z,1096.1129,1516.6884,229.6797,6.6028,0.7228,1160.9566,1604.4726,229.5529,6.989,0.7237,1619.28,2162.034,230.0734,9.3969,0.7491
2016-01-04T00:28:59.743Z,1096.7202,1508.387,229.4718,6.5729,0.7273,1151.9684,1596.1025,229.0945,6.9669,0.7213,1606.5494,2138.8258,229.1672,9.3327,0.7504
2016-01-04T00:29:59.210Z,1056.5018,1474.6688,229.3472,6.4291,0.7163,1104.0329,1542.6133,227.9643,6.7658,0.7158,1571.9863,2096.6292,228.6884,9.1673,0.749
2016-01-04T00:30:59.422Z,1052.998,1495.1447,229.4712,6.5152,0.7042,1076.3922,1488.9684,225.3553,6.6062,0.7229,1617.0642,2115.6387,229.2011,9.23,0.7641
2016-01-04T00:31:59.883Z,1118.0376,1508.9156,229.0152,6.5886,0.7418,1162.5456,1602.3286,227.9161,7.029,0.7256,1599.3081,2114.5842,227.7904,9.2823,0.7569
2016-01-04T00:32:59.162Z,1111.0551,1511.7074,229.516,6.586,0.7351,1171.7598,1616.7907,228.9418,7.0618,0.7245,1601.2627,2132.2156,228.6834,9.3233,0.7507
2016-01-04T00:33:59.523Z,1064.3949,1480.9794,229.3191,6.4571,0.719,1112.7756,1558.746,228.6373,6.8172,0.7139,1571.4384,2102.069,229.0104,9.1783,0.7484
2016-01-04T00:34:59.751Z,1061.2368,1480.7852,229.2126,6.4594,0.7158,1109.6171,1551.3881,228.761,6.7814,0.7151,1576.1564,2104.6214,228.955,9.1918,0.7499
2016-01-04T00:35:59.023Z,1097.9799,1506.5468,228.883,6.5819,0.7287,1153.519,1583.6211,228.591,6.9274,0.7278,1617.9985,2140.7583,228.5233,9.367,0.756
2016-01-04T00:36:59.389Z,1113.8786,1514.7521,229.1133,6.6107,0.7348,1169.2579,1602.3748,228.374,7.0164,0.7299,1621.3793,2144.7768,228.505,9.3851,0.7561
2016-01-04T00:37:59.677Z,1076.2911,1488.3712,229.1499,6.4946,0.723,1111.4922,1554.4062,228.2488,6.8098,0.7154,1578.5088,2096.1381,228.2728,9.1818,0.7526
2016-01-04T00:38:59.988Z,1064.83,1476.5773,228.9381,6.449,0.7213,1111.222,1548.8854,228.3416,6.7828,0.7178,1576.5598,2098.1863,228.4603,9.1836,0.7504
2016-01-04T00:39:59.306Z,1099.7031,1507.3826,228.7922,6.5878,0.7291,1150.7392,1581.223,228.2594,6.9266,0.7275,1616.6939,2136.1009,228.6603,9.3409,0.7565
2016-01-04T00:40:59.538Z,1108.2423,1507.0931,227.9244,6.6118,0.7351,1178.736,1594.7759,228.1632,6.989,0.739,1637.7416,2161.709,228.6557,9.4537,0.757
2016-01-04T00:41:59.802Z,940.2712,1290.6941,227.9588,5.6682,0.644,993.5439,1384.5036,229.1003,6.0484,0.6351,1375.7197,1834.7549,227.5189,8.0666,0.7467
2016-01-04T00:42:59.062Z,64.3638,247.837,228.8401,1.0844,0.077,61.7658,208.1252,230.4355,0.9048,0.0776,175.5269,281.5894,229.8882,1.2237,0.6884
2016-01-04T00:43:59.277Z,251.9286,526.183,228.5048,2.31,0.2294,279.3938,549.2441,229.5638,2.398,0.246,371.2324,638.6547,231.0229,2.772,0.6533
2016-01-04T00:44:59.653Z,56.2616,200.6209,228.9842,0.8778,0.0769,77.0156,237.4878,229.8316,1.0333,0.0791,430.6912,539.9586,230.9076,2.3441,0.7898
2016-01-04T00:46:59.324Z,1123.8849,1531.6425,227.2988,6.7378,0.7337,1203.2252,1611.5687,228.2871,7.0588,0.7467,1675.2963,2205.1943,229.3752,9.6132,0.7599
2016-01-04T00:47:59.573Z,1142.8032,1542.7519,227.1798,6.7902,0.7402,1261.3843,1660.2111,228.7719,7.2561,0.76,1710.452,2255.7637,229.6461,9.8222,0.7594
2016-01-04T00:48:59.781Z,1095.273,1501.7763,227.3441,6.6056,0.7292,1213.3752,1618.9399,229.1707,7.0638,0.7496,1661.9674,2212.4194,229.886,9.6238,0.751
2016-01-04T00:49:59.104Z,1046.7353,1461.3761,227.5311,6.4218,0.7159,1150.5302,1566.1158,229.0522,6.8369,0.7343,1602.2674,2154.6125,229.8665,9.3726,0.7433
2016-01-04T00:50:59.312Z,1029.6007,1462.3692,227.7131,6.4214,0.7038,1117.0182,1514.6489,226.8044,6.6774,0.7373,1623.8716,2159.484,230.6163,9.3632,0.752
2016-01-04T00:51:59.609Z,1060.7777,1471.2232,227.0687,6.4786,0.7208,1160.5368,1557.7007,227.3103,6.8517,0.7453,1629.3137,2162.3042,229.3701,9.4264,0.7539
2016-01-04T00:52:59.850Z,1039.9206,1438.7153,227.2287,6.3311,0.7232,1158.7829,1585.9446,229.9577,6.8961,0.7308,1567.5903,2129.5574,229.765,9.2683,0.7358
2016-01-04T00:53:59.165Z,1029.4321,1444.5387,227.8593,6.3391,0.7125,1115.1578,1552.6948,229.7554,6.7579,0.7183,1550.2824,2100.1699,229.3662,9.1558,0.7382
2016-01-04T00:54:59.420Z,1060.1867,1484.2233,229.3012,6.4727,0.7146,1107.0176,1556.2272,229.3738,6.7841,0.7114,1570.1788,2102.9044,229.2871,9.1709,0.7472
2016-01-04T00:55:59.674Z,1095.8461,1512.3283,229.3164,6.5943,0.725,1143.9129,1587.0862,229.2423,6.9229,0.7203,1604.1031,2132.8931,229.1709,9.3066,0.7512
2016-01-04T00:56:59.884Z,1068.1259,1485.1304,229.1587,6.4804,0.7191,1116.0512,1560.1556,228.7571,6.8197,0.7154,1573.6419,2099.8102,228.5549,9.1869,0.7503
2016-01-04T00:57:59.217Z,1053.6149,1470.5541,229.1413,6.4173,0.7165,1088.6968,1534.8855,228.1038,6.7285,0.7091,1554.1819,2073.5074,228.4597,9.0758,0.7495
2016-01-04T00:58:59.559Z,1056.3212,1470.2337,228.8402,6.4249,0.7182,1110.4133,1551.0832,228.6502,6.7827,0.7158,1563.8813,2089.2674,228.3783,9.1479,0.7489
2016-01-04T00:59:59.788Z,1092.8836,1503.5639,228.7603,6.5723,0.727,1148.3921,1580.7494,228.6992,6.9112,0.7267,1606.8434,2128.4501,228.3687,9.3199,0.755
