2016-04-24T00:00:59.910Z,3.9975,68.3435,228.5917,0.2984,0.059,2.5979,62.0517,230.5861,0.269,0.042,2.1003,60.8086,229.76,0.2648,0.036
2016-04-24T00:01:59.297Z,3.9034,69.5028,228.9558,0.3032,0.0571,2.8687,63.6612,231.241,0.2748,0.0439,2.0426,62.9033,230.558,0.2724,0.0326
2016-04-24T00:02:59.735Z,3.3896,70.6311,229.0621,0.3085,0.0478,2.9466,64.7601,231.4395,0.2799,0.0458,2.3463,64.5391,230.4242,0.2803,0.0363
2016-04-24T00:03:59.065Z,5.0335,69.8709,228.833,0.3049,0.0726,2.5742,61.4928,231.2997,0.2658,0.0447,2.1734,61.2379,230.2651,0.2661,0.0374
2016-04-24T00:04:59.384Z,4.5991,71.7838,229.5001,0.3127,0.0652,2.7128,62.8107,230.5768,0.2722,0.0425,1.9039,64.189,229.7951,0.2793,0.0307
2016-04-24T00:05:59.841Z,4.6784,71.7821,230.4262,0.3112,0.0654,2.7521,64.1164,230.965,0.2774,0.0446,1.8522,61.5207,230.1108,0.2675,0.0297
2016-04-24T00:06:59.245Z,4.1482,70.8982,230.621,0.3072,0.0596,2.6898,63.4943,231.0594,0.2748,0.0407,2.2661,63.1771,230.0708,0.2746,0.0347
2016-04-24T00:07:59.090Z,3.6333,71.7282,230.6844,0.3105,0.0521,2.3555,63.3437,230.8663,0.2741,0.0392,1.9216,61.8253,230.068,0.2689,0.0301
2016-04-24T00:08:59.367Z,5.2333,71.2388,230.543,0.309,0.0752,3.1729,64.4319,230.521,0.2797,0.0481,2.6949,63.5297,230.0909,0.2758,0.0436
2016-04-24T00:09:59.633Z,4.8888,72.0016,230.1703,0.3126,0.0693,2.907,61.8269,229.6558,0.2691,0.0457,2.1997,62.4637,229.9127,0.2718,0.0363
2016-04-24T00:10:59.584Z,4.4152,71.0702,229.9356,0.3096,0.0632,2.5093,65.5209,229.4995,0.2851,0.0359,2.3105,61.4045,229.6389,0.2678,0.0382
2016-04-24T00:11:59.278Z,3.5573,73.1602,230.474,0.318,0.0498,2.1792,61.746,230.6805,0.2673,0.0365,2.2468,62.4208,229.8933,0.2713,0.0371
2016-04-24T00:12:59.727Z,4.049,72.2097,231.2984,0.312,0.0557,2.2578,62.6026,231.6976,0.2703,0.0363,1.9808,63.0181,230.5066,0.2733,0.0325
2016-04-24T00:13:59.061Z,4.8423,71.2757,230.7883,0.3089,0.0693,2.6706,63.9621,231.4629,0.2767,0.0423,2.3359,62.0999,230.4678,0.2699,0.039
2016-04-24T00:14:59.432Z,4.821,71.8036,230.9908,0.311,0.0693,2.9321,63.6945,231.4662,0.2748,0.0455,2.2852,63.1962,230.8645,0.274,0.0358
2016-04-24T00:15:59.559Z,4.6681,71.1192,230.4314,0.3087,0.0669,2.8486,64.3247,231.1163,0.2784,0.0446,2.2196,62.6749,230.3797,0.2722,0.0357
2016-04-24T00:16:59.925Z,4.0544,70.7112,230.343,0.3068,0.0574,2.4757,61.4149,230.9296,0.2665,0.0412,1.5976,62.7916,230.4651,0.2726,0.026
2016-04-24T00:17:59.307Z,4.1596,69.5812,230.2276,0.3026,0.0608,2.6311,61.533,231.1773,0.2663,0.0433,2.2824,63.848,230.593,0.2771,0.0357
2016-04-24T00:18:59.296Z,4.3954,69.9771,230.4668,0.3035,0.0637,2.9195,61.997,231.4385,0.2675,0.0459,2.2304,61.7541,230.8848,0.267,0.0367
2016-04-24T00:19:59.391Z,5.0435,72.378,230.3798,0.3136,0.0715,2.7656,60.7478,230.1344,0.2646,0.0442,1.7249,61.0807,231.1419,0.2643,0.0287
2016-04-24T00:20:59.490Z,5.3148,71.4626,230.4966,0.3102,0.0756,1.7474,60.1945,228.3435,0.264,0.0292,2.2454,61.2619,231.4816,0.2649,0.0362
2016-04-24T00:21:59.438Z,5.1436,70.99,230.2756,0.3085,0.0732,2.8087,61.5415,231.0619,0.2666,0.0452,2.1474,60.8792,230.7151,0.2643,0.0353
2016-04-24T00:22:59.705Z,5.3862,71.249,230.1782,0.3092,0.0763,2.7993,63.1598,231.4102,0.2729,0.0447,2.2753,62.5721,230.642,0.2714,0.037
2016-04-24T00:23:59.032Z,4.1941,71.5084,230.0412,0.3108,0.0591,3.1614,63.2869,231.2006,0.2739,0.0501,2.3537,64.2868,230.5002,0.2794,0.0364
2016-04-24T00:24:59.646Z,4.3161,71.2564,229.7947,0.31,0.0608,2.4821,64.0248,231.3115,0.2767,0.0392,2.1278,62.8027,230.3548,0.2725,0.0338
2016-04-24T00:25:59.967Z,3.7676,71.1953,229.8833,0.3093,0.0543,2.6478,64.2554,231.5372,0.2776,0.0415,2.37,63.2396,230.3046,0.275,0.0376
2016-04-24T00:26:59.378Z,3.6354,71.0684,229.8848,0.3091,0.0509,3.0317,61.3883,231.647,0.2652,0.0518,2.2682,63.153,230.3772,0.2733,0.0368
2016-04-24T00:27:59.758Z,4.8809,71.2682,230.0642,0.3098,0.0701,2.8071,61.4073,231.3808,0.2659,0.0453,1.9469,62.2411,230.0399,0.2704,0.0319
2016-04-24T00:28:59.093Z,4.8977,71.1627,229.7943,0.3098,0.0716,2.4679,63.5471,231.0814,0.2746,0.0391,1.8964,59.7907,230.2087,0.2599,0.0334
2016-04-24T00:29:59.564Z,4.9014,69.8582,229.8257,0.3042,0.0699,2.5336,64.2467,231.7373,0.2779,0.0374,2.5578,63.2363,230.6648,0.2742,0.04
2016-04-24T00:30:59.074Z,4.2971,71.5081,230.001,0.3108,0.0607,3.7799,66.2677,231.9519,0.2854,0.0577,1.4549,61.8959,230.755,0.2682,0.0243
2016-04-24T00:31:59.964Z,4.0972,71.6426,229.7543,0.3121,0.0579,2.6412,64.2439,230.9587,0.2782,0.0407,2.414,62.4824,229.9873,0.2717,0.04
2016-04-24T00:32:59.501Z,4.0826,69.7858,229.7653,0.3036,0.0607,2.8384,62.5928,230.7948,0.2711,0.0464,1.8169,62.6347,229.7116,0.273,0.0291
2016-04-24T00:33:59.901Z,4.6146,71.7045,230.0341,0.3111,0.067,2.4801,64.0348,230.8484,0.278,0.0377,2.39,63.4336,229.7358,0.2762,0.0372
2016-04-24T00:34:59.268Z,4.9346,70.2037,230.0953,0.3054,0.0722,2.935,62.2159,230.4677,0.2702,0.0453,2.4339,63.3636,230.0221,0.2758,0.0383
2016-04-24T00:35:59.145Z,4.0456,71.4959,230.3467,0.3109,0.0567,2.6927,62.8553,229.7903,0.2734,0.045,2.5673,63.1683,230.3929,0.2739,0.04
2016-04-24T00:36:59.461Z,4.8063,71.495,230.2434,0.3104,0.0679,2.5283,64.5896,230.27,0.2805,0.0398,1.9389,62.0666,230.4262,0.2693,0.0316
2016-04-24T00:37:59.178Z,4.5178,70.777,230.2068,0.3071,0.066,2.8827,62.8023,230.5136,0.2727,0.0497,2.1736,62.1523,230.7459,0.2696,0.0371
2016-04-24T00:38:59.699Z,5.0173,71.3714,229.9025,0.3105,0.0714,3.0365,63.4758,230.2693,0.2754,0.0472,2.0941,63.0746,230.5398,0.2738,0.0336
2016-04-24T00:39:59.435Z,4.4793,70.6826,229.6158,0.3076,0.0646,2.3727,62.9166,230.0539,0.274,0.0367,2.1168,62.9229,230.4209,0.273,0.0338
2016-04-24T00:40:59.742Z,4.6674,70.8683,229.5008,0.308,0.067,2.605,62.9124,229.6005,0.2745,0.043,2.2796,63.2932,230.362,0.2747,0.036
2016-04-24T00:41:59.479Z,4.3808,72.1279,229.967,0.3134,0.0614,3.074,62.8566,229.5554,0.2737,0.0478,2.3276,62.8329,231.1944,0.2717,0.0366
2016-04-24T00:42:59.330Z,4.0793,70.2547,230.2451,0.3055,0.0591,2.987,62.6123,229.6944,0.2732,0.0488,2.1067,63.6252,231.3157,0.2754,0.0329
2016-04-24T00:43:59.646Z,3.9314,70.4853,230.3589,0.3062,0.0575,3.2573,62.364,230.5364,0.2703,0.0547,2.4398,61.7737,231.3377,0.2669,0.0387
2016-04-24T00:44:59.938Z,4.1942,70.7439,230.3855,0.3074,0.0593,2.5723,62.8092,230.2967,0.273,0.0415,1.8325,64.2447,231.3802,0.2776,0.0292
2016-04-24T00:45:59.447Z,4.8506,71.4688,230.3729,0.3103,0.0692,2.6862,64.5281,230.4072,0.2796,0.0408,2.3843,63.3658,231.2479,0.2741,0.0383
2016-04-24T00:46:59.939Z,4.5499,71.382,229.8098,0.3103,0.064,2.6395,63.057,230.4551,0.2736,0.0423,2.4237,63.0738,230.9359,0.2729,0.0383
2016-04-24T00:47:59.624Z,3.8853,70.6687,229.5447,0.3077,0.0556,2.7033,61.6524,230.1058,0.2679,0.0437,1.8757,62.1672,230.8878,0.269,0.0306
2016-04-24T00:48:59.104Z,3.4917,70.7729,229.4494,0.3089,0.0499,3.5712,64.414,229.642,0.2803,0.0529,2.2019,62.877,230.6191,0.2728,0.0357
2016-04-24T00:49:59.456Z,4.4863,70.734,229.7052,0.3076,0.0637,3.035,62.9092,229.3997,0.274,0.0488,1.6892,63.2338,230.3227,0.2746,0.0265
2016-04-24T00:50:59.828Z,4.8577,70.4579,229.8269,0.3064,0.0707,3.0352,62.5766,229.6742,0.2734,0.0492,2.0195,63.3712,230.663,0.2748,0.0305
2016-04-24T00:51:59.372Z,4.4983,71.2621,229.8666,0.3099,0.0632,2.8693,60.3698,229.4468,0.2627,0.0466,1.9643,62.5147,230.5886,0.271,0.0323
2016-04-24T00:52:59.123Z,4.2267,71.5779,229.6554,0.3119,0.0593,3.0273,61.7407,229.2108,0.2698,0.0496,2.3221,63.7637,230.53,0.2767,0.0373
2016-04-24T00:53:59.698Z,3.785,71.2338,231.4068,0.3076,0.0538,2.962,63.2907,231.1067,0.2739,0.0478,2.4266,64.1636,232.254,0.2759,0.0384
2016-04-24T00:54:59.002Z,4.9053,71.6614,232.1004,0.3082,0.0701,2.9107,63.3167,232.0762,0.2727,0.0459,2.3794,63.601,232.612,0.2733,0.0362
2016-04-24T00:55:59.296Z,4.7937,71.367,231.506,0.3084,0.0682,2.6816,61.0215,231.778,0.2633,0.0442,2.1459,64.827,232.4432,0.2791,0.0321
2016-04-24T00:56:59.165Z,4.7886,72.3574,231.5458,0.3121,0.0671,2.609,63.3431,231.7102,0.2733,0.0437,2.2915,62.1807,232.3763,0.268,0.036
2016-04-24T00:57:59.596Z,3.631,71.1251,232.0489,0.3066,0.0512,2.7631,62.5473,232.1132,0.2687,0.0448,2.0133,63.3754,232.9865,0.2722,0.032
2016-04-24T00:58:59.592Z,4.8581,70.5069,231.9433,0.3042,0.0692,3.0065,62.6255,232.6643,0.2691,0.0475,2.057,63.6864,232.6497,0.2738,0.0322
2016-04-24T00:59:59.350Z,4.7054,71.482,231.9504,0.308,0.0664,3.2563,65.4385,232.7885,0.2811,0.0507,1.952,63.2256,232.5263,0.2723,0.0319
