2016-03-15T00:00:59.844Z,4.8271,70.516,230.4004,0.3063,0.0695,3.0074,61.5782,230.6105,0.2672,0.0503,2.4671,61.8821,232.0377,0.2664,0.0408
2016-03-15T00:01:59.191Z,4.6724,72.0706,230.9236,0.3122,0.0646,2.5169,63.48,230.5704,0.2748,0.0413,2.3284,64.0203,232.3326,0.2757,0.0362
2016-03-15T00:02:59.901Z,4.369,72.3155,231.0152,0.3129,0.0608,3.5586,63.8871,230.3273,0.2775,0.0561,3.0952,63.864,232.2108,0.2747,0.0466
2016-03-15T00:03:59.907Z,4.3713,71.3959,231.1252,0.3089,0.0619,2.7001,63.4211,230.6156,0.2751,0.0423,2.9975,64.4525,231.9401,0.2782,0.0452
2016-03-15T00:04:59.211Z,4.7596,71.4754,231.0279,0.3088,0.0692,2.6273,63.6825,230.3294,0.2765,0.0424,2.8845,63.7527,231.6087,0.2753,0.0448
2016-03-15T00:05:59.620Z,5.7268,70.632,230.7251,0.306,0.0847,2.5911,62.9201,230.1978,0.2732,0.0411,3.3123,63.0239,231.5187,0.272,0.0549
2016-03-15T00:07:59.682Z,4.5801,71.682,230.6823,0.3105,0.0656,2.9193,62.3664,230.2041,0.271,0.0474,2.6125,62.4623,231.5137,0.2699,0.0427
2016-03-15T00:08:59.985Z,4.9097,72.1148,230.9666,0.3115,0.069,2.3697,62.3275,230.648,0.27,0.0392,3.0453,63.616,231.4014,0.2742,0.047
2016-03-15T00:09:59.632Z,4.4838,73.2191,231.3426,0.3167,0.0617,3.3362,62.7194,231.1197,0.2719,0.0528,2.7326,62.695,231.7861,0.2704,0.0436
2016-03-15T00:10:59.604Z,4.5688,70.8278,232.0926,0.3053,0.0645,2.3869,62.5903,229.44,0.2729,0.0371,2.6649,62.87,231.8636,0.2713,0.0427
2016-03-15T00:11:59.885Z,4.7174,71.5796,232.4305,0.3081,0.0671,2.5042,61.5675,229.4592,0.268,0.0418,3.0247,63.3356,231.6609,0.273,0.0491
2016-03-15T00:12:59.344Z,4.7456,72.4863,232.5521,0.3114,0.0655,2.797,62.2463,231.6002,0.2687,0.0449,2.0884,62.9102,231.5281,0.2711,0.0357
2016-03-15T00:13:59.648Z,4.9389,71.9127,232.3614,0.3092,0.0713,2.4292,62.8011,231.328,0.2718,0.0371,3.5386,64.3763,231.889,0.2776,0.0555
2016-03-15T00:14:59.466Z,4.2584,72.0421,231.9482,0.3104,0.0602,3.6374,64.447,231.5808,0.2785,0.0574,2.321,63.8697,231.8249,0.2757,0.0392
2016-03-15T00:15:59.718Z,5.1038,71.6564,232.1,0.308,0.0725,2.5412,62.8654,230.9433,0.2723,0.0403,2.5214,62.6337,231.8141,0.2707,0.0411
2016-03-15T00:16:59.100Z,4.7244,71.502,231.6429,0.3081,0.0662,2.4311,63.4802,231.1592,0.2748,0.0377,3.1494,62.5407,231.6441,0.2699,0.0517
2016-03-15T00:17:59.343Z,4.3796,71.9608,232.0252,0.3099,0.0622,2.8693,63.1946,231.32,0.2727,0.0463,2.7574,62.347,231.7925,0.2689,0.0453
2016-03-15T00:18:59.723Z,4.8913,71.6102,232.5299,0.308,0.0697,2.9768,63.1474,231.5703,0.2724,0.0478,2.8722,62.6948,232.0595,0.2699,0.0449
2016-03-15T00:19:59.001Z,5.3735,72.3385,232.1789,0.3117,0.0769,3.0382,63.6611,231.6461,0.2744,0.0467,2.8417,63.9634,232.4316,0.2747,0.0445
2016-03-15T00:20:59.516Z,5.5064,72.7035,232.2903,0.3129,0.0767,2.9134,63.3449,231.7186,0.2733,0.0485,2.7784,63.9167,232.4154,0.2755,0.0442
2016-03-15T00:21:59.742Z,4.3911,72.1516,232.7811,0.3107,0.063,2.9508,62.971,232.5548,0.2712,0.0491,2.149,61.8231,232.4538,0.2664,0.0382
2016-03-15T00:22:59.041Z,4.2341,72.1222,232.8552,0.3093,0.0592,2.9198,65.7336,233.0756,0.2816,0.0428,2.8423,64.4619,232.4996,0.2776,0.0439
2016-03-15T00:23:59.290Z,4.8289,73.0557,233.1518,0.3133,0.0666,3.3104,64.6465,232.9505,0.2775,0.0511,3.4442,62.1866,232.2004,0.2677,0.0557
2016-03-15T00:24:59.622Z,4.8223,72.1234,232.5636,0.3101,0.0699,2.3749,63.531,232.5862,0.2734,0.0357,2.8549,62.996,232.0504,0.2713,0.0455
2016-03-15T00:25:59.005Z,5.0034,71.1113,232.6231,0.3061,0.0704,2.7517,63.7596,232.3117,0.2742,0.0434,3.0296,62.8766,231.9699,0.2708,0.0508
2016-03-15T00:26:59.538Z,4.1053,72.3709,232.4035,0.311,0.0584,3.212,64.2783,232.0772,0.2768,0.0499,2.7671,62.2852,231.4787,0.2692,0.044
2016-03-15T00:27:59.832Z,5.2645,71.0151,231.6192,0.3063,0.0758,2.6744,64.3599,231.5253,0.2777,0.0433,3.0098,63.259,230.8944,0.2738,0.0473
2016-03-15T00:28:59.080Z,5.0076,72.6338,232.2697,0.313,0.0699,3.0124,63.628,232.0879,0.2747,0.0449,2.6821,64.5602,231.7209,0.2789,0.0443
2016-03-15T00:29:59.309Z,4.6638,71.1503,231.9895,0.3068,0.0658,3.3138,64.0233,232.0569,0.2755,0.0504,3.1321,63.946,232.2227,0.2748,0.0492
2016-03-15T00:30:59.636Z,4.2051,69.3828,231.8274,0.2996,0.0611,2.3234,62.0243,232.1082,0.2672,0.0384,3.0422,64.2823,232.1267,0.2772,0.0508
2016-03-15T00:31:59.429Z,4.5808,71.5056,231.8183,0.3084,0.064,3.6216,63.5289,231.8469,0.2739,0.0542,2.3201,62.8932,231.7211,0.2716,0.0364
2016-03-15T00:32:59.624Z,5.1268,71.6018,231.1041,0.3099,0.0726,2.7929,63.8932,231.4467,0.2757,0.0432,2.7337,62.4262,231.5538,0.2695,0.0454
2016-03-15T00:33:59.778Z,4.9718,72.3675,231.1453,0.3127,0.0708,3.3271,62.9171,231.5909,0.2712,0.0524,2.7362,63.955,231.7857,0.2766,0.0443
2016-03-15T00:34:59.467Z,4.7114,70.795,230.6088,0.3067,0.0688,2.6791,61.7812,230.9734,0.2679,0.0451,2.9258,63.3881,231.6589,0.2741,0.0476
2016-03-15T00:35:59.786Z,3.9776,70.3592,230.5275,0.3049,0.0571,2.1357,63.1559,231.0364,0.2732,0.0349,2.3669,63.8889,231.6042,0.276,0.0371
2016-03-15T00:36:59.147Z,3.914,71.5522,230.8188,0.3101,0.055,2.7382,63.0724,230.9676,0.2727,0.0439,2.859,63.7666,231.4822,0.2752,0.0448
2016-03-15T00:37:59.399Z,4.919,70.3773,230.9512,0.305,0.0705,2.8173,62.6998,230.9035,0.271,0.0479,3.3743,63.0421,231.5033,0.2722,0.0558
2016-03-15T00:38:59.807Z,5.2825,72.3924,230.694,0.3132,0.0716,3.1086,63.1485,230.8191,0.2735,0.0496,3.0931,62.8091,231.3374,0.2712,0.0495
2016-03-15T00:39:59.026Z,4.5677,71.2864,230.6697,0.3091,0.0634,3.555,62.3562,230.0576,0.2709,0.0556,2.7496,63.4096,231.2384,0.2741,0.0438
2016-03-15T00:40:59.647Z,4.4367,69.8915,230.7489,0.3027,0.0649,2.6179,62.0712,230.1895,0.2693,0.0458,2.4601,63.1639,231.4999,0.273,0.0399
2016-03-15T00:41:59.981Z,5.0321,71.144,230.5287,0.3087,0.0718,3.2004,63.5941,230.9684,0.2747,0.0507,3.178,63.292,232.0165,0.2727,0.049
2016-03-15T00:42:59.149Z,5.1881,72.0478,230.4201,0.3131,0.0723,2.6983,62.1998,230.9072,0.2693,0.0438,1.9487,63.0702,232.0384,0.2717,0.0309
2016-03-15T00:43:59.603Z,4.7533,72.1098,230.2526,0.3132,0.0672,2.8264,64.0664,230.9305,0.2772,0.0437,2.9375,63.2518,232.0625,0.2726,0.0466
2016-03-15T00:44:59.099Z,4.0124,69.2558,230.5901,0.2999,0.0596,3.6238,62.3631,230.7268,0.2702,0.0583,1.8568,61.2359,232.482,0.2631,0.0293
2016-03-15T00:45:59.387Z,4.8998,71.6819,230.5543,0.3114,0.07,3.103,62.0232,230.6663,0.2688,0.0518,2.4992,62.597,232.1076,0.27,0.0408
2016-03-15T00:46:59.696Z,4.4292,71.1129,230.8016,0.3082,0.0626,2.5551,63.1479,228.4558,0.2764,0.0421,2.8936,63.9698,232.8189,0.2743,0.044
2016-03-15T00:47:59.127Z,4.3737,71.3373,231.23,0.3082,0.0614,2.36,62.368,228.8592,0.272,0.039,2.3092,64.2886,232.8601,0.2756,0.0365
2016-03-15T00:48:59.627Z,3.7978,73.1598,231.4358,0.3159,0.0538,2.6795,65.8695,231.3056,0.2844,0.0421,2.8214,62.336,232.1868,0.2687,0.046
2016-03-15T00:49:59.117Z,4.259,71.4412,231.3341,0.3089,0.0612,2.8678,61.7938,231.5018,0.267,0.0467,2.9228,62.3246,232.6279,0.2678,0.0468
2016-03-15T00:50:59.503Z,4.7168,70.4866,231.2479,0.304,0.0691,2.3521,62.9078,231.3823,0.2724,0.0391,3.0347,64.2395,232.5066,0.2761,0.049
2016-03-15T00:51:59.801Z,4.9854,72.4051,231.5765,0.3126,0.0697,3.1493,63.9767,231.8088,0.2756,0.0488,2.0731,62.6934,233.2258,0.2691,0.0327
2016-03-15T00:52:59.471Z,4.8301,70.5651,232.1256,0.3042,0.0713,2.9478,62.0512,231.2904,0.2686,0.0479,2.6166,62.6903,233.7527,0.2677,0.0421
2016-03-15T00:53:59.871Z,3.4374,71.2814,232.0339,0.3072,0.0485,2.459,60.6186,230.8486,0.2633,0.0441,2.8024,63.2051,233.2887,0.2708,0.0443
2016-03-15T00:54:59.628Z,4.5656,72.7913,231.7903,0.3138,0.0639,2.9612,63.0073,231.1713,0.2726,0.0482,2.6199,61.4777,232.8001,0.2643,0.0444
2016-03-15T00:55:59.916Z,4.4661,72.2793,231.2566,0.3126,0.0624,2.869,62.7271,231.524,0.2707,0.0472,2.5191,62.5198,232.7589,0.2684,0.0405
2016-03-15T00:56:59.225Z,5.6904,71.621,231.189,0.31,0.0809,3.1988,63.8731,232.3479,0.2746,0.0526,2.9671,63.0291,233.1231,0.2707,0.0467
2016-03-15T00:57:59.142Z,4.2797,72.0168,231.3592,0.3111,0.0598,2.6141,63.5338,231.8322,0.2738,0.0437,2.4283,64.0606,232.8634,0.2747,0.0382
2016-03-15T00:58:59.459Z,5.1196,71.5015,231.4114,0.3088,0.0717,2.4016,62.34,231.6421,0.2688,0.0404,2.8314,62.9975,232.7802,0.2701,0.0439
2016-03-15T00:59:59.752Z,5.129,71.7676,231.5413,0.3103,0.0738,2.888,62.1448,231.4199,0.2688,0.0465,2.8965,64.6001,232.3368,0.2781,0.0438
2016-03-15T01:00:59.082Z,4.9086,68.6754,231.2249,0.2971,0.0722,2.6306,62.3831,231.0961,0.2706,0.0431,2.9656,62.7878,231.9966,0.271,0.0492
2016-03-15T01:01:59.738Z,5.2245,72.5001,231.1623,0.3132,0.0732,3.1949,60.3841,230.7435,0.2618,0.0529,2.7521,62.069,231.5464,0.2684,0.0453
2016-03-15T01:02:59.886Z,5.3647,71.7635,231.3938,0.3107,0.0753,2.7981,63.1719,230.2864,0.2746,0.0453,2.792,63.8655,230.044,0.2778,0.0436
2016-03-15T01:03:59.094Z,4.8242,70.4743,231.8039,0.3042,0.0706,3.3603,61.6967,230.2902,0.2684,0.056,2.8483,61.9106,230.4841,0.2686,0.0466
2016-03-15T01:04:59.680Z,4.7893,71.8253,231.6485,0.31,0.0673,2.9336,61.2207,230.5676,0.2658,0.0503,3.0022,62.8728,231.4774,0.2721,0.0485
2016-03-15T01:05:59.898Z,5.0247,71.757,231.6365,0.3091,0.0705,2.7021,63.6779,230.813,0.2758,0.0447,3.0197,63.4477,231.3395,0.2747,0.0489
2016-03-15T01:06:59.193Z,5.3053,71.0947,231.9366,0.3062,0.0764,2.8433,63.2214,231.3224,0.2736,0.0448,2.3827,62.6466,231.5422,0.2704,0.0374
2016-03-15T01:07:59.760Z,4.9342,71.3533,231.8568,0.3077,0.0702,3.0013,62.2356,231.3774,0.2686,0.0476,2.3513,63.2179,231.4787,0.2732,0.0365
2016-03-15T01:08:59.999Z,5.1967,71.9984,231.945,0.3103,0.0724,2.6087,63.4205,231.4201,0.2741,0.0423,2.9517,62.9115,231.6859,0.2716,0.0461
2016-03-15T01:09:59.314Z,5.7403,71.0844,231.7891,0.3068,0.0802,3.6976,63.4468,231.0847,0.2746,0.0573,2.5973,62.6969,231.666,0.2708,0.0418
2016-03-15T01:10:59.033Z,5.2569,68.759,230.1152,0.2988,0.0766,3.2546,61.8989,231.1012,0.2679,0.053,2.6422,62.4874,231.7801,0.2697,0.0451
2016-03-15T01:11:59.370Z,4.5309,70.9208,230.0993,0.3078,0.066,2.9592,62.5587,230.9854,0.2707,0.0476,2.8813,62.6605,232.1308,0.27,0.046
2016-03-15T01:12:59.136Z,5.1275,70.3486,230.0741,0.3062,0.0735,3.0632,62.6078,231.1065,0.271,0.0484,2.4299,62.6867,232.9805,0.2686,0.0392
2016-03-15T01:13:59.677Z,5.3782,70.5154,230.2955,0.3055,0.078,2.8823,63.2614,230.8971,0.2745,0.0452,2.0099,63.9036,233.294,0.2742,0.0327
2016-03-15T01:14:59.881Z,4.9627,70.1425,230.0432,0.3047,0.0722,3.0354,61.0116,230.4971,0.2648,0.0508,2.6581,61.27,233.1221,0.2627,0.043
2016-03-15T01:15:59.478Z,4.1503,70.3644,230.4007,0.3052,0.0596,3.2752,61.9903,230.4783,0.2692,0.0546,3.3052,63.0808,232.8783,0.2707,0.0523
2016-03-15T01:17:59.706Z,4.4094,71.5127,231.5433,0.3088,0.0623,3.1669,62.658,230.3662,0.2719,0.0496,2.6519,62.1501,232.7559,0.2671,0.0435
2016-03-15T01:18:59.235Z,5.4446,71.1245,231.4286,0.3068,0.0762,2.8636,63.4416,230.8413,0.2746,0.0463,2.3316,63.0215,232.9713,0.2703,0.0395
2016-03-15T01:19:59.539Z,4.524,72.417,231.4858,0.3125,0.0644,3.1665,62.2103,230.2238,0.2707,0.0531,2.7255,62.5342,232.7823,0.2688,0.0459
2016-03-15T01:20:59.823Z,4.7726,70.8468,231.7451,0.3057,0.0693,2.7933,62.3422,230.1057,0.2707,0.0447,2.3445,63.1852,233.2414,0.2712,0.0368
2016-03-15T01:21:59.213Z,5.0321,72.5731,231.8111,0.313,0.0701,2.7437,62.9213,230.1181,0.2736,0.0421,3.1838,63.409,233.5779,0.2714,0.0492
2016-03-15T01:22:59.447Z,5.2249,72.5036,231.9477,0.3121,0.0739,3.3583,63.0987,230.9512,0.2727,0.054,2.5512,65.4111,233.61,0.2803,0.0402
2016-03-15T01:23:59.749Z,4.2691,71.0255,231.5969,0.3062,0.0607,2.8747,64.6582,231.6364,0.2789,0.046,2.4405,64.0473,233.6222,0.2743,0.041
2016-03-15T01:24:59.071Z,3.8533,70.2577,231.836,0.303,0.0558,2.9504,62.4862,231.838,0.2688,0.0496,2.0692,64.4136,233.8894,0.2752,0.0341
2016-03-15T01:25:59.619Z,4.7413,71.0384,231.8959,0.3063,0.0685,3.2783,63.1161,231.9986,0.2723,0.0547,2.6267,64.6238,233.2453,0.2765,0.0411
2016-03-15T01:26:59.881Z,5.0936,71.6097,231.8266,0.3085,0.0726,3.0508,63.5767,231.8449,0.2744,0.0481,2.8064,64.0952,232.7271,0.2759,0.0453
2016-03-15T01:27:59.338Z,4.8598,71.9441,232.2271,0.3101,0.0681,3.0037,63.4206,231.6674,0.2733,0.0482,2.759,62.9527,232.6079,0.271,0.0442
2016-03-15T01:28:59.052Z,4.8704,72.4032,232.0749,0.3119,0.0677,3.1941,62.1932,231.5214,0.2688,0.0525,2.7243,64.423,232.2442,0.277,0.0436
2016-03-15T01:29:59.410Z,5.0412,70.8385,232.2058,0.3053,0.0715,3.1,62.7512,231.6045,0.2719,0.0533,2.7112,61.3238,232.1269,0.2642,0.0471
2016-03-15T01:30:59.852Z,4.611,71.9317,231.5983,0.3098,0.0643,2.8782,63.2925,230.98,0.2739,0.0457,2.9741,64.0687,231.8724,0.2765,0.0475
2016-03-15T01:31:59.108Z,5.4961,71.411,231.3196,0.3089,0.0788,2.4622,62.3874,230.1966,0.2709,0.0407,2.8902,63.9657,232.0017,0.2758,0.0453
2016-03-15T01:32:59.415Z,3.9976,72.1996,232.0712,0.3108,0.0555,2.8118,61.4296,227.1823,0.2707,0.0454,2.5622,64.4884,232.744,0.277,0.0397
2016-03-15T01:33:59.730Z,3.9074,71.5108,231.5555,0.3085,0.0547,3.1646,64.3504,230.6266,0.2787,0.0505,3.0396,61.0354,232.0255,0.2631,0.0512
2016-03-15T01:34:59.025Z,5.3744,71.6171,231.3907,0.3093,0.0774,3.0097,61.4617,230.3712,0.2666,0.0491,2.9898,63.0677,232.2631,0.2716,0.0477
2016-03-15T01:35:59.366Z,5.1614,71.8752,231.4442,0.3104,0.0735,3.5047,63.3302,230.3505,0.2749,0.0563,3.0191,62.9949,232.3181,0.2711,0.0482
2016-03-15T01:36:59.739Z,5.0798,71.8853,231.2713,0.3108,0.0717,2.9279,64.2615,230.7395,0.278,0.0472,3.1234,62.8442,232.3853,0.2704,0.0499
2016-03-15T01:37:59.106Z,3.6433,70.4744,230.7232,0.3057,0.0514,2.6992,62.4567,230.2887,0.2712,0.0429,2.8792,62.8261,231.9977,0.271,0.046
2016-03-15T01:38:59.720Z,4.4795,70.5229,230.1576,0.3062,0.066,2.7939,63.42,231.1426,0.2742,0.0454,2.2567,63.0593,231.9563,0.2727,0.0365
2016-03-15T01:39:59.169Z,5.0381,70.8561,230.0384,0.3084,0.0727,2.7522,64.0536,230.9186,0.277,0.0412,3.012,63.2662,231.6339,0.2728,0.047
2016-03-15T01:40:59.715Z,5.4424,71.0479,230.8162,0.308,0.0791,2.8163,63.6534,230.6115,0.2762,0.0437,2.5807,62.5426,231.8484,0.27,0.0413
2016-03-15T01:41:59.967Z,4.3392,70.1415,231.1233,0.3028,0.0639,3.2276,60.8783,230.6436,0.2638,0.0523,2.4793,63.0885,232.1415,0.2709,0.0412
2016-03-15T01:42:59.223Z,4.1849,69.3967,231.9675,0.2989,0.0631,2.9076,62.2044,231.1578,0.269,0.0454,2.7498,61.8335,232.6418,0.2658,0.0448
2016-03-15T01:43:59.640Z,4.5109,69.0888,232.3011,0.2967,0.0658,2.6243,58.9596,230.9129,0.2552,0.0484,2.5457,59.9749,232.9118,0.2576,0.0427
2016-03-15T01:44:59.908Z,4.8263,71.4532,231.9703,0.3081,0.0687,2.9199,61.7292,230.7303,0.2674,0.0488,2.4129,63.3922,232.4346,0.2735,0.04
2016-03-15T01:45:59.260Z,5.3451,72.3276,232.6269,0.3108,0.0744,2.778,62.4037,231.1493,0.2698,0.046,2.7496,62.8042,232.7424,0.2701,0.0421
2016-03-15T01:46:59.655Z,4.8996,70.3679,232.0549,0.3035,0.0713,3.141,63.1026,230.7584,0.2732,0.051,3.1061,61.5409,232.062,0.2648,0.054
2016-03-15T01:47:59.851Z,3.8929,69.3532,232.0442,0.2987,0.058,3.2035,64.0987,230.6453,0.2781,0.052,2.321,62.5263,231.6152,0.2702,0.0381
2016-03-15T01:48:59.394Z,4.1064,68.6981,232.334,0.2957,0.0622,2.6184,58.9416,230.5127,0.2561,0.0461,2.4146,60.6933,232.0058,0.2617,0.0421
2016-03-15T01:49:59.704Z,4.9018,69.9614,232.2883,0.3011,0.0712,3.4793,61.0296,230.31,0.2646,0.0579,2.8861,60.8462,232.7232,0.2614,0.0452
2016-03-15T01:50:59.929Z,5.1119,69.951,232.4003,0.3008,0.0747,2.9596,61.862,231.2065,0.267,0.0508,2.7996,60.3678,232.7292,0.2596,0.0504
2016-03-15T01:51:59.449Z,4.738,70.9441,232.7661,0.3048,0.0687,3.6076,63.3896,231.9606,0.2732,0.0579,3.2677,63.1388,232.8748,0.2714,0.0516
2016-03-15T01:52:59.188Z,5.3949,70.3418,232.3118,0.3026,0.0781,2.7473,59.499,231.7448,0.2569,0.0556,2.5458,61.9251,232.933,0.2663,0.0466
2016-03-15T01:53:59.435Z,4.8658,71.3881,232.0502,0.3074,0.0696,2.5926,63.2404,231.3381,0.2736,0.0447,2.8592,62.8093,232.8815,0.2693,0.0452
2016-03-15T01:54:59.699Z,5.0043,73.0111,232.2124,0.3142,0.0686,3.1322,63.9023,231.9166,0.2755,0.0491,2.6691,63.3256,233.548,0.2713,0.0411
2016-03-15T01:55:59.276Z,4.5537,72.3046,231.5489,0.312,0.0633,3.107,62.6411,231.9093,0.2697,0.0513,2.4963,64.9334,233.1682,0.2786,0.0398
2016-03-15T01:56:59.685Z,4.5509,71.7316,231.6295,0.3102,0.0647,2.9088,63.7175,231.6901,0.2751,0.0452,2.8571,65.5539,233.1938,0.281,0.0442
2016-03-15T01:57:59.024Z,5.3721,71.2476,231.1862,0.308,0.0763,2.4334,64.167,231.4487,0.2768,0.0389,3.5551,64.6546,232.7796,0.2777,0.0543
2016-03-15T01:58:59.692Z,4.5971,70.9118,231.3853,0.3063,0.0664,2.6596,63.3443,231.5429,0.2735,0.0416,2.5416,61.9677,233.085,0.2663,0.0429
2016-03-15T01:59:59.874Z,4.7827,70.7443,231.119,0.3056,0.0684,3.1899,62.8492,231.2737,0.2712,0.0512,2.9121,62.7457,232.9966,0.2693,0.0486
