2016-04-06T00:00:59.096Z,4.0879,43.6053,232.4168,0.1877,0.0942,1.8516,21.7004,232.7897,0.0934,0.0944,2.9063,25.5018,231.3539,0.1101,0.1321
2016-04-06T00:01:59.397Z,3.8602,43.8257,232.6222,0.1885,0.0873,1.4386,20.7276,232.7727,0.0893,0.0876,3.0245,25.0708,230.9368,0.1086,0.1476
2016-04-06T00:02:59.755Z,4.2786,43.7155,232.4978,0.188,0.099,1.6937,19.7692,232.179,0.0847,0.0934,3.1285,23.9573,229.9518,0.1048,0.1543
2016-04-06T00:03:59.938Z,4.8219,44.8309,232.4465,0.1929,0.109,1.8502,21.599,232.5502,0.093,0.0951,3.1207,23.0941,230.4137,0.1002,0.1522
2016-04-06T00:04:59.123Z,4.8689,43.8128,232.2878,0.1883,0.1122,1.8213,19.5327,232.0438,0.084,0.1116,3.0527,24.2477,230.8197,0.1052,0.1499
2016-04-06T00:05:59.412Z,4.251,43.9102,232.2934,0.189,0.0981,1.1754,20.1332,231.8492,0.0867,0.0815,3.6187,23.9568,230.9724,0.1037,0.1669
2016-04-06T00:06:59.720Z,3.6534,43.6653,232.3065,0.1877,0.0837,1.6995,21.2311,231.4033,0.0918,0.0865,3.3436,24.6147,230.7879,0.1072,0.1559
2016-04-06T00:08:59.241Z,4.7112,43.9127,232.5503,0.1888,0.1078,1.8201,19.1772,231.0635,0.0831,0.1014,2.9186,23.7461,231.0724,0.1027,0.146
2016-04-06T00:09:59.477Z,4.8459,44.4493,232.8209,0.1912,0.109,1.4964,19.3324,230.5858,0.0837,0.1019,3.2327,24.308,231.0826,0.1056,0.1562
2016-04-06T00:10:59.802Z,4.5913,44.2404,233.2937,0.19,0.1045,1.5979,21.9787,231.5448,0.0949,0.0934,3.3077,24.0136,231.4499,0.1043,0.1565
2016-04-06T00:11:59.212Z,3.5349,43.3318,233.2168,0.1854,0.0818,1.6329,19.6208,231.9792,0.0847,0.1007,3.4863,24.2551,231.6072,0.1047,0.1618
2016-04-06T00:12:59.503Z,4.3164,43.943,233.6309,0.1877,0.0965,1.8095,21.8297,232.5774,0.094,0.0964,3.2528,22.3604,231.1738,0.0967,0.1671
2016-04-06T00:13:59.752Z,4.9971,44.1647,233.7025,0.1891,0.1137,1.5407,22.5174,232.8424,0.0969,0.0901,3.0813,24.4121,231.7159,0.1059,0.1509
2016-04-06T00:14:59.996Z,5.2249,44.8305,233.1834,0.1924,0.1168,1.9999,21.1314,232.7312,0.0909,0.1069,3.2531,24.1444,232.098,0.1042,0.1526
2016-04-06T00:15:59.095Z,5.1477,44.4009,233.0469,0.191,0.116,1.6109,15.3694,232.7272,0.0658,0.1213,3.4056,20.2858,232.3918,0.0872,0.186
2016-04-06T00:16:59.176Z,4.3249,44.7805,233.2175,0.1923,0.0963,1.5732,13.3262,232.9369,0.057,0.1271,3.4299,18.6619,232.71,0.0804,0.19
2016-04-06T00:17:59.272Z,5.4288,45.2036,233.7284,0.1932,0.1209,1.7201,15.2625,232.9584,0.0654,0.117,3.2047,20.9932,232.7667,0.0904,0.1784
2016-04-06T00:18:59.452Z,5.414,44.9815,233.2197,0.1931,0.1211,1.7316,20.0531,232.8323,0.0862,0.1002,3.1063,23.3687,232.6943,0.1008,0.151
2016-04-06T00:19:59.662Z,4.8742,44.1741,232.6691,0.1899,0.111,1.5575,19.883,232.7866,0.0855,0.0886,3.2391,23.9522,232.3891,0.1028,0.1559
2016-04-06T00:20:59.885Z,4.1915,44.2785,232.6003,0.1899,0.0957,1.8419,20.2424,232.4203,0.0871,0.0999,3.3957,23.6341,231.9574,0.1022,0.1665
2016-04-06T00:21:59.063Z,5.0663,44.4076,233.8252,0.1904,0.1148,1.5838,17.7058,232.3725,0.0765,0.1103,2.5518,22.6765,232.2911,0.0974,0.1408
2016-04-06T00:22:59.376Z,4.9804,44.8966,233.8424,0.1921,0.1115,1.7662,21.0754,232.3376,0.0909,0.0974,3.0234,24.8093,232.4991,0.1064,0.1488
2016-04-06T00:23:59.536Z,4.8131,44.5826,234.0878,0.1904,0.1081,1.6563,18.922,232.4269,0.0808,0.1001,3.1901,22.1071,232.5936,0.0951,0.1638
2016-04-06T00:24:59.926Z,4.0157,45.0099,234.236,0.192,0.0896,1.6009,22.0329,232.8965,0.0948,0.0903,2.9101,24.2695,232.6374,0.1042,0.1405
2016-04-06T00:25:59.269Z,4.3509,44.3683,233.5147,0.1906,0.0997,2.0247,19.9491,232.758,0.0854,0.1017,3.5227,23.3993,232.1303,0.1009,0.1658
2016-04-06T00:26:59.488Z,5.1683,44.813,233.3617,0.1921,0.1165,1.7101,19.2611,232.7566,0.0827,0.1061,3.2429,22.2292,232.2576,0.0954,0.1667
2016-04-06T00:27:59.787Z,4.9765,44.4676,233.1678,0.1909,0.1121,1.883,21.3108,232.9134,0.0913,0.0984,2.7469,24.0325,232.7008,0.1037,0.1375
2016-04-06T00:28:59.146Z,4.223,44.4019,233.1696,0.1902,0.0959,2.0349,23.0391,232.5873,0.0991,0.0951,3.1131,23.0296,232.7232,0.099,0.1621
2016-04-06T00:29:59.476Z,3.9315,44.3893,233.3286,0.1898,0.089,2.32,23.7832,232.7545,0.102,0.1035,3.0878,23.595,232.8526,0.1013,0.1489
2016-04-06T00:30:59.667Z,4.5405,43.253,233.0253,0.1856,0.1042,1.6854,18.5984,232.7662,0.0801,0.0952,3.3137,25.0108,232.8818,0.1079,0.1493
2016-04-06T00:31:59.968Z,4.897,44.5297,232.8265,0.1916,0.1104,1.5695,20.9267,232.4168,0.0901,0.1022,3.5614,23.8405,233.1499,0.1022,0.1619
2016-04-06T00:32:59.264Z,4.9891,44.3282,232.9617,0.1901,0.1136,1.3712,20.5699,230.1649,0.0901,0.0813,3.239,24.6604,233.718,0.1058,0.1499
2016-04-06T00:33:59.662Z,4.163,43.7788,233.1432,0.1876,0.0955,1.4107,20.8737,230.5998,0.0908,0.0757,3.1163,24.8508,233.3999,0.1066,0.147
2016-04-06T00:34:59.021Z,4.8562,44.6099,233.1767,0.1921,0.1089,1.7548,20.3666,232.3289,0.0876,0.099,3.1707,22.1765,232.1439,0.096,0.1692
2016-04-06T00:35:59.392Z,4.8322,44.1134,233.0477,0.1891,0.1107,1.8314,20.5973,232.3225,0.0888,0.1064,3.4629,23.5401,232.2928,0.1012,0.1633
2016-04-06T00:36:59.838Z,4.8989,44.9956,233.2351,0.1926,0.1105,2.1049,21.7388,232.3215,0.0933,0.1053,3.0724,22.9852,232.1655,0.099,0.1495
2016-04-06T00:37:59.097Z,3.9277,44.0942,233.1712,0.1891,0.0906,1.7352,19.7841,232.4902,0.085,0.1012,3.041,22.2884,232.006,0.0964,0.1541
2016-04-06T00:38:59.368Z,3.5738,44.0809,232.8902,0.1892,0.0802,1.4549,20.1825,232.1133,0.0868,0.0868,3.2178,23.3758,232.0842,0.1007,0.1591
2016-04-06T00:39:59.701Z,4.5577,43.8551,232.4343,0.1889,0.1041,1.4689,18.9891,231.7393,0.0815,0.097,3.3858,23.2603,231.6416,0.1009,0.1651
2016-04-06T00:40:59.034Z,5.2333,44.6082,232.7049,0.1912,0.1177,1.7327,20.7674,231.8187,0.0893,0.0994,3.4521,22.5366,231.869,0.0974,0.1676
2016-04-06T00:41:59.407Z,5.128,44.7013,232.4824,0.1923,0.1156,1.8675,21.5856,231.9948,0.093,0.0965,3.4151,23.596,232.1355,0.1011,0.1618
2016-04-06T00:42:59.837Z,4.3153,44.0716,232.2768,0.1897,0.097,1.8352,21.2475,231.9224,0.0913,0.0986,3.0833,22.2338,232.4042,0.0957,0.1593
2016-04-06T00:43:59.253Z,3.5909,43.7862,232.7887,0.1881,0.0821,2.3974,21.5944,232.1842,0.093,0.1143,3.3246,23.557,233.1857,0.1011,0.1582
2016-04-06T00:44:59.499Z,5.0229,44.006,233.0115,0.1892,0.1153,2.0433,21.6627,233.012,0.0933,0.1068,3.2389,23.8395,233.7957,0.102,0.1516
2016-04-06T00:45:59.621Z,5.1603,44.317,232.7268,0.1908,0.1164,1.8553,17.2479,232.7653,0.0741,0.1179,3.1658,21.5699,233.6442,0.0924,0.1658
2016-04-06T00:46:59.992Z,4.9758,43.6951,232.6191,0.1877,0.1153,1.7533,21.4115,232.6165,0.0921,0.0924,3.079,24.2963,233.3382,0.1046,0.1498
2016-04-06T00:47:59.191Z,5.1184,44.9012,232.3803,0.1928,0.1138,1.3406,17.3816,232.4939,0.0747,0.1021,3.4836,19.8772,233.2123,0.0852,0.1877
2016-04-06T00:48:59.488Z,4.4462,44.3278,232.3789,0.1908,0.101,1.8524,21.0567,232.258,0.0907,0.1084,3.2291,24.0985,232.9949,0.1033,0.1559
2016-04-06T00:49:59.683Z,5.287,43.7143,232.9316,0.1874,0.1215,1.9515,21.4934,232.7665,0.0923,0.1092,3.1756,23.0421,233.3999,0.099,0.1584
2016-04-06T00:50:59.898Z,4.2925,43.1152,232.8092,0.1854,0.0988,1.7303,17.7311,232.1226,0.0762,0.1157,3.1045,25.2205,233.9493,0.1073,0.1452
2016-04-06T00:51:59.224Z,4.1526,44.1189,233.0731,0.1891,0.0937,1.4931,18.8798,232.0176,0.0818,0.1011,3.1107,22.4423,234.0834,0.0953,0.1541
2016-04-06T00:52:59.446Z,4.9751,43.6148,233.2364,0.1874,0.1134,1.7261,19.5932,232.3942,0.0837,0.1013,3.1295,25.1049,234.5525,0.1071,0.1446
2016-04-06T00:53:59.696Z,5.3375,44.1426,233.3121,0.1897,0.121,1.7045,21.5116,232.7003,0.0925,0.0935,2.9427,24.0311,234.5085,0.1027,0.1485
2016-04-06T00:54:59.989Z,4.6069,44.5036,233.5021,0.1911,0.104,1.5526,20.3326,232.5411,0.0875,0.1009,2.7523,21.8099,234.4955,0.0929,0.154
2016-04-06T00:55:59.454Z,3.8674,44.0347,233.5967,0.1884,0.0877,1.3729,19.5222,231.5933,0.0836,0.089,3.475,24.7206,234.6512,0.1048,0.1598
2016-04-06T00:56:59.732Z,4.7947,44.4667,233.8975,0.1902,0.1074,1.927,20.7171,230.1468,0.0905,0.0977,2.9542,23.7365,234.6986,0.101,0.1524
2016-04-06T00:57:59.885Z,4.6993,44.7179,233.7245,0.1914,0.1062,2.127,19.5173,229.6337,0.0851,0.1118,3.2315,23.9618,234.4264,0.102,0.1547
2016-04-06T00:58:59.298Z,4.5116,44.7244,234.215,0.1913,0.1011,2.0536,22.3523,229.2869,0.0976,0.1033,3.4043,23.9448,234.8196,0.1022,0.1669
2016-04-06T00:59:59.524Z,3.7866,43.2869,234.2448,0.1844,0.0889,1.8122,18.3715,229.4029,0.0799,0.1078,2.9474,24.2826,234.9442,0.1032,0.1458
2016-04-06T01:00:59.818Z,3.5693,44.3289,234.1533,0.189,0.08,1.5388,20.3189,229.8932,0.0882,0.085,3.211,24.8038,234.6446,0.1054,0.1485
2016-04-06T01:01:59.088Z,4.8331,44.953,234.3342,0.1918,0.1084,2.0671,20.5887,229.491,0.0899,0.119,3.3028,23.4103,234.6588,0.1001,0.1578
2016-04-06T01:02:59.480Z,4.9778,45.0096,234.557,0.1915,0.1105,1.7524,21.0043,229.8428,0.0914,0.105,3.4034,24.6232,234.7841,0.1046,0.1586
2016-04-06T01:03:59.706Z,5.2278,44.1268,234.1156,0.1879,0.1193,1.7705,20.373,229.5791,0.0886,0.1,2.8741,25.0858,234.2156,0.1071,0.1375
2016-04-06T01:04:59.041Z,3.3497,44.1633,234.4229,0.1886,0.0757,2.1682,20.1732,229.5623,0.0874,0.1111,2.9213,26.1721,234.1887,0.1122,0.1348
2016-04-06T01:05:59.244Z,5.1187,45.0156,234.4647,0.1922,0.1134,2.0868,21.1198,229.4399,0.0924,0.1148,3.3754,23.5107,234.0107,0.1004,0.1609
2016-04-06T01:06:59.587Z,5.3172,44.5902,235.4325,0.1901,0.1196,1.8399,17.6934,229.85,0.0772,0.1137,3.4289,22.7601,231.6727,0.0987,0.1695
2016-04-06T01:07:59.898Z,4.1947,44.7321,235.3612,0.1898,0.0956,2.2957,22.5236,230.1133,0.098,0.1104,3.1364,24.0671,231.2902,0.1043,0.1529
2016-04-06T01:08:59.303Z,3.6139,44.3806,235.3328,0.1886,0.0818,1.8343,21.9824,230.0652,0.0954,0.1018,3.4442,24.2419,231.2414,0.1049,0.162
2016-04-06T01:09:59.663Z,3.7514,44.0038,235.2438,0.1866,0.0858,1.8884,19.0365,229.8688,0.0825,0.1056,3.2115,24.2134,231.5036,0.1051,0.1555
2016-04-06T01:10:59.931Z,4.7509,44.9332,234.882,0.1912,0.1062,1.9142,19.3542,229.3596,0.0837,0.1015,3.1724,23.2034,231.091,0.1002,0.1554
2016-04-06T01:11:59.201Z,4.813,45.0663,234.2651,0.1927,0.1067,1.6102,21.9988,230.0541,0.096,0.0842,2.7261,23.2584,229.9252,0.1011,0.1429
2016-04-06T01:12:59.433Z,4.6715,44.4093,233.6258,0.1898,0.1054,1.4638,21.2313,231.3498,0.0921,0.0843,3.2193,23.8147,229.0566,0.1044,0.152
2016-04-06T01:13:59.787Z,4.1956,44.3605,233.5342,0.1902,0.0964,1.9402,21.111,231.6165,0.0903,0.0853,3.1752,23.2975,228.7654,0.102,0.1531
2016-04-06T01:14:59.056Z,5.4851,44.3697,233.7133,0.1894,0.1222,1.4714,19.9418,232.2847,0.0862,0.082,3.1084,24.8323,229.0723,0.1083,0.1574
2016-04-06T01:15:59.352Z,4.8941,44.6721,233.8842,0.1913,0.1099,1.6487,19.07,232.5619,0.0822,0.1002,3.4216,22.3523,229.1733,0.0977,0.1697
2016-04-06T01:16:59.681Z,4.559,44.4974,233.8723,0.1901,0.1021,2.0438,19.8361,232.2957,0.0854,0.104,3.2833,22.1551,228.6498,0.097,0.1672
2016-04-06T01:17:59.214Z,3.4722,43.8609,234.0236,0.1874,0.0792,1.8286,18.902,232.302,0.0819,0.0954,2.7441,22.9476,228.8589,0.1008,0.1537
2016-04-06T01:18:59.454Z,4.5012,44.0968,233.8822,0.1889,0.1015,1.7938,19.5933,232.7393,0.0842,0.0978,3.1815,22.9709,228.5564,0.1008,0.1613
2016-04-06T01:19:59.799Z,5.1737,44.712,232.5832,0.1923,0.1162,2.1234,21.6075,233.588,0.0921,0.105,3.4472,22.4724,229.5397,0.0976,0.1698
2016-04-06T01:20:59.010Z,5.1379,44.2899,232.6541,0.1906,0.1166,1.4692,20.84,233.6298,0.0889,0.0839,3.3622,23.1948,229.7676,0.1012,0.1618
2016-04-06T01:21:59.487Z,4.3666,44.2592,231.7757,0.1905,0.0986,1.8248,21.9249,233.3608,0.0941,0.0919,2.948,22.0611,232.1907,0.0954,0.1553
2016-04-06T01:22:59.839Z,3.5987,43.1267,231.4342,0.1864,0.0838,2.0526,21.2284,233.278,0.0911,0.1041,2.9703,23.6588,233.0764,0.1012,0.1476
2016-04-06T01:23:59.071Z,4.3124,44.3202,232.0112,0.1915,0.0981,1.8804,19.8979,232.8476,0.0853,0.103,2.9028,23.6987,232.571,0.1016,0.1453
2016-04-06T01:24:59.337Z,4.9437,44.4411,232.8457,0.1915,0.1122,2.1816,21.5879,232.6376,0.0926,0.1055,2.9454,23.4001,232.5845,0.1008,0.1505
2016-04-06T01:25:59.519Z,5.2779,44.9015,232.8053,0.1931,0.1182,1.5782,17.5819,232.6121,0.0754,0.1056,3.4814,22.1223,233.0196,0.0952,0.1738
2016-04-06T01:26:59.751Z,4.4724,43.5,232.391,0.1871,0.1019,1.4571,19.5312,232.3412,0.0841,0.0976,3.0631,24.6827,232.8916,0.1057,0.1475
2016-04-06T01:27:59.097Z,3.6618,43.6089,232.8446,0.1877,0.083,1.8969,20.3334,232.9823,0.0871,0.1001,3.3131,24.7994,233.0529,0.1066,0.1568
2016-04-06T01:28:59.353Z,4.3803,43.943,232.5312,0.1892,0.1005,1.7987,19.5489,233.0027,0.0841,0.1057,3.0314,22.1319,232.7168,0.0955,0.1557
2016-04-06T01:29:59.633Z,5.0197,44.6796,231.9772,0.1926,0.1132,2.0639,22.7554,232.9474,0.0971,0.1035,3.0373,24.0358,232.5921,0.1035,0.1486
2016-04-06T01:30:59.940Z,4.6326,43.8673,231.8205,0.19,0.1064,2.122,22.4363,232.7414,0.0966,0.1178,2.7467,24.4984,232.6622,0.1057,0.1351
2016-04-06T01:31:59.251Z,4.3371,44.5274,231.6547,0.1919,0.098,1.8629,21.4863,232.4484,0.0922,0.1022,3.0043,23.286,232.6089,0.0999,0.1417
2016-04-06T01:32:59.440Z,4.7357,43.3455,231.4621,0.1873,0.1092,1.7455,21.5,232.0154,0.0922,0.0984,3.0749,24.1558,232.5392,0.1041,0.1478
2016-04-06T01:33:59.625Z,4.7011,44.1889,231.8596,0.1903,0.1074,1.949,20.6702,232.1965,0.0888,0.1073,3.1758,24.751,232.512,0.1066,0.1482
2016-04-06T01:34:59.862Z,4.9324,44.0367,232.112,0.1897,0.1132,2.2716,19.887,232.0607,0.0852,0.1141,3.0811,23.8761,232.8312,0.1028,0.1477
2016-04-06T01:35:59.244Z,4.0411,43.0438,232.157,0.1855,0.0942,1.3057,18.2199,228.6211,0.0793,0.082,2.4028,25.8766,233.8178,0.111,0.1247
2016-04-06T01:36:59.451Z,4.9423,44.3577,232.3434,0.1907,0.1113,1.8159,19.5766,230.938,0.0845,0.1053,2.6068,23.7627,233.1887,0.102,0.1378
2016-04-06T01:37:59.772Z,5.0134,44.3564,232.342,0.1909,0.1135,2.102,22.0688,232.1455,0.0951,0.1103,3.3495,23.7948,233.1499,0.1027,0.1545
2016-04-06T01:38:59.957Z,4.9169,43.5935,232.4291,0.1874,0.1129,1.4043,21.2688,232.5427,0.0919,0.0855,3.3089,24.7787,233.4352,0.1064,0.154
2016-04-06T01:39:59.313Z,3.5538,43.9929,232.7158,0.189,0.0819,1.8811,19.5411,232.59,0.0838,0.0993,2.6962,24.8628,233.4846,0.1063,0.1334
2016-04-06T01:40:59.672Z,3.8921,43.535,232.9345,0.1866,0.089,1.6858,22.4937,231.9745,0.0964,0.09,3.0128,25.7089,233.0104,0.1099,0.1402
2016-04-06T01:41:59.940Z,5.0662,44.1075,233.1752,0.1895,0.1152,2.2589,21.2071,231.643,0.0914,0.1137,3.1824,24.387,233.2967,0.1044,0.1552
2016-04-06T01:42:59.186Z,5.2131,44.5668,233.2336,0.1913,0.1177,1.268,20.2324,231.552,0.0874,0.0757,3.0169,24.0647,233.4233,0.1033,0.1467
2016-04-06T01:43:59.426Z,4.6014,43.8669,233.1597,0.1876,0.1058,1.6842,19.3602,231.5526,0.0834,0.1007,3.0109,25.5031,233.3773,0.1093,0.1419
2016-04-06T01:44:59.813Z,4.3725,44.0785,233.397,0.1887,0.1005,2.3597,22.2749,231.8043,0.0964,0.1034,3.1691,23.6316,233.3917,0.1012,0.153
2016-04-06T01:45:59.017Z,5.4316,44.5173,233.2422,0.1907,0.122,2.0836,19.6331,231.6613,0.0848,0.1133,3.2098,23.0076,233.2702,0.0989,0.1571
2016-04-06T01:46:59.247Z,4.9853,44.7628,232.8137,0.1918,0.112,1.9057,21.586,231.4375,0.0934,0.0963,3.0463,24.4743,232.8102,0.1049,0.1493
2016-04-06T01:47:59.453Z,4.603,44.2666,232.7615,0.1898,0.1036,2.1929,19.9976,231.2916,0.0871,0.1138,2.9504,22.9707,232.7719,0.0984,0.1492
2016-04-06T01:48:59.687Z,4.1947,43.9751,233.0635,0.1893,0.0946,1.708,21.8241,231.3348,0.0944,0.0893,3.1509,22.4716,232.9436,0.0962,0.1611
2016-04-06T01:49:59.890Z,5.142,44.5099,232.4501,0.191,0.1163,1.8036,19.2873,230.8996,0.0837,0.1057,3.2062,23.944,232.5486,0.1031,0.1544
2016-04-06T01:50:59.303Z,4.9719,44.089,232.6158,0.1898,0.1131,1.9419,21.5892,230.9223,0.0933,0.1049,3.1123,22.7297,232.602,0.0978,0.1588
2016-04-06T01:51:59.447Z,4.5787,44.1605,232.9823,0.1888,0.1033,1.5664,20.3181,230.983,0.0878,0.0982,3.1267,23.4893,232.7815,0.101,0.1526
2016-04-06T01:52:59.696Z,4.6097,43.8592,232.9115,0.1888,0.1047,1.6543,18.8232,230.769,0.0813,0.1071,3.1683,22.3215,232.5088,0.0957,0.1615
2016-04-06T01:53:59.899Z,5.0862,44.0454,233.1815,0.1891,0.1157,1.6629,19.9243,231.3593,0.0863,0.1004,2.8305,23.6673,232.7911,0.1021,0.1457
2016-04-06T01:54:59.113Z,5.3924,44.5661,233.0862,0.191,0.1212,1.5457,19.3453,231.1372,0.0837,0.0899,3.1186,22.8716,232.3776,0.0983,0.1579
2016-04-06T01:55:59.296Z,5.1323,44.3151,233.2931,0.1899,0.1159,1.5856,18.8586,231.431,0.0814,0.0938,2.7274,22.2254,232.3855,0.0954,0.1511
2016-04-06T01:56:59.632Z,4.7613,44.1325,233.3024,0.1888,0.108,2.1936,21.2822,231.1633,0.0929,0.1066,3.201,23.1005,233.0068,0.0991,0.1555
2016-04-06T01:57:59.963Z,4.8811,44.4437,233.2618,0.1902,0.1105,2.1454,19.9351,231.174,0.0862,0.113,3.0858,23.48,233.1192,0.1008,0.1512
2016-04-06T01:58:59.415Z,4.9246,44.2631,233.258,0.19,0.1114,1.7739,18.2173,231.6121,0.0784,0.1114,3.3333,23.6463,233.3602,0.1014,0.1608
2016-04-06T01:59:59.968Z,4.293,43.4299,233.0879,0.1865,0.0987,2.0218,20.7084,231.8948,0.089,0.1097,2.9307,23.9935,233.1949,0.1034,0.1442
2016-04-06T02:00:59.191Z,4.9851,45.1349,233.1755,0.1936,0.1113,1.5294,21.9111,232.066,0.0942,0.0845,2.8527,24.0564,232.8769,0.1033,0.1393
2016-04-06T02:01:59.397Z,4.6273,44.7414,233.1574,0.1917,0.104,1.5496,21.4112,231.8572,0.0924,0.0923,3.3936,23.7918,232.8055,0.1026,0.1586
2016-04-06T02:02:59.612Z,4.3057,43.673,233.2833,0.187,0.0992,1.6638,19.0414,232.0338,0.0818,0.1049,2.8036,24.8409,232.9373,0.1065,0.1336
2016-04-06T02:03:59.817Z,5.0021,44.3702,233.1752,0.1909,0.1124,1.7448,19.7952,232.0874,0.0852,0.1056,3.2156,24.8512,233.091,0.1066,0.1519
2016-04-06T02:04:59.024Z,5.3548,44.1979,233.033,0.1893,0.121,1.9829,21.7312,232.219,0.0939,0.0984,3.17,24.4921,232.9534,0.105,0.1506
2016-04-06T02:05:59.312Z,4.8808,44.3084,233.3208,0.19,0.1119,2.2321,21.6422,232.1424,0.093,0.1148,3.1231,23.0941,233.022,0.0996,0.1554
2016-04-06T02:06:59.752Z,3.9353,43.619,233.1823,0.1872,0.0905,1.59,20.5247,232.2717,0.0884,0.0851,2.979,24.6959,233.0259,0.1063,0.1454
2016-04-06T02:07:59.918Z,3.6664,43.8146,233.3502,0.1875,0.0842,1.6331,20.3366,232.3919,0.0871,0.0951,3.1562,24.2831,232.7584,0.1038,0.1499
2016-04-06T02:08:59.231Z,4.623,44.5938,233.6837,0.1908,0.1041,1.8382,20.5783,232.7519,0.0887,0.0999,2.5282,24.9491,232.7722,0.1072,0.1301
2016-04-06T02:09:59.555Z,4.9265,44.9826,233.9736,0.1922,0.1107,1.856,22.0543,232.9812,0.0947,0.0962,3.2136,24.8987,232.9824,0.1065,0.1516
2016-04-06T02:10:59.823Z,4.9031,43.8885,233.756,0.1873,0.1105,1.7709,19.6845,232.7331,0.0846,0.1011,2.9044,25.524,232.8257,0.1095,0.1335
2016-04-06T02:11:59.152Z,3.677,43.8842,233.5319,0.188,0.0839,1.8201,20.4759,232.6547,0.0878,0.1079,2.7522,24.709,232.9346,0.1062,0.134
2016-04-06T02:12:59.505Z,3.5789,43.6957,233.2338,0.1871,0.0826,2.1975,22.1602,232.7549,0.0951,0.1074,2.8337,23.2464,232.624,0.1003,0.1485
2016-04-06T02:13:59.970Z,4.3429,44.239,232.7934,0.1898,0.0995,1.8779,22.8067,232.3305,0.0982,0.0927,3.1417,24.2275,232.3615,0.1041,0.1484
2016-04-06T02:14:59.280Z,4.8789,44.197,232.5406,0.1901,0.1113,2.0567,21.304,232.3783,0.0917,0.0983,2.6961,24.6548,232.2364,0.1062,0.1358
2016-04-06T02:15:59.603Z,4.7158,44.344,232.3214,0.1907,0.1078,2.0775,20.7935,232.3705,0.0892,0.1075,3.1449,24.8605,232.2096,0.1073,0.1462
2016-04-06T02:16:59.016Z,4.686,44.3713,232.8792,0.1904,0.106,2.1672,22.6507,232.2411,0.0972,0.1018,3.0862,24.0016,232.5186,0.1036,0.149
2016-04-06T02:17:59.246Z,4.7409,44.4257,232.5604,0.191,0.1075,1.5132,22.5228,232.0727,0.0971,0.0876,3.4268,24.5389,232.5378,0.1058,0.1585
2016-04-06T02:18:59.764Z,4.457,44.2751,232.5071,0.1904,0.1019,1.4674,21.1946,232.2109,0.0918,0.0886,2.9298,24.5553,232.6159,0.1057,0.1413
2016-04-06T02:19:59.027Z,4.8688,43.9517,232.3602,0.1889,0.1112,1.6536,18.3433,232.0134,0.0789,0.0979,3.2294,24.2293,232.5889,0.1046,0.1512
2016-04-06T02:20:59.262Z,4.1912,43.1359,232.2924,0.1854,0.0978,1.2643,21.604,231.5604,0.0934,0.0659,3.0369,24.9923,232.4438,0.1077,0.148
2016-04-06T02:21:59.533Z,5.0783,44.8912,232.1832,0.193,0.113,1.6739,19.6112,231.2202,0.0852,0.0955,3.1087,22.5337,232.1882,0.0973,0.1557
2016-04-06T02:22:59.797Z,5.3602,43.4807,232.0836,0.187,0.1223,1.417,18.3495,231.0809,0.079,0.1022,3.0067,23.4529,232.1815,0.1008,0.148
2016-04-06T02:23:59.278Z,4.3053,43.8042,232.5749,0.1889,0.099,1.9667,22.1032,231.5797,0.0951,0.0953,3.4268,25.3346,232.3783,0.109,0.154
2016-04-06T02:24:59.512Z,3.784,44.4625,232.578,0.1914,0.0856,1.8819,22.3054,231.5809,0.096,0.0918,3.3313,24.1144,231.9513,0.1043,0.1578
2016-04-06T02:25:59.876Z,3.8201,43.4648,232.8155,0.1868,0.0888,1.7248,22.3617,231.802,0.0964,0.0875,3.111,23.8201,232.2876,0.1023,0.1553
2016-04-06T02:26:59.145Z,4.763,44.0487,231.4188,0.1903,0.1104,2.0032,22.2674,231.5296,0.0961,0.1037,3.1738,23.7706,232.2153,0.1022,0.1514
2016-04-06T02:27:59.400Z,5.4264,44.2502,231.4005,0.1912,0.1216,1.6565,21.2295,231.7253,0.0916,0.0903,3.2225,25.0359,231.9123,0.1076,0.1498
2016-04-06T02:28:59.690Z,5.0458,44.0805,231.8408,0.1901,0.1148,1.9805,22.1588,232.3791,0.0951,0.1046,3.2007,24.3262,232.6343,0.1047,0.1458
2016-04-06T02:29:59.024Z,3.8197,43.8544,233.1077,0.188,0.086,2.0701,21.4521,232.0766,0.0922,0.0972,3.1968,26.0578,234.0236,0.1114,0.1427
2016-04-06T02:30:59.533Z,4.8076,44.1067,233.3186,0.1892,0.1095,1.339,19.7104,229.7473,0.0859,0.08,3.1064,24.4073,234.7634,0.1039,0.1445
2016-04-06T02:31:59.741Z,5.0708,44.2188,232.9074,0.1899,0.1157,1.9621,18.2311,231.7513,0.0782,0.114,3.0084,24.6833,234.0293,0.1057,0.143
2016-04-06T02:32:59.066Z,4.7476,44.7243,232.9151,0.192,0.1077,1.8321,22.1737,233.0726,0.0954,0.1033,3.3634,24.8049,234.0801,0.1056,0.148
2016-04-06T02:33:59.569Z,4.0271,42.8262,232.4904,0.184,0.0944,2.0397,19.1584,232.8077,0.0821,0.1107,2.8279,24.9667,233.9886,0.107,0.1368
2016-04-06T02:34:59.981Z,3.9445,44.0074,232.7325,0.189,0.0898,2.2872,20.8218,232.6417,0.0887,0.1179,3.4067,25.2451,234.3032,0.1082,0.1515
2016-04-06T02:35:59.242Z,4.9311,44.6732,233.0534,0.1918,0.1113,2.1246,19.585,232.3768,0.0847,0.1124,3.5391,23.2348,234.4736,0.0991,0.164
2016-04-06T02:36:59.585Z,5.1354,44.4902,232.9055,0.1913,0.1171,2.0198,20.4712,232.3276,0.0878,0.1032,3.1196,24.9444,234.1933,0.1066,0.144
2016-04-06T02:37:59.868Z,4.4415,44.2008,232.812,0.1902,0.1022,1.9073,19.439,232.207,0.0834,0.109,3.1755,24.0823,234.0648,0.1028,0.1504
2016-04-06T02:38:59.499Z,3.6657,43.7041,233.1609,0.1874,0.0846,1.7718,21.7131,232.3848,0.0934,0.0992,2.6268,25.0633,234.1694,0.1069,0.128
2016-04-06T02:39:59.714Z,5.1029,44.7522,233.149,0.1921,0.1145,2.0508,20.5678,232.3205,0.0886,0.1097,3.0225,25.0925,234.1301,0.1075,0.1455
2016-04-06T02:40:59.052Z,5.3403,44.4464,233.3768,0.1903,0.1212,2.4343,21.9773,232.6369,0.0946,0.1117,3.3269,24.3131,234.3936,0.1039,0.156
2016-04-06T02:41:59.525Z,4.8033,44.6736,233.5053,0.1912,0.1079,1.8995,20.8495,232.3105,0.0896,0.104,3.2938,24.6893,234.5508,0.1055,0.1485
2016-04-06T02:42:59.742Z,4.5032,44.2242,233.4337,0.1892,0.102,2.0097,21.0389,231.9848,0.0908,0.1157,3.102,23.8415,234.2467,0.1016,0.148
2016-04-06T02:43:59.035Z,4.9391,44.0567,233.1679,0.189,0.1121,2.284,20.9551,231.7253,0.0901,0.12,3.2252,24.1044,233.8283,0.1033,0.1548
2016-04-06T02:44:59.309Z,5.2036,44.3616,233.0813,0.19,0.1179,1.9452,19.1149,231.6303,0.0824,0.1124,2.6796,23.8847,234.0684,0.1019,0.1425
2016-04-06T02:45:59.526Z,3.9713,44.1033,233.0798,0.1897,0.0905,1.8655,18.488,231.0988,0.0799,0.1151,3.5356,23.4916,233.911,0.0998,0.1658
2016-04-06T02:46:59.768Z,4.2136,43.5357,233.1058,0.1866,0.098,1.5671,17.3041,231.5758,0.0745,0.1039,2.9,24.3311,232.2337,0.1045,0.1424
2016-04-06T02:47:59.042Z,4.3122,43.6543,233.1583,0.1876,0.0999,1.6503,20.5456,231.9512,0.0885,0.0951,3.2857,24.3137,231.8038,0.1048,0.1578
2016-04-06T02:48:59.329Z,5.3839,44.4301,233.1485,0.1901,0.1204,1.5471,21.458,232.4126,0.0921,0.091,4.0705,25.673,233.5634,0.1101,0.1716
2016-04-06T02:49:59.715Z,4.6941,44.26,231.9007,0.1905,0.1073,1.9302,19.1781,232.5391,0.0822,0.1129,2.9019,24.4602,233.2752,0.1053,0.1371
2016-04-06T02:50:59.057Z,4.3899,43.6918,230.2339,0.1897,0.1024,1.7591,21.2781,233.2333,0.0911,0.0934,3.2084,25.2527,233.3326,0.1081,0.1456
2016-04-06T02:51:59.300Z,5.0543,43.8513,229.5057,0.1917,0.116,1.9641,21.3462,232.8452,0.0911,0.1055,3.0412,24.8539,232.8877,0.1068,0.1442
2016-04-06T02:52:59.652Z,4.7713,43.4014,229.3725,0.1889,0.1104,1.5916,20.8718,232.6613,0.0895,0.0863,3.2527,23.1495,232.7389,0.0998,0.1589
2016-04-06T02:53:59.975Z,4.7849,42.7895,229.5909,0.1863,0.1112,1.6658,20.6116,232.6995,0.0893,0.097,3.0081,24.7833,232.6819,0.1067,0.1418
2016-04-06T02:54:59.474Z,3.5441,42.8378,229.9765,0.1863,0.0836,1.8385,18.5743,232.004,0.0801,0.1125,3.0156,23.6525,231.9205,0.1021,0.1486
2016-04-06T02:55:59.774Z,4.2166,43.0036,231.1708,0.186,0.0987,1.92,21.7725,231.9742,0.0935,0.0955,2.9154,24.7749,232.1519,0.1067,0.1402
2016-04-06T02:56:59.140Z,5.1843,44.5889,232.8633,0.1919,0.1168,1.8959,21.1511,231.0914,0.0916,0.1099,3.2848,24.2707,232.8434,0.104,0.149
2016-04-06T02:57:59.417Z,4.6742,44.1457,233.4523,0.189,0.1062,1.9298,20.7579,229.7279,0.0902,0.1058,2.9823,25.3575,233.8873,0.1086,0.14
2016-04-06T02:58:59.859Z,4.7098,43.883,233.2983,0.189,0.1076,1.7928,19.5079,230.5307,0.0841,0.1061,3.2838,23.699,233.6157,0.1011,0.1583
2016-04-06T02:59:59.289Z,3.7633,43.8283,232.7183,0.1882,0.0848,2.4416,23.8787,232.1424,0.1024,0.1054,3.1824,24.1378,232.6808,0.1036,0.1517
