2016-04-15T00:00:59.428Z,1.1952,43.5615,231.7752,0.1882,0.0293,2.6278,23.1709,231.9248,0.0998,0.1348,2.5352,24.5501,231.9425,0.1063,0.1323
2016-04-15T00:01:59.668Z,2.1079,43.1374,232.1476,0.1857,0.0499,1.7931,22.8505,231.7753,0.0986,0.1108,2.9559,23.2563,232.1201,0.1003,0.1484
2016-04-15T00:02:59.125Z,1.1269,43.3097,232.1266,0.1866,0.0269,2.1619,21.4323,231.8212,0.0926,0.1177,2.6478,25.8083,232.5008,0.1109,0.132
2016-04-15T00:03:59.331Z,0.8163,43.2818,232.0575,0.1863,0.0189,2.212,20.3596,231.5695,0.0878,0.1336,3.3272,24.3992,232.9258,0.1048,0.1595
2016-04-15T00:04:59.712Z,0.9015,43.439,232.0251,0.1868,0.0218,2.0046,20.4584,232.0538,0.0876,0.1218,3.3363,24.2502,232.9256,0.1044,0.1611
2016-04-15T00:05:59.980Z,1.3068,43.2016,232.1278,0.1862,0.0308,2.0574,20.4464,232.1679,0.0882,0.1274,3.4184,25.0601,232.7402,0.1074,0.1581
2016-04-15T00:06:59.270Z,0.8014,43.4814,232.1003,0.1877,0.0193,2.0782,21.2356,232.1543,0.0911,0.1289,2.8868,23.6311,232.4912,0.1012,0.1463
2016-04-15T00:07:59.574Z,1.4941,43.7877,232.382,0.1885,0.0345,1.8175,21.2929,229.9792,0.0923,0.0984,3.0667,24.2703,233.2773,0.104,0.1495
2016-04-15T00:08:59.834Z,1.5375,43.2164,232.3821,0.1859,0.0381,2.2422,20.6245,229.5519,0.0898,0.1196,2.7168,25.2864,233.3308,0.1082,0.1243
2016-04-15T00:09:59.022Z,1.064,43.8408,231.8443,0.1891,0.0249,2.4029,21.2996,232.0542,0.0918,0.1324,2.991,23.9031,232.5801,0.1027,0.1506
2016-04-15T00:10:59.316Z,0.8651,43.5784,231.3845,0.1886,0.0214,2.2848,20.7785,231.9541,0.0893,0.1426,3.0023,23.3518,232.4732,0.1008,0.1514
2016-04-15T00:11:59.574Z,1.9529,43.3362,230.6265,0.1885,0.0458,2.258,21.9788,232.0373,0.0948,0.1259,3.1985,23.4695,232.2713,0.1007,0.1556
2016-04-15T00:12:59.905Z,2.117,42.7511,230.271,0.1858,0.0509,2.2617,20.6972,231.56,0.0892,0.1276,3.1332,25.8941,231.5724,0.1117,0.1442
2016-04-15T00:13:59.126Z,1.4007,43.0416,231.0262,0.1861,0.0343,2.2131,19.6407,230.8404,0.0846,0.1298,3.1054,24.4454,232.3922,0.1053,0.15
2016-04-15T00:14:59.447Z,1.2688,43.4805,231.367,0.1879,0.0288,2.0316,21.4283,229.0908,0.0941,0.1113,2.843,24.6018,232.3152,0.1058,0.1379
2016-04-15T00:15:59.587Z,1.0319,43.5512,231.0253,0.1884,0.0243,2.2224,19.6621,231.1003,0.0851,0.131,3.186,22.6526,231.4244,0.0978,0.1696
2016-04-15T00:16:59.869Z,1.3171,43.4871,231.1842,0.188,0.03,2.0656,19.0718,231.9063,0.0818,0.1281,3.279,23.0654,231.2143,0.1002,0.1631
2016-04-15T00:17:59.042Z,0.5304,44.2488,231.265,0.1912,0.0129,1.9688,14.0316,231.5911,0.0602,0.1554,3.1072,19.2363,230.5111,0.0839,0.1786
2016-04-15T00:18:59.303Z,0.958,43.4948,231.0053,0.1882,0.0223,2.0452,19.1884,231.4421,0.0829,0.1284,3.4455,24.3815,230.9742,0.1052,0.1618
2016-04-15T00:19:59.591Z,0.9959,43.4651,231.1889,0.1878,0.0235,2.2507,21.4411,231.6252,0.0924,0.1268,2.9871,23.7246,231.2784,0.1024,0.1562
2016-04-15T00:20:59.853Z,1.0107,43.3407,231.1941,0.1875,0.0229,2.3155,20.4533,231.9431,0.0884,0.1351,3.3923,23.1911,231.4467,0.1007,0.1705
2016-04-15T00:21:59.074Z,1.19,43.926,231.3949,0.1897,0.0278,2.2892,21.4827,232.2379,0.0927,0.1334,3.1276,23.9324,232.0493,0.1028,0.1544
2016-04-15T00:22:59.361Z,1.0884,43.7079,231.6848,0.1885,0.0263,2.3167,21.7244,230.6466,0.0942,0.1291,2.9382,24.3669,232.3551,0.1046,0.1431
2016-04-15T00:23:59.626Z,1.9584,43.2874,232.3033,0.1859,0.0462,1.9884,20.8542,229.1239,0.0911,0.1177,2.9649,23.9997,232.9383,0.1033,0.1464
2016-04-15T00:24:59.981Z,1.9518,43.2582,232.1943,0.1864,0.0473,2.3335,19.5159,231.159,0.0845,0.132,3.0124,23.3715,232.2067,0.1,0.15
2016-04-15T00:25:59.235Z,0.945,43.9453,232.2696,0.1884,0.023,2.3116,22.4584,232.4681,0.0967,0.1262,2.9411,24.7292,232.229,0.1066,0.147
2016-04-15T00:26:59.517Z,1.17,43.8903,232.0144,0.189,0.0263,2.3176,19.3536,232.0596,0.0835,0.138,3.1369,24.476,232.4722,0.1058,0.154
2016-04-15T00:27:59.949Z,0.9399,43.8237,232.1783,0.1888,0.0223,2.3348,20.9529,232.0329,0.09,0.1316,3.3733,22.2754,232.7745,0.096,0.1698
2016-04-15T00:28:59.330Z,2.3757,42.2952,232.1938,0.1824,0.0559,1.9673,19.8231,232.4521,0.085,0.1286,2.7478,26.1287,232.9212,0.1121,0.1341
2016-04-15T00:29:59.683Z,2.0669,43.2853,232.1563,0.1867,0.0491,2.2487,22.7504,232.8466,0.0976,0.1265,2.7573,25.0788,232.3603,0.1084,0.1357
2016-04-15T00:30:59.021Z,1.122,44.3541,231.7114,0.191,0.0253,2.1527,21.202,232.2682,0.0911,0.122,3.1098,22.1868,231.7683,0.0958,0.1592
2016-04-15T00:31:59.206Z,0.9682,43.4611,231.4329,0.1878,0.0231,2.1197,19.5177,231.9393,0.0843,0.1301,3.2578,25.9285,231.2057,0.1123,0.1526
2016-04-15T00:32:59.398Z,1.4384,43.7017,231.8096,0.1886,0.0335,2.4588,22.0215,231.9462,0.0955,0.1327,2.8401,24.5157,231.4799,0.1063,0.1429
2016-04-15T00:33:59.946Z,1.5612,43.7075,231.8833,0.1885,0.0367,1.9914,21.1001,231.9973,0.0907,0.1215,3.1302,24.0054,231.7752,0.1035,0.1547
2016-04-15T00:34:59.165Z,1.0494,44.05,232.0414,0.1902,0.0244,2.1169,20.4336,231.1478,0.0882,0.1201,2.9892,23.2911,232.1761,0.0998,0.1546
2016-04-15T00:35:59.439Z,1.2813,43.4865,232.6792,0.1867,0.0304,2.0188,18.9056,229.7904,0.0824,0.1278,2.9418,24.2837,233.0491,0.104,0.1432
2016-04-15T00:36:59.590Z,1.4027,42.956,232.2898,0.1845,0.0343,2.0726,19.1893,231.7059,0.0829,0.1214,3.4675,24.6489,232.5001,0.1064,0.164
2016-04-15T00:37:59.736Z,1.0129,42.9221,232.2668,0.1852,0.0244,2.2908,21.8251,232.7784,0.0938,0.1307,3.4742,24.5638,232.2307,0.1053,0.1615
2016-04-15T00:38:59.071Z,1.1651,43.7283,231.6792,0.1892,0.0268,2.3297,21.9627,232.4093,0.0944,0.1263,2.7814,24.4079,231.8193,0.1052,0.1394
2016-04-15T00:39:59.458Z,0.8281,43.181,231.632,0.1863,0.0196,2.134,21.8418,232.4048,0.0937,0.1312,2.9486,24.1786,231.6598,0.1043,0.1484
2016-04-15T00:40:59.667Z,1.6229,42.7586,231.6877,0.1848,0.0389,1.9155,17.4493,231.9282,0.0748,0.1349,2.6414,24.9079,231.3828,0.108,0.1324
2016-04-15T00:41:59.270Z,1.781,42.6643,231.5292,0.1842,0.0419,2.76,22.5149,231.9399,0.0972,0.1394,3.4127,24.4626,231.2367,0.1061,0.1597
2016-04-15T00:42:59.673Z,1.4087,43.1944,231.5199,0.1865,0.0345,2.4045,18.5492,232.1237,0.0796,0.1464,3.1027,23.3414,231.2329,0.1013,0.153
2016-04-15T00:43:59.888Z,1.0503,43.719,231.7104,0.1889,0.0252,2.0707,17.6111,232.0923,0.0753,0.1339,3.0123,23.9835,231.2393,0.1042,0.1484
2016-04-15T00:44:59.186Z,0.9012,43.6827,231.3663,0.189,0.0213,1.892,21.4673,231.6973,0.0922,0.1184,3.0966,24.3071,231.2713,0.1047,0.1584
2016-04-15T00:45:59.544Z,0.9662,43.7078,231.4176,0.1889,0.0241,2.2686,18.4722,232.096,0.0795,0.1469,3.0114,22.5224,231.232,0.0974,0.1524
2016-04-15T00:46:59.749Z,2.1951,43.1703,231.8722,0.1869,0.0525,2.148,19.4171,232.308,0.084,0.1336,2.9788,22.6327,231.4192,0.0977,0.1566
2016-04-15T00:47:59.083Z,1.1461,43.2743,231.8761,0.1864,0.0276,2.6129,20.8537,232.401,0.0897,0.1393,3.175,25.5328,231.6741,0.1104,0.1477
2016-04-15T00:48:59.384Z,1.0975,43.7323,231.7737,0.1887,0.0257,1.8422,19.8458,232.2044,0.0857,0.1186,2.7321,23.5013,231.6663,0.1016,0.1475
2016-04-15T00:49:59.609Z,0.7534,43.79,231.763,0.1888,0.0185,2.423,20.96,232.0054,0.0908,0.1324,2.9007,24.1826,231.8262,0.1043,0.145
2016-04-15T00:50:59.833Z,2.1069,42.5503,231.3563,0.1837,0.0492,2.2837,20.1275,231.2097,0.0869,0.1308,3.2326,24.3515,231.6402,0.1048,0.1612
2016-04-15T00:51:59.068Z,2.1679,42.7767,230.4719,0.1856,0.0502,1.7654,19.2717,229.3538,0.0842,0.1138,3.1994,24.9847,232.6066,0.1067,0.1439
2016-04-15T00:52:59.193Z,1.1153,43.8029,230.7113,0.19,0.0241,2.0985,20.7926,231.4102,0.0896,0.1165,2.8411,22.5045,232.8331,0.0968,0.1531
2016-04-15T00:53:59.422Z,1.4193,43.4492,230.9091,0.1885,0.0315,2.0638,18.8238,233.4375,0.0804,0.1321,3.2987,24.9571,232.8096,0.1074,0.1527
2016-04-15T00:54:59.596Z,1.7667,43.6051,230.8711,0.1887,0.0405,2.4362,20.517,233.1148,0.0882,0.1372,2.8564,23.2639,232.4685,0.1,0.1482
2016-04-15T00:55:59.976Z,2.0953,42.5049,230.971,0.1847,0.05,2.397,18.5995,232.946,0.0805,0.1431,2.811,25.3226,232.1281,0.1088,0.1413
2016-04-15T00:56:59.201Z,2.0598,43.6719,231.0649,0.1894,0.0479,2.1488,20.4189,232.5743,0.0878,0.1236,3.4677,22.2021,232.2476,0.096,0.1654
2016-04-15T00:57:59.527Z,0.5989,43.5377,232.0312,0.1874,0.0144,2.516,21.0178,231.8111,0.0908,0.1287,3.176,24.5843,232.0314,0.1066,0.1576
2016-04-15T00:58:59.845Z,1.2165,43.8889,232.5261,0.1886,0.0289,2.1143,20.8834,231.7975,0.0902,0.1253,2.956,24.5282,232.6427,0.1055,0.1451
2016-04-15T00:59:59.115Z,1.5463,43.9163,232.3989,0.1892,0.034,2.3849,21.7159,231.4184,0.0938,0.1271,3.3606,24.3798,232.5128,0.105,0.1596
2016-04-15T01:00:59.338Z,2.1652,42.8563,232.0486,0.1852,0.0526,2.1375,21.3692,231.2474,0.0926,0.1256,2.9809,26.9765,232.3843,0.1162,0.1364
2016-04-15T01:01:59.561Z,1.3155,43.2854,231.8049,0.187,0.0311,2.299,22.4607,230.8925,0.0973,0.1246,2.7403,25.4152,232.0907,0.1098,0.1381
2016-04-15T01:02:59.766Z,0.9002,44.3643,232.3357,0.1918,0.0198,2.1537,19.5536,231.0898,0.0851,0.1381,3.0557,22.7302,232.568,0.0979,0.1556
2016-04-15T01:03:59.958Z,0.7489,43.993,232.3282,0.189,0.0171,2.0914,18.1922,231.231,0.0784,0.1445,2.9824,22.1938,232.6327,0.096,0.1575
2016-04-15T01:04:59.310Z,1.459,43.0688,232.4723,0.1853,0.0354,2.3631,22.4883,231.4708,0.097,0.1251,3.0291,25.3239,232.7019,0.1086,0.1472
2016-04-15T01:05:59.742Z,2.1137,42.9199,232.6626,0.1845,0.0511,2.029,20.0199,231.9329,0.0864,0.1208,3.0136,25.2074,233.1427,0.1082,0.1451
2016-04-15T01:06:59.994Z,1.326,44.0433,232.744,0.1896,0.0316,2.7123,21.7041,232.3159,0.0934,0.1418,2.8852,23.858,233.2093,0.1023,0.147
2016-04-15T01:07:59.220Z,0.8489,43.9276,232.2793,0.1891,0.0206,2.0678,18.2001,232.0272,0.0787,0.135,3.3694,23.7049,233.1722,0.1022,0.168
2016-04-15T01:08:59.409Z,0.7466,43.5437,232.041,0.1881,0.0184,2.0338,15.2762,231.2034,0.0662,0.1566,3.1513,21.7278,232.5881,0.0942,0.1625
2016-04-15T01:09:59.727Z,1.8566,43.4219,232.1741,0.1869,0.0427,2.6989,21.4559,230.9248,0.0932,0.1442,3.0995,24.1049,232.2837,0.1045,0.1498
2016-04-15T01:10:59.898Z,1.7079,43.5296,232.5585,0.1873,0.0398,2.0966,18.3392,229.6645,0.0799,0.1283,3.0558,23.7814,233.0679,0.1021,0.1514
2016-04-15T01:11:59.020Z,0.7898,44.417,232.7817,0.1906,0.0188,1.858,17.0292,229.4582,0.0752,0.1272,2.999,20.7678,233.5555,0.0889,0.1629
2016-04-15T01:12:59.308Z,1.0001,44.4077,232.3229,0.1911,0.0236,2.4138,21.833,232.2455,0.0937,0.1371,3.1633,23.8318,232.5763,0.1025,0.154
2016-04-15T01:13:59.552Z,1.7207,43.1984,232.702,0.1858,0.0404,2.2534,20.8899,230.6271,0.0918,0.134,3.0307,25.0981,233.5035,0.1078,0.148
2016-04-15T01:14:59.901Z,2.2751,42.5249,232.7853,0.1831,0.0543,2.3603,19.9925,228.9696,0.0873,0.1426,3.0785,25.1077,233.6598,0.1074,0.1445
2016-04-15T01:15:59.129Z,1.4643,43.603,232.8716,0.187,0.033,2.1749,21.7578,230.7098,0.0944,0.1276,2.8229,23.8297,233.5212,0.1024,0.1443
2016-04-15T01:16:59.345Z,1.2431,43.7923,232.9564,0.1884,0.028,2.1746,20.1108,233.0601,0.086,0.1334,3.0996,25.521,233.2422,0.1092,0.1457
2016-04-15T01:17:59.613Z,0.8863,43.9729,232.9549,0.1884,0.0209,2.2716,23.0814,232.6813,0.0991,0.12,2.9605,24.1704,232.9054,0.1037,0.1468
2016-04-15T01:18:59.831Z,1.4479,43.827,233.0054,0.188,0.0341,2.0793,19.2276,232.8202,0.0835,0.1268,2.7175,23.1284,233.0523,0.0993,0.1468
2016-04-15T01:19:59.102Z,2.1944,42.5146,232.0962,0.1831,0.0529,2.1996,22.2721,233.1214,0.0948,0.1377,3.183,25.2666,232.596,0.1086,0.1491
2016-04-15T01:20:59.271Z,1.5127,43.8314,232.1663,0.1875,0.036,2.7596,21.556,232.8579,0.0925,0.1451,2.8407,23.858,232.3545,0.1029,0.1465
2016-04-15T01:21:59.573Z,1.5826,43.9388,232.2435,0.1889,0.0347,2.4353,20.5688,232.802,0.0881,0.1378,3.3214,24.5868,232.6937,0.1057,0.1535
2016-04-15T01:22:59.924Z,1.5185,43.7728,233.1596,0.188,0.034,2.3291,21.0345,232.5577,0.0907,0.1235,2.8077,24.8716,232.8905,0.1074,0.1483
2016-04-15T01:23:59.175Z,1.2373,43.3843,233.152,0.1858,0.0297,2.1607,23.2898,232.583,0.1,0.1132,2.9329,24.1861,232.9934,0.1039,0.1486
2016-04-15T01:24:59.687Z,2.5048,44.1341,233.3003,0.1896,0.0586,2.6987,22.1363,232.6026,0.0957,0.1345,3.2751,23.6768,233.1441,0.1018,0.1622
2016-04-15T01:25:59.014Z,1.1636,43.7273,233.24,0.1876,0.028,2.2856,21.842,232.7124,0.094,0.1282,3.417,24.7351,233.0308,0.1063,0.154
2016-04-15T01:26:59.196Z,1.1616,43.7111,232.8376,0.1884,0.0267,2.0832,19.3716,232.8129,0.0829,0.1321,3.3401,24.6815,232.9101,0.1062,0.1596
2016-04-15T01:27:59.476Z,0.8605,43.6625,232.6549,0.1875,0.0201,2.2631,20.6729,232.8584,0.089,0.1305,2.5487,24.2051,232.7519,0.1045,0.136
2016-04-15T01:28:59.649Z,1.6984,43.8936,232.8266,0.1889,0.0387,2.8921,20.793,232.7573,0.0896,0.1507,2.8723,23.5553,232.8941,0.1011,0.1451
2016-04-15T01:29:59.895Z,1.3533,44.0716,232.8762,0.1891,0.0316,2.0655,21.0948,232.7346,0.0911,0.1256,3.2963,25.4289,233.1237,0.1092,0.1512
2016-04-15T01:30:59.175Z,0.8121,44.0812,233.1784,0.1889,0.0196,2.2174,20.3278,233.0368,0.0871,0.13,3.1277,23.0882,233.3536,0.099,0.1569
2016-04-15T01:31:59.432Z,1.0847,43.8182,233.058,0.1879,0.0252,2.1814,21.6434,232.8351,0.0925,0.1334,3.1905,24.1442,233.0327,0.1039,0.1561
2016-04-15T01:32:59.717Z,1.9725,43.1674,233.0485,0.1849,0.0459,2.2467,21.004,232.9621,0.0904,0.1204,3.0927,24.1754,233.1145,0.1034,0.1524
2016-04-15T01:33:59.033Z,2.1689,42.5337,232.1679,0.1829,0.053,2.2994,21.9033,232.9904,0.0939,0.1327,2.8876,27.0414,233.0799,0.1161,0.1368
2016-04-15T01:34:59.241Z,0.9554,43.9857,232.1995,0.1897,0.023,1.9856,19.9329,233.2287,0.086,0.1282,3.2108,22.8647,232.7941,0.0981,0.1654
2016-04-15T01:35:59.498Z,1.1841,43.6773,232.3436,0.188,0.0259,1.9821,19.3868,233.329,0.0827,0.1247,3.3233,23.9259,232.7591,0.1025,0.1601
2016-04-15T01:36:59.891Z,1.0614,43.6392,232.4401,0.1877,0.0242,2.3297,20.5757,233.241,0.0884,0.1275,2.8802,24.9071,232.6396,0.1064,0.1425
2016-04-15T01:37:59.130Z,1.1341,43.84,232.0698,0.1893,0.027,2.0388,20.7612,232.5802,0.089,0.1299,3.1773,23.4501,232.0521,0.1009,0.1589
2016-04-15T01:38:59.371Z,1.1034,44.3863,232.027,0.1916,0.0259,2.1476,20.0365,232.4948,0.0858,0.1229,3.0515,22.0478,232.0393,0.0952,0.1657
2016-04-15T01:39:59.576Z,1.3556,44.0775,232.3564,0.1889,0.0305,2.2811,20.7834,232.7844,0.0891,0.1329,3.2756,23.3896,232.2609,0.1009,0.1584
2016-04-15T01:40:59.889Z,1.994,42.5332,232.6159,0.1829,0.0466,2.1551,22.9735,232.2873,0.0986,0.1121,3.1434,25.6566,231.9946,0.1103,0.1509
2016-04-15T01:41:59.127Z,2.063,43.227,232.5944,0.1863,0.0487,2.1152,21.637,231.7804,0.0929,0.1243,2.9852,23.1538,232.2122,0.1003,0.1579
2016-04-15T01:42:59.446Z,1.1044,43.8754,232.6653,0.1886,0.026,2.1755,21.1849,232.0776,0.0909,0.129,3.1747,24.5407,232.2163,0.1058,0.1546
2016-04-15T01:43:59.742Z,1.3369,43.9637,232.6109,0.1885,0.0302,2.5384,20.7348,232.5048,0.0888,0.1343,2.8664,23.2419,231.9456,0.1002,0.1489
2016-04-15T01:44:59.083Z,1.2943,43.4342,232.8327,0.1864,0.0294,2.057,19.7049,233.0817,0.0846,0.1274,3.0063,23.576,232.7522,0.1018,0.1558
2016-04-15T01:45:59.396Z,1.7784,44.1877,232.7743,0.1901,0.0412,1.8815,20.9414,232.7938,0.0899,0.112,2.981,22.8359,232.5721,0.0983,0.1557
2016-04-15T01:46:59.623Z,2.2358,43.363,232.882,0.1857,0.052,2.2098,21.2221,232.8067,0.0907,0.1358,3.2611,23.4852,232.7067,0.1008,0.1548
2016-04-15T01:47:59.915Z,1.444,43.6556,232.6293,0.1877,0.0353,2.2168,20.6796,232.4956,0.0889,0.1295,3.346,25.5233,232.7256,0.1097,0.1538
2016-04-15T01:48:59.176Z,1.3421,43.786,233.0431,0.1882,0.031,2.5694,20.3093,232.6774,0.087,0.1383,3.1096,24.0321,233.1573,0.1033,0.1533
2016-04-15T01:49:59.440Z,0.973,44.2013,232.9885,0.1898,0.0213,2.3556,21.3179,232.0249,0.0915,0.1259,3.0232,23.2958,233.5448,0.1001,0.1588
2016-04-15T01:50:59.709Z,1.9546,42.8153,233.3846,0.1832,0.046,1.8839,23.3635,229.6558,0.1018,0.0989,2.9809,23.0226,234.1937,0.0986,0.1517
2016-04-15T01:51:59.063Z,1.3706,43.3501,232.9404,0.1862,0.0329,1.8973,20.974,231.6512,0.0901,0.1127,2.5124,23.4932,233.7219,0.1011,0.1377
2016-04-15T01:52:59.285Z,1.0789,43.1212,232.4582,0.1848,0.0244,2.0952,21.9788,232.7841,0.0944,0.1252,3.309,24.2797,233.3134,0.1037,0.1619
2016-04-15T01:53:59.616Z,0.9621,44.0408,232.7596,0.1891,0.0231,2.019,22.3307,233.0754,0.0954,0.1178,2.8299,24.5976,233.4767,0.1054,0.1423
2016-04-15T01:54:59.958Z,1.5465,43.8199,232.6016,0.1883,0.0357,2.2914,21.3097,232.6446,0.091,0.1373,3.0197,24.3347,233.443,0.1039,0.1476
2016-04-15T01:55:59.166Z,1.7062,42.7696,232.2872,0.184,0.0408,2.1398,19.4223,231.7019,0.084,0.1338,2.9151,26.4469,233.2606,0.1129,0.1361
2016-04-15T01:56:59.571Z,1.8215,43.5886,232.4741,0.1874,0.0418,2.2499,20.2004,231.6403,0.0876,0.1322,3.0284,23.5042,233.1875,0.1013,0.1545
2016-04-15T01:57:59.725Z,1.0568,44.2302,233.2803,0.1899,0.0235,2.2968,19.0188,232.1084,0.082,0.1444,3.2789,23.8773,233.8204,0.1023,0.1613
2016-04-15T01:58:59.859Z,1.2327,43.6584,233.5411,0.1872,0.03,2.0207,19.012,232.0305,0.0817,0.1248,2.6609,23.3597,233.7575,0.0998,0.1466
2016-04-15T01:59:59.114Z,1.5844,43.6573,233.6455,0.1869,0.0372,2.5353,20.4576,232.0451,0.0879,0.1427,3.0969,23.8669,233.7576,0.102,0.1512
