2016-01-11T00:00:59.384Z,3.6247,117.8388,232.8164,0.5058,0.0314,5.3718,101.9407,232.9658,0.4376,0.0526,4.2366,107.001,233.7086,0.4583,0.0422
2016-01-11T00:01:59.682Z,4.333,120.1992,232.2095,0.5178,0.037,3.3558,99.8319,232.5654,0.4287,0.0333,3.0059,102.1884,233.4522,0.4375,0.0305
2016-01-11T00:02:59.922Z,3.8523,119.5363,232.0059,0.5146,0.0333,4.0441,103.0777,232.8699,0.443,0.0382,3.1826,100.9914,233.1713,0.433,0.0316
2016-01-11T00:03:59.139Z,4.4773,121.5487,232.8403,0.5222,0.0361,3.7832,100.3133,231.5629,0.4326,0.0388,3.5541,101.6063,234.0203,0.4344,0.035
2016-01-11T00:04:59.385Z,4.8907,120.6136,232.7068,0.5178,0.0409,2.479,101.649,230.2058,0.4413,0.0216,3.1201,101.6223,234.2214,0.4338,0.0311
2016-01-11T00:05:59.761Z,5.1971,119.9305,232.5201,0.5157,0.0424,3.1396,99.8166,232.484,0.4292,0.032,2.9489,101.913,234.2068,0.4348,0.0284
2016-01-11T00:06:59.048Z,6.0374,120.7808,232.3848,0.5194,0.05,2.9931,101.4632,232.4418,0.4363,0.0311,3.7391,99.454,234.061,0.4251,0.0382
2016-01-11T00:07:59.372Z,4.9113,121.4575,231.8936,0.5234,0.0425,3.7712,102.6427,231.6279,0.4426,0.0348,3.1799,102.0301,234.2616,0.4354,0.0301
2016-01-11T00:08:59.610Z,4.9802,120.869,232.1443,0.5205,0.0433,4.2909,101.3375,231.5951,0.4376,0.0423,3.066,103.4346,234.1027,0.4418,0.0291
2016-01-11T00:09:59.076Z,4.3368,119.9661,231.7243,0.5172,0.0364,4.076,102.5584,232.4127,0.4414,0.0396,3.2118,101.782,234.4277,0.4342,0.032
2016-01-11T00:10:59.395Z,3.082,118.7183,231.74,0.5118,0.0265,5.1978,102.5375,232.5205,0.4408,0.0501,2.8862,103.0982,234.325,0.44,0.0275
2016-01-11T00:11:59.662Z,4.9692,120.9232,232.0597,0.5209,0.043,3.4386,99.6692,232.8865,0.4282,0.036,3.8735,103.748,234.8797,0.4423,0.0357
2016-01-11T00:12:59.903Z,4.46,122.066,231.9902,0.5258,0.0367,3.8434,102.657,232.6495,0.441,0.0358,3.271,104.4574,234.8184,0.4448,0.031
2016-01-11T00:13:59.274Z,3.827,120.1183,232.2621,0.5172,0.0317,3.9342,103.5617,232.6367,0.4453,0.0378,2.9223,103.5647,234.7347,0.4407,0.0282
2016-01-11T00:14:59.587Z,3.2681,121.8746,232.8168,0.5233,0.027,3.1212,100.7362,232.5609,0.4332,0.0315,2.4798,104.3677,234.8387,0.4446,0.024
2016-01-11T00:15:59.987Z,3.1516,118.5243,232.3215,0.5101,0.0276,5.3002,105.4725,232.203,0.454,0.05,2.3453,100.9199,235.379,0.4287,0.024
2016-01-11T00:16:59.341Z,3.7649,119.5697,232.2381,0.5147,0.0317,5.0674,100.5068,232.077,0.433,0.0518,2.8466,101.5839,235.0283,0.432,0.0309
2016-01-11T00:17:59.528Z,3.8009,121.7001,232.3096,0.5238,0.031,4.2657,104.1801,232.0586,0.4491,0.0407,3.8891,103.6925,235.0473,0.441,0.0379
2016-01-11T00:18:59.838Z,3.0591,121.3988,231.9254,0.5227,0.0256,4.9841,102.5881,232.7692,0.441,0.0462,3.1693,103.297,234.7148,0.44,0.0303
2016-01-11T00:19:59.105Z,3.577,120.7074,231.9981,0.5202,0.0271,3.9871,103.3681,232.339,0.4441,0.0408,3.2696,101.7618,234.9232,0.4331,0.0329
2016-01-11T00:20:59.249Z,4.9254,118.627,231.7377,0.5109,0.0418,3.6022,102.2338,232.5684,0.4399,0.0363,2.8926,102.9867,235.1024,0.4381,0.0265
2016-01-11T00:21:59.566Z,3.4711,119.7629,232.0335,0.5156,0.0296,4.569,101.8314,232.2899,0.4387,0.0466,2.708,99.8325,235.2848,0.4243,0.0285
2016-01-11T00:22:59.927Z,4.1371,121.6239,232.3851,0.5227,0.0347,3.4298,101.1111,232.1279,0.4354,0.0324,3.9149,100.8273,235.4526,0.4283,0.0375
2016-01-11T00:23:59.212Z,4.2189,120.5021,232.342,0.5184,0.0353,3.1262,102.974,232.4211,0.443,0.0302,4.0377,102.8558,234.7136,0.438,0.0388
2016-01-11T00:24:59.544Z,5.2055,123.3214,232.884,0.5291,0.043,3.3693,102.6466,232.4947,0.4411,0.0307,2.7451,104.1303,234.6052,0.4436,0.0276
2016-01-11T00:25:59.791Z,3.8119,120.9002,232.9596,0.5184,0.032,3.4265,103.0654,232.6626,0.4435,0.0344,3.2827,104.6129,234.9385,0.4456,0.0316
2016-01-11T00:26:59.967Z,4.679,120.0048,232.7072,0.5155,0.0399,3.4578,103.6898,233.0358,0.4446,0.0359,3.3435,101.8161,235.3887,0.432,0.0334
2016-01-11T00:27:59.227Z,3.7166,122.1594,233.1433,0.5238,0.029,3.7104,100.8903,232.6447,0.4333,0.0374,3.1027,102.0382,235.5649,0.433,0.0292
2016-01-11T00:28:59.547Z,3.8014,120.4229,232.692,0.5167,0.0314,3.7332,101.6579,232.6059,0.4368,0.0362,2.8811,102.0111,235.3475,0.4334,0.0282
2016-01-11T00:29:59.749Z,5.3334,121.1482,232.8648,0.5201,0.0447,3.2831,102.9351,232.602,0.4422,0.0313,3.0114,101.5968,235.4758,0.4319,0.0297
2016-01-11T00:30:59.945Z,3.5855,120.4262,232.0185,0.5188,0.03,3.4386,100.9599,231.6474,0.4357,0.0344,4.1462,102.6697,235.1646,0.4367,0.0405
2016-01-11T00:31:59.249Z,3.5326,120.7583,231.2541,0.5217,0.0301,3.7081,101.9196,232.4883,0.4384,0.0347,4.0204,101.7092,235.1513,0.4328,0.0381
2016-01-11T00:32:59.401Z,4.4573,120.2491,230.9755,0.5204,0.0369,3.6196,102.7933,232.8292,0.4418,0.0365,3.6363,103.8295,234.9412,0.4422,0.0352
2016-01-11T00:33:59.653Z,2.9076,119.9427,230.8844,0.5189,0.0247,4.2,102.1027,233.1557,0.4381,0.0416,3.1803,101.8736,234.8049,0.4344,0.0307
2016-01-11T00:34:59.081Z,4.4212,120.458,231.3229,0.5203,0.0372,4.2092,103.0102,233.2918,0.4417,0.0411,3.4166,103.6221,234.7887,0.4421,0.0327
2016-01-11T00:35:59.269Z,5.1064,118.4396,231.6995,0.5111,0.0425,3.8518,97.4807,233.2059,0.418,0.0407,3.4779,100.0968,234.4341,0.4268,0.0344
2016-01-11T00:36:59.596Z,4.1326,119.2913,231.8237,0.5142,0.0346,3.7478,99.8996,232.3798,0.4295,0.0401,4.3384,102.3625,234.6188,0.4356,0.0453
2016-01-11T00:37:59.915Z,5.3021,120.9151,231.722,0.5216,0.0445,4.0266,104.0748,232.3239,0.4483,0.0393,4.3341,101.6611,234.8064,0.4327,0.0418
2016-01-11T00:38:59.213Z,4.3914,119.1674,231.3359,0.5146,0.0372,4.6093,103.9267,232.8469,0.4467,0.0444,3.5573,101.5784,234.0023,0.434,0.0356
2016-01-11T00:39:59.522Z,3.8452,120.2351,231.4844,0.5191,0.031,4.342,101.5476,232.2669,0.4371,0.0447,3.9164,101.6757,234.2198,0.4343,0.0396
2016-01-11T00:40:59.667Z,3.9793,117.2965,231.6368,0.5063,0.0345,4.5036,99.5075,232.5808,0.4281,0.0468,3.2036,102.0765,234.4642,0.4355,0.0316
2016-01-11T00:41:59.008Z,5.6796,122.1862,231.8544,0.5268,0.0451,3.3521,102.2607,232.8731,0.4388,0.0338,2.7803,102.2281,234.9608,0.4356,0.0251
2016-01-11T00:42:59.368Z,3.9792,120.8864,232.321,0.5201,0.0317,3.9286,104.0998,233.0471,0.4466,0.0408,3.2677,101.6136,235.0433,0.4324,0.033
2016-01-11T00:43:59.742Z,5.0541,120.5324,233.283,0.517,0.0411,3.5376,102.8213,233.2088,0.4412,0.0335,2.9665,101.6029,235.3114,0.4314,0.0293
2016-01-11T00:44:59.981Z,4.8888,120.7582,232.9586,0.5181,0.0413,3.7197,102.3031,232.9949,0.4391,0.0375,3.1238,101.6343,235.5237,0.4315,0.0299
2016-01-11T00:45:59.228Z,4.7061,121.2121,231.2417,0.5241,0.0392,3.2881,101.3052,229.3512,0.4417,0.0348,3.1328,99.4992,233.1427,0.4274,0.0292
2016-01-11T00:46:59.476Z,4.7593,119.2159,231.2068,0.5156,0.0408,2.6225,99.3757,228.4121,0.4347,0.0267,3.4455,101.8546,233.4751,0.4367,0.0338
2016-01-11T00:47:59.696Z,3.1305,120.0487,230.7724,0.5199,0.026,4.3401,100.337,230.642,0.4354,0.0433,2.7938,99.9488,233.1118,0.4287,0.0296
2016-01-11T00:49:59.346Z,4.1523,120.0059,230.6168,0.5203,0.0344,3.5099,101.6436,231.0476,0.4402,0.033,3.1247,101.2446,233.1286,0.4345,0.0312
2016-01-11T00:50:59.591Z,3.126,117.7863,230.6532,0.5108,0.0266,4.0655,100.4693,230.8098,0.4357,0.041,3.5624,102.0248,233.367,0.437,0.034
2016-01-11T00:51:59.085Z,4.4113,118.3693,230.9578,0.5119,0.0372,4.306,102.2569,230.7732,0.4431,0.0406,2.9249,101.1344,233.571,0.433,0.032
2016-01-11T00:52:59.415Z,5.0574,120.5965,230.8612,0.5216,0.0423,4.1808,101.5573,230.9221,0.4398,0.0391,3.4783,102.2312,233.3178,0.4385,0.0362
2016-01-11T00:53:59.719Z,2.8908,120.1554,230.6999,0.5207,0.0248,3.6419,104.5305,231.0325,0.4518,0.0357,4.3251,102.7508,233.1775,0.4404,0.0434
2016-01-11T00:54:59.969Z,3.7087,118.2053,230.4807,0.5129,0.0313,4.0388,103.4301,230.8413,0.4482,0.0389,3.1066,100.3613,233.1737,0.4305,0.0298
2016-01-11T00:55:59.227Z,2.7634,120.188,230.3959,0.5213,0.0229,3.9108,100.592,230.5839,0.4361,0.0407,3.7223,100.8141,233.0849,0.4327,0.0369
2016-01-11T00:56:59.834Z,3.551,120.0729,230.7684,0.5198,0.03,4.0778,101.2607,231.0691,0.4384,0.0426,2.8776,103.2373,233.0077,0.443,0.0276
2016-01-11T00:57:59.141Z,3.887,119.0577,230.4464,0.5163,0.0341,4.1331,101.2533,230.7757,0.4384,0.0402,3.7864,102.3093,232.7937,0.4398,0.0363
2016-01-11T00:58:59.364Z,3.9329,120.4368,230.2802,0.5232,0.0333,3.778,103.0198,230.8155,0.446,0.0373,3.5703,100.2597,232.289,0.4313,0.0363
2016-01-11T00:59:59.568Z,3.9341,122.6293,230.271,0.5322,0.0311,3.973,101.6819,230.4826,0.4409,0.04,3.7419,101.4857,232.0248,0.4375,0.0368
2016-01-11T01:00:59.818Z,4.4138,117.1622,230.4624,0.5074,0.0371,3.5179,104.7337,230.3952,0.4542,0.037,3.8514,99.8254,231.917,0.4308,0.0389
2016-01-11T01:01:59.161Z,4.3421,118.2519,230.553,0.5131,0.0372,3.3464,101.9073,230.27,0.4421,0.033,3.2984,103.201,232.0458,0.445,0.0337
2016-01-11T01:02:59.310Z,4.7084,118.084,230.1434,0.5126,0.0397,3.2008,100.4795,230.2556,0.437,0.0329,3.0803,100.8622,231.8244,0.4348,0.0323
2016-01-11T01:03:59.590Z,2.9986,118.8346,230.1146,0.5156,0.0255,4.3936,100.6451,230.1735,0.4367,0.0443,3.7437,99.7137,231.826,0.4298,0.0376
2016-01-11T01:04:59.798Z,3.8241,117.2811,230.5185,0.5084,0.033,3.3655,100.2976,230.0756,0.4358,0.0338,2.9802,101.4416,231.6069,0.438,0.0304
2016-01-11T01:05:59.058Z,4.0263,118.4918,230.6718,0.5131,0.034,4.2667,100.7247,230.5007,0.437,0.0449,3.5521,101.1328,231.8312,0.4363,0.0342
2016-01-11T01:06:59.488Z,3.6588,119.205,230.865,0.5165,0.031,3.3225,102.8636,230.279,0.4464,0.0338,3.0183,99.516,231.5178,0.43,0.0302
2016-01-11T01:07:59.914Z,3.1933,121.562,230.9921,0.5264,0.0256,3.7287,101.2903,229.7348,0.4415,0.0386,3.31,101.0012,232.1858,0.4346,0.0334
2016-01-11T01:08:59.122Z,3.2684,119.9261,230.9504,0.5183,0.0282,3.6439,100.3059,230.0866,0.4357,0.0369,3.8781,102.6329,232.4712,0.4414,0.0377
2016-01-11T01:09:59.480Z,4.889,120.1019,230.9244,0.5203,0.0403,4.798,101.7737,230.8785,0.4407,0.0465,4.1282,101.7143,232.3381,0.4381,0.0407
2016-01-11T01:10:59.051Z,4.9816,119.8058,230.8479,0.5183,0.0421,4.1987,100.3277,230.7271,0.435,0.0422,3.1283,100.6281,232.3941,0.4328,0.0337
2016-01-11T01:11:59.347Z,4.7893,121.4299,230.8302,0.5255,0.0401,2.9469,102.6758,230.427,0.4457,0.0288,3.1382,100.8644,232.2388,0.4345,0.0316
2016-01-11T01:12:59.630Z,5.2293,120.7754,230.9501,0.5224,0.044,3.7665,100.2789,230.6037,0.4348,0.0372,3.2452,101.573,232.2205,0.437,0.0321
2016-01-11T01:13:59.819Z,5.8126,119.8568,230.8836,0.5188,0.0496,2.8138,102.4655,230.8,0.4436,0.0258,3.5504,103.4748,232.6463,0.4443,0.034
2016-01-11T01:14:59.319Z,5.213,118.8066,231.4461,0.5136,0.0443,3.3938,101.5828,231.087,0.4401,0.0331,3.4064,103.1501,233.1622,0.442,0.0326
2016-01-11T01:15:59.662Z,4.8321,118.986,231.4356,0.5148,0.0415,3.9091,102.8798,231.0919,0.4448,0.0344,3.3103,100.527,233.2997,0.4307,0.0362
2016-01-11T01:16:59.980Z,3.5862,121.0952,230.8815,0.5242,0.0296,3.9251,101.2653,231.1385,0.4386,0.0388,3.7463,100.4411,233.3937,0.431,0.0373
2016-01-11T01:17:59.360Z,3.5967,119.5852,231.146,0.5173,0.0318,3.9373,102.2134,231.4377,0.4416,0.0412,3.3411,103.1443,233.173,0.4422,0.032
2016-01-11T01:18:59.519Z,4.468,120.7803,231.2651,0.5219,0.0381,4.2731,97.7868,232.2291,0.4211,0.0443,2.7703,103.3475,233.4499,0.4425,0.0265
2016-01-11T01:19:59.768Z,5.7858,118.8695,231.4513,0.5132,0.0489,4.1215,103.1893,232.2245,0.4441,0.0396,3.8238,100.8401,233.7224,0.4314,0.0399
2016-01-11T01:20:59.041Z,3.3584,119.2267,231.5563,0.5146,0.0269,4.0588,100.3567,232.3461,0.4317,0.0428,2.6281,100.9021,233.5519,0.4318,0.028
2016-01-11T01:21:59.320Z,3.6498,121.2107,230.6515,0.5253,0.0304,4.0626,100.3918,232.1971,0.4319,0.0396,2.7418,104.1544,232.9357,0.4471,0.0266
2016-01-11T01:22:59.565Z,4.6725,119.9729,230.3044,0.5201,0.0378,4.0209,102.6035,231.0815,0.4444,0.0399,3.2848,100.4102,232.0196,0.4327,0.0336
2016-01-11T01:23:59.798Z,5.4435,119.0382,230.1714,0.5167,0.0452,2.8755,100.3769,230.9444,0.4348,0.0352,3.6346,101.1357,232.16,0.4356,0.0363
2016-01-11T01:24:59.219Z,5.013,116.1623,229.9446,0.505,0.0433,4.3741,100.6269,229.8027,0.4379,0.0431,2.8288,99.7986,231.9479,0.4301,0.0276
2016-01-11T01:25:59.515Z,4.7755,118.3295,230.2258,0.5134,0.0412,3.7653,101.9395,230.431,0.4425,0.0393,3.5129,100.7017,231.8934,0.4345,0.0341
2016-01-11T01:26:59.683Z,4.8334,117.3396,229.9903,0.5099,0.0413,3.6467,102.7152,230.8896,0.4449,0.0359,3.4164,102.352,232.3601,0.4401,0.0347
2016-01-11T01:27:59.920Z,5.5632,120.66,231.3093,0.5215,0.0467,2.6777,100.2565,228.4947,0.4386,0.0273,2.7329,102.8895,233.537,0.4408,0.0259
2016-01-11T01:28:59.279Z,4.8427,118.1723,230.613,0.5118,0.04,4.042,103.385,231.3679,0.4463,0.0393,3.1712,102.3369,232.4346,0.4406,0.0312
2016-01-11T01:29:59.599Z,5.4289,119.1659,230.8608,0.5159,0.0457,4,103.0167,231.6593,0.4447,0.0399,3.0762,99.4929,232.7603,0.4273,0.0322
2016-01-11T01:30:59.003Z,4.8151,120.8042,230.9521,0.5226,0.0417,3.4597,101.5573,231.4122,0.4392,0.0363,3.6807,103.0881,233.0021,0.4417,0.0336
2016-01-11T01:31:59.250Z,2.4902,119.275,230.6014,0.5173,0.0205,4.797,98.905,231.452,0.4273,0.0487,4.5753,99.7065,233.2252,0.4279,0.047
2016-01-11T01:32:59.497Z,3.5125,121.2745,231.0233,0.5245,0.0289,4.6352,100.787,231.5587,0.4351,0.0468,4.0291,101.9575,233.1193,0.4375,0.0405
2016-01-11T01:33:59.674Z,5.0533,119.5081,230.888,0.5173,0.0421,3.7558,101.9173,231.4341,0.4402,0.0367,3.4447,101.5008,232.8692,0.4364,0.0349
2016-01-11T01:34:59.840Z,3.8624,119.8308,230.0931,0.5203,0.033,4.3425,100.238,231.7822,0.4327,0.0434,3.6666,102.4715,233.0508,0.4392,0.036
2016-01-11T01:35:59.249Z,3.768,119.1063,230.3068,0.5174,0.0307,3.9227,102.9169,231.6558,0.4439,0.0377,3.1088,102.4598,232.8036,0.4398,0.0314
2016-01-11T01:36:59.587Z,5.0505,118.0701,229.9858,0.5134,0.0424,3.0168,101.6821,231.2386,0.4399,0.0302,4.2163,101.2877,232.5447,0.4352,0.0417
2016-01-11T01:37:59.890Z,2.4192,119.3,230.0442,0.518,0.0193,3.4214,102.2048,231.4197,0.4415,0.033,3.7256,100.7232,232.7577,0.4324,0.0363
2016-01-11T01:38:59.137Z,5.7649,118.4554,230.0397,0.5144,0.0492,4.217,99.4167,231.3669,0.4297,0.0437,3.4833,105.5496,232.9661,0.4533,0.0333
2016-01-11T01:39:59.311Z,5.2847,118.6325,230.4166,0.5143,0.0459,4.0853,101.3478,230.9654,0.4389,0.0412,2.8582,99.4843,233.4185,0.4264,0.0297
2016-01-11T01:40:59.722Z,4.4467,119.5644,230.7044,0.5178,0.0364,3.1548,100.7086,230.5659,0.4368,0.0314,3.6313,100.6816,233.4319,0.4315,0.0377
2016-01-11T01:41:59.947Z,5.1112,120.0504,230.8864,0.5198,0.0429,4.2402,102.246,231.2587,0.4423,0.0399,2.8536,103.4745,233.4925,0.4425,0.0272
2016-01-11T01:42:59.373Z,4.6413,121.2769,230.6189,0.5252,0.0393,3.5798,101.8551,230.944,0.4406,0.0354,2.6485,102.949,233.3738,0.441,0.0267
2016-01-11T01:43:59.569Z,3.2639,121.1568,230.7685,0.5247,0.0264,4.3202,102.2989,230.4711,0.4439,0.0429,3.2382,98.6557,233.0528,0.4233,0.0326
2016-01-11T01:44:59.807Z,4.4702,117.9876,230.3001,0.5123,0.0379,3.9418,95.4404,230.866,0.4132,0.0427,3.3282,99.0513,232.8866,0.4249,0.0345
2016-01-11T01:45:59.093Z,5.4642,118.662,230.1642,0.5152,0.0477,4.1278,102.0237,230.9548,0.4413,0.0406,2.9314,100.188,232.5847,0.4311,0.0277
2016-01-11T01:46:59.305Z,3.5441,119.6146,230.1468,0.5192,0.0289,4.4742,100.4769,230.287,0.4366,0.0445,3.2405,98.6545,232.7115,0.4238,0.0329
2016-01-11T01:47:59.350Z,5.4588,119.3084,230.2029,0.5177,0.0457,3.7132,95.9337,230.5353,0.416,0.0392,3.3066,95.5371,232.7993,0.4103,0.0337
2016-01-11T01:48:59.712Z,3.4912,120.2527,230.6157,0.5212,0.0286,3.2675,100.1932,230.099,0.4356,0.0341,2.8255,99.9229,232.8459,0.4295,0.0286
2016-01-11T01:49:59.879Z,3.7479,119.267,231.1758,0.5158,0.032,4.0715,100.2303,229.8765,0.4359,0.0425,3.2533,104.3855,232.9058,0.4484,0.0318
2016-01-11T01:50:59.134Z,4.9141,119.0762,230.9943,0.5154,0.0409,4.0019,102.1728,230.3704,0.4436,0.0386,3.9787,101.3254,232.6834,0.4356,0.0379
2016-01-11T01:51:59.364Z,3.9064,119.0522,230.9615,0.5154,0.033,3.3649,102.6035,230.7171,0.4452,0.0347,3.1003,104.2585,232.7246,0.4482,0.0299
2016-01-11T01:52:59.658Z,5.165,119.618,231.3039,0.5168,0.043,4.5322,100.1426,231.2453,0.4328,0.0437,3.6579,100.5421,233.4848,0.431,0.0378
2016-01-11T01:53:59.077Z,4.4239,117.3281,231.1822,0.5071,0.0389,3.5504,102.6908,231.7667,0.4432,0.0356,3.4629,100.7023,233.3716,0.4317,0.0366
2016-01-11T01:54:59.368Z,3.708,120.2471,230.9147,0.5204,0.033,4.5778,103.7227,231.6197,0.4473,0.0431,3.2212,102.0691,233.1733,0.438,0.0312
2016-01-11T01:55:59.632Z,3.3529,119.1604,230.82,0.5158,0.0285,4.6381,101.4807,231.596,0.4379,0.0443,2.8944,103.4034,233.3019,0.4427,0.0291
2016-01-11T01:56:59.940Z,4.7853,119.2518,230.2616,0.5178,0.0398,4.349,101.089,232.0035,0.4352,0.0415,3.3848,101.0105,233.0861,0.4329,0.033
2016-01-11T01:57:59.230Z,5.574,119.8708,230.3277,0.52,0.0483,3.791,101.0469,231.5142,0.4361,0.0373,2.7597,103.9821,233.2874,0.4459,0.028
2016-01-11T01:58:59.523Z,4.4319,119.3065,230.2634,0.5181,0.0373,4.4926,101.3546,230.9048,0.439,0.0465,3.0103,102.2427,233.9101,0.4373,0.0321
2016-01-11T01:59:59.790Z,5.7841,120.1422,230.2942,0.5221,0.0474,3.0431,101.1947,231.3342,0.4373,0.032,4.0501,103.5515,233.7137,0.4435,0.0379
2016-01-11T02:01:59.302Z,5.1515,117.9518,229.8793,0.5126,0.0433,3.7211,103.9955,232.4405,0.4472,0.0375,4.2624,100.8972,233.1115,0.4326,0.0427
2016-01-11T02:02:59.692Z,5.8436,119.5247,229.6175,0.52,0.0489,2.8666,103.1175,232.2559,0.444,0.027,3.292,102.622,232.449,0.4418,0.0316
2016-01-11T02:03:59.019Z,4.7899,117.0828,229.0632,0.5104,0.0416,4.2237,99.465,232.3993,0.4278,0.0426,3.0431,102.1146,232.3923,0.4396,0.0298
2016-01-11T02:04:59.386Z,4.834,119.8113,228.3732,0.5243,0.041,3.8429,97.4348,232.6493,0.4192,0.0392,2.9302,102.6287,232.9248,0.4407,0.0276
2016-01-11T02:05:59.627Z,4.4608,118.0386,228.4166,0.5166,0.0368,4.1554,102.9609,232.3302,0.4432,0.0395,2.871,98.2628,229.7301,0.4275,0.0292
2016-01-11T02:06:59.950Z,4.9341,116.5275,228.3434,0.5099,0.0429,4.2063,102.4158,232.0555,0.4414,0.0409,3.0536,100.8599,230.7142,0.4375,0.0307
2016-01-11T02:07:59.222Z,4.5953,118.0374,229.0269,0.5158,0.0392,3.7868,102.293,230.8247,0.4437,0.0351,2.1476,98.9987,232.4964,0.4257,0.0216
2016-01-11T02:08:59.624Z,5.3654,118.2612,229.091,0.5159,0.0449,4.0409,102.0297,228.4922,0.4459,0.0403,2.3648,103.0266,233.028,0.4423,0.0247
2016-01-11T02:09:59.823Z,4.0992,119.2426,228.8213,0.5205,0.0351,3.7892,102.9305,231.456,0.4442,0.0347,3.0301,99.0335,232.0247,0.4266,0.031
2016-01-11T02:10:59.116Z,5.1491,118.5757,228.9768,0.5176,0.0441,4.0917,102.8943,231.948,0.4431,0.0401,3.1418,101.9012,232.0627,0.439,0.0307
2016-01-11T02:11:59.555Z,5.5589,117.2497,228.8066,0.5125,0.0484,3.0968,103.7159,232.1732,0.446,0.0297,4.0552,101.9738,231.7753,0.4401,0.0387
2016-01-11T02:12:59.850Z,5.3463,119.7413,229.5285,0.5218,0.0458,3.0082,98.658,232.2711,0.4249,0.0304,3.1459,102.2372,232.1076,0.4405,0.0314
2016-01-11T02:13:59.152Z,4.3463,119.2111,230.5053,0.5169,0.0356,4.0913,99.2378,231.9061,0.4277,0.0413,3.3531,103.7184,232.2573,0.4466,0.0333
2016-01-11T02:14:59.494Z,3.2556,119.3941,231.7938,0.5151,0.0258,4.3119,101.571,231.897,0.4381,0.042,3.3037,99.9015,232.8998,0.4291,0.0336
2016-01-11T02:15:59.808Z,3.2963,117.9008,231.5936,0.5085,0.0291,3.2736,102.0354,231.577,0.4407,0.0301,3.2123,101.4356,232.7508,0.4359,0.0321
2016-01-11T02:16:59.227Z,5.0582,119.4697,231.1357,0.5166,0.0423,3.8248,100.0744,230.787,0.4337,0.0372,2.3143,102.5044,233.3557,0.4392,0.0232
2016-01-11T02:17:59.578Z,3.9366,119.416,231.5164,0.5154,0.0324,3.7224,102.1754,230.155,0.4436,0.0348,3.5892,100.7121,233.1763,0.4315,0.0333
2016-01-11T02:18:59.885Z,4.8611,119.811,231.5884,0.5168,0.0405,4.8884,99.1559,231.0042,0.4292,0.0502,3.129,99.1555,233.324,0.4248,0.0313
2016-01-11T02:19:59.114Z,3.9392,120.713,231.143,0.522,0.0309,3.6309,100.4092,231.0643,0.4348,0.039,3.7431,102.6144,233.0458,0.4406,0.0399
2016-01-11T02:20:59.570Z,3.8633,119.1641,231.0021,0.516,0.0323,3.9284,102.1037,231.0429,0.4418,0.0376,3.9452,103.003,232.3092,0.4434,0.0374
2016-01-11T02:21:59.845Z,3.2863,119.8086,231.1741,0.5176,0.0272,4.2441,99.9012,231.0159,0.4326,0.0427,3.3975,101.4668,232.7428,0.436,0.0341
2016-01-11T02:22:59.238Z,3.4813,119.5049,230.6164,0.518,0.0289,3.7059,99.7691,231.3708,0.4312,0.0381,3.3276,100.4652,232.6883,0.4317,0.0339
2016-01-11T02:23:59.514Z,3.7444,120.8535,230.781,0.5237,0.0323,4.3963,103.5371,231.5848,0.4463,0.0418,3.3622,102.6788,232.2729,0.442,0.033
2016-01-11T02:24:59.868Z,6.1335,120.9349,231.1721,0.5231,0.0507,3.438,100.4973,231.4601,0.4348,0.033,3.9268,103.2204,231.8103,0.4452,0.0386
2016-01-11T02:25:59.152Z,5.2089,121.8574,231.2018,0.5269,0.0426,3.7053,105.2251,231.2177,0.4544,0.033,2.753,100.822,232.8648,0.433,0.0278
2016-01-11T02:26:59.482Z,5.5468,119.9058,231.3266,0.5178,0.0457,3.6736,101.2953,231.5635,0.4371,0.0359,2.6203,100.5896,232.679,0.4321,0.0245
2016-01-11T02:27:59.857Z,5.0287,119.6553,231.1138,0.5178,0.043,4.2223,101.469,230.9596,0.4393,0.0437,3.2724,102.5282,232.3268,0.4415,0.0314
2016-01-11T02:28:59.165Z,5.9132,118.6899,231.1421,0.513,0.0499,3.0667,105.611,231.7833,0.4553,0.0269,3.4739,100.6222,232.38,0.4332,0.0342
2016-01-11T02:29:59.614Z,3.7112,120.5936,231.0178,0.5214,0.0323,4.244,102.1162,231.7818,0.4402,0.0424,4.1007,102.1877,232.5268,0.439,0.0392
2016-01-11T02:30:59.905Z,4.038,120.0748,230.7617,0.5201,0.0337,4.4813,103.2954,231.5264,0.4457,0.0416,4.0966,100.0235,232.0974,0.4303,0.0425
2016-01-11T02:31:59.100Z,5.2533,119.046,230.8712,0.5154,0.0444,3.569,100.9926,231.4506,0.4365,0.0356,2.9109,99.7565,232.1845,0.4297,0.0289
2016-01-11T02:32:59.261Z,4.6891,119.161,231.1968,0.5147,0.0398,3.3549,100.8454,231.1234,0.4364,0.0362,4.0702,100.8665,232.2085,0.434,0.0412
2016-01-11T02:33:59.437Z,3.8541,119.7803,231.1261,0.5184,0.0317,4.8296,103.0124,231.1684,0.4457,0.0467,3.7255,103.7796,232.1439,0.4476,0.0346
2016-01-11T02:34:59.617Z,4.6942,119.9862,231.0241,0.5195,0.0384,4.2035,99.3165,231.0837,0.4299,0.0425,3.0422,101.2596,232.3241,0.4363,0.0302
2016-01-11T02:35:59.951Z,5.1289,120.1986,231.4351,0.5196,0.0433,3.4199,100.9245,230.5986,0.4375,0.0336,3.9199,101.704,233.5797,0.4358,0.0387
2016-01-11T02:36:59.253Z,4.1157,119.18,231.1111,0.516,0.0352,4.1564,101.6738,230.4083,0.4411,0.0396,4.0707,104.7689,233.841,0.4479,0.0379
2016-01-11T02:37:59.522Z,4.8819,117.8923,230.9262,0.5107,0.0429,3.8264,98.9332,229.9687,0.4298,0.0411,1.7813,99.6655,233.7292,0.4263,0.0187
2016-01-11T02:38:59.761Z,3.3631,119.6345,230.8776,0.5177,0.0264,3.7663,99.1755,230.7381,0.4298,0.038,3.7837,99.7516,233.5695,0.4271,0.0398
2016-01-11T02:39:59.999Z,5.0714,118.6271,230.8898,0.5137,0.0425,3.2936,100.441,231.3893,0.4343,0.0334,3.0911,103.4479,233.4778,0.4433,0.0298
2016-01-11T02:40:59.280Z,4.4204,119.9854,231.5638,0.5176,0.037,4.3602,100.3115,232.003,0.432,0.0436,3.2461,105.7483,233.7298,0.4518,0.0301
2016-01-11T02:41:59.600Z,2.8827,118.4872,231.4066,0.5123,0.0252,4.2145,101.9284,231.6649,0.4399,0.0407,3.2202,99.5938,233.5914,0.4262,0.0329
2016-01-11T02:42:59.874Z,4.1851,117.7599,230.9134,0.5099,0.0366,4.5298,99.6547,231.7968,0.4302,0.0451,2.8686,100.2998,233.2979,0.4297,0.0274
2016-01-11T02:43:59.125Z,4.3109,119.9651,231.4117,0.5181,0.0357,3.9594,100.7507,230.3866,0.4374,0.0389,3.7383,103.8796,233.6423,0.4446,0.0361
2016-01-11T02:44:59.355Z,4.4144,120.4569,231.6134,0.5198,0.0368,3.829,102.0781,229.3242,0.4456,0.0382,3.0927,100.7396,233.7213,0.4309,0.0297
2016-01-11T02:45:59.881Z,3.7025,120.0003,231.4932,0.5185,0.0307,4.31,101.4838,230.6042,0.44,0.0417,2.7521,102.9462,233.7223,0.4403,0.026
2016-01-11T02:46:59.349Z,5.7724,120.2026,231.3109,0.5193,0.0496,2.5251,102.4693,231.2659,0.4429,0.0244,3.6037,101.8427,233.3119,0.4363,0.0338
2016-01-11T02:47:59.558Z,4.3013,119.8488,231.1004,0.5184,0.0357,3.5505,101.0656,230.7469,0.4377,0.0344,2.7933,101.5779,233.5729,0.4348,0.0282
2016-01-11T02:48:59.859Z,4.0729,117.4173,231.0218,0.5079,0.0338,3.7132,99.417,227.8858,0.4363,0.0384,2.8812,97.6181,233.6153,0.4179,0.0314
2016-01-11T02:49:59.155Z,3.8508,119.5649,230.6202,0.518,0.0324,3.589,101.3012,228.1338,0.4447,0.0344,2.616,101.7504,233.2093,0.4362,0.0267
2016-01-11T02:50:59.395Z,4.29,121.3007,230.7067,0.5253,0.036,3.9541,100.1852,229.5186,0.4364,0.0412,2.8144,103.2873,232.8071,0.4434,0.026
2016-01-11T02:51:59.648Z,5.1303,119.0792,230.644,0.5158,0.0432,3.6588,101.6684,229.5163,0.4426,0.0376,3.7116,103.1387,232.5043,0.4438,0.0357
2016-01-11T02:52:59.960Z,4.8344,119.461,230.9232,0.517,0.042,3.7208,100.2254,229.8215,0.4359,0.039,3.0637,99.6134,233.2042,0.427,0.03
2016-01-11T02:53:59.262Z,4.7051,118.3887,231.1763,0.5116,0.039,3.5024,103.56,229.7583,0.4507,0.0322,3.3521,99.0457,232.951,0.4256,0.0336
2016-01-11T02:54:59.560Z,4.141,118.2051,230.4185,0.5132,0.0355,3.65,100.3122,230.2282,0.4358,0.0376,3.4627,101.1884,233.1102,0.4342,0.0347
2016-01-11T02:55:59.880Z,4.2629,120.9403,230.6539,0.5243,0.0353,4.2392,100.311,230.2223,0.4355,0.043,18.4326,109.7159,232.7979,0.4713,0.1165
2016-01-11T02:56:59.174Z,622.2778,978.0262,230.6907,4.2395,0.4528,638.2319,1000.6551,229.5706,4.3651,0.4558,1092.2248,1550.6125,231.254,6.7149,0.7159
2016-01-11T02:57:59.679Z,1012.9116,1468.7708,230.7176,6.3655,0.6896,1036.8003,1509.4771,229.1289,6.5873,0.6868,1548.0201,2121.8551,230.6568,9.1991,0.7291
2016-01-11T02:58:59.973Z,1009.7153,1471.0057,230.7514,6.3741,0.6867,1028.6069,1501.8209,228.9879,6.5579,0.6856,1545.9193,2115.0376,230.9379,9.1589,0.7304
2016-01-11T02:59:59.304Z,1006.2773,1460.9945,230.4626,6.3391,0.6889,1031.6922,1502.9893,228.6039,6.5748,0.6864,1543.1776,2112.1519,230.801,9.1503,0.7303
