2016-04-09T00:00:59.589Z,4.9486,44.6584,232.4292,0.1923,0.1113,1.8843,22.0917,232.7691,0.0946,0.1122,2.954,24.1491,232.5955,0.1037,0.1391
2016-04-09T00:01:59.132Z,3.8312,44.8871,232.4528,0.1933,0.0846,1.9571,21.9586,232.304,0.0944,0.101,3.2941,22.1727,232.4793,0.0957,0.1627
2016-04-09T00:02:59.571Z,3.9508,43.1164,231.9821,0.1857,0.0903,1.5247,19.3305,232.0934,0.0837,0.0885,3.2693,25.3296,232.0282,0.1091,0.1508
2016-04-09T00:03:59.435Z,4.5112,44.972,232.2489,0.1942,0.1019,1.4675,20.3367,231.6799,0.0878,0.0952,3.1865,21.3166,232.322,0.0918,0.1701
2016-04-09T00:04:59.627Z,5.5032,44.442,233.1673,0.1904,0.1234,1.4196,18.7008,229.6153,0.0823,0.0911,3.4119,23.3803,233.2704,0.1003,0.1621
2016-04-09T00:05:59.939Z,5.5589,44.8064,232.7695,0.1924,0.1231,2.063,20.6381,229.6843,0.0896,0.1044,3.1193,24.2634,233.4584,0.1037,0.1514
2016-04-09T00:06:59.226Z,4.124,43.4998,232.6301,0.1867,0.0946,1.2884,17.5774,231.7226,0.0758,0.0973,2.9911,24.602,233.0292,0.1062,0.1461
2016-04-09T00:07:59.730Z,4.726,44.0912,232.2282,0.1903,0.1064,1.5609,15.9158,232.7565,0.0684,0.1071,3.2668,19.6873,232.5585,0.0847,0.1862
2016-04-09T00:08:59.971Z,5.0491,44.6743,232.561,0.1921,0.1141,1.8774,17.5326,232.6966,0.0748,0.118,3.5456,21.5527,232.4329,0.093,0.1831
2016-04-09T00:09:59.235Z,5.2096,45.199,233.1993,0.1939,0.116,1.7644,20.3072,232.2354,0.0878,0.1066,3.1311,23.9842,232.6284,0.1028,0.155
2016-04-09T00:10:59.560Z,4.4025,43.538,232.7207,0.1871,0.1024,1.4544,18.3476,231.7643,0.0789,0.1013,2.7854,24.3586,232.5058,0.1043,0.1405
2016-04-09T00:11:59.541Z,5.0336,45.1477,233.4301,0.1929,0.1114,1.4581,20.6826,229.7722,0.0901,0.0862,3.2086,23.6122,233.2764,0.1015,0.1524
2016-04-09T00:12:59.763Z,5.1875,44.5809,233.1299,0.1911,0.1158,1.5627,20.59,231.1713,0.0887,0.0949,3.3693,23.5909,233.4064,0.1011,0.1609
2016-04-09T00:13:59.107Z,4.8551,43.8059,232.8133,0.188,0.1122,1.551,20.1109,233.1713,0.0862,0.0882,3.4918,25.0226,233.3298,0.1076,0.162
2016-04-09T00:14:59.336Z,3.9329,44.2618,232.695,0.1902,0.0893,2.2276,21.2836,232.8147,0.0917,0.1146,3.4064,24.5102,233.2926,0.105,0.1532
2016-04-09T00:15:59.563Z,3.9955,44.3951,232.3077,0.191,0.0904,1.9404,19.6043,232.7325,0.0846,0.1037,3.1591,24.3956,233.1381,0.1047,0.1495
2016-04-09T00:16:59.986Z,4.3833,44.1609,232.3574,0.1902,0.1024,1.782,22.6591,232.7118,0.0976,0.0976,2.9805,23.7858,233.1354,0.1023,0.1454
2016-04-09T00:17:59.304Z,4.9646,43.7187,231.9099,0.1882,0.114,1.7901,18.1091,232.5653,0.0778,0.1152,3.4584,23.8898,233.1666,0.1027,0.1628
2016-04-09T00:18:59.535Z,5.267,43.8453,232.2853,0.1885,0.1207,1.7162,20.5998,230.0578,0.0898,0.08,3.2802,26.6527,233.9823,0.1141,0.1475
2016-04-09T00:19:59.872Z,4.1701,44.1167,232.2688,0.19,0.0951,1.901,19.1163,229.0349,0.0839,0.0975,3.2504,21.0901,233.9536,0.0902,0.1672
2016-04-09T00:20:59.864Z,4.6244,44.5398,232.5184,0.1913,0.1052,1.4549,17.8634,229.3985,0.078,0.1037,3.1803,22.8255,233.819,0.0971,0.1585
2016-04-09T00:21:59.038Z,4.9392,45.0533,232.5513,0.1933,0.1104,2.058,20.0031,229.1001,0.0875,0.1142,3.4362,23.8891,233.1778,0.1021,0.1639
2016-04-09T00:22:59.416Z,4.9446,44.6691,232.6192,0.1921,0.1112,1.7375,20.2472,231.7198,0.0877,0.1075,3.0818,22.6396,231.8451,0.0973,0.1673
2016-04-09T00:23:59.168Z,4.3408,44.5499,232.8572,0.1913,0.0986,1.8653,22.3707,231.462,0.0966,0.0904,3.5269,25.0318,231.7028,0.1083,0.164
2016-04-09T00:24:59.359Z,3.5815,43.1989,232.7528,0.1857,0.0834,1.8923,19.5249,231.2985,0.084,0.1091,2.7249,25.1395,231.724,0.1088,0.1363
2016-04-09T00:25:59.303Z,4.2737,44.6704,233.151,0.1908,0.096,1.3943,21.3486,228.8199,0.0932,0.0791,3.0467,24.9089,232.5977,0.1074,0.1433
2016-04-09T00:26:59.573Z,5.1984,44.8278,233.0939,0.192,0.115,1.735,20.5063,229.5602,0.0888,0.0877,2.9722,24.7433,232.3393,0.107,0.1428
2016-04-09T00:27:59.794Z,4.8433,44.0703,232.6293,0.1897,0.1097,1.4308,21.148,231.6559,0.0914,0.0998,3.4597,25.8171,231.8207,0.1121,0.1488
2016-04-09T00:28:59.039Z,4.4137,44.1802,233.0306,0.1898,0.1001,1.8552,21.7502,231.8734,0.0938,0.1019,3.2216,25.489,232.3402,0.1099,0.1509
2016-04-09T00:29:59.288Z,5.1357,45.1345,233.0804,0.1934,0.1131,1.8143,22.3858,231.7521,0.0966,0.0958,3.1499,22.7484,232.5868,0.0981,0.1595
2016-04-09T00:30:59.537Z,5.2077,45.0651,233.4167,0.1929,0.1158,1.8132,21.1253,232.6122,0.0911,0.0904,3.2581,25.5452,233.0811,0.1091,0.1571
2016-04-09T00:31:59.830Z,4.8712,44.5052,233.4065,0.1903,0.1099,1.7959,20.9913,232.554,0.0903,0.0982,3.2168,24.2988,232.6092,0.104,0.1572
2016-04-09T00:32:59.743Z,4.8173,45.0632,233.068,0.1935,0.1075,1.5889,20.7891,232.4857,0.0889,0.0989,3.5909,23.5642,232.0744,0.1012,0.1712
2016-04-09T00:33:59.964Z,5.4363,44.7809,233.7467,0.1916,0.1214,1.6453,19.1586,230.7249,0.0833,0.0951,2.9288,23.7093,232.6476,0.1022,0.1535
2016-04-09T00:34:59.238Z,4.5558,43.8592,233.5303,0.1879,0.1053,1.4261,21.5102,229.5245,0.0943,0.076,3.3874,25.3058,232.8074,0.1085,0.1502
2016-04-09T00:35:59.730Z,3.4745,44.2468,232.4828,0.1911,0.0798,2.2695,21.6946,232.407,0.0935,0.1043,3.1107,23.9499,231.6437,0.1033,0.158
2016-04-09T00:36:59.323Z,5.1634,45.1713,232.5294,0.1942,0.1144,2.0306,21.1818,232.8654,0.091,0.1022,3.4694,23.1889,231.4772,0.1002,0.1669
2016-04-09T00:37:59.848Z,5.0511,44.3207,231.9987,0.1913,0.115,1.481,20.8634,232.8363,0.0899,0.0899,3.287,23.2709,231.4008,0.1005,0.1638
2016-04-09T00:38:59.162Z,4.8898,44.3266,232.2186,0.1911,0.1118,1.3248,19.0411,232.8486,0.0818,0.0879,3.2804,22.7707,231.5058,0.0978,0.1642
2016-04-09T00:39:59.094Z,4.2866,44.1747,232.4131,0.1901,0.0995,1.7099,19.5666,233.1719,0.0838,0.1005,3.2441,23.4448,231.5279,0.1018,0.158
2016-04-09T00:40:59.358Z,5.2436,44.4503,232.6275,0.1915,0.1181,1.6762,18.606,233.2795,0.0797,0.1109,3.0896,23.1035,231.4752,0.0995,0.1591
2016-04-09T00:41:59.643Z,4.9916,45.4288,233.2052,0.1945,0.1104,1.7602,20.6166,233.5157,0.0882,0.1037,3.3252,22.4005,231.8608,0.0965,0.1674
2016-04-09T00:42:59.877Z,4.6027,44.2703,233.1949,0.1895,0.1039,1.571,20.0635,233.3763,0.0853,0.0971,3.354,22.315,233.1061,0.0959,0.1654
2016-04-09T00:43:59.033Z,5.439,44.5975,233.632,0.191,0.1206,1.6963,18.8667,230.7774,0.082,0.1102,3.2031,23.8726,233.6938,0.1021,0.1544
2016-04-09T00:44:59.660Z,5.3736,45.2425,233.4703,0.1936,0.1177,1.2527,19.7934,231.1746,0.0859,0.0902,2.7847,23.636,233.4351,0.101,0.1449
2016-04-09T00:45:59.320Z,5.3381,44.2657,232.77,0.1897,0.119,1.7616,19.4553,232.3742,0.0842,0.101,3.1826,23.6025,232.1473,0.1018,0.1585
2016-04-09T00:46:59.660Z,3.9992,44.5605,233.012,0.1911,0.0902,1.8745,20.9108,232.4129,0.0898,0.0953,3.3036,23.1726,232.7099,0.0999,0.16
2016-04-09T00:47:59.109Z,3.5697,43.8677,233.028,0.1886,0.0822,1.8127,20.448,232.5328,0.0876,0.1061,3.4706,24.8258,232.8641,0.1066,0.1588
2016-04-09T00:48:59.384Z,4.5066,44.531,232.8613,0.1914,0.1046,1.9619,19.8698,232.3509,0.0849,0.1176,3.342,23.0423,232.9012,0.0993,0.1664
2016-04-09T00:49:59.833Z,5.3582,44.3511,232.5729,0.1911,0.1213,2.0124,21.3167,232.6584,0.0916,0.1109,3.2065,21.473,232.7887,0.0922,0.1714
2016-04-09T00:50:59.140Z,4.767,44.8529,233.0448,0.1922,0.1069,1.9681,21.4561,232.4679,0.093,0.1068,3.2956,23.6811,233.543,0.1013,0.1628
2016-04-09T00:51:59.466Z,4.4591,44.5837,233.23,0.1919,0.1002,1.927,22.4322,232.563,0.0965,0.0947,3.2011,22.1435,233.5438,0.0947,0.1624
2016-04-09T00:52:59.425Z,4.7133,43.8518,233.2384,0.1878,0.1092,1.9373,17.5151,232.8164,0.0749,0.1115,3.2159,23.7071,233.6484,0.102,0.1567
2016-04-09T00:53:59.732Z,5.1377,44.1393,233.1818,0.1891,0.1165,1.3041,18.7007,232.5978,0.0805,0.0962,3.0509,24.0163,233.0721,0.103,0.153
2016-04-09T00:54:59.307Z,4.6305,44.1316,232.872,0.1895,0.1063,1.653,20.5708,230.6271,0.0892,0.0932,3.2325,25.1799,233.5167,0.1075,0.1518
2016-04-09T00:55:59.627Z,4.3475,43.6277,232.8935,0.1871,0.1005,1.7287,18.7275,230.1641,0.082,0.1098,2.674,21.8925,233.6244,0.0937,0.1532
2016-04-09T00:56:59.940Z,5.3367,45.5645,232.9093,0.1954,0.1178,1.8974,23.7979,232.6425,0.1023,0.099,3.4264,23.7001,232.1018,0.1021,0.1662
2016-04-09T00:57:59.160Z,5.0728,45.282,233.4151,0.194,0.1129,1.3384,17.7446,232.968,0.0756,0.1022,3.0112,22.2101,230.1311,0.0966,0.1639
2016-04-09T00:58:59.511Z,4.578,43.957,232.532,0.189,0.1047,1.3907,19.2407,232.2892,0.083,0.0978,3.3641,25.5649,232.775,0.1098,0.1548
2016-04-09T00:59:59.276Z,4.1451,44.19,232.1394,0.1902,0.0932,1.8168,21.7522,232.5052,0.094,0.1123,3.5357,23.6727,232.6854,0.1018,0.1642
