2016-04-08T00:00:59.413Z,1.0777,43.561,232.5295,0.1871,0.0266,2.2908,19.9189,231.4471,0.0861,0.1349,3.1928,24.5409,232.1089,0.1058,0.1486
2016-04-08T00:01:59.772Z,0.9859,43.5868,232.5247,0.1875,0.0233,2.3763,21.5742,231.6513,0.0935,0.1316,2.7089,25.277,231.9796,0.1087,0.1378
2016-04-08T00:02:59.079Z,1.5859,43.216,232.3876,0.1864,0.0371,2.0158,21.4436,230.7557,0.093,0.1174,2.755,24.3557,231.6554,0.1052,0.1343
2016-04-08T00:03:59.218Z,1.0247,44.1218,232.2703,0.1896,0.0242,1.7592,19.283,228.0815,0.0846,0.1095,2.7104,24.2443,232.5882,0.1042,0.1335
2016-04-08T00:04:59.528Z,0.9437,42.7619,231.9892,0.1848,0.0222,1.9005,20.1504,229.889,0.0874,0.1152,3.3501,25.2786,231.8276,0.1088,0.1545
2016-04-08T00:05:59.721Z,1.6904,43.7151,231.9825,0.1886,0.0384,2.1376,21.1174,231.0395,0.0911,0.1234,3.0243,22.3351,231.5275,0.0968,0.1604
2016-04-08T00:06:59.892Z,1.8624,43.1077,231.9077,0.1853,0.0438,2.0215,20.56,230.7699,0.0889,0.1257,2.9656,25.003,231.3887,0.1082,0.1444
2016-04-08T00:07:59.201Z,1.7389,42.658,231.3064,0.1849,0.0408,2.0346,21.3092,230.1852,0.0929,0.1256,2.9027,25.1236,230.6066,0.109,0.1389
2016-04-08T00:08:59.409Z,0.9801,43.7297,231.4829,0.1887,0.0234,2.1036,18.4818,230.6662,0.0799,0.1324,3.149,23.7887,230.9008,0.1035,0.1559
2016-04-08T00:09:59.753Z,0.9483,43.2111,231.7493,0.1863,0.0217,2.1417,20.7087,231.0796,0.0895,0.1276,3.7168,23.2682,231.156,0.1002,0.1812
2016-04-08T00:10:59.062Z,1.1833,43.4021,232.1284,0.1871,0.0269,2.1708,20.1337,230.9438,0.0877,0.1341,3.0103,23.5823,230.8293,0.1023,0.1502
2016-04-08T00:11:59.497Z,1.8365,43.1765,232.0856,0.1863,0.0445,2.5012,20.8642,230.7286,0.0908,0.1363,2.9243,24.3051,230.3136,0.1055,0.1451
2016-04-08T00:12:59.820Z,1.7913,43.2976,232.5951,0.1864,0.0427,1.8099,19.6789,230.7128,0.0852,0.122,2.7468,24.3976,231.1078,0.1054,0.137
2016-04-08T00:13:59.116Z,1.0483,43.8758,233.0159,0.1882,0.0253,2.5661,20.7697,231.1386,0.09,0.1411,3.1872,24.8316,231.84,0.1073,0.1524
2016-04-08T00:14:59.442Z,0.9246,44.0364,232.6141,0.1895,0.0213,2.3718,21.5453,231.0962,0.0931,0.1293,2.8133,23.7656,231.8177,0.103,0.1476
2016-04-08T00:15:59.700Z,0.7141,43.1381,232.0489,0.1862,0.0181,2.2435,21.0286,231.4333,0.0909,0.1353,3.0399,25.8484,231.8575,0.1118,0.1413
2016-04-08T00:16:59.182Z,1.9178,43.4421,232.4114,0.1873,0.0439,1.9937,20.563,231.4574,0.0889,0.132,2.9221,24.279,232.0691,0.1044,0.1424
2016-04-08T00:17:59.375Z,1.0707,43.8015,231.8475,0.1891,0.0259,2.2336,20.5052,231.0926,0.0882,0.1312,2.9714,25.2887,231.4542,0.1096,0.1368
2016-04-08T00:18:59.839Z,1.0342,43.3525,231.7373,0.1871,0.0241,2.4827,20.2431,231.2075,0.0876,0.1458,2.8421,24.7195,231.7752,0.1067,0.144
2016-04-08T00:19:59.148Z,1.4949,43.1737,231.8971,0.186,0.0344,1.9811,19.2956,231.6191,0.0832,0.1294,3.0552,24.571,232.0493,0.1056,0.1483
2016-04-08T00:20:59.428Z,2.4096,43.2034,231.2441,0.1869,0.0565,2.721,20.7101,231.5553,0.0895,0.1473,2.9566,24.2349,232.1473,0.1048,0.1421
2016-04-08T00:21:59.828Z,2.3472,43.7878,231.2502,0.1897,0.0546,2.0818,23.3293,231.1142,0.1009,0.1162,2.7215,22.0339,231.946,0.0949,0.1454
2016-04-08T00:22:59.119Z,1.2242,43.1764,231.3268,0.1864,0.0289,2.4549,19.3173,230.8798,0.0841,0.1437,3.1598,24.5786,231.9866,0.1057,0.1466
2016-04-08T00:23:59.334Z,0.949,43.7998,231.8021,0.1896,0.0212,2.2591,21.5458,231.0951,0.0935,0.1232,3.0763,24.3153,232.1843,0.1049,0.1495
2016-04-08T00:24:59.540Z,1.0712,43.11,232.1643,0.1853,0.0256,1.8192,21.0363,231.6915,0.0907,0.117,2.7437,25.2725,231.4263,0.1096,0.1384
2016-04-08T00:25:59.726Z,2.5663,42.5718,232.4813,0.183,0.0605,2.3907,19.4218,231.6432,0.0839,0.1448,3.0114,25.0422,230.9126,0.1087,0.1478
2016-04-08T00:26:59.127Z,1.7373,42.2587,232.0391,0.1821,0.0426,2.1718,19.3231,231.3877,0.0839,0.136,3.2146,24.6342,231.6138,0.1061,0.1521
2016-04-08T00:27:59.465Z,0.7255,43.5571,232.6462,0.1873,0.0171,2.0126,20.6251,231.4921,0.0889,0.1254,2.9566,23.9611,231.8488,0.1032,0.1497
2016-04-08T00:28:59.785Z,1.2188,43.3778,232.3721,0.1868,0.0276,2.4755,19.1247,232.0474,0.0823,0.1465,2.8909,24.526,231.5495,0.1063,0.1455
2016-04-08T00:29:59.039Z,0.8206,43.6112,232.6407,0.1874,0.0207,2.178,21.9714,232.1939,0.0946,0.122,2.8911,23.4539,231.718,0.1011,0.1502
2016-04-08T00:30:59.561Z,1.8198,43.1532,232.7338,0.1855,0.042,2.2579,21.3082,232.0773,0.0918,0.1227,2.8687,23.3055,231.6808,0.1005,0.1501
2016-04-08T00:31:59.721Z,0.9153,43.4564,232.4731,0.1874,0.0225,2.2178,18.078,232.0689,0.0778,0.137,2.9223,23.6487,231.6411,0.1022,0.1492
2016-04-08T00:32:59.005Z,0.902,43.7348,232.2663,0.1878,0.0204,2.1773,19.7584,231.8916,0.0853,0.1322,3.0428,23.5794,231.3407,0.1018,0.1504
2016-04-08T00:33:59.236Z,0.882,43.1414,232.2434,0.1855,0.021,2.4016,20.6289,231.9904,0.0888,0.1289,2.7132,24.7729,231.3171,0.1069,0.1408
2016-04-08T00:34:59.474Z,1.8978,42.9396,232.4891,0.1846,0.0455,1.7612,19.3351,230.2618,0.0837,0.1152,2.9409,22.8502,231.7919,0.0986,0.1514
2016-04-08T00:35:59.834Z,1.0482,44.2562,232.8654,0.1899,0.0239,1.9353,19.7651,229.0834,0.0858,0.1155,2.7713,23.4593,232.2,0.1012,0.1433
2016-04-08T00:36:59.188Z,0.9616,44.1596,232.3743,0.1904,0.0231,2.3218,21.5792,230.5433,0.093,0.1231,3.0223,23.1144,231.5499,0.1,0.1571
2016-04-08T00:37:59.344Z,1.3808,43.1133,232.1484,0.1858,0.0324,2.109,18.6913,230.3037,0.0813,0.1324,2.7455,24.2399,231.3742,0.1053,0.138
2016-04-08T00:38:59.601Z,1.6993,42.972,232.2004,0.1848,0.0411,2.1168,20.4696,230.4554,0.0888,0.1215,2.8577,24.79,231.5963,0.1065,0.1408
2016-04-08T00:39:59.847Z,1.0257,43.4957,231.9962,0.1877,0.0247,2.1299,19.2858,230.0826,0.0839,0.1348,2.9368,24.7958,231.5393,0.1072,0.1483
2016-04-08T00:40:59.125Z,0.8574,43.6794,231.7058,0.188,0.0193,2.4171,21.8137,230.0939,0.0947,0.1299,3.1487,24.091,231.3626,0.1043,0.1548
2016-04-08T00:41:59.454Z,1.0246,43.1345,231.4687,0.1861,0.0239,2.1425,18.6691,229.9271,0.0812,0.1282,2.843,24.1843,231.11,0.1047,0.145
2016-04-08T00:42:59.691Z,2.0911,42.6841,231.7276,0.1844,0.0499,2.5207,19.2057,229.9975,0.0837,0.1465,2.4537,25.1384,231.4795,0.1088,0.1251
2016-04-08T00:43:59.066Z,1.9742,42.7348,231.9661,0.1841,0.0463,2.1124,20.35,230.1741,0.0877,0.1366,3.2087,24.3547,231.6887,0.105,0.1562
2016-04-08T00:44:59.354Z,0.8164,43.9679,232.3055,0.1889,0.0192,2.3113,21.0711,230.3735,0.0921,0.1316,3.3484,23.4299,231.9724,0.1016,0.1607
2016-04-08T00:45:59.569Z,1.4251,43.461,232.1729,0.1874,0.0331,2.2208,19.4562,230.3232,0.0842,0.144,3.0403,25.2423,231.941,0.1091,0.1453
2016-04-08T00:46:59.827Z,1.3157,43.2514,232.37,0.1858,0.0311,2.4616,20.4622,230.8727,0.0884,0.1413,2.7258,25.2332,232.3786,0.1087,0.1382
2016-04-08T00:47:59.103Z,1.4654,42.7664,232.4644,0.1837,0.035,2.1461,18.9999,230.887,0.082,0.1378,2.9711,24.9148,232.5124,0.1071,0.1433
2016-04-08T00:48:59.307Z,1.2409,43.8696,232.4219,0.188,0.027,2.2799,20.3519,230.8575,0.0884,0.1341,3.4341,25.2278,232.3945,0.1082,0.1581
2016-04-08T00:49:59.565Z,1.1283,44.1879,232.6508,0.19,0.0258,2.7603,22.625,231.0379,0.0983,0.1326,2.9989,24.2902,232.6237,0.1046,0.1488
2016-04-08T00:50:59.805Z,1.4475,43.5653,232.7216,0.1868,0.0336,2.839,20.526,230.9529,0.089,0.1593,2.7082,24.9495,232.4863,0.1073,0.1352
2016-04-08T00:51:59.088Z,1.0042,44.2568,232.7789,0.1906,0.0247,2.4182,21.2754,231.0211,0.0914,0.1349,2.5509,23.9609,232.4471,0.103,0.1377
2016-04-08T00:52:59.378Z,1.1562,43.6957,232.7925,0.1881,0.0273,2.3063,21.5012,231.1679,0.0934,0.1316,3.1543,25.2786,232.5105,0.1089,0.151
2016-04-08T00:53:59.665Z,1.0089,44.2034,232.6822,0.1899,0.0237,2.1974,21.9486,231.1497,0.0948,0.134,2.8723,23.148,232.1766,0.0998,0.1515
2016-04-08T00:54:59.004Z,2.4454,43.3386,233.031,0.1863,0.056,2.1491,22.1043,231.0978,0.0952,0.1257,2.9227,24.8281,232.1979,0.1069,0.1481
2016-04-08T00:55:59.305Z,1.9875,43.3411,232.5251,0.1866,0.0458,2.315,22.3525,230.9837,0.0973,0.131,3.0526,23.2825,231.6593,0.1005,0.1526
2016-04-08T00:56:59.533Z,1.2268,43.6573,232.6591,0.1873,0.028,2.2513,21.5526,231.8187,0.0926,0.1277,3.0264,24.3462,231.7567,0.1056,0.1499
2016-04-08T00:57:59.803Z,0.8127,44.0611,232.6215,0.1893,0.0188,2.3609,20.8437,232.1654,0.0895,0.1401,3.3097,24.2276,231.8771,0.1053,0.1585
2016-04-08T00:58:59.966Z,1.2736,43.8045,232.5508,0.1887,0.0298,1.8491,20.8788,232.2675,0.0898,0.1197,2.6914,25.1528,232.0573,0.1086,0.1357
2016-04-08T00:59:59.392Z,2.2352,42.4381,231.2459,0.1831,0.0539,2.1794,20.7953,232.7991,0.0891,0.1276,2.9202,26.7674,232.3386,0.1151,0.1302
2016-04-08T01:00:59.652Z,1.5923,43.3908,231.0074,0.1874,0.0376,2.6959,23.4889,232.746,0.101,0.1304,2.9516,25.7656,232.3216,0.1109,0.1357
2016-04-08T01:01:59.935Z,1.0724,43.129,230.7189,0.1869,0.0252,2.3437,20.4923,232.4492,0.0878,0.133,2.67,24.1769,232.0015,0.1042,0.1375
2016-04-08T01:02:59.244Z,0.9684,43.5602,230.7648,0.189,0.0229,2.184,21.956,232.2843,0.0943,0.1272,3.1722,23.8801,232.0017,0.1028,0.1539
2016-04-08T01:03:59.442Z,1.4949,43.0308,230.6768,0.1864,0.0357,2.3003,20.576,232.3091,0.0884,0.1366,3.0605,23.997,231.8863,0.1037,0.1542
2016-04-08T01:04:59.767Z,1.5141,43.3085,232.5602,0.1862,0.0359,2.2099,21.1131,232.334,0.0903,0.1355,2.7808,23.9943,232.0807,0.1031,0.141
2016-04-08T01:05:59.932Z,0.942,44.2215,232.8632,0.1899,0.0223,2.459,22.2707,232.2774,0.0958,0.1315,3.0672,23.7093,231.9849,0.1022,0.1559
2016-04-08T01:06:59.199Z,0.9788,44.1027,232.7511,0.1894,0.0225,2.2929,20.6527,231.9212,0.089,0.1328,2.9426,23.1566,231.8055,0.1001,0.1535
2016-04-08T01:07:59.440Z,1.6482,43.5297,232.7696,0.1873,0.0379,2.7005,21.4655,231.9914,0.0925,0.1371,2.9553,24.669,231.2653,0.1071,0.1452
2016-04-08T01:08:59.870Z,2.2745,42.681,233.3882,0.1831,0.0533,2.6714,21.1443,232.6075,0.0912,0.1398,2.9688,25.308,231.647,0.1096,0.1413
2016-04-08T01:09:59.429Z,1.4249,43.72,233.1748,0.1872,0.0327,1.7952,20.727,232.6393,0.0892,0.1224,2.9992,21.9963,231.5116,0.0947,0.1592
2016-04-08T01:10:59.644Z,1.2176,43.6116,233.0376,0.1871,0.0281,2.6134,20.4188,232.813,0.0876,0.1402,3.1536,23.4998,231.3109,0.1018,0.1568
2016-04-08T01:11:59.857Z,1.0883,43.6429,232.8373,0.1875,0.0255,2.2322,21.1086,232.9008,0.0903,0.1322,2.7296,24.531,231.6972,0.1064,0.1404
2016-04-08T01:12:59.130Z,1.3334,43.0657,232.7842,0.1854,0.0322,2.349,18.8251,232.7683,0.0809,0.148,2.9844,24.1056,231.9421,0.1042,0.1436
2016-04-08T01:13:59.520Z,2.1212,42.4335,232.84,0.1822,0.0515,2.4169,19.8687,232.7356,0.0853,0.1396,3.0526,25.0324,231.8243,0.1084,0.1479
2016-04-08T01:14:59.851Z,1.7995,43.7824,232.8115,0.1882,0.0423,1.9268,23.3742,232.4984,0.1,0.109,2.5548,23.0697,231.7301,0.1,0.1407
2016-04-08T01:15:59.104Z,0.8712,44.028,232.7851,0.1897,0.02,2.4224,21.9617,231.9831,0.0947,0.1277,3.1483,23.6527,231.0287,0.1023,0.1597
2016-04-08T01:16:59.308Z,0.7646,43.7887,232.6355,0.188,0.018,2.346,18.404,231.8175,0.0791,0.1404,3.0075,23.8038,230.7369,0.1036,0.1499
2016-04-08T01:17:59.536Z,1.8663,43.533,232.5897,0.1872,0.0429,2.2964,20.7377,231.5862,0.0892,0.1268,2.9124,24.6349,231.1505,0.1067,0.1426
2016-04-08T01:18:59.924Z,2.1085,43.2226,232.6108,0.1852,0.0503,1.9832,21.9756,231.4473,0.0949,0.1203,2.9691,23.7514,231.4188,0.1026,0.1458
2016-04-08T01:19:59.386Z,1.5571,43.1938,232.3932,0.186,0.0358,2.1281,18.714,231.2387,0.0807,0.1344,3.0372,24.1409,231.2748,0.1042,0.1526
2016-04-08T01:20:59.648Z,1.0638,43.7635,232.7302,0.1878,0.0253,1.7768,18.995,231.6951,0.0824,0.1276,2.8645,24.1758,231.7415,0.1041,0.1436
2016-04-08T01:21:59.909Z,0.9308,43.8311,232.827,0.1884,0.0215,2.4103,20.9379,231.9252,0.0897,0.1367,2.8752,25.5136,232.4545,0.1097,0.139
2016-04-08T01:22:59.134Z,1.8554,43.0824,232.6204,0.1854,0.0426,2.0652,21.2536,231.8993,0.0912,0.127,3.2552,23.706,232.382,0.1018,0.1566
2016-04-08T01:23:59.381Z,1.854,43.4329,232.8097,0.1862,0.0431,2.4048,20.5869,232.1257,0.0891,0.1447,3.1844,24.7201,232.6033,0.1066,0.1575
2016-04-08T01:24:59.693Z,1.6402,43.6182,232.796,0.1877,0.0378,2.3845,22.656,232.2595,0.0975,0.1244,3.3621,24.8746,232.6032,0.1065,0.1538
2016-04-08T01:25:59.967Z,1.2825,43.631,232.3798,0.1873,0.0293,2.4392,19.2909,232.0078,0.0835,0.1458,3.2307,24.6474,232.3919,0.1069,0.1535
2016-04-08T01:26:59.221Z,1.266,43.4752,232.4132,0.1868,0.029,1.9922,20.4679,230.6208,0.0889,0.1241,2.7061,25.1068,232.8352,0.1079,0.133
2016-04-08T01:27:59.452Z,1.9193,42.7851,232.3058,0.1837,0.0459,1.9907,17.8171,228.4167,0.078,0.122,2.8758,27.3266,233.0356,0.117,0.1266
2016-04-08T01:28:59.892Z,1.9872,43.5235,232.0667,0.1875,0.0463,2.3297,22.1897,229.9567,0.0966,0.121,2.648,24.3241,232.435,0.1045,0.1334
2016-04-08T01:29:59.194Z,1.0958,43.3198,231.9461,0.1866,0.0269,2.1547,20.3107,231.3943,0.0882,0.1306,2.9509,24.1102,231.8463,0.1038,0.1459
2016-04-08T01:30:59.464Z,1.1389,43.9247,231.9381,0.1897,0.0276,2.5586,20.4852,231.3885,0.0884,0.1392,3.2726,23.79,231.7909,0.1025,0.1547
2016-04-08T01:31:59.745Z,1.0274,43.9674,232.3776,0.189,0.0229,2.4307,20.5469,231.4975,0.0888,0.1387,3.2277,23.4389,231.7325,0.1009,0.1548
2016-04-08T01:32:59.092Z,1.492,43.0996,232.8771,0.1851,0.0357,2.2114,19.4804,231.9507,0.0839,0.1282,3.0943,23.9467,232.1722,0.1024,0.1546
2016-04-08T01:33:59.194Z,1.4789,43.7618,232.5867,0.188,0.0342,1.7598,13.9641,231.6992,0.0599,0.1407,3.1316,20.6467,232.0952,0.0895,0.1688
2016-04-08T01:34:59.377Z,0.8797,44.0366,232.8599,0.1896,0.0196,2.25,17.5339,231.9705,0.0758,0.1484,3.6478,22.4702,232.2622,0.097,0.1851
2016-04-08T01:35:59.693Z,1.3289,43.9103,233.0985,0.1885,0.0307,2.369,20.719,232.1759,0.0893,0.1359,2.8569,23.3204,232.4344,0.1004,0.1475
2016-04-08T01:37:59.274Z,1.9045,43.4449,232.8496,0.1865,0.045,2.5796,21.6883,232.5793,0.0933,0.1407,3.1036,24.233,231.7229,0.1041,0.1471
2016-04-08T01:38:59.590Z,1.6686,43.3468,232.8313,0.1864,0.0396,2.1981,21.0285,232.5756,0.0908,0.1237,3.4638,23.8353,231.6577,0.1032,0.1667
2016-04-08T01:39:59.878Z,1.2066,43.6261,232.7795,0.1876,0.028,2.3168,20.6938,232.2409,0.0886,0.1321,3.3976,25.0467,231.8579,0.1085,0.1652
2016-04-08T01:40:59.170Z,1.1672,44.036,232.7678,0.1899,0.0266,2.2294,21.9421,232.3654,0.0941,0.1314,3.3112,24.0287,231.8339,0.1037,0.1546
2016-04-08T01:41:59.603Z,1.4578,43.2826,232.3366,0.1862,0.0334,2.0877,20.1637,232.2001,0.0874,0.1367,2.7786,24.0985,231.7277,0.104,0.1392
2016-04-08T01:42:59.884Z,1.1149,43.4274,231.9605,0.1876,0.0284,2.3864,20.0614,232.1118,0.0863,0.1374,3.3124,23.7514,231.8146,0.1025,0.1612
2016-04-08T01:43:59.191Z,1.1727,43.6721,231.9733,0.1887,0.0262,2.2979,20.1128,232.4987,0.087,0.1361,2.8615,24.778,232.143,0.1065,0.1461
2016-04-08T01:44:59.426Z,0.9467,43.7468,232.2154,0.1882,0.022,2.4816,22.0582,232.745,0.0943,0.1303,3.2862,24.4559,232.4552,0.1045,0.1574
2016-04-08T01:45:59.689Z,1.1341,43.0532,232.2664,0.1855,0.0268,2.2357,20.1603,232.7598,0.086,0.1363,2.9973,23.4942,232.4619,0.1011,0.15
2016-04-08T01:46:59.929Z,2.2697,42.5745,232.5762,0.1834,0.0536,2.2968,19.2514,232.9451,0.0829,0.1422,3.2932,25.2927,232.7376,0.1092,0.1497
2016-04-08T01:47:59.366Z,1.3826,44.0831,232.6257,0.1892,0.0316,2.0888,20.783,232.5576,0.0894,0.129,3.2838,23.4283,232.6803,0.1006,0.1631
2016-04-08T01:48:59.639Z,0.9354,43.4864,232.2787,0.1874,0.0223,2.431,21.6729,232.2298,0.0936,0.1332,3.2136,24.52,232.5071,0.1053,0.1524
2016-04-08T01:49:59.992Z,1.5579,43.2443,232.8046,0.1856,0.0369,1.7442,21.309,229.192,0.0932,0.1108,2.516,24.6936,232.5846,0.1066,0.1277
2016-04-08T01:50:59.193Z,1.1182,43.3208,232.4214,0.1867,0.0268,2.0556,19.3438,229.9171,0.0836,0.1232,3.1864,24.0803,232.0936,0.1037,0.1584
2016-04-08T01:51:59.389Z,1.1809,44.1196,232.5755,0.1892,0.0263,2.2522,20.7227,230.9969,0.0901,0.1345,3.1762,22.9807,232.2778,0.0993,0.1575
2016-04-08T01:52:59.664Z,1.0391,43.8296,232.6919,0.1887,0.0243,2.6585,22.3403,232.0645,0.0963,0.1354,2.9934,24.9486,232.1285,0.1078,0.1455
2016-04-08T01:53:59.914Z,1.7142,42.8983,232.4133,0.1847,0.0408,2.181,20.1626,231.6064,0.0866,0.1335,3.0475,25.666,231.7676,0.1107,0.14
2016-04-08T01:54:59.243Z,2.0261,43.1303,232.1161,0.1856,0.0479,2.6904,20.8799,231.4184,0.0907,0.1521,3.3613,24.3804,231.6857,0.1052,0.155
2016-04-08T01:55:59.607Z,1.4087,43.312,232.3826,0.1862,0.0345,2.2337,19.3714,231.6822,0.0833,0.134,3.0822,24.722,232.2912,0.1063,0.1509
2016-04-08T01:56:59.832Z,0.9859,43.7235,232.4078,0.1886,0.0226,2.482,20.8935,231.4764,0.0904,0.1353,2.8763,24.3779,232.7699,0.1051,0.1447
2016-04-08T01:57:59.287Z,0.6453,43.8247,232.2758,0.1887,0.0154,2.4634,22.0024,230.726,0.0948,0.1379,3.199,24.1986,232.812,0.1037,0.1562
2016-04-08T01:58:59.694Z,1.9055,42.979,231.8551,0.1851,0.0454,2.407,22.7877,230.3626,0.0991,0.1275,3.139,22.9521,232.567,0.0986,0.156
2016-04-08T01:59:59.020Z,1.0604,43.6791,232.0312,0.1873,0.0246,2.2772,19.8337,230.7871,0.0864,0.1431,2.896,25.4232,232.7208,0.1099,0.1372
2016-04-08T02:00:59.316Z,1.0518,44.0797,231.8392,0.1901,0.0254,2.2686,22.4348,230.7065,0.0975,0.1258,2.7769,25.863,232.8138,0.1109,0.1292
2016-04-08T02:01:59.832Z,0.7186,42.5584,231.4425,0.1839,0.0179,2.007,20.8922,230.1934,0.0911,0.1229,2.8905,25.7577,232.5011,0.1105,0.1429
2016-04-08T02:02:59.003Z,2.1157,43.1678,232.1417,0.1859,0.0507,2.5069,20.6292,231.2923,0.089,0.1518,3.1036,24.3398,233.0997,0.104,0.148
2016-04-08T02:03:59.304Z,1.8705,43.9967,232.7618,0.1891,0.0424,2.5153,22.5814,231.9993,0.0976,0.1246,3.1724,22.9713,233.529,0.0982,0.1566
2016-04-08T02:04:59.568Z,0.7613,43.2152,232.1599,0.1864,0.0176,2.0141,19.4763,232.0151,0.0835,0.1253,3.23,24.5377,233.3215,0.1051,0.1537
2016-04-08T02:05:59.781Z,1.0292,43.432,232.1225,0.1871,0.0251,2.2804,20.1178,231.7214,0.0866,0.1362,2.5016,25.4201,233.1686,0.1091,0.1301
2016-04-08T02:06:59.120Z,1.3128,43.6587,232.1728,0.1879,0.0301,2.4179,20.401,231.5672,0.0885,0.1365,2.9887,23.9525,232.9965,0.1021,0.1515
2016-04-08T02:07:59.378Z,2.0673,43.2184,232.4171,0.1859,0.0479,1.9109,21.6241,231.7346,0.0934,0.1142,3.0693,23.4102,233.186,0.1002,0.1557
2016-04-08T02:08:59.666Z,1.0023,43.7441,232.5986,0.1882,0.0236,2.6062,21.5173,232.0069,0.0922,0.1359,2.6749,24.2175,232.9305,0.1042,0.1338
2016-04-08T02:09:59.897Z,0.9789,44.4202,232.3743,0.1911,0.0226,2.2987,20.9099,231.3605,0.0903,0.133,3.1999,23.698,232.626,0.1021,0.1546
2016-04-08T02:10:59.112Z,1.2403,43.0331,232.5437,0.1846,0.0294,2.2176,20.558,231.3536,0.0886,0.1337,3.0414,24.8958,232.646,0.1069,0.144
2016-04-08T02:11:59.395Z,1.0166,43.7421,232.538,0.1879,0.0237,2.0973,19.9396,231.0561,0.0863,0.1347,3.3299,25.0168,232.6574,0.1073,0.1563
2016-04-08T02:12:59.726Z,0.8747,44.4536,232.7002,0.1914,0.0205,2.5163,20.2305,231.3321,0.087,0.1388,2.8281,23.0935,232.4919,0.0995,0.1465
2016-04-08T02:13:59.096Z,1.1824,43.6992,232.5159,0.1881,0.0262,2.1284,21.8599,231.7447,0.0946,0.1204,3.0154,24.908,232.2701,0.107,0.1459
2016-04-08T02:14:59.344Z,1.6152,43.5503,232.4138,0.187,0.0387,2.6904,21.9465,231.397,0.0946,0.1327,3.3532,24.5909,231.9427,0.1063,0.154
2016-04-08T02:15:59.710Z,2.33,43.4763,232.6425,0.1865,0.055,2.2466,22.4907,231.7689,0.0968,0.1251,3.0925,24.4902,232.32,0.1054,0.1473
2016-04-08T02:16:59.887Z,0.9666,43.7068,232.7795,0.1879,0.0222,2.3508,19.6911,231.8654,0.0847,0.1349,2.9048,25.4519,232.2574,0.1099,0.1424
2016-04-08T02:17:59.121Z,0.9242,43.6008,232.569,0.1871,0.022,2.1536,21.051,231.9048,0.0907,0.1259,3.0319,24.8694,232.1496,0.1072,0.1488
2016-04-08T02:18:59.420Z,0.9273,43.1279,232.396,0.1858,0.0223,2.6509,21.5368,231.936,0.0934,0.1447,3.0213,25.221,231.9229,0.1087,0.1463
2016-04-08T02:19:59.714Z,2.2746,42.4231,232.7551,0.1822,0.0553,2.4062,19.1431,232.1087,0.0822,0.1451,3.0101,25.9149,232.2187,0.1118,0.1411
2016-04-08T02:20:59.028Z,1.864,42.7316,232.6381,0.1846,0.0449,2.5708,21.71,231.9461,0.0939,0.134,3.0756,25.217,232.023,0.1086,0.1452
2016-04-08T02:21:59.362Z,1.3451,43.1561,232.3304,0.186,0.0318,2.283,22.5957,231.5715,0.0973,0.1198,3.2134,24.8567,231.8897,0.1066,0.1512
2016-04-08T02:22:59.568Z,1.1846,43.7581,232.6429,0.1877,0.0288,2.3391,20.753,231.7812,0.0891,0.127,2.9923,24.8615,232.0393,0.1067,0.1469
2016-04-08T02:23:59.856Z,1.3909,43.4862,232.6551,0.1869,0.0313,2.6215,20.2196,231.8555,0.0871,0.1474,3.2755,24.1989,232.122,0.1041,0.158
2016-04-08T02:24:59.143Z,1.8606,43.2539,232.6794,0.1858,0.0446,1.8852,22.1352,229.702,0.0961,0.1079,2.8536,23.4294,232.6756,0.1007,0.1431
2016-04-08T02:25:59.468Z,1.8502,43.288,232.1871,0.1867,0.044,2.1436,19.4597,229.0563,0.0847,0.1163,2.7247,24.0837,231.9903,0.1038,0.1403
2016-04-08T02:26:59.748Z,1.0318,43.289,231.5218,0.1867,0.0256,2.3312,19.8074,230.7593,0.0856,0.139,2.7466,25.4035,230.7682,0.1098,0.1349
2016-04-08T02:27:59.039Z,1.4486,43.531,231.881,0.1876,0.0333,2.2349,22.0959,231.3794,0.0953,0.1279,3.007,24.0607,230.9337,0.1042,0.1512
2016-04-08T02:28:59.246Z,0.8398,43.4493,231.9363,0.1874,0.0207,2.3355,20.4189,231.8626,0.0881,0.133,2.9623,24.3113,231.0167,0.1049,0.146
2016-04-08T02:29:59.572Z,1.5859,43.1452,232.0399,0.1862,0.0374,2.4282,22.455,232.0774,0.0961,0.1321,2.7889,24.7938,231.1576,0.1072,0.1429
2016-04-08T02:30:59.761Z,1.2068,43.0773,231.9118,0.1857,0.0285,2.0275,18.6437,232.0335,0.0802,0.1305,2.7579,24.7231,231.124,0.1068,0.1357
2016-04-08T02:31:59.143Z,1.4348,43.3473,232.1967,0.1866,0.0342,2.2424,20.0581,232.2776,0.086,0.1306,2.9638,24.6139,231.6816,0.1061,0.1462
2016-04-08T02:32:59.389Z,0.8884,42.4773,232.0855,0.183,0.0221,2.4513,20.2056,232.4031,0.087,0.1505,2.7496,26.6178,231.9636,0.1147,0.1302
2016-04-08T02:33:59.636Z,1.4369,43.2909,231.79,0.1867,0.0338,2.1588,19.9076,233.2692,0.0852,0.1335,2.911,25.2418,232.5909,0.1085,0.1427
2016-04-08T02:34:59.926Z,0.9836,43.7401,231.9447,0.1887,0.0225,2.4124,23.3436,233.3574,0.0996,0.1243,2.7162,23.3515,232.4202,0.1,0.1426
2016-04-08T02:35:59.147Z,1.068,43.281,232.6021,0.1861,0.0257,2.4393,19.1283,233.2468,0.082,0.143,3.1707,23.2152,232.2234,0.1001,0.1592
2016-04-08T02:36:59.461Z,1.9227,42.8184,232.8163,0.1841,0.0457,2.0773,19.1227,232.7176,0.0821,0.132,2.731,24.8326,232.6105,0.1066,0.1363
2016-04-08T02:37:59.773Z,2.4146,42.5954,232.8411,0.1832,0.057,2.3448,20.0809,232.5442,0.0866,0.1335,2.9081,24.3191,232.7151,0.1046,0.1454
2016-04-08T02:38:59.054Z,1.1372,43.7498,232.8994,0.1873,0.0273,2.6986,21.3142,232.742,0.0917,0.1434,3.1038,24.8674,232.5156,0.1069,0.1484
2016-04-08T02:39:59.392Z,0.6337,43.7108,232.6425,0.1874,0.0153,2.0582,21.8524,232.6761,0.0936,0.1233,2.8898,24.7274,232.1175,0.1068,0.1434
2016-04-08T02:40:59.789Z,1.1384,43.3921,232.682,0.1865,0.0266,2.5422,21.0378,232.7241,0.0903,0.1384,3.4615,25.4922,232.3652,0.1095,0.1589
2016-04-08T02:41:59.112Z,1.3778,43.9654,232.2917,0.1893,0.0309,2.3347,21.1116,232.5019,0.0907,0.1261,3.0458,23.3513,232.173,0.1004,0.1536
2016-04-08T02:42:59.320Z,1.134,44.2375,232.2737,0.1903,0.0264,2.3246,21.003,232.5092,0.0898,0.1325,3.0843,25.0231,232.2942,0.1073,0.1418
2016-04-08T02:43:59.686Z,1.2239,43.4793,232.4068,0.1865,0.029,2.1916,20.3164,232.8891,0.0874,0.1301,3.003,24.7314,232.569,0.106,0.1459
2016-04-08T02:44:59.930Z,1.4986,43.2733,232.5618,0.1855,0.0369,2.4197,20.9443,232.5003,0.0903,0.1299,3.1024,23.8097,232.8529,0.1027,0.152
2016-04-08T02:45:59.053Z,1.3847,43.9991,232.5441,0.1894,0.0318,2.5909,21.0537,232.2426,0.0908,0.1367,3.0938,25.4216,232.6256,0.1099,0.1494
2016-04-08T02:46:59.270Z,1.1563,43.5555,232.4831,0.1871,0.0269,2.5908,20.0745,232.346,0.0863,0.1551,3.0359,24.2502,231.9827,0.1046,0.1477
2016-04-08T02:47:59.445Z,0.9036,43.4715,232.2074,0.1874,0.0211,2.1277,19.7527,232.8515,0.0848,0.1247,3.0988,25.204,232.0266,0.1088,0.1495
2016-04-08T02:48:59.893Z,1.8852,43.3721,231.7505,0.1872,0.0446,2.3653,21.5614,233.3348,0.0929,0.1265,22.0962,44.7366,232.6585,0.1923,0.2567
2016-04-08T02:49:59.056Z,740.8082,1076.2095,229.874,4.6916,0.5155,762.1208,1106.5022,230.9363,4.8032,0.5226,1166.583,1600.6935,229.7184,6.9889,0.7548
2016-04-08T02:50:59.262Z,1189.7897,1567.8919,229.1299,6.8426,0.7584,1252.1206,1698.1037,230.3579,7.3721,0.7378,1666.2769,2238.5566,228.3951,9.801,0.745
2016-04-08T02:51:59.532Z,1199.7774,1577.6093,229.1438,6.8848,0.7601,1255.5894,1697.5573,230.1853,7.375,0.7397,1675.8037,2237.86,228.1107,9.8108,0.7498
2016-04-08T02:52:59.759Z,1227.2111,1613.0538,230.2079,7.0069,0.7607,1265.0178,1714.9883,230.0789,7.4539,0.7374,1695.4539,2246.6221,228.2024,9.8449,0.7554
2016-04-08T02:53:59.983Z,1248.3011,1643.1074,231.0701,7.111,0.7598,1280.7302,1725.2414,229.9201,7.5033,0.7417,1730.386,2274.7856,228.4474,9.9568,0.7604
2016-04-08T02:54:59.571Z,1269.6583,1660.2974,231.0067,7.1869,0.7642,1300.2252,1736.6939,229.5849,7.5639,0.7484,1754.986,2287.7342,228.2549,10.0226,0.7686
2016-04-08T02:55:59.762Z,1284.2185,1674.9992,230.8898,7.2545,0.7674,1317.7309,1748.8317,229.5948,7.6172,0.7529,1776.8138,2304.5643,228.2644,10.0961,0.7701
2016-04-08T02:56:59.086Z,1296.7714,1689.9382,230.5254,7.3303,0.7675,1329.2251,1755.1221,229.5183,7.6468,0.7572,1794.5084,2319.5908,228.5159,10.1513,0.7726
2016-04-08T02:57:59.382Z,1325.868,1718.4906,230.7446,7.4479,0.77,1350.4375,1777.617,229.4501,7.7475,0.7597,1816.3755,2337.9487,228.8199,10.2174,0.7785
2016-04-08T02:58:59.656Z,1341.5323,1731.0975,230.379,7.514,0.775,1365.9082,1783.686,228.791,7.7958,0.7659,1837.6083,2352.0749,228.834,10.2782,0.7807
2016-04-08T02:59:59.048Z,1269.5851,1672.7828,230.0949,7.2698,0.7587,1283.2215,1705.3417,228.6365,7.4584,0.7527,1769.8309,2284.8155,228.8503,9.9837,0.7734
2016-04-08T03:00:59.369Z,1261.0333,1649.0308,229.5984,7.1813,0.7647,1285.7883,1702.9441,228.3334,7.458,0.7554,1752.2034,2260.3684,227.8143,9.9219,0.7752
2016-04-08T03:01:59.713Z,1271.373,1658.1401,230.0246,7.2082,0.7676,1292.1101,1711.07,228.5721,7.4858,0.7548,1753.2632,2260.1888,227.8824,9.9182,0.7762
2016-04-08T03:02:59.886Z,1273.9424,1658.0088,229.6924,7.2187,0.7696,1303.2798,1716.1167,228.5641,7.5084,0.7599,1763.6354,2270.2128,227.8738,9.9623,0.7788
2016-04-08T03:03:59.127Z,1288.4643,1670.1155,229.7208,7.2702,0.7707,1326.4123,1737.5049,228.8395,7.5923,0.763,1784.1322,2293.0329,228.2397,10.0463,0.7795
2016-04-08T03:04:59.476Z,1300.8959,1669.3833,229.514,7.2734,0.7794,1319.881,1741.2387,228.3671,7.6249,0.7587,1756.6992,2252.8993,227.012,9.924,0.78
2016-04-08T03:05:59.871Z,1325.8534,1691.9404,229.5954,7.3694,0.7833,1356.1843,1767.5858,228.4196,7.7382,0.7678,1797.292,2291.7816,227.2365,10.0855,0.7834
2016-04-08T03:06:59.095Z,1323.121,1693.0203,229.8506,7.3662,0.7805,1353.3977,1774.4379,228.8018,7.7547,0.7622,1786.5484,2286.2562,227.8548,10.0336,0.781
2016-04-08T03:07:59.362Z,59.8846,116.3202,232.0152,0.5042,0.071,61.7091,98.089,230.7444,0.4273,0.1558,194.1479,241.8956,230.1869,1.0552,0.5476
2016-04-08T03:08:59.759Z,0.9363,43.2217,232.207,0.1863,0.0224,1.9447,20.4003,230.484,0.089,0.1236,2.8589,23.9193,230.9253,0.1037,0.1455
2016-04-08T03:09:59.056Z,1.8658,43.0971,232.2302,0.1852,0.0461,2.1353,18.7509,230.4648,0.0817,0.1402,2.891,24.9492,231.0563,0.1086,0.1362
2016-04-08T03:10:59.255Z,0.8767,43.9011,232.3095,0.1891,0.0204,2.018,19.7759,230.5216,0.0857,0.1321,3.0275,22.5833,230.1708,0.098,0.1625
2016-04-08T03:11:59.470Z,1.1113,43.453,232.4852,0.1867,0.0254,2.2662,18.5264,230.4036,0.0803,0.1386,3.4416,24.3921,229.4534,0.1062,0.1615
2016-04-08T03:12:59.689Z,0.9569,43.4593,232.2311,0.1869,0.0215,2.4742,20.7256,230.35,0.0898,0.1442,3.3368,23.8447,230.0918,0.1038,0.1621
2016-04-08T03:13:59.118Z,1.9594,43.2554,232.2868,0.1861,0.0456,2.1769,21.6526,230.3644,0.0938,0.1264,2.7503,23.5694,229.8866,0.1028,0.1477
2016-04-08T03:14:59.385Z,2.1222,43.3615,231.8827,0.1868,0.0495,1.884,19.2228,229.8063,0.0835,0.1303,2.873,24.1984,229.3897,0.1054,0.1401
2016-04-08T03:15:59.633Z,1.2746,43.2819,232.0151,0.187,0.0298,1.8478,19.6562,230.0049,0.0859,0.1303,3.1578,24.6333,229.3779,0.1077,0.1515
2016-04-08T03:16:59.026Z,1.1427,43.4197,231.9653,0.1873,0.0262,2.4892,22.4303,230.0837,0.0978,0.1268,2.7591,24.2328,229.4052,0.1057,0.1412
2016-04-08T03:17:59.233Z,1.5409,43.2515,231.8424,0.1864,0.0357,2.2711,20.4444,230.0697,0.0879,0.1315,3.0334,24.0641,229.2705,0.1054,0.1559
2016-04-08T03:18:59.574Z,1.6473,43.5996,231.5623,0.1886,0.0401,2.2096,20.3839,229.8833,0.0886,0.1228,2.8371,22.1112,229.2295,0.0971,0.1495
2016-04-08T03:19:59.982Z,1.8336,42.9141,232.4746,0.1844,0.0438,2.7054,21.2176,230.3646,0.0915,0.1392,3.2098,24.7326,226.6281,0.1095,0.1531
2016-04-08T03:20:59.192Z,1.1404,43.7077,232.4206,0.1884,0.0266,2.0329,20.0571,230.9444,0.0869,0.1222,2.8039,23.4211,226.3281,0.1031,0.1523
2016-04-08T03:21:59.499Z,1.3407,43.3229,230.9338,0.1877,0.031,2.334,21.5077,231.2986,0.093,0.1253,3.0887,23.121,229.3485,0.1009,0.1577
2016-04-08T03:22:59.806Z,1.1326,44.1353,231.057,0.1915,0.0273,2.0629,20.1512,228.8858,0.0882,0.1128,2.6476,23.151,229.9397,0.1015,0.1421
2016-04-08T03:23:59.078Z,2.2782,42.9447,231.143,0.1856,0.0527,2.1761,21.7611,228.6874,0.0956,0.1157,2.8125,24.2233,229.4339,0.1056,0.1369
2016-04-08T03:24:59.363Z,2.2332,43.6778,230.7889,0.1895,0.0516,2.4729,22.6921,231.2035,0.0984,0.1239,2.691,22.9335,228.7188,0.1001,0.144
2016-04-08T03:25:59.713Z,1.2084,43.9404,231.5531,0.1893,0.0271,2.1708,21.114,231.0759,0.0913,0.1242,2.68,24.0603,228.8712,0.1046,0.1449
2016-04-08T03:26:59.009Z,0.9876,43.3731,231.288,0.1881,0.0229,2.0702,17.4942,230.8442,0.0754,0.145,3.0493,23.7698,228.6694,0.1046,0.1494
2016-04-08T03:27:59.227Z,0.9526,43.7981,231.1762,0.1898,0.0213,1.9646,19.9562,230.9863,0.086,0.1216,2.9049,22.1096,228.7503,0.0967,0.1576
2016-04-08T03:28:59.493Z,1.5685,42.9749,230.8678,0.1865,0.0364,2.3361,20.5432,230.5743,0.0888,0.1362,3.431,23.5241,228.7211,0.1026,0.1602
2016-04-08T03:29:59.822Z,0.699,44.0375,231.7356,0.1903,0.0178,2.1875,19.7103,231.4086,0.0848,0.142,2.9624,23.4767,229.6533,0.1022,0.149
2016-04-08T03:30:59.021Z,1.1636,43.7728,231.626,0.1888,0.0258,2.1768,21.6713,231.1867,0.0942,0.1256,3.2521,23.6856,229.5227,0.1037,0.1594
2016-04-08T03:31:59.355Z,1.1482,43.6175,232.1521,0.1879,0.027,2.0466,21.1748,230.9596,0.0912,0.1222,3.0631,23.6444,228.8198,0.1033,0.1563
2016-04-08T03:32:59.605Z,1.2249,43.6011,232.5537,0.1876,0.0286,2.2423,18.1147,230.672,0.0782,0.1443,2.9752,23.2998,228.7097,0.1022,0.1481
2016-04-08T03:33:59.008Z,1.0443,43.8949,233.7487,0.1877,0.0239,1.9653,19.7587,229.2507,0.0859,0.1182,3.0798,23.9634,227.7924,0.1058,0.1557
2016-04-08T03:34:59.512Z,1.2228,43.6692,233.7234,0.1863,0.0283,1.791,19.6089,228.0477,0.0857,0.1204,2.8952,22.6675,228.1686,0.1,0.1459
2016-04-08T03:35:59.670Z,1.8716,43.688,233.3892,0.1874,0.0437,1.5293,14.7525,228.5922,0.0652,0.1229,3.0491,19.7214,229.016,0.0862,0.1763
2016-04-08T03:36:59.790Z,2.1373,43.8411,233.2646,0.188,0.0486,1.9842,17.0457,228.4757,0.0746,0.1253,2.8075,20.7957,228.6321,0.0913,0.1519
2016-04-08T03:37:59.198Z,1.5153,44.093,232.8487,0.1891,0.0349,1.6334,18.4307,229.3604,0.0804,0.1052,2.5933,22.5676,229.0998,0.0986,0.145
2016-04-08T03:38:59.398Z,1.0937,43.8065,231.8441,0.1888,0.0244,2.2596,21.3793,231.3296,0.0925,0.1215,3.2884,24.1057,228.6522,0.1053,0.1635
2016-04-08T03:39:59.653Z,1.3368,42.6733,231.0014,0.1847,0.0301,1.8768,21.623,231.8137,0.0934,0.122,2.7096,24.4445,228.7668,0.1068,0.1422
2016-04-08T03:40:59.977Z,2.0514,43.2757,231.6595,0.1866,0.0496,2.2108,22.4163,228.8378,0.0981,0.1126,3.052,24.0124,229.1181,0.1049,0.1454
2016-04-08T03:41:59.319Z,2.0387,43.3103,232.3332,0.1861,0.0476,2.0318,20.3158,227.8538,0.0889,0.1086,2.7287,23.8838,229.3048,0.1043,0.1393
2016-04-08T03:42:59.641Z,1.3953,44.5178,232.781,0.191,0.0321,1.9571,22.5923,227.9524,0.0987,0.1085,2.7377,23.1479,230.1069,0.1008,0.1443
2016-04-08T03:43:59.858Z,1.1089,43.5958,232.5722,0.1876,0.0258,1.7187,17.1566,227.5532,0.0754,0.1197,2.7826,24.9347,230.4774,0.108,0.1369
2016-04-08T03:44:59.226Z,1.2451,44.248,232.3347,0.1902,0.0294,1.8883,20.8048,227.6259,0.0912,0.1166,2.7746,24.286,231.3606,0.1054,0.1382
2016-04-08T03:45:59.498Z,1.7702,43.2828,231.8734,0.1866,0.0417,1.4111,19.592,227.6488,0.0858,0.0997,2.9629,23.8983,231.3174,0.103,0.1447
2016-04-08T03:46:59.834Z,2.1279,43.3932,231.9704,0.1871,0.0505,1.898,20.6266,227.8719,0.0904,0.1105,2.9507,25.5393,231.5229,0.1109,0.1397
2016-04-08T03:47:59.160Z,1.4532,43.9113,231.575,0.1896,0.0336,2.2347,21.332,230.0982,0.0923,0.1254,3.0466,24.203,230.7232,0.1049,0.1486
2016-04-08T03:48:59.422Z,1.1849,43.7057,230.9795,0.1892,0.0276,2.1178,21.0554,230.7641,0.0907,0.1201,3.1179,24.1975,230.5914,0.1053,0.1542
2016-04-08T03:49:59.792Z,1.4851,44.2198,231.14,0.1914,0.0339,2.0268,20.4641,230.5329,0.089,0.1222,3.0977,22.0539,230.9877,0.095,0.1624
2016-04-08T03:50:59.941Z,1.6274,42.8243,231.3689,0.1851,0.0379,2.0329,20.8647,227.8089,0.0914,0.1104,2.6137,23.9595,232.042,0.104,0.1396
2016-04-08T03:51:59.344Z,1.3027,43.7854,231.0487,0.1892,0.0307,1.4787,19.8444,227.9288,0.0874,0.1017,2.8746,23.209,231.7959,0.1004,0.148
2016-04-08T03:52:59.645Z,0.959,43.5013,231.1302,0.188,0.0222,2.0477,19.1292,229.9054,0.0829,0.1278,2.7392,24.6585,231.7542,0.1062,0.1425
2016-04-08T03:53:59.104Z,1.6977,42.9363,231.009,0.1859,0.0406,2.5358,20.3087,231.4062,0.0879,0.1446,3.012,22.9448,231.0837,0.0997,0.159
2016-04-08T03:54:59.421Z,1.0135,43.3004,230.671,0.1879,0.0253,2.2179,19.497,231.6342,0.0837,0.1402,3.1153,23.1714,230.8636,0.1005,0.1535
2016-04-08T03:55:59.667Z,0.872,43.3313,230.993,0.188,0.0213,2.3463,20.9464,231.5181,0.0903,0.1355,3.2119,24.2927,230.9764,0.1049,0.1557
2016-04-08T03:56:59.801Z,1.2078,43.4751,231.7986,0.1877,0.0282,1.5699,18.7575,228.5685,0.0821,0.1059,2.8071,22.1232,231.6198,0.0956,0.1514
2016-04-08T03:57:59.085Z,1.504,43.324,232.2977,0.1869,0.0338,1.9982,20.4714,228.9107,0.089,0.1193,2.8671,24.4894,231.9148,0.106,0.1399
2016-04-08T03:58:59.311Z,1.4987,43.658,231.8085,0.1886,0.0355,2.4388,21.3665,231.9444,0.0921,0.1425,3.4342,23.3038,231.0238,0.1012,0.1616
2016-04-08T03:59:59.529Z,1.0368,43.7367,232.0475,0.1884,0.0235,2.008,20.3947,231.864,0.0875,0.1265,2.9441,24.1408,231.1036,0.1046,0.1481
2016-04-08T04:00:59.691Z,1.0715,44.0168,231.9508,0.1896,0.0265,2.231,19.6341,231.4882,0.0843,0.1416,3.0233,22.5991,230.7635,0.098,0.1526
2016-04-08T04:01:59.088Z,1.8606,44.0001,232.1024,0.1896,0.0437,2.3443,22.7242,230.0723,0.0992,0.1119,2.9267,22.962,230.929,0.0996,0.1484
2016-04-08T04:02:59.467Z,1.3338,43.6816,232.5502,0.188,0.031,1.8565,20.8366,227.3196,0.0915,0.1177,2.8021,25.2627,232.8131,0.1086,0.1331
2016-04-08T04:03:59.672Z,0.9643,44.3225,233.1332,0.1901,0.0235,1.9223,19.245,226.1764,0.0857,0.1251,2.5739,23.8941,232.4091,0.103,0.1358
2016-04-08T04:04:59.139Z,0.8794,43.743,232.7241,0.1879,0.0213,2.2298,20.0678,227.7953,0.0879,0.1339,3.0036,23.8963,231.5609,0.1029,0.1493
2016-04-08T04:05:59.479Z,2.0869,42.973,232.466,0.1849,0.049,2.1978,22.1149,230.7202,0.0957,0.1236,2.8727,23.6307,231.1831,0.1024,0.1515
2016-04-08T04:06:59.740Z,2.0192,43.757,232.6348,0.1879,0.0484,2.2079,21.341,230.8173,0.0927,0.1233,3.1475,24.3693,231.3587,0.1055,0.1542
2016-04-08T04:07:59.025Z,0.9656,44.3026,232.5704,0.1907,0.0219,1.951,19.1288,231.1966,0.0829,0.1224,2.9471,24.4238,231.3554,0.1061,0.1485
2016-04-08T04:08:59.284Z,0.8593,43.7236,233.07,0.1876,0.02,2.055,20.614,229.6421,0.0898,0.1208,3.1032,24.1512,232.215,0.1048,0.1496
2016-04-08T04:09:59.569Z,0.908,43.7809,233.0659,0.1878,0.0216,1.7825,19.1914,228.3108,0.0842,0.1119,3.0634,23.8219,232.1655,0.1025,0.1498
2016-04-08T04:10:59.879Z,1.9951,42.5587,232.1657,0.1835,0.047,1.9687,20.3007,230.1449,0.0877,0.1275,2.9292,24.916,230.7263,0.1079,0.1424
2016-04-08T04:11:59.285Z,1.9498,43.003,232.448,0.185,0.0463,2.4066,21.7292,230.9918,0.0943,0.1359,3.1888,24.354,230.764,0.1052,0.1523
2016-04-08T04:12:59.841Z,1.0182,43.5277,232.0367,0.1876,0.0245,2.1149,20.89,230.5525,0.0909,0.127,2.8878,25.376,229.9745,0.1112,0.1424
2016-04-08T04:13:59.113Z,1.2652,43.5528,231.6211,0.1871,0.0293,2.1725,20.0738,229.7858,0.0875,0.1254,2.8226,24.2194,229.8907,0.1057,0.146
2016-04-08T04:14:59.480Z,0.8826,43.3976,231.7823,0.1872,0.0207,2.2671,22.555,229.661,0.0987,0.1265,3.1532,23.2773,230.0496,0.1012,0.1576
2016-04-08T04:15:59.819Z,1.7134,43.2966,231.9951,0.1871,0.0408,1.9603,20.8738,228.1642,0.0922,0.1166,2.8303,23.9184,230.6142,0.1042,0.1441
2016-04-08T04:16:59.158Z,2.4265,42.6999,231.7713,0.1847,0.0575,1.711,20.4279,227.4358,0.0898,0.1107,2.8064,25.7775,231.4109,0.1112,0.1296
2016-04-08T04:17:59.493Z,1.4024,43.8554,231.214,0.19,0.0322,2.3314,22.1338,230.0599,0.0964,0.1202,2.9421,24.9064,230.3262,0.1078,0.1463
2016-04-08T04:18:59.684Z,1.1873,43.8116,231.2763,0.1898,0.028,2.2292,19.9111,230.7671,0.086,0.1351,2.9473,23.4392,230.28,0.1021,0.1513
2016-04-08T04:19:59.939Z,1.2649,43.2849,231.1974,0.1876,0.03,2.1577,21.0729,230.8842,0.0913,0.1308,2.9063,25.1202,230.6337,0.1097,0.1398
2016-04-08T04:20:59.234Z,1.9802,43.5436,230.8492,0.1891,0.0464,2.2664,20.4662,230.9878,0.0886,0.1299,3.0523,22.2726,230.5364,0.0967,0.1557
2016-04-08T04:21:59.534Z,1.6673,43.4036,230.6413,0.1878,0.0413,2.3673,20.4911,230.9578,0.089,0.1413,2.7648,23.9711,230.5143,0.1045,0.1371
2016-04-08T04:22:59.869Z,0.943,43.4355,230.0595,0.1887,0.0233,2.328,20.8855,230.7684,0.0904,0.1386,2.9987,24.6965,230.0703,0.1076,0.1492
2016-04-08T04:23:59.081Z,1.2475,43.2292,228.8753,0.1891,0.0297,2.1038,20.636,229.9101,0.0902,0.1228,2.4962,24.4836,230.8742,0.1064,0.1298
2016-04-08T04:24:59.335Z,1.6088,42.8657,229.419,0.187,0.0393,1.6159,19.9829,228.4893,0.0868,0.105,2.6847,25.1121,231.9779,0.1084,0.1343
2016-04-08T04:25:59.888Z,2.2505,39.4968,229.3112,0.1721,0.0589,2.1403,21.8084,228.4902,0.0956,0.1195,2.8493,23.5448,231.4457,0.1021,0.1422
2016-04-08T04:26:59.211Z,0.8368,43.5714,229.122,0.1902,0.0207,2.2598,21.4818,230.9696,0.0927,0.1286,2.6044,22.6754,230.0421,0.0989,0.1436
2016-04-08T04:27:59.549Z,1.085,43.0543,229.2882,0.1877,0.0259,2.4935,21.1553,231.232,0.0911,0.1411,3.3959,24.0662,230.8734,0.1046,0.1633
2016-04-08T04:28:59.846Z,1.1907,43.4656,230.8457,0.1879,0.0281,2.5765,21.8998,230.8078,0.0947,0.1314,2.8475,24.5319,230.5932,0.106,0.1447
2016-04-08T04:29:59.097Z,1.7847,42.3367,230.486,0.1838,0.0441,1.919,20.1356,230.662,0.0868,0.124,2.668,24.2676,230.5454,0.1053,0.1389
2016-04-08T04:30:59.719Z,1.1169,42.8915,230.8021,0.1858,0.0256,1.9747,20.1582,229.8409,0.0877,0.1302,2.7738,24.1219,231.0111,0.1044,0.1455
2016-04-08T04:31:59.964Z,0.8466,43.6096,231.4498,0.1884,0.0196,2.3838,20.8552,228.1786,0.0914,0.1434,2.9904,23.5695,231.3753,0.1017,0.1572
2016-04-08T04:32:59.206Z,1.138,43.1712,232.452,0.1857,0.0275,2.297,19.8281,226.7082,0.0874,0.139,2.7783,25.379,228.8478,0.1101,0.1336
2016-04-08T04:33:59.469Z,1.4305,43.197,232.6274,0.1851,0.0325,1.8011,22.4024,224.7915,0.1002,0.0988,3.1627,24.0025,229.8704,0.1047,0.153
2016-04-08T04:34:59.781Z,0.6522,43.6292,229.579,0.1899,0.0167,1.8625,21.1168,227.9685,0.0925,0.1227,2.756,23.8397,229.6743,0.1037,0.1427
2016-04-08T04:35:59.008Z,0.7176,42.5546,229.4464,0.186,0.0173,2.1249,18.9561,229.501,0.083,0.138,2.8869,23.6939,229.9614,0.1034,0.1511
2016-04-08T04:36:59.331Z,1.1787,43.3152,229.9325,0.1884,0.0269,2.1312,21.1946,230.0555,0.0919,0.122,3.1618,23.8414,230.4034,0.1034,0.1566
2016-04-08T04:37:59.656Z,1.9341,42.171,229.0176,0.1843,0.0464,2.2491,21.0979,229.4675,0.0922,0.1269,2.987,23.7455,229.8089,0.1032,0.1544
2016-04-08T04:38:59.898Z,1.4546,42.0733,229.5173,0.1833,0.0347,2.2283,20.0572,229.4349,0.0875,0.1382,2.919,25.1264,230.1337,0.1085,0.1434
2016-04-08T04:39:59.140Z,0.9575,43.9602,231.9562,0.1893,0.021,2.0016,21.804,231.7391,0.0939,0.119,2.7862,23.2363,232.4006,0.0998,0.1497
2016-04-08T04:40:59.519Z,1.0617,43.6703,231.8273,0.1888,0.0241,2.2359,21.0025,231.4361,0.0909,0.1337,3.0897,24.254,232.1596,0.1045,0.1567
2016-04-08T04:41:59.848Z,1.5574,43.4309,231.9298,0.1871,0.0367,1.9879,20.3927,231.1416,0.0884,0.1234,2.8338,24.7674,232.2086,0.1062,0.1403
2016-04-08T04:42:59.346Z,2.0468,43.2052,232.2247,0.1865,0.0485,2.0009,21.7984,227.8618,0.0962,0.1105,2.5937,24.0133,232.0092,0.1042,0.1349
2016-04-08T04:43:59.628Z,1.0586,44.3457,232.0437,0.191,0.0249,1.9892,20.0841,228.2274,0.0879,0.118,3.1243,21.9829,231.3612,0.0957,0.1636
2016-04-08T04:44:59.011Z,1.005,44.0566,231.5616,0.1901,0.0226,2.2086,22.6901,230.4221,0.0986,0.1199,3.08,23.0431,230.5151,0.1004,0.1579
2016-04-08T04:45:59.398Z,1.1032,43.648,231.5037,0.1879,0.0262,1.8386,20.8854,230.332,0.0911,0.1163,3.1515,23.1605,230.8974,0.1004,0.1565
2016-04-08T04:46:59.669Z,2.2033,42.8941,231.55,0.1849,0.0517,2.3535,21.8805,230.4295,0.0947,0.1324,2.6997,24.732,231.281,0.1067,0.1418
2016-04-08T04:47:59.940Z,1.983,42.4773,231.3935,0.1838,0.0478,2.6713,21.311,230.474,0.0918,0.1433,3.1165,25.476,231.3982,0.1101,0.1409
2016-04-08T04:48:59.257Z,0.9497,43.4156,232.1611,0.1873,0.0233,2.2033,19.0788,230.0278,0.0829,0.137,2.7984,23.9293,230.6647,0.1038,0.1469
2016-04-08T04:49:59.629Z,1.0807,44.2331,231.7027,0.1902,0.0242,2.2658,20.0898,228.8033,0.0879,0.1352,2.8468,23.2814,231.4726,0.101,0.1488
2016-04-08T04:50:59.082Z,1.5159,43.3119,231.3062,0.1871,0.0362,2.1912,20.3559,225.6063,0.0904,0.123,2.6663,23.8233,231.4873,0.1029,0.1403
2016-04-08T04:51:59.482Z,2.305,42.7698,231.7966,0.1846,0.0543,1.8174,18.6767,227.0429,0.0816,0.1172,2.4588,23.0166,229.8028,0.0997,0.1328
2016-04-08T04:52:59.229Z,1.8082,43.3136,231.145,0.1871,0.0436,2.3621,21.4098,229.6626,0.0934,0.1327,3.0733,21.961,229.1804,0.0962,0.1578
2016-04-08T04:53:59.458Z,0.9103,43.313,230.9327,0.1878,0.0214,1.5574,20.3747,227.4025,0.0898,0.0979,2.5734,23.8971,229.7596,0.104,0.1371
2016-04-08T04:54:59.795Z,1.1127,43.5125,230.9575,0.1886,0.0255,2.1926,19.4266,226.7935,0.0862,0.1236,2.9836,24.2746,229.6354,0.106,0.144
2016-04-08T04:55:59.033Z,0.9029,43.0083,230.8248,0.1862,0.0221,1.6782,20.4949,227.4671,0.0897,0.1078,2.8972,23.6471,229.9023,0.1027,0.1484
2016-04-08T04:56:59.323Z,0.9588,43.3065,229.2605,0.1885,0.0233,1.742,21.2692,228.2355,0.0932,0.1045,2.9755,23.4591,230.2227,0.1024,0.1515
2016-04-08T04:57:59.632Z,1.1505,42.884,229.1973,0.187,0.0271,1.9188,20.3011,231.5442,0.0875,0.124,2.81,24.5979,230.3193,0.1069,0.1413
2016-04-08T04:58:59.031Z,1.0269,43.1714,229.5264,0.1874,0.0251,1.9081,20.8706,232.4956,0.0893,0.1214,3.0351,24.1069,230.7453,0.1051,0.1472
2016-04-08T04:59:59.557Z,2.391,42.5072,231.2043,0.1841,0.0555,1.941,18.3821,231.3653,0.0795,0.1324,3.0129,24.0254,230.458,0.1039,0.1566
2016-04-08T05:00:59.983Z,0.7521,43.98,231.1574,0.1907,0.017,2.271,21.4049,228.1421,0.094,0.1241,2.7947,24.6003,230.7126,0.1066,0.1374
2016-04-08T05:01:59.230Z,0.9963,44.0672,232.4534,0.1888,0.024,1.7154,19.7597,228.1298,0.0864,0.1109,2.808,23.1147,231.9396,0.1,0.1423
2016-04-08T05:02:59.566Z,1.2627,43.9819,232.4837,0.1888,0.0285,2.3604,20.8773,228.5822,0.0914,0.1252,2.997,23.7174,232.3259,0.1024,0.1525
2016-04-08T05:03:59.340Z,1.6208,42.7921,231.7601,0.1846,0.039,2.0576,20.3966,231.5974,0.0882,0.1212,3.3043,25.7481,232.1173,0.1111,0.1493
2016-04-08T05:04:59.680Z,0.837,43.2476,230.3408,0.1874,0.0197,1.8322,20.4352,232.0343,0.088,0.1252,2.9093,24.9487,232.3932,0.1077,0.1481
2016-04-08T05:05:59.812Z,0.8819,43.236,229.7418,0.188,0.0213,2.0941,22.2674,232.3687,0.096,0.1258,2.9866,24.5508,232.1489,0.106,0.147
2016-04-08T05:06:59.196Z,1.591,42.6558,230.4188,0.1857,0.0377,2.47,18.6412,232.3918,0.0803,0.1516,3.1122,25.2224,232.1388,0.109,0.1398
2016-04-08T05:07:59.616Z,1.7599,42.8514,230.6932,0.1857,0.042,1.7913,21.1562,229.5942,0.0917,0.1083,2.4646,24.5552,232.7505,0.1055,0.1284
2016-04-08T05:08:59.914Z,1.3478,43.7053,230.6786,0.1897,0.0316,1.9509,20.4055,229.6584,0.0888,0.1254,2.3965,25.109,232.6247,0.1082,0.1233
2016-04-08T05:09:59.098Z,1.2756,43.4936,230.1306,0.189,0.03,2.2147,20.938,231.5047,0.0908,0.1281,2.9856,22.0928,232.163,0.0957,0.1616
2016-04-08T05:10:59.415Z,1.5843,43.2496,229.532,0.1886,0.036,2.3097,22.0862,230.1392,0.0963,0.1248,3.074,24.5204,231.4919,0.1063,0.1521
2016-04-08T05:11:59.707Z,1.8001,42.88,229.3404,0.1868,0.0423,2.6834,22.0047,229.571,0.0962,0.1425,2.7105,22.9832,230.68,0.1001,0.1402
2016-04-08T05:12:59.926Z,1.5568,44.188,230.5557,0.1914,0.0349,2.0725,19.3733,230.0322,0.0844,0.1343,3.028,24.1914,231.7648,0.1045,0.1533
2016-04-08T05:13:59.240Z,1.1132,43.0077,230.1817,0.1867,0.0262,2.0336,20.1834,230.4556,0.0872,0.1271,2.7326,23.7116,232.5202,0.1021,0.1454
2016-04-08T05:14:59.524Z,1.4185,43.2085,231.1077,0.1873,0.0341,1.7766,20.5271,228.2232,0.0897,0.1023,2.5916,24.3625,232.8038,0.1044,0.1343
2016-04-08T05:15:59.896Z,2.1704,42.8588,231.7879,0.1844,0.0521,2.2486,19.8147,228.2593,0.0869,0.1234,2.8197,24.9262,232.3712,0.1073,0.1435
2016-04-08T05:16:59.203Z,2.3798,42.9176,231.1811,0.1858,0.0554,1.8249,21.7798,231.2537,0.0938,0.1101,2.8286,23.7686,232.4652,0.1024,0.1462
2016-04-08T05:17:59.372Z,1.0103,43.5711,230.896,0.1889,0.0238,2.3687,21.0514,231.4942,0.0908,0.1365,3.3374,24.6686,232.2459,0.1065,0.1513
2016-04-08T05:18:59.608Z,1.0573,43.0535,230.8403,0.1871,0.0271,2.1266,20.6348,231.3709,0.0895,0.1299,3.2192,24.0377,231.308,0.1042,0.1593
2016-04-08T05:19:59.069Z,1.5167,43.9421,231.5189,0.1901,0.0344,2.5213,20.4828,231.7554,0.0883,0.1424,3.266,24.9907,229.7174,0.1087,0.1551
2016-04-08T05:20:59.590Z,2.1086,42.9049,230.2149,0.1865,0.0508,1.9793,20.3398,231.2674,0.088,0.1278,2.4946,24.2073,232.6823,0.1043,0.1304
2016-04-08T05:21:59.969Z,1.1573,43.1242,229.6205,0.1879,0.0261,2.4008,22.5074,231.5646,0.0974,0.128,2.5579,24.2853,233.2162,0.1046,0.1382
2016-04-08T05:22:59.265Z,1.0813,42.6759,229.5574,0.1862,0.0257,1.913,20.9538,228.7752,0.092,0.1079,2.3253,25.4306,233.7914,0.1089,0.1194
2016-04-08T05:23:59.517Z,0.7018,43.5141,229.9693,0.1889,0.0176,2.0746,20.9348,228.7699,0.0915,0.1223,2.8863,24.8469,233.5902,0.1059,0.1389
2016-04-08T05:24:59.848Z,1.4385,42.3256,230.4654,0.1837,0.0342,2.1171,19.621,231.0734,0.0854,0.1327,3.3335,25.4705,232.823,0.1095,0.1597
2016-04-08T05:25:59.118Z,1.1951,43.8273,229.9558,0.1907,0.0279,2.1189,21.5597,231.3089,0.0932,0.1161,2.7594,23.8951,232.584,0.103,0.1456
2016-04-08T05:26:59.324Z,1.0011,43.3132,228.9011,0.1892,0.0236,2.5957,22.4489,231.0919,0.0979,0.1311,3.0325,22.7548,232.9036,0.0982,0.1593
2016-04-08T05:27:59.589Z,1.4252,42.2995,228.672,0.185,0.0338,2.3036,18.6485,230.4989,0.081,0.1397,3.1752,24.6942,232.5835,0.1061,0.1525
2016-04-08T05:28:59.842Z,1.6958,42.8421,228.858,0.187,0.0409,1.9922,20.1226,229.5565,0.0878,0.1186,2.7396,26.0493,233.122,0.1119,0.1369
2016-04-08T05:29:59.070Z,0.9423,43.1181,229.0111,0.1883,0.0223,2.0296,21.646,228.9939,0.0946,0.1316,2.9948,25.4821,232.8708,0.1098,0.141
2016-04-08T05:30:59.534Z,0.6296,43.447,229.1109,0.1896,0.0149,2.3546,20.3038,229.8476,0.0884,0.1359,3.2411,23.8809,232.1837,0.103,0.1597
2016-04-08T05:31:59.789Z,1.8134,42.9179,229.1175,0.1876,0.0419,2.3538,20.6475,229.5887,0.0897,0.1334,2.7607,23.9058,232.4414,0.103,0.1421
2016-04-08T05:32:59.484Z,2.193,42.4679,230.184,0.1841,0.0542,1.9986,20.4964,227.7368,0.0899,0.1233,3.084,24.0595,233.8246,0.1024,0.1449
2016-04-08T05:33:59.773Z,0.9149,43.5078,229.5667,0.1893,0.0223,2.3322,19.5793,229.7203,0.0853,0.1401,2.6309,23.4548,233.4188,0.1004,0.1404
2016-04-08T05:34:59.995Z,1.1016,42.894,229.4948,0.1868,0.0247,2.3578,20.3653,231.3589,0.0877,0.1409,2.9958,24.2056,233.2389,0.1042,0.1468
2016-04-08T05:35:59.360Z,0.9049,43.0297,229.3316,0.1881,0.0221,2.4603,22.1772,231.2126,0.0962,0.1322,3.1304,24.9252,232.9803,0.1069,0.151
2016-04-08T05:36:59.558Z,1.3382,43.0046,229.4989,0.1874,0.0319,2.1705,19.9625,230.9342,0.0867,0.1377,3.4063,24.1536,232.9014,0.1037,0.1658
2016-04-08T05:37:59.831Z,0.9432,43.5367,229.4638,0.1898,0.0221,2.1737,20.688,230.7516,0.0899,0.1345,3.0475,23.7382,233.0698,0.1023,0.1523
2016-04-08T05:38:59.357Z,1.0689,43.6712,228.9023,0.1908,0.0248,2.045,20.8533,230.7617,0.0903,0.1262,3.2654,22.8283,233.1724,0.0979,0.166
2016-04-08T05:39:59.621Z,1.5824,43.1892,229.9344,0.1882,0.0389,2.6347,21.6691,231.0678,0.0935,0.1346,2.9512,24.0144,232.8459,0.1027,0.1508
2016-04-08T05:40:59.896Z,1.9684,42.4426,229.7312,0.1851,0.0475,2.234,20.8013,230.336,0.0902,0.1393,2.8149,26.4141,232.6342,0.114,0.1287
2016-04-08T05:41:59.282Z,1.3079,43.2292,229.5069,0.1881,0.0312,2.0774,20.81,230.1151,0.0901,0.1253,3.2987,24.8806,232.4877,0.1078,0.154
2016-04-08T05:42:59.549Z,0.9257,43.1453,229.9054,0.1879,0.0227,2.4273,21.6293,230.4797,0.0941,0.1287,3.1525,23.7941,232.7589,0.1025,0.1566
2016-04-08T05:43:59.747Z,1.1886,43.5415,230.0865,0.189,0.0262,1.9686,17.8549,227.8569,0.0785,0.1273,2.9523,24.0732,233.5135,0.1031,0.1487
2016-04-08T05:44:59.055Z,1.8281,42.2947,229.7388,0.1838,0.0442,2.7981,21.632,230.4126,0.094,0.1368,3.0326,24.7751,232.8266,0.1064,0.1442
2016-04-08T05:45:59.257Z,0.9692,43.2175,229.4203,0.1884,0.0233,2.0753,20.2141,231.2779,0.0873,0.1327,2.5712,25.3657,232.3846,0.1097,0.1323
2016-04-08T05:46:59.547Z,1.0112,43.6055,228.8523,0.1904,0.0237,2.3807,21.4318,231.2497,0.0923,0.131,2.9281,23.2548,231.9545,0.1005,0.1496
2016-04-08T05:47:59.822Z,1.4238,43.4404,228.8096,0.1902,0.0328,2.1035,21.3236,231.6067,0.0925,0.1147,3.1995,23.3555,232.1263,0.1005,0.157
2016-04-08T05:48:59.126Z,1.892,41.9508,227.9829,0.1836,0.0472,2.513,18.8846,231.8867,0.0806,0.1596,2.5858,24.4513,232.1015,0.1055,0.1338
2016-04-08T05:49:59.538Z,1.2318,42.7436,228.4238,0.1866,0.0303,1.8038,19.9932,231.3852,0.087,0.1118,2.7259,24.5122,231.9826,0.1055,0.144
2016-04-08T05:50:59.821Z,1.0746,43.0547,228.6162,0.188,0.0252,2.3866,20.6689,230.8548,0.0899,0.1425,3.0024,23.4721,232.1981,0.1014,0.149
2016-04-08T05:51:59.253Z,1.139,42.8021,229.1104,0.1869,0.0263,2.0762,19.2392,230.0493,0.0837,0.1309,2.7489,24.8992,232.4514,0.107,0.1384
2016-04-08T05:52:59.567Z,1.3473,42.7965,229.3553,0.1873,0.0323,2.4234,22.2847,229.1648,0.0968,0.1308,2.9098,24.8576,232.1517,0.1075,0.1409
2016-04-08T05:53:59.910Z,1.7044,42.3051,229.6345,0.1841,0.0407,1.534,21.4781,226.4397,0.0951,0.0995,2.7075,24.9847,232.5093,0.1073,0.1324
2016-04-08T05:54:59.268Z,1.5919,43.0486,229.3287,0.188,0.0361,1.8482,19.5568,228.7181,0.0854,0.1208,2.8597,22.8517,231.8668,0.0984,0.1528
2016-04-08T05:55:59.337Z,0.4504,43.5527,228.7731,0.1903,0.0103,1.6179,13.2898,229.3984,0.0577,0.1384,3.1546,18.7722,231.3526,0.0813,0.1819
2016-04-08T05:56:59.622Z,0.9958,43.3121,228.223,0.1904,0.022,1.9258,21.008,229.7099,0.0914,0.1225,3.4059,23.1845,231.6771,0.1002,0.1669
2016-04-08T05:57:59.829Z,1.6481,42.4211,228.9473,0.1852,0.0393,1.9196,19.8324,231.0987,0.0859,0.1251,2.7698,23.8515,232.251,0.1035,0.1459
2016-04-08T05:58:59.143Z,2.0122,42.0314,229.3076,0.1832,0.0502,2.1168,18.3394,230.9398,0.0793,0.1336,3.3377,26.1742,232.4982,0.1127,0.147
2016-04-08T05:59:59.378Z,1.0742,42.6095,229.7666,0.1848,0.0263,2.1724,20.0462,231.3441,0.0867,0.1359,2.7018,25.8684,233.3259,0.1114,0.1321
2016-04-08T06:00:59.777Z,0.9284,43.5401,230.1217,0.189,0.0229,2.5402,22.085,232.314,0.0947,0.1413,3.0451,25.7012,234.1888,0.1098,0.1364
2016-04-08T06:01:59.029Z,1.1465,43.287,229.4491,0.189,0.0263,2.6062,22.4924,232.7294,0.0965,0.1336,3.1606,25.0626,233.7764,0.1075,0.1522
2016-04-08T06:02:59.494Z,1.3959,41.841,229.0122,0.1825,0.0341,1.8357,19.4833,232.4748,0.0838,0.1236,2.8473,26.4071,233.0645,0.1134,0.1322
2016-04-08T06:03:59.722Z,1.2322,43.3915,229.0068,0.1901,0.0297,2.4525,21.9187,232.3512,0.0942,0.1315,2.9791,25.424,232.993,0.1084,0.1414
2016-04-08T06:04:59.147Z,0.888,43.7314,230.2766,0.1902,0.0216,2.1466,21.1035,232.1005,0.0911,0.13,2.9488,24.3682,231.4041,0.1054,0.1446
2016-04-08T06:05:59.496Z,1.6109,42.643,229.9154,0.1856,0.038,2.6011,22.218,231.7324,0.0964,0.1382,3.1112,25.0066,229.3043,0.1096,0.1516
2016-04-08T06:06:59.741Z,215.188,345.4878,228.9912,1.5178,0.1929,246.5076,390.5635,230.6712,1.7099,0.2853,457.7309,627.2108,229.1833,2.7474,0.6022
2016-04-08T06:07:59.982Z,995.363,1413.1211,227.8296,6.2023,0.7034,1044.4102,1457.2413,227.0281,6.4193,0.7164,1547.3484,2096.7466,226.8973,9.2417,0.7382
2016-04-08T06:08:59.195Z,1059.7764,1451.8411,228.373,6.3572,0.7305,1098.8949,1529.999,228.3831,6.6992,0.7184,1555.6902,2097.1789,225.6173,9.295,0.7412
2016-04-08T06:09:59.644Z,1028.0409,1423.2618,227.1374,6.2666,0.7216,1098.8316,1520.3038,228.7827,6.6447,0.7232,1548.0385,2106.1224,226.8202,9.2853,0.7351
2016-04-08T06:10:59.261Z,1007.062,1420.4628,227.3966,6.247,0.7091,1126.6725,1537.6958,229.6216,6.6965,0.7327,1575.7466,2168.762,229.1979,9.4619,0.7272
2016-04-08T06:11:59.533Z,1017.0945,1422.6052,226.8836,6.2706,0.7148,1135.3856,1540.493,229.45,6.7137,0.7374,1579.4654,2160.8637,228.5946,9.4526,0.7307
2016-04-08T06:12:59.769Z,1017.2977,1429.2519,226.5981,6.3078,0.712,1129.8263,1527.1492,228.8149,6.6737,0.7399,1592.6106,2167.7884,229.122,9.4611,0.735
2016-04-08T06:13:59.325Z,1035.3545,1433.0707,226.4461,6.3281,0.7228,1169.5121,1570.1224,229.9448,6.8278,0.7449,1599.3492,2186.4581,229.0298,9.547,0.7317
2016-04-08T06:14:59.669Z,1025.7383,1401.0691,226.1526,6.195,0.7319,1167.5981,1581.1049,230.6034,6.8567,0.7384,1549.3094,2137.6792,227.5822,9.3927,0.7243
2016-04-08T06:15:59.044Z,964.212,1358.3321,225.5016,6.0233,0.7097,1125.3988,1521.3867,229.8162,6.6199,0.7392,1532.0958,2129.534,228.6288,9.3142,0.7188
2016-04-08T06:16:59.327Z,959.1216,1373.5421,225.534,6.0907,0.699,1115.5853,1501.6468,229.8138,6.534,0.7433,1559.091,2155.0578,229.5921,9.3868,0.7228
2016-04-08T06:17:59.658Z,973.2211,1390.4349,226.2369,6.1458,0.6997,1110.8966,1501.7637,229.4056,6.5463,0.7398,1563.0988,2148.7148,229.6729,9.3553,0.7286
2016-04-08T06:18:59.957Z,968.2224,1372.9621,225.278,6.0941,0.7056,1139.2816,1519.5056,230.0521,6.605,0.7501,1565.7824,2161.768,229.4658,9.421,0.7249
2016-04-08T06:19:59.266Z,982.9997,1385.3231,225.6256,6.14,0.71,1147.039,1530.2081,229.8743,6.6567,0.7495,1574.6541,2164.7906,229.3768,9.4378,0.7275
2016-04-08T06:20:59.605Z,980.4587,1390.6806,225.5042,6.1669,0.705,1139.2573,1515.2089,229.3956,6.605,0.7517,1587.1852,2172.2892,229.5816,9.462,0.7303
2016-04-08T06:21:59.927Z,986.327,1430.2833,225.967,6.329,0.6898,1102.1176,1449.8057,226.3474,6.4052,0.7599,1650.767,2197.1304,230.1307,9.5471,0.7511
2016-04-08T06:22:59.613Z,1008.3272,1443.8122,225.8071,6.394,0.6985,1122.8326,1468.6156,226.2689,6.4907,0.7645,1662.5164,2203.613,229.8616,9.5865,0.7545
2016-04-08T06:23:59.864Z,1003.0646,1441.0334,226.2776,6.3687,0.6956,1111.5668,1463.5983,226.0383,6.4752,0.7597,1650.0278,2190.2803,229.9547,9.5244,0.7528
2016-04-08T06:24:59.288Z,987.7737,1436.7455,226.3374,6.3484,0.6881,1099.2815,1438.9313,225.496,6.3806,0.7643,1664.1693,2199.9267,229.9525,9.5671,0.7557
2016-04-08T06:25:59.598Z,1014.5293,1454.728,225.7348,6.444,0.6978,1126.4394,1454.5091,224.8164,6.4694,0.775,1693.0161,2219.2339,229.7679,9.6584,0.763
2016-04-08T06:26:59.950Z,1019.7011,1393.9261,223.2596,6.2436,0.7308,1221.7128,1562.3613,228.7167,6.8311,0.7822,1641.2684,2213.8481,228.5314,9.6871,0.7409
2016-04-08T06:27:59.246Z,1013.1501,1399.2792,224.3088,6.2381,0.7237,1202.968,1555.6494,228.9515,6.7951,0.7725,1627.693,2203.7231,229.086,9.6197,0.7384
2016-04-08T06:28:59.536Z,1037.7092,1438.1863,225.983,6.3639,0.7218,1167.5391,1527.6186,227.3569,6.7186,0.7641,1638.3471,2180.2958,228.4026,9.5453,0.7511
2016-04-08T06:29:59.021Z,1041.9716,1451.0221,225.3151,6.4397,0.7184,1155.6182,1500.0902,226.2483,6.6306,0.7698,1665.8276,2191.0819,228.4989,9.5894,0.76
2016-04-08T06:30:59.610Z,1051.0384,1461.6737,225.2419,6.4894,0.7194,1155.9891,1502.1132,226.391,6.6352,0.7696,1670.7824,2193.1498,228.6407,9.5919,0.7609
2016-04-08T06:31:59.923Z,1061.7633,1448.7421,224.5496,6.4512,0.7331,1187.2337,1544.7126,227.9972,6.7748,0.7686,1645.807,2180.9397,228.0242,9.5647,0.7547
2016-04-08T06:32:59.251Z,1058.9602,1439.4363,224.1334,6.4221,0.7357,1210.9561,1569.2744,229.2107,6.8461,0.7717,1646.7381,2199.247,228.4151,9.628,0.7488
2016-04-08T06:33:59.582Z,1058.2998,1429.6012,224.5924,6.3646,0.74,1238.52,1602.3648,229.8237,6.9722,0.7729,1638.6788,2207.8724,228.6066,9.6577,0.7423
2016-04-08T06:34:59.767Z,1045.4369,1410.3473,224.0283,6.2949,0.7412,1256.8064,1615.0783,230.0998,7.0191,0.7782,1638.1272,2221.3896,228.8988,9.705,0.7381
2016-04-08T06:35:59.057Z,1045.7132,1439.9705,224.9532,6.4006,0.7259,1216.0132,1559.3493,227.7916,6.8447,0.7794,1676.8281,2231.7975,229.1683,9.738,0.7518
2016-04-08T06:36:59.585Z,1067.6388,1467.8428,225.8322,6.4999,0.7278,1237.2521,1577.1218,227.8713,6.9211,0.7852,1711.679,2265.3138,229.4032,9.8744,0.7563
2016-04-08T06:37:59.866Z,1061.8214,1476.9091,226.2467,6.5276,0.7189,1206.5616,1550.9496,227.5323,6.8162,0.7778,1709.9361,2256.5619,229.7816,9.8201,0.7578
2016-04-08T06:38:59.116Z,1096.5544,1475.4699,225.7558,6.5355,0.7434,1269.2947,1633.419,229.9235,7.1039,0.777,1687.7202,2251.9369,228.9922,9.8338,0.7491
2016-04-08T06:39:59.369Z,1080.8358,1460.1664,225.523,6.4747,0.7399,1257.641,1620.6692,230.0891,7.0437,0.7759,1673.6913,2238.8293,228.7443,9.7874,0.7474
2016-04-08T06:40:59.845Z,1107.1359,1496.2773,225.7559,6.6277,0.74,1267.79,1625.0962,229.3859,7.0844,0.7806,1712.7302,2268.916,229.4039,9.8907,0.7552
2016-04-08T06:41:59.129Z,1085.86,1479.4663,225.6017,6.5574,0.7337,1248.5042,1594.3491,228.1637,6.9879,0.7834,1712.5691,2262.5818,229.3913,9.8634,0.7573
2016-04-08T06:42:59.438Z,1098.1274,1499.9287,225.8115,6.6424,0.7329,1267.9876,1596.2582,226.9903,7.0322,0.7949,1762.9398,2306.2515,229.6971,10.0404,0.7643
2016-04-08T06:43:59.751Z,1079.7124,1495.4576,226.2076,6.6107,0.7227,1238.8412,1561.9089,226.0252,6.9103,0.7927,1761.7734,2299.0962,229.8884,10.0002,0.7658
2016-04-08T06:44:59.058Z,1128.2582,1530.1027,226.8244,6.7456,0.7375,1260.8497,1600.1767,226.7212,7.057,0.7878,1762.6447,2287.2748,228.8447,9.9948,0.7708
2016-04-08T06:45:59.495Z,1134.8003,1523.6024,227.2622,6.7041,0.7453,1255.6522,1624.3198,228.1134,7.1206,0.7729,1713.7547,2245.9196,228.3973,9.8332,0.7618
2016-04-08T06:46:59.928Z,1161.8624,1530.6744,226.987,6.7439,0.7589,1297.4896,1670.807,228.783,7.3026,0.7772,1715.1277,2249.7846,227.6938,9.8807,0.7618
2016-04-08T06:47:59.128Z,1159.9881,1534.0937,227.0674,6.756,0.7558,1271.0094,1651.4289,228.7813,7.2182,0.7698,1702.8544,2229.1551,227.6618,9.7916,0.7636
2016-04-08T06:48:59.241Z,1143.0957,1531.1902,226.6025,6.7574,0.7465,1261.0703,1621.6428,227.5792,7.1252,0.7781,1726.7943,2253.0888,228.7197,9.8506,0.7669
2016-04-08T06:49:59.340Z,1120.7349,1510.2541,225.4027,6.7006,0.7418,1279.905,1619.6419,227.267,7.1267,0.7901,1747.7593,2288.9453,229.7447,9.963,0.7624
2016-04-08T06:50:59.778Z,1182.7885,1575.594,225.347,6.9919,0.7507,1338.0336,1654.3753,225.8316,7.3251,0.8089,1849.2567,2372.5176,230.1218,10.3099,0.7788
2016-04-08T06:51:59.891Z,1216.9173,1595.2367,225.6364,7.0694,0.7619,1381.7711,1711.4891,226.9357,7.5412,0.8069,1853.3374,2382.8695,229.6945,10.3738,0.777
2016-04-08T06:52:59.144Z,1260.7347,1614.9549,226.7026,7.1231,0.7808,1416.518,1784.8076,229.1606,7.7879,0.793,1814.5223,2352.8051,228.9536,10.2766,0.7714
2016-04-08T06:53:59.366Z,1289.7737,1664.4564,228.3271,7.2901,0.7751,1375.9716,1754.4924,228.3013,7.6852,0.7844,1828.3189,2338.0873,228.8251,10.2175,0.7806
2016-04-08T06:54:59.714Z,1115.9743,1439.3204,228.4439,6.308,0.6766,1195.0462,1514.9811,228.6276,6.6354,0.6925,1645.5627,2088.9892,229.0836,9.1283,0.7989
2016-04-08T06:55:59.046Z,4.4126,44.7342,230.1392,0.1938,0.0987,2.1708,23.7649,230.4041,0.1034,0.1057,46.1802,65.728,232.1108,0.2839,0.4062
2016-04-08T06:56:59.466Z,4.7396,43.2275,229.5438,0.1885,0.1099,2.108,19.3553,230.6074,0.0841,0.118,3.0535,25.1063,232.2238,0.108,0.1385
2016-04-08T06:57:59.632Z,4.6653,43.7623,229.3475,0.1909,0.1075,1.7102,19.5451,230.74,0.0846,0.1087,2.7267,23.5184,231.8585,0.1018,0.1386
2016-04-08T06:58:59.899Z,4.3097,42.6933,228.4022,0.1875,0.1009,1.5345,19.3582,230.9267,0.0838,0.1038,2.9929,24.9235,232.0133,0.1074,0.1388
2016-04-08T06:59:59.562Z,3.5896,43.4754,229.6503,0.1898,0.0835,1.4262,20.282,228.8979,0.0889,0.0882,2.5568,23.9045,232.8074,0.1024,0.1257
2016-04-08T07:00:59.782Z,4.4,43.1708,228.7921,0.1891,0.1019,1.708,20.4695,229.0733,0.0891,0.0951,2.6834,26.2338,232.9942,0.1131,0.1236
2016-04-08T07:01:59.036Z,4.9576,43.8819,227.5658,0.1932,0.1137,1.788,20.7569,231.4636,0.0897,0.1042,2.9274,22.443,231.8401,0.0971,0.1512
2016-04-08T07:02:59.282Z,5.0156,43.4714,227.9737,0.1903,0.1159,1.6998,20.6938,231.6586,0.0895,0.0989,2.9697,24.601,231.8353,0.1059,0.1414
2016-04-08T07:03:59.656Z,4.3271,43.0482,228.1395,0.1887,0.1004,2.036,21.6251,231.8949,0.093,0.0995,2.9088,24.8809,231.9546,0.1075,0.1419
2016-04-08T07:05:59.380Z,4.2115,43.1716,227.8142,0.1895,0.0983,1.7487,20.6716,231.889,0.0895,0.0991,2.955,24.2109,232.1638,0.1041,0.1404
2016-04-08T07:06:59.633Z,4.9037,43.2222,227.5026,0.1898,0.1134,1.6092,22.1021,232.6531,0.0955,0.0922,2.824,24.6167,232.2082,0.1063,0.1386
2016-04-08T07:07:59.828Z,5.2085,43.4133,228.5874,0.1903,0.1198,1.8341,19.2821,233.2896,0.083,0.1079,2.746,23.5142,232.0178,0.1009,0.1462
2016-04-08T07:08:59.245Z,4.7398,43.139,228.9652,0.1883,0.1108,2.4241,21.4359,233.3916,0.0921,0.1094,3.2061,24.8612,231.9074,0.1072,0.148
2016-04-08T07:09:59.540Z,5.0976,43.7984,229.1014,0.1913,0.1165,1.7683,20.7205,233.1008,0.0889,0.1129,3.3668,24.1338,232.334,0.1039,0.1559
2016-04-08T07:10:59.837Z,5.1968,43.4385,229.9712,0.1886,0.1209,1.2296,18.8753,230.8271,0.082,0.0781,2.5203,23.9549,231.2564,0.1035,0.1278
2016-04-08T07:11:59.343Z,5.2739,43.5722,229.7028,0.1898,0.122,1.5688,20.4848,231.9527,0.0877,0.0943,3.0669,23.7982,230.7638,0.1031,0.1453
2016-04-08T07:12:59.540Z,4.7978,42.9031,228.1924,0.188,0.1121,1.5965,19.9647,233.6949,0.0849,0.09,3.1277,24.7359,232.7169,0.1062,0.1475
2016-04-08T07:13:59.860Z,4.6689,43.38,228.4073,0.1902,0.108,1.8184,21.803,233.8658,0.0932,0.1036,2.8891,25.412,232.5255,0.1089,0.1368
2016-04-08T07:14:59.331Z,4.7748,43.6253,229.2448,0.19,0.1102,1.472,21.1442,234.1713,0.0899,0.0928,2.9517,24.2227,232.7133,0.104,0.144
2016-04-08T07:15:59.527Z,4.271,43.0468,229.4157,0.1873,0.0985,2.2334,20.287,233.3054,0.0865,0.1126,3.1953,24.1037,232.7399,0.1035,0.1502
2016-04-08T07:16:59.899Z,4.0405,43.3664,228.8978,0.1893,0.0929,2.2376,22.3962,232.7272,0.0962,0.0982,3.0549,25.055,232.4824,0.1073,0.1412
2016-04-08T07:17:59.123Z,5.2318,43.2398,229.307,0.1884,0.1211,1.87,17.9649,232.7135,0.0773,0.1169,3.0434,25.0281,232.1453,0.1075,0.1418
2016-04-08T07:18:59.441Z,4.8836,43.7659,230.3655,0.1897,0.1121,1.6608,21.0628,233.0049,0.0904,0.0954,2.821,24.6646,231.066,0.1065,0.1314
2016-04-08T07:19:59.667Z,4.8811,43.9059,230.539,0.1903,0.1122,1.699,20.2534,232.8075,0.0869,0.1076,2.956,24.2721,231.6087,0.1052,0.1397
2016-04-08T07:20:59.132Z,4.3694,43.6989,230.1823,0.19,0.0997,1.6414,18.8886,231.7271,0.0814,0.098,2.738,23.2899,232.5611,0.1002,0.1383
2016-04-08T07:21:59.702Z,4.0923,43.7988,230.8679,0.189,0.0946,1.7509,21.3913,229.7548,0.0933,0.0811,2.7688,24.6792,232.9082,0.1057,0.1327
2016-04-08T07:22:59.952Z,4.936,43.909,231.2514,0.1895,0.1141,1.293,21.0556,229.9796,0.0911,0.0743,2.9523,24.6108,233.3977,0.1055,0.1407
2016-04-08T07:23:59.234Z,5.2229,44.0987,231.8002,0.1897,0.1184,1.582,20.6133,229.0412,0.0899,0.0884,2.5863,23.5763,233.8908,0.1007,0.1367
2016-04-08T07:24:59.504Z,4.8371,43.4953,233.0089,0.1868,0.112,1.2774,18.8049,228.1712,0.0822,0.0843,2.7021,25.7352,233.1654,0.1103,0.1275
2016-04-08T07:25:59.777Z,4.2236,44.1825,232.9596,0.1899,0.0953,1.6357,21.7488,228.3092,0.0956,0.0805,2.797,24.9705,232.8074,0.1076,0.134
2016-04-08T07:26:59.119Z,4.7341,44.4817,233.1307,0.1907,0.1068,2.1392,21.0606,228.0207,0.0922,0.094,2.7409,22.7849,232.7889,0.0977,0.1371
2016-04-08T07:27:59.338Z,4.8812,44.2704,233.0751,0.1897,0.1114,1.2051,19.1096,228.0805,0.0839,0.0728,2.9311,24.8378,232.7653,0.1066,0.1363
2016-04-08T07:28:59.614Z,5.1175,43.9408,232.4598,0.1888,0.1169,1.1626,18.8658,228.6731,0.0824,0.0832,2.3377,24.3027,232.4808,0.1045,0.1234
2016-04-08T07:29:59.972Z,4.9918,44.2245,232.0766,0.1901,0.1113,1.416,20.2784,230.7482,0.088,0.0855,3.5433,24.2092,231.8309,0.1042,0.1548
2016-04-08T07:30:59.328Z,4.1951,45.1117,232.4423,0.1942,0.0947,1.577,22.2433,231.9377,0.0951,0.0897,3.0099,22.3556,232.7082,0.096,0.1521
2016-04-08T07:31:59.529Z,5.2057,45.0189,232.7173,0.1935,0.1175,1.6743,20.4265,231.7776,0.0884,0.0981,3.0084,23.4431,232.7286,0.101,0.1499
2016-04-08T07:32:59.770Z,5.0521,43.6808,232.9638,0.1874,0.1161,1.5663,20.4074,229.085,0.089,0.0895,2.8161,25.7252,233.0024,0.1107,0.1312
2016-04-08T07:33:59.032Z,4.5908,44.2069,232.6851,0.1896,0.1027,1.5963,21.388,228.8076,0.0937,0.0819,2.7796,23.9575,233.3063,0.1029,0.1372
2016-04-08T07:34:59.389Z,4.9947,44.9361,232.2583,0.1932,0.1134,1.7461,21.0526,230.0121,0.0914,0.0966,3.172,23.0071,232.7965,0.0992,0.1495
2016-04-08T07:35:59.649Z,5.1795,43.7499,231.7668,0.1888,0.1176,1.4241,18.8246,231.896,0.0808,0.0992,2.9201,22.957,231.8924,0.0987,0.1546
2016-04-08T07:36:59.036Z,5.3809,44.1308,231.0784,0.191,0.1212,1.4292,14.7169,231.7263,0.0637,0.1196,3.1207,21.9014,231.6378,0.0944,0.1633
2016-04-08T07:37:59.383Z,4.0184,42.9316,230.1992,0.1868,0.0932,1.6095,17.827,232.1675,0.0765,0.1055,2.8423,23.0562,232.5167,0.0997,0.1493
2016-04-08T07:38:59.602Z,4.2177,43.1261,230.5176,0.1874,0.0974,1.2905,19.5541,229.6035,0.0853,0.077,3.1477,26.5282,233.8893,0.1135,0.1325
2016-04-08T07:39:59.882Z,4.83,44.3079,230.4273,0.1925,0.1098,1.5274,20.8323,229.6333,0.0909,0.0892,2.7177,24.322,233.6612,0.1042,0.1322
2016-04-08T07:40:59.268Z,5.0243,44.1283,231.0929,0.1908,0.1151,1.5688,20.1966,228.9913,0.0886,0.1014,2.5753,24.8148,234.3752,0.106,0.1304
2016-04-08T07:41:59.804Z,4.9292,44.3418,230.9307,0.1916,0.1118,1.6797,21.8673,229.3772,0.0952,0.1009,2.9989,23.89,234.1332,0.102,0.1459
2016-04-08T07:42:59.034Z,4.9671,43.7658,231.6242,0.1885,0.1136,2.0516,20.1811,229.4962,0.0882,0.1157,3.4102,25.0181,234.3711,0.1071,0.1511
2016-04-08T07:43:59.210Z,4.8631,43.5902,231.5216,0.1879,0.1134,2.159,18.0147,229.8002,0.078,0.1308,2.7146,25.5308,234.1568,0.1092,0.1331
2016-04-08T07:44:59.599Z,4.9783,43.8696,231.7975,0.1896,0.1133,1.8218,20.7559,227.6798,0.091,0.0991,2.7618,24.9197,234.7196,0.1063,0.1339
2016-04-08T07:45:59.902Z,4.5587,44.2437,231.7652,0.1909,0.1034,1.8851,22.0508,227.2364,0.0974,0.1014,2.5951,23.1196,234.6825,0.0988,0.1389
2016-04-08T07:46:59.093Z,4.5408,44.3564,231.6502,0.1911,0.1048,1.8201,19.4293,228.3113,0.0852,0.1142,3.3819,24.8438,233.9864,0.1064,0.1477
2016-04-08T07:47:59.261Z,5.0444,43.8887,231.4941,0.1898,0.1147,2.0079,19.7833,229.8318,0.0858,0.1236,2.9579,21.3412,233.1604,0.0921,0.1577
2016-04-08T07:48:59.792Z,4.8677,43.9222,231.5611,0.19,0.1111,1.8563,20.2652,229.4829,0.0884,0.1074,3.1104,24.8545,233.2687,0.1068,0.1446
2016-04-08T07:49:59.081Z,4.4601,44.0667,231.4216,0.19,0.1029,1.9632,22.2443,229.386,0.097,0.1063,2.9242,24.9081,233.0823,0.1067,0.1376
2016-04-08T07:50:59.345Z,5.6037,44.589,231.4282,0.193,0.1251,1.3876,19.4898,228.8281,0.0849,0.0982,3.1208,23.5175,233.0479,0.1012,0.1552
2016-04-08T07:51:59.735Z,4.8185,44.478,231.9926,0.1915,0.1086,1.396,18.2998,225.886,0.0809,0.0877,2.8454,25.1762,234.2696,0.1075,0.1297
2016-04-08T07:52:59.933Z,4.3974,43.9715,231.8095,0.1899,0.1005,1.2396,20.3759,227.1897,0.0895,0.0852,2.8873,24.5952,234.359,0.1049,0.1336
2016-04-08T07:53:59.516Z,4.2741,43.5306,230.8526,0.189,0.0981,2.0853,22.1923,228.8419,0.0966,0.1006,2.988,24.5296,233.9798,0.1051,0.144
2016-04-08T07:54:59.730Z,4.7964,44.1752,230.9075,0.1913,0.1096,2.0975,20.8957,227.6566,0.0919,0.1196,3.4515,24.4458,234.2376,0.1042,0.156
2016-04-08T07:55:59.891Z,4.8754,43.6285,230.7803,0.1889,0.1117,1.9742,19.6701,226.4296,0.0872,0.1238,3.3289,25.6117,234.2132,0.1098,0.1448
2016-04-08T07:56:59.217Z,4.0725,43.5274,230.3767,0.1888,0.0938,1.4358,19.251,225.9218,0.0857,0.1016,2.8688,25.4055,234.1626,0.1081,0.1355
2016-04-08T07:57:59.538Z,3.4603,43.7402,230.4161,0.19,0.0807,2.2793,22.0041,226.1995,0.0971,0.1191,3.3057,23.7757,233.673,0.1022,0.1517
2016-04-08T07:58:59.900Z,4.908,43.8645,229.5679,0.1914,0.1114,1.5138,21.0225,226.4447,0.0931,0.0832,2.9954,24.2175,233.2377,0.1042,0.146
2016-04-08T07:59:59.134Z,5.2181,43.7462,229.4957,0.1906,0.1196,1.0569,22.1494,227.1269,0.0973,0.0607,2.5766,24.5273,233.1042,0.1054,0.132
