2016-02-04T00:00:59.707Z,1237.3415,1624.3642,227.9903,7.1246,0.7616,1316.2998,1713.9821,228.6506,7.4962,0.768,1790.5838,2333.9412,229.2725,10.1796,0.7669
2016-02-04T00:01:59.798Z,1245.5108,1631.4506,227.5381,7.1698,0.763,1333.8119,1722.6097,228.4643,7.5396,0.7742,1813.6646,2355.6656,229.2625,10.2753,0.7701
2016-02-04T00:02:59.123Z,1242.5056,1613.816,227.3044,7.0998,0.7697,1381.412,1773.5501,229.7452,7.7195,0.7793,1806.816,2372.1653,229.1824,10.3509,0.7609
2016-02-04T00:03:59.596Z,1220.6462,1618.126,228.5618,7.0793,0.7545,1357.2733,1754.9534,230.2057,7.6237,0.7725,1809.3966,2390.171,230.9215,10.3508,0.7584
2016-02-04T00:04:59.423Z,1212.274,1601.013,228.3494,7.0114,0.758,1362.1185,1761.0529,230.5393,7.6379,0.7731,1792.1297,2376.9459,230.581,10.3086,0.7532
2016-02-04T00:05:59.620Z,1151.9808,1552.5544,228.5674,6.7928,0.7425,1301.2642,1706.2081,230.8096,7.392,0.7625,1736.6939,2329.1883,230.592,10.1008,0.7452
2016-02-04T00:06:59.073Z,1138.2894,1530.9184,228.2681,6.7069,0.7439,1271.4331,1680.8408,230.4485,7.2938,0.7561,1697.7031,2279.1304,229.8539,9.9156,0.7453
2016-02-04T00:07:59.396Z,1150.5154,1540.6724,227.8553,6.7619,0.7469,1273.6461,1676.5081,229.8811,7.2924,0.7597,1709.1426,2277.8558,229.7366,9.9148,0.7501
2016-02-04T00:08:59.787Z,1155.3752,1544.4517,227.9131,6.7759,0.7477,1268.7479,1674.11,229.6959,7.2884,0.7578,1702.3574,2263.6111,229.5027,9.8636,0.7523
2016-02-04T00:09:59.206Z,1179.1948,1557.1752,227.7757,6.8361,0.7578,1292.479,1697.1173,229.6216,7.3907,0.7616,1713.71,2269.9688,229.2081,9.9032,0.755
2016-02-04T00:10:59.506Z,1184.2264,1557.2744,227.5268,6.8444,0.7604,1286.6212,1688.7789,229.1048,7.3704,0.7616,1711.5752,2256.1219,228.6624,9.8662,0.7579
2016-02-04T00:11:59.723Z,1206.2337,1578.1297,227.4677,6.938,0.7652,1304.9883,1699.9228,228.7523,7.4312,0.7681,1741.1654,2277.836,228.67,9.9611,0.7638
2016-02-04T00:12:59.166Z,402.519,562.6773,228.1734,2.4778,0.3052,430.2681,580.1012,229.5651,2.5429,0.3251,651.3067,839.6992,231.6201,3.6524,0.8291
2016-02-04T00:13:59.596Z,459.91,791.2377,229.6199,3.452,0.4001,537.8333,900.8109,231.0116,3.9112,0.4342,587.0334,998.5011,231.9101,4.3132,0.672
2016-02-04T00:14:59.620Z,425.3267,618.3009,230.5126,2.6968,0.3257,453.9004,651.0851,231.3834,2.8273,0.3327,534.0954,759.5109,231.2359,3.2942,0.7864
2016-02-04T00:15:59.877Z,58.8198,131.5693,231.4164,0.571,0.1047,68.2377,121.3753,232.1669,0.5258,0.1329,432.5019,538.6926,230.8537,2.3395,0.851
2016-02-04T00:16:59.142Z,1309.8418,1677.5301,229.3178,7.3151,0.7803,1389.1499,1801.5133,230.2213,7.8257,0.7705,1816.266,2356.3579,228.6014,10.3076,0.7702
2016-02-04T00:17:59.547Z,1295.9072,1663.6073,229.0762,7.2626,0.7794,1377.9454,1788.2445,229.7599,7.7827,0.7704,1804.8537,2344.6117,228.4965,10.2609,0.77
2016-02-04T00:18:59.821Z,1250.6632,1618.0184,229.1124,7.0624,0.772,1309.6757,1728.4738,229.5269,7.5307,0.7573,1735.8871,2264.3648,227.4858,9.9532,0.7664
2016-02-04T00:19:59.019Z,1270.8386,1632.6779,228.8397,7.1344,0.7778,1341.1695,1758.2277,229.8547,7.6493,0.7621,1758.1301,2286.2413,227.5237,10.0479,0.769
2016-02-04T00:20:59.635Z,1345.903,1704.4904,228.8063,7.4494,0.7899,1412.3653,1814.5839,228.7966,7.9309,0.7792,1844.2922,2357.3113,227.2253,10.3739,0.7821
2016-02-04T00:21:59.997Z,1348.461,1709.497,227.6665,7.5083,0.7883,1419.5747,1794.6912,227.2506,7.8973,0.7906,1884.6093,2388.3322,227.2438,10.5098,0.7892
2016-02-04T00:22:59.303Z,1382.2968,1718.7866,228.1362,7.5346,0.8045,1450.7422,1843.6316,227.4023,8.1071,0.7871,1859.667,2355.0969,225.3924,10.4486,0.7897
2016-02-04T00:23:59.051Z,1350.4149,1686.0819,228.1161,7.3913,0.8005,1448.9226,1848.8906,229.0068,8.0734,0.7841,1833.2136,2356.0461,226.5806,10.3976,0.7785
2016-02-04T00:24:59.275Z,1262.4816,1609.2147,227.8467,7.0628,0.7849,1355.0745,1758.5731,229.1825,7.6728,0.7703,1750.8789,2274.8479,226.5184,10.0428,0.7699
2016-02-04T00:25:59.560Z,59.0765,118.4678,229.5746,0.5184,0.1071,61.8542,110.8985,230.2123,0.4833,0.1144,189.2751,242.8134,228.7153,1.0684,0.5005
2016-02-04T00:26:59.755Z,4.2195,50.8236,230.8316,0.2204,0.0841,2.3746,33.2634,229.7164,0.1452,0.0727,2.0485,33.8831,229.2651,0.1475,0.0588
2016-02-04T00:27:59.796Z,4.2186,49.6021,230.5101,0.2151,0.0855,2.7073,36.2409,229.2192,0.158,0.076,2.2033,35.009,229.5891,0.1529,0.0654
2016-02-04T00:28:59.086Z,4.5262,51.0457,230.7617,0.2212,0.088,2.338,33.9186,230.4091,0.1474,0.0749,2.2219,36.6991,229.5831,0.1601,0.0616
2016-02-04T00:29:59.376Z,4.5295,50.0144,231.2738,0.2167,0.091,2.7508,32.4184,230.5024,0.1402,0.0846,2.1552,32.4523,229.6812,0.1409,0.0724
2016-02-04T00:30:59.618Z,4.0976,50.7589,231.3821,0.2192,0.0783,3.05,32.5049,229.8304,0.1413,0.0949,2.4458,34.3599,229.6432,0.1496,0.0691
2016-02-04T00:31:59.960Z,4.1898,51.0204,231.8467,0.2205,0.0814,2.7096,33.5703,229.8441,0.1462,0.0836,2.5684,35.4338,229.8082,0.1547,0.073
2016-02-04T00:32:59.105Z,4.2563,50.4406,232.4468,0.2176,0.0836,2.3911,31.3036,229.0693,0.1366,0.0786,2.2991,35.1396,229.4842,0.1529,0.0658
2016-02-04T00:33:59.694Z,4.1465,51.6796,232.6295,0.2224,0.0821,2.9026,34.8076,230.5347,0.1509,0.0797,1.8347,33.807,230.7355,0.1466,0.0582
2016-02-04T00:34:59.319Z,4.0449,49.9499,232.2105,0.2145,0.0814,2.9686,34.6142,230.9786,0.1502,0.0919,2.2313,35.2685,230.4423,0.1532,0.0674
2016-02-04T00:35:59.592Z,4.6276,51.1147,232.4675,0.2201,0.0897,3.0548,34.2936,230.9856,0.1482,0.0923,1.6837,35.0998,230.5366,0.1519,0.0585
2016-02-04T00:36:59.954Z,3.9416,50.4742,232.3426,0.2175,0.0767,3.0816,33.8195,231.18,0.1463,0.0949,61.2058,90.5008,230.4953,0.3925,0.4437
2016-02-04T00:37:59.336Z,4.9048,49.5343,232.2233,0.2132,0.0989,2.8976,33.6463,230.9689,0.1453,0.091,2.5021,34.7796,230.3616,0.151,0.0773
2016-02-04T00:38:59.804Z,3.4757,51.0171,232.2064,0.2197,0.0685,2.2229,33.9093,230.8067,0.1468,0.0685,1.96,35.4916,230.0841,0.1545,0.0545
2016-02-04T00:39:59.055Z,4.2154,50.9031,231.68,0.2196,0.0832,2.5141,33.7998,230.908,0.1458,0.0823,2.2793,35.3098,231.1288,0.153,0.0644
2016-02-04T00:40:59.320Z,4.5142,49.1036,230.1423,0.2126,0.0919,2.9292,32.359,230.1276,0.1408,0.0907,2.177,33.7233,230.8885,0.1465,0.0613
2016-02-04T00:41:59.950Z,4.0379,49.9915,229.8145,0.2175,0.0804,2.7807,33.9354,229.8676,0.147,0.0849,1.5465,35.6024,231.1543,0.1538,0.0478
2016-02-04T00:42:59.356Z,4.378,49.8267,229.1606,0.2173,0.0873,2.3039,34.5712,228.9033,0.1511,0.0709,1.9724,34.9622,232.2783,0.1509,0.0578
2016-02-04T00:43:59.662Z,4.3945,50.3311,230.4185,0.2184,0.0885,2.3612,34.1189,228.4147,0.1493,0.071,2.0071,35.8645,233.0216,0.154,0.0605
2016-02-04T00:44:59.977Z,4.507,50.4767,230.3614,0.2198,0.0878,2.686,35.1786,231.616,0.1515,0.0791,2.2376,38.2096,232.9777,0.1634,0.0603
2016-02-04T00:45:59.332Z,3.7567,49.6732,230.7369,0.2154,0.0752,3.1109,36.2264,231.6983,0.1567,0.0852,1.6596,35.0069,233.6132,0.1498,0.0554
2016-02-04T00:46:59.625Z,3.9596,49.2424,230.6133,0.2135,0.0811,2.4715,34.1292,231.4235,0.1477,0.0749,64.4454,92.177,232.6999,0.3964,0.4687
2016-02-04T00:47:59.997Z,4.2557,50.9427,230.7027,0.2211,0.082,2.4228,34.576,231.4602,0.1496,0.0796,1.8132,36.5098,232.6276,0.1567,0.0578
2016-02-04T00:48:59.582Z,4.7184,51.1886,231.5711,0.2213,0.0913,2.9137,33.5528,231.3808,0.145,0.0924,2.1236,34.963,232.5964,0.15,0.0663
2016-02-04T00:49:59.067Z,4.4562,50.1027,231.3466,0.2166,0.0891,2.5927,36.2382,231.0459,0.1571,0.0748,2.2684,34.6158,231.7734,0.1498,0.0727
2016-02-04T00:50:59.709Z,4.1098,49.4968,230.8264,0.2148,0.0795,2.7557,32.6161,230.1363,0.1421,0.0842,2.3736,36.386,231.3755,0.1573,0.0639
2016-02-04T00:51:59.087Z,4.6291,50.0578,230.9367,0.2166,0.0921,2.7366,32.2584,230.0259,0.1403,0.0924,2.6773,34.9122,231.1127,0.1507,0.0774
2016-02-04T00:52:59.429Z,4.2579,50.2173,230.7042,0.2169,0.0838,2.5958,35.6581,230.5671,0.1543,0.0749,2.3635,35.7254,230.2312,0.1548,0.0691
2016-02-04T00:53:59.131Z,3.9804,50.3043,231.0877,0.2178,0.0787,2.7691,33.2975,230.8863,0.1448,0.0864,2.2491,33.6353,231.0748,0.1455,0.0696
2016-02-04T00:54:59.620Z,3.5307,49.0409,231.1168,0.2125,0.0708,2.7924,32.7979,230.8242,0.1423,0.0857,2.1673,36.5742,231.7347,0.1573,0.0624
2016-02-04T00:55:59.500Z,3.9347,51.1276,231.7952,0.2207,0.0756,2.6724,34.666,230.9058,0.15,0.0832,2.0389,35.9359,231.9881,0.1552,0.0578
2016-02-04T00:56:59.940Z,4.14,49.3229,231.6986,0.2133,0.0845,2.7993,34.9059,230.873,0.151,0.0897,61.6953,90.3213,231.6012,0.3904,0.4599
2016-02-04T00:57:59.609Z,4.3588,50.5436,231.79,0.2183,0.0839,2.9678,34.6409,230.9878,0.1497,0.0871,3.3301,36.9919,231.9144,0.1592,0.0646
2016-02-04T00:58:59.992Z,3.3017,51.0858,232.0054,0.2207,0.0645,2.8376,36.5888,231.2615,0.1583,0.0767,2.7336,35.3683,231.9105,0.1526,0.0802
2016-02-04T00:59:59.303Z,3.5734,49.2804,231.9001,0.2119,0.0717,2.5561,31.8837,232.1662,0.1374,0.0804,2.2666,36.5253,231.7817,0.1574,0.0596
