2016-03-09T00:00:59.545Z,2.1398,69.4349,232.6797,0.2982,0.0318,3.0957,62.1038,232.5149,0.2676,0.0503,3.139,64.6682,233.9258,0.2762,0.0489
2016-03-09T00:01:59.950Z,2.9759,71.5482,232.4329,0.3079,0.0407,3.0062,64.0907,232.0441,0.2766,0.0466,2.5978,63.5942,233.4866,0.272,0.0412
2016-03-09T00:02:59.205Z,2.7337,72.3021,231.9292,0.3114,0.0382,3.4116,63.0209,231.1784,0.2727,0.0549,3.5978,62.8944,232.2582,0.2707,0.0572
2016-03-09T00:03:59.441Z,2.3391,70.7041,231.1504,0.3057,0.0333,2.7346,60.3884,231.7231,0.2603,0.0465,2.8265,62.9722,232.5626,0.2709,0.0475
2016-03-09T00:04:59.738Z,1.6793,71.3032,231.5996,0.3081,0.0225,3.5038,63.5878,231.4118,0.2751,0.0549,3.2174,61.5122,232.4351,0.2643,0.051
2016-03-09T00:05:59.040Z,3.4282,70.4951,232.2993,0.303,0.0489,3.2616,63.0353,229.2706,0.2751,0.0526,2.739,62.7359,232.6309,0.2697,0.046
2016-03-09T00:06:59.211Z,2.1859,71.5704,233.0733,0.3068,0.0318,2.2148,62.2075,228.0714,0.2726,0.0375,2.6205,63.6037,233.0604,0.273,0.0427
2016-03-09T00:07:59.423Z,2.0496,71.6288,232.5076,0.3077,0.028,2.6574,62.4102,228.4663,0.2731,0.0441,2.7053,62.8666,233.119,0.2699,0.0456
2016-03-09T00:08:59.682Z,1.8948,70.6943,232.0952,0.3049,0.0275,3.3378,63.3125,231.1489,0.2738,0.0544,2.5337,63.5979,232.8273,0.2731,0.0415
2016-03-09T00:09:59.990Z,2.96,71.5259,231.1548,0.3093,0.0418,3.3263,63.5804,231.4549,0.2751,0.0526,2.2023,62.7443,232.2252,0.2701,0.0363
2016-03-09T00:10:59.195Z,2.1137,71.0021,230.7757,0.3074,0.0298,3.5851,63.6249,231.5348,0.2753,0.057,2.7359,62.6282,232.0767,0.269,0.0446
2016-03-09T00:11:59.533Z,1.4683,71.7255,230.4328,0.312,0.0221,3.4216,64.2051,231.3586,0.2778,0.0546,2.8824,62.4824,232.204,0.2683,0.0467
2016-03-09T00:12:59.865Z,1.9534,71.0029,230.1184,0.3086,0.0281,2.9762,63.4299,231.1345,0.2745,0.0485,3.1257,63.7191,231.9523,0.2749,0.0505
2016-03-09T00:13:59.053Z,2.0776,70.9754,230.5712,0.3078,0.0299,3.6399,63.688,231.4442,0.2746,0.0591,2.4168,62.0917,232.2129,0.2674,0.0429
2016-03-09T00:14:59.407Z,2.4411,71.4063,231.4797,0.308,0.0353,3.3529,63.886,231.3521,0.2762,0.0529,3.0011,63.868,232.5101,0.2741,0.049
2016-03-09T00:15:59.719Z,1.9811,71.4791,231.6616,0.3087,0.0286,2.6405,62.9716,228.3287,0.2758,0.043,3.0361,63.1553,233.5886,0.2701,0.0484
2016-03-09T00:16:59.236Z,2.4837,72.0346,231.2414,0.3114,0.0356,3.2406,63.6091,229.1316,0.2772,0.0512,2.4811,64.186,233.152,0.2753,0.0398
2016-03-09T00:17:59.491Z,2.7223,70.9184,231.6704,0.3065,0.041,3.4541,62.7301,231.4265,0.2707,0.0557,3.2035,63.7002,232.9593,0.2736,0.0515
2016-03-09T00:18:59.776Z,1.9218,71.8545,232.2219,0.3093,0.0248,3.7074,63.2435,231.8325,0.2726,0.0601,2.4969,62.6491,233.6943,0.2681,0.0424
2016-03-09T00:19:59.046Z,1.9927,72.0837,232.1356,0.3104,0.029,3.5061,65.4164,231.613,0.2822,0.0543,3.2594,63.9891,233.2621,0.2742,0.051
2016-03-09T00:20:59.372Z,2.2198,71.94,230.9217,0.3115,0.0297,2.934,62.6854,232.1213,0.2704,0.0467,2.7846,64.0046,233.6393,0.2742,0.0433
2016-03-09T00:21:59.807Z,3.1471,70.9432,229.8549,0.3084,0.0455,3.2093,62.4979,231.9241,0.2701,0.0516,2.6776,63.8655,232.4608,0.2753,0.043
2016-03-09T00:22:59.052Z,2.6276,69.6838,229.7582,0.3031,0.0401,3.4269,62.1826,231.7906,0.2683,0.0576,2.7291,62.4366,231.7514,0.2697,0.0458
2016-03-09T00:23:59.447Z,1.8063,70.9517,229.5899,0.3091,0.0251,3.2125,63.4449,231.2301,0.2747,0.0502,3.1823,64.1887,232.0934,0.2761,0.0499
2016-03-09T00:24:59.665Z,2.281,71.6114,229.1467,0.3125,0.0329,3.2204,61.767,231.234,0.2673,0.0524,2.7598,63.7969,232.2324,0.2748,0.0438
2016-03-09T00:25:59.075Z,2.1462,72.2932,230.292,0.3143,0.0287,3.2133,62.1106,229.238,0.2708,0.0519,2.9794,65.6589,232.7646,0.2819,0.0447
2016-03-09T00:26:59.375Z,3.2244,70.547,231.0463,0.3052,0.047,2.786,61.8538,228.4064,0.2708,0.0442,2.4109,64.5702,233.4003,0.2767,0.0385
2016-03-09T00:27:59.585Z,2.2601,71.9686,231.5904,0.3107,0.0314,3.6018,62.337,229.8907,0.2711,0.0565,2.8048,64.4785,232.207,0.2779,0.0441
2016-03-09T00:28:59.843Z,2.3692,70.735,231.6821,0.3055,0.0349,3.0987,63.8421,230.0785,0.2774,0.0512,3.0565,63.2235,232.2502,0.2723,0.0489
2016-03-09T00:29:59.095Z,1.8054,71.2851,231.4349,0.3081,0.0254,3.6888,64.0866,230.8583,0.2774,0.0587,2.5799,63.8307,233.0993,0.2736,0.0407
2016-03-09T00:30:59.366Z,2.6013,72.0257,231.8376,0.3104,0.038,3.8336,63.418,231.136,0.2738,0.0614,2.749,64.7127,233.5369,0.2774,0.0416
2016-03-09T00:31:59.686Z,2.5786,70.8659,231.7293,0.3054,0.0368,3.3532,62.5236,230.9522,0.2709,0.0535,3.2356,63.8581,233.2933,0.274,0.0489
2016-03-09T00:32:59.985Z,1.9805,70.8778,231.3691,0.3064,0.0296,2.7032,61.4957,230.3511,0.2675,0.0491,2.2472,62.52,233.0365,0.2683,0.0402
2016-03-09T00:33:59.233Z,1.9735,71.1355,231.4524,0.3073,0.0272,3.2033,62.3861,230.6106,0.2703,0.0511,2.7779,62.5519,232.8144,0.2687,0.0435
2016-03-09T00:34:59.455Z,2.125,71.964,232.2395,0.3092,0.0296,3.3687,63.2893,231.3485,0.2733,0.0536,2.8142,64.4307,233.4947,0.2764,0.0454
2016-03-09T00:35:59.960Z,2.7392,71.7663,232.7696,0.3087,0.038,3.4776,63.9129,231.9522,0.2753,0.0558,2.7244,64.6738,233.9923,0.2759,0.043
2016-03-09T00:36:59.349Z,2.4303,72.231,232.8279,0.3102,0.0351,3.832,62.2621,232.0624,0.2677,0.063,3.2872,63.7118,234.2833,0.2718,0.053
2016-03-09T00:37:59.577Z,1.9896,71.5918,232.3834,0.3083,0.0274,3.7265,63.445,232.2908,0.2734,0.0572,3.3966,63.3274,234.2023,0.2704,0.0557
2016-03-09T00:38:59.848Z,2.1649,71.357,232.0293,0.3076,0.0309,3.6792,63.3844,231.8985,0.2736,0.0565,2.8236,63.2065,234.0058,0.2704,0.0454
2016-03-09T00:39:59.176Z,3.1762,71.7078,232.1579,0.3091,0.0447,3.0683,61.9499,229.6321,0.2697,0.0493,2.6786,63.9374,234.9839,0.2724,0.0416
2016-03-09T00:40:59.364Z,2.8887,70.7343,232.5184,0.3037,0.042,2.8614,62.4434,229.9568,0.2709,0.0459,3.2744,64.583,234.8744,0.2751,0.0507
2016-03-09T00:41:59.645Z,1.8485,73.0904,232.6249,0.314,0.0259,3.4986,63.1252,231.4884,0.2727,0.0562,2.9514,64.9253,234.1767,0.277,0.0457
2016-03-09T00:42:59.952Z,1.8164,71.8353,232.5209,0.3089,0.026,3.1092,62.746,231.6939,0.2708,0.051,3.0459,61.7108,234.054,0.2637,0.0533
2016-03-09T00:43:59.170Z,2.0688,72.2878,232.9137,0.3102,0.0289,3.5713,63.238,231.7541,0.2726,0.0572,2.685,62.7017,233.3196,0.269,0.0424
2016-03-09T00:44:59.507Z,2.1088,71.4956,232.369,0.3076,0.0293,3.4291,64.1073,231.7804,0.2763,0.0537,2.6743,64.6595,232.4524,0.2779,0.0419
2016-03-09T00:45:59.852Z,2.2592,72.0771,231.908,0.3103,0.0322,2.8679,61.4312,231.5102,0.265,0.0473,2.9599,63.735,232.1529,0.2746,0.0463
2016-03-09T00:46:59.108Z,2.0928,72.1148,232.4266,0.3099,0.0289,3.1871,62.2009,231.6197,0.2685,0.0533,2.5312,62.4389,232.1129,0.2692,0.0438
2016-03-09T00:47:59.449Z,2.2689,71.7199,232.3543,0.3085,0.0323,3.8014,64.657,231.619,0.279,0.06,3.1455,64.0468,232.0955,0.2763,0.05
2016-03-09T00:48:59.748Z,2.7786,72.3977,232.2719,0.3113,0.0402,3.001,64.3146,231.2734,0.2779,0.0478,2.9049,64.0098,231.4892,0.2766,0.0451
2016-03-09T00:49:59.957Z,2.4802,70.6688,231.3612,0.3049,0.0347,3.4356,63.5287,231.4988,0.2736,0.0522,2.3905,63.7304,232.056,0.2746,0.0373
2016-03-09T00:50:59.257Z,2.165,71.5237,231.7152,0.3083,0.0301,2.9421,64.7553,232.1428,0.2791,0.046,2.9734,62.851,232.4627,0.2706,0.0481
2016-03-09T00:51:59.532Z,1.8899,71.8613,231.7773,0.3107,0.0261,3.5287,63.2764,231.7977,0.2728,0.056,2.6053,63.5526,232.3003,0.2736,0.0421
2016-03-09T00:52:59.855Z,2.4109,72.3031,231.8659,0.3115,0.0343,3.4651,64.0108,232.1232,0.2753,0.0537,2.7822,64.2837,232.9256,0.2756,0.044
2016-03-09T00:53:59.320Z,2.9443,72.3348,231.9137,0.3117,0.0417,2.7083,62.6569,232.0943,0.2693,0.0459,2.0849,63.4121,232.8883,0.2722,0.0321
2016-03-09T00:54:59.551Z,2.1057,72.0069,231.6045,0.3107,0.0296,2.8954,61.0678,231.7401,0.264,0.0474,2.8174,61.4016,232.6624,0.2641,0.0471
2016-03-09T00:55:59.736Z,2.1185,72.32,231.5833,0.3117,0.0288,3.3554,62.26,231.9183,0.2686,0.0548,3.1973,63.0674,232.746,0.271,0.0511
2016-03-09T00:56:59.014Z,1.9094,71.7598,232.096,0.309,0.0253,3.4866,63.7457,232.1278,0.2747,0.0557,3.0549,62.9472,232.6265,0.2702,0.0485
2016-03-09T00:57:59.286Z,2.3733,72.3528,231.8459,0.3121,0.0313,3.0001,61.6989,230.5707,0.2673,0.0516,2.6847,63.7293,232.6779,0.2732,0.0455
2016-03-09T00:58:59.710Z,2.7864,73.2063,232.4175,0.3146,0.0389,2.9807,63.3824,229.1931,0.2768,0.0487,2.9785,63.2922,233.7012,0.2705,0.0477
2016-03-09T00:59:59.855Z,2.1008,70.6237,232.3399,0.3043,0.0284,2.994,62.7687,232.1807,0.2705,0.0482,3.2544,65.0951,230.353,0.2823,0.0503
