2016-02-03T00:00:59.974Z,2.3259,48.9845,232.0248,0.2113,0.0493,3.0977,36.1075,232.6541,0.1549,0.0924,1.9653,35.0986,232.8102,0.1508,0.0587
2016-02-03T00:01:59.259Z,2.3104,49.8433,232.7299,0.214,0.0472,3.7168,34.5174,232.7154,0.1484,0.1133,1.7929,35.1433,233.9304,0.1502,0.0564
2016-02-03T00:02:59.558Z,1.664,50.352,232.5529,0.2162,0.033,3.1014,35.3512,232.7599,0.1522,0.0896,2.7568,34.6122,233.971,0.148,0.0808
2016-02-03T00:03:59.813Z,1.7123,49.3669,232.2076,0.213,0.0354,3.1505,32.984,232.4633,0.1414,0.0999,2.4292,34.826,233.7656,0.1486,0.0738
2016-02-03T00:04:59.101Z,2.3544,50.2399,232.2449,0.2164,0.0462,3.295,34.1219,231.7056,0.1468,0.1067,2.3087,34.3779,233.6487,0.1469,0.0667
2016-02-03T00:05:59.380Z,2.1836,50.4909,232.1333,0.2177,0.0419,3.4377,33.0224,231.4693,0.1424,0.1018,2.3458,34.7403,233.5926,0.1488,0.0702
2016-02-03T00:06:59.708Z,3.1851,49.7576,232.4834,0.2142,0.0665,2.9182,33.948,231.8026,0.1468,0.0952,2.1462,33.6881,233.7747,0.1438,0.0643
2016-02-03T00:07:59.992Z,1.9621,50.1155,231.7385,0.2162,0.0389,3.3001,33.2118,231.0787,0.1437,0.1049,1.8843,35.4768,233.4562,0.1521,0.0576
2016-02-03T00:08:59.351Z,1.9532,50.4928,231.6357,0.2177,0.0391,2.511,33.2233,228.2939,0.1452,0.0844,1.9668,34.3102,234.2353,0.1467,0.0569
2016-02-03T00:09:59.676Z,1.6003,49.1608,230.267,0.2136,0.0321,3.6242,35.5781,231.0145,0.1536,0.1053,1.7914,32.7308,232.2076,0.141,0.063
2016-02-03T00:10:59.964Z,2.7846,50.296,230.3705,0.2178,0.0564,3.0845,32.7516,231.1242,0.1415,0.0953,2.4558,35.4408,232.7684,0.1524,0.074
2016-02-03T00:11:59.178Z,2.4504,48.7501,231.8509,0.2101,0.0493,3.5779,31.5847,232.1756,0.136,0.117,1.8859,33.8323,234.237,0.1443,0.067
2016-02-03T00:12:59.470Z,2.1015,51.1035,232.3414,0.2199,0.0412,3.3848,32.7892,232.524,0.1408,0.1098,1.7098,33.293,233.7397,0.1427,0.0562
2016-02-03T00:13:59.725Z,2.3946,50.8124,231.7588,0.2195,0.0463,2.9166,33.5586,232.8815,0.1438,0.0912,2.3945,34.8267,233.9164,0.1488,0.0699
2016-02-03T00:14:59.038Z,2.0624,51.1098,232.3842,0.2196,0.0383,2.9124,34.144,232.8263,0.147,0.0908,2.2229,33.7781,233.2927,0.1449,0.071
2016-02-03T00:15:59.613Z,2.2246,49.6216,232.4716,0.2136,0.0462,3.5077,33.7015,233.0167,0.1447,0.1046,1.9971,36.1292,233.3068,0.1551,0.0581
2016-02-03T00:16:59.985Z,2.3337,51.0778,233.1495,0.2186,0.0471,3.2973,35.5418,232.3433,0.153,0.0949,1.9355,35.4596,232.76,0.152,0.058
2016-02-03T00:17:59.158Z,2.1092,49.9722,232.1708,0.2147,0.0412,2.8883,31.8773,231.7713,0.1376,0.0938,2.736,34.8324,232.1062,0.1501,0.0797
2016-02-03T00:18:59.351Z,1.8827,49.8787,231.5329,0.2153,0.0389,3.6796,33.5193,231.6429,0.1448,0.1116,2.1187,35.1848,231.743,0.1522,0.0626
2016-02-03T00:19:59.556Z,1.9336,49.724,231.3079,0.2152,0.0388,3.3395,33.0197,231.0079,0.1429,0.1031,2.6543,35.398,232.3225,0.1518,0.0749
2016-02-03T00:20:59.690Z,2.7966,49.1402,231.5916,0.2125,0.0571,3.2356,33.1957,231.0785,0.1438,0.1007,2.6558,36.4643,232.5093,0.1566,0.0721
2016-02-03T00:21:59.045Z,2.3602,50.7011,232.7978,0.2173,0.0463,3.0838,34.5534,232.3677,0.1487,0.0942,1.9912,33.248,232.8044,0.1428,0.0649
2016-02-03T00:22:59.378Z,1.8105,50.5443,232.3851,0.2176,0.0342,2.904,34.3672,231.7693,0.1485,0.0922,1.8568,35.6038,232.5878,0.1529,0.0605
2016-02-03T00:23:59.575Z,1.7451,49.6557,232.1376,0.2141,0.0336,3.0796,32.2429,231.8863,0.139,0.1058,2.5731,34.4655,232.4332,0.1479,0.0701
2016-02-03T00:24:59.045Z,2.4312,50.118,232.4523,0.2158,0.0474,3.7999,35.28,232.1189,0.1522,0.1096,1.8427,35.1272,233.1287,0.1509,0.0589
2016-02-03T00:25:59.396Z,2.8101,49.9637,231.8849,0.2157,0.0569,2.754,34.7013,232.0611,0.1495,0.0882,2.0913,34.7085,233.1351,0.149,0.0634
2016-02-03T00:26:59.629Z,2.309,48.4456,231.3108,0.2098,0.049,3.2309,32.6822,232.6282,0.1407,0.0986,2.0975,36.1405,233.1556,0.1549,0.0619
2016-02-03T00:27:59.998Z,1.9833,50.4617,230.8101,0.2191,0.0403,3.0479,36.2851,232.0566,0.156,0.0886,2.0353,35.7747,232.755,0.1538,0.0651
2016-02-03T00:28:59.283Z,2.0464,49.8943,230.5791,0.2166,0.042,3.7776,34.9083,232.4629,0.1502,0.113,2.0412,34.5488,232.6198,0.1489,0.0623
2016-02-03T00:29:59.595Z,2.1842,49.9908,231.5389,0.2154,0.0436,3.3605,33.7626,232.1684,0.1452,0.1103,1.8767,33.5938,232.6845,0.1443,0.0616
2016-02-03T00:30:59.962Z,2.5373,49.728,231.4812,0.2148,0.0507,3.2691,36.0763,233.6515,0.1543,0.0988,2.2687,36.3966,233.0471,0.1563,0.0646
2016-02-03T00:31:59.297Z,2.5149,50.031,231.2246,0.2164,0.0494,3.302,35.423,234.489,0.1509,0.1024,2.2658,36.6987,234.2956,0.1569,0.064
2016-02-03T00:32:59.630Z,2.2001,50.5526,231.0944,0.2189,0.0418,3.2297,35.5498,234.4653,0.1516,0.0971,2.2265,34.8621,234.9922,0.1484,0.067
2016-02-03T00:33:59.860Z,2.5901,49.4455,229.9637,0.2148,0.0541,2.5529,34.8481,234.6942,0.1484,0.0798,2.3448,35.7546,234.453,0.1526,0.072
2016-02-03T00:34:59.291Z,2.7214,49.3796,230.2681,0.2144,0.0557,3.2077,34.1656,234.308,0.1459,0.1076,1.5092,36.4937,234.2722,0.1558,0.0487
2016-02-03T00:35:59.533Z,2.2285,49.5527,230.515,0.2147,0.0458,3.4795,34.7732,234.6049,0.1482,0.104,2.1068,35.6184,234.0552,0.1524,0.0595
2016-02-03T00:36:59.793Z,1.5786,50.1852,230.6285,0.2175,0.0316,3.4657,35.3585,234.2725,0.1511,0.1064,2.8423,36.0365,233.9307,0.1536,0.0765
2016-02-03T00:37:59.046Z,2.1197,49.55,230.9178,0.2146,0.0434,3.2254,33.722,234.208,0.144,0.0966,2.4804,35.3339,233.6642,0.1512,0.0711
2016-02-03T00:38:59.352Z,1.8398,50.2409,230.6667,0.2176,0.0371,3.0021,34.5816,233.5066,0.1486,0.0938,2.0979,35.6008,233.4866,0.1525,0.0677
2016-02-03T00:39:59.589Z,2.7309,49.2686,230.4019,0.2136,0.0552,3.3163,34.0775,232.9755,0.1464,0.1076,1.4245,36.8525,233.9501,0.1577,0.0443
2016-02-03T00:40:59.834Z,1.6552,50.2816,230.9092,0.2178,0.0311,3.4395,33.8029,233.6458,0.1448,0.1064,2.1899,34.6208,234.0785,0.1476,0.0672
2016-02-03T00:41:59.077Z,2.027,50.0179,231.2363,0.2163,0.0413,3.5544,35.3797,233.9087,0.1509,0.1042,2.333,36.1597,233.918,0.1553,0.0711
2016-02-03T00:42:59.324Z,1.8875,49.9855,232.7179,0.215,0.0377,3.3866,33.3029,233.688,0.1425,0.1052,2.2128,35.1763,234.0183,0.1507,0.0636
2016-02-03T00:43:59.718Z,2.8101,50.4667,232.6722,0.2164,0.0547,3.4144,35.0377,233.8046,0.1498,0.1029,2.3771,34.4707,234.2296,0.1476,0.074
2016-02-03T00:44:59.101Z,2.9017,49.9392,233.3779,0.2141,0.0567,3.1437,32.9124,234.2277,0.1402,0.0963,1.6318,35.5722,234.3104,0.1514,0.0544
2016-02-03T00:45:59.324Z,2.2901,50.101,232.6713,0.2154,0.0459,3.1988,32.8232,233.9386,0.14,0.0996,2.2455,34.7076,233.7718,0.1484,0.0637
2016-02-03T00:46:59.610Z,2.0196,49.6462,232.286,0.2131,0.0409,3.4715,33.7123,233.5427,0.1443,0.1093,1.9471,35.8907,233.9301,0.1536,0.0609
2016-02-03T00:47:59.935Z,2.3102,50.3721,231.9001,0.2172,0.0464,3.713,35.4348,233.0384,0.1517,0.1049,1.9054,35.6025,233.5849,0.1527,0.0564
2016-02-03T00:48:59.442Z,2.4502,49.6569,231.0056,0.2158,0.0489,3.4436,34.9827,232.759,0.15,0.1004,2.3606,34.9649,232.102,0.151,0.0731
2016-02-03T00:49:59.631Z,2.3571,50.3689,231.2829,0.2178,0.0475,3.4726,34.5145,231.9564,0.1489,0.107,2.1729,34.884,231.1929,0.1508,0.0649
2016-02-03T00:50:59.906Z,2.2777,50.1533,231.7335,0.2165,0.0452,3.0897,33.4155,231.3973,0.1443,0.0948,2.3018,35.5438,231.6902,0.1537,0.073
2016-02-03T00:51:59.159Z,2.3173,49.4369,232.0391,0.2129,0.0468,2.661,33.343,229.4453,0.145,0.0911,1.9897,35.152,232.6344,0.151,0.062
2016-02-03T00:52:59.464Z,2.5173,50.5011,231.7263,0.2178,0.0491,3.2353,35.2509,231.9164,0.1521,0.0941,2.6115,33.6872,231.5666,0.1451,0.0771
2016-02-03T00:53:59.888Z,2.3779,50.3374,232.3456,0.2167,0.0482,3.4685,33.6366,232.2279,0.1445,0.1078,2.208,33.4422,232.1297,0.1442,0.0708
2016-02-03T00:54:59.111Z,2.2549,49.6617,232.538,0.2139,0.0456,3.3489,33.4398,232.7372,0.1442,0.1058,1.8994,34.32,232.2674,0.1479,0.0609
2016-02-03T00:55:59.579Z,2.0276,50.4291,233.0617,0.2164,0.04,3.4982,35.4391,232.6624,0.1522,0.1015,2.4833,35.4435,231.0547,0.1533,0.0776
2016-02-03T00:56:59.891Z,1.9192,50.9188,232.5436,0.2192,0.0375,3.0012,34.5579,232.564,0.1488,0.0922,1.6718,33.7187,231.1166,0.1454,0.0535
2016-02-03T00:57:59.204Z,2.921,50.3577,233.135,0.2163,0.0581,3.5214,34.2806,232.318,0.1478,0.1078,1.8102,34.9346,231.2534,0.1518,0.0598
2016-02-03T00:58:59.498Z,1.8064,50.4464,232.6292,0.2163,0.036,3.2347,35.2956,231.4109,0.1523,0.0944,1.8093,34.7644,230.6645,0.1508,0.0579
2016-02-03T00:59:59.913Z,2.0048,49.8565,231.9592,0.2152,0.0397,2.978,34.677,231.5786,0.1491,0.094,1.8684,34.0354,229.6854,0.1482,0.062
