2016-04-02T00:00:59.427Z,4.6324,69.6871,231.0441,0.302,0.0674,2.9563,64.017,232.3724,0.2754,0.0481,1.8155,62.5314,233.2248,0.2679,0.0313
2016-04-02T00:01:59.710Z,4.8533,72.172,231.1016,0.3125,0.068,2.5542,62.71,232.4581,0.2699,0.0396,1.8279,64.2057,233.2382,0.2755,0.0297
2016-04-02T00:02:59.476Z,3.859,72.1478,230.9223,0.3125,0.0537,2.4789,63.7037,232.2571,0.274,0.0401,1.1787,62.1442,232.9373,0.267,0.0197
2016-04-02T00:03:59.781Z,4.0259,70.631,230.5731,0.3063,0.0585,3.3637,61.9434,231.8811,0.2671,0.0559,2.1774,65.4081,232.5234,0.2818,0.0345
2016-04-02T00:04:59.372Z,3.3982,71.1878,231.8881,0.3064,0.0489,2.9178,61.8906,231.6496,0.2674,0.0476,2.4743,66,232.7523,0.2839,0.0369
2016-04-02T00:05:59.598Z,4.5391,72.7453,231.8008,0.314,0.0637,3.161,64.3179,231.6309,0.2773,0.0509,1.9173,63.423,232.8265,0.2723,0.0311
2016-04-02T00:06:59.162Z,4.7792,73,232.0954,0.3139,0.0664,3.2487,63.8693,231.7599,0.2756,0.0511,2.0593,64.2367,233.0902,0.2752,0.0314
2016-04-02T00:07:59.482Z,4.3514,73.1674,231.9679,0.3159,0.0596,2.6209,63.2172,231.7549,0.2726,0.04,2.154,63.7783,232.5048,0.2741,0.0329
2016-04-02T00:08:59.844Z,3.8942,71.0529,232.6827,0.3059,0.0557,2.7673,63.1743,232.5799,0.2716,0.0436,2.4781,61.6731,232.6119,0.2657,0.0405
2016-04-02T00:09:59.552Z,4.787,70.6376,233.4616,0.3025,0.0691,2.6153,63.5055,233.5526,0.2714,0.0397,2.1544,63.3579,233.2249,0.2722,0.0337
2016-04-02T00:10:59.844Z,5.068,73.3744,233.501,0.3142,0.0702,3.1441,63.3686,233.7326,0.2711,0.0525,2.1248,64.2904,233.4896,0.2754,0.034
2016-04-02T00:11:59.165Z,5.0136,72.3871,233.138,0.3109,0.0711,2.3339,63.9341,233.3306,0.2744,0.037,2.4996,63.858,232.7171,0.2748,0.0398
2016-04-02T00:13:59.479Z,4.7006,73.2641,233.0089,0.3146,0.0649,2.9749,64.369,232.6585,0.2766,0.0458,1.8018,64.4269,233.0607,0.2764,0.0287
2016-04-02T00:14:59.698Z,5.2768,71.512,233.2358,0.3064,0.0753,2.6178,63.0269,229.7837,0.2745,0.044,2.423,64.3166,234.699,0.2735,0.0395
2016-04-02T00:15:59.957Z,4.8959,73.0177,233.1154,0.3134,0.068,2.8207,61.9817,230.9625,0.2678,0.0475,2.3193,64.9183,233.9971,0.2777,0.0383
2016-04-02T00:16:59.245Z,4.6796,72.5983,233.0564,0.3109,0.0663,2.6588,65.3957,233.3546,0.2806,0.0401,2.8779,62.8024,233.7653,0.2683,0.0454
2016-04-02T00:17:59.493Z,4.9203,73.3004,233.1592,0.3142,0.0682,2.5214,64.211,233.3403,0.2754,0.0383,1.9991,64.9099,233.6542,0.2777,0.031
2016-04-02T00:18:59.826Z,5.3182,72.9868,233.2433,0.313,0.0734,2.9604,64.8052,233.38,0.2774,0.0448,2.3324,65.1659,233.8503,0.2786,0.0365
2016-04-02T00:19:59.119Z,4.5684,70.9363,232.8612,0.3046,0.0653,2.6091,63.7969,233.6371,0.2729,0.0437,2.4321,63.8133,234.0839,0.2723,0.0379
2016-04-02T00:20:59.426Z,3.4524,73.4347,233.2225,0.3142,0.0469,2.8313,64.762,233.5918,0.2778,0.0438,1.904,64.098,234.3175,0.2734,0.031
2016-04-02T00:21:59.977Z,4.2052,73.7197,233.4966,0.3155,0.0576,3.6433,63.774,233.7114,0.2723,0.0571,1.8261,62.7112,234.4292,0.2673,0.0295
2016-04-02T00:22:59.600Z,5.1812,72.9139,233.3108,0.3121,0.0721,2.8601,64.224,233.5973,0.2748,0.0444,2.0439,62.0567,233.9823,0.2654,0.0328
2016-04-02T00:23:59.825Z,5.0451,71.7668,233.7453,0.307,0.0713,3.0201,62.798,233.6684,0.269,0.0479,2.0134,63.3797,233.0177,0.2718,0.0309
2016-04-02T00:24:59.437Z,4.5602,72.1428,234.1466,0.3074,0.0633,2.6056,63.4581,233.8954,0.2716,0.0407,2.3562,66.6529,233.594,0.285,0.0359
2016-04-02T00:25:59.812Z,5.2912,72.6334,233.9541,0.3098,0.0737,2.6096,64.7954,234.1403,0.2759,0.0407,3.142,64.8318,234.4742,0.2769,0.0495
2016-04-02T00:26:59.095Z,4.8921,73.0824,233.6297,0.3131,0.0661,3.0007,64.4276,233.8111,0.2756,0.0473,2.2729,64.4686,234.577,0.275,0.0361
2016-04-02T00:27:59.314Z,4.8523,72.7114,233.9964,0.3108,0.0678,2.4607,64.5803,234.0015,0.2762,0.0391,1.7788,64.4696,234.6252,0.274,0.0282
2016-04-02T00:28:59.659Z,3.8519,73.0501,234.0023,0.3121,0.0527,2.9877,64.1698,233.756,0.2746,0.0479,2.3791,63.9063,234.5642,0.2727,0.0364
2016-04-02T00:29:59.947Z,4.182,71.6415,233.9155,0.3066,0.0593,2.5755,63.6668,234.3862,0.2714,0.0415,2.274,63.5118,234.18,0.2714,0.0384
2016-04-02T00:30:59.298Z,5.0059,73.8869,234.216,0.3152,0.068,3.1131,64.3557,234.6032,0.2739,0.0496,2.3359,65.234,234.4913,0.2781,0.0357
2016-04-02T00:31:59.675Z,5.0922,73.1766,233.2426,0.314,0.0713,2.5597,64.2975,233.5173,0.276,0.0386,2.0612,64.431,232.9918,0.277,0.033
2016-04-02T00:32:59.071Z,4.7086,72.6671,233.2724,0.3116,0.0683,2.7578,65.4029,233.5654,0.2796,0.0451,2.3309,63.9268,233.299,0.2736,0.0374
2016-04-02T00:34:59.520Z,4.1348,72.765,232.8099,0.3123,0.0582,3.1769,64.5843,233.153,0.2772,0.0508,2.5654,62.7763,232.9443,0.2695,0.0411
2016-04-02T00:35:59.866Z,4.9816,73.117,232.5454,0.3142,0.0688,2.819,66.4065,233.1221,0.2846,0.0442,1.7605,64.3253,233.0626,0.276,0.0267
2016-04-02T00:36:59.152Z,5.3111,71.915,232.9026,0.3086,0.074,2.4279,64.0593,233.2768,0.2746,0.0373,1.9302,62.0343,233.3259,0.2659,0.0313
2016-04-02T00:37:59.607Z,4.9049,72,232.9485,0.3086,0.0704,2.8243,65.4335,233.5027,0.2801,0.0428,2.1274,65.1334,233.5637,0.2785,0.0323
2016-04-02T00:38:59.909Z,4.1676,72.384,233.0527,0.3102,0.0591,3.1158,65.6246,233.5509,0.281,0.0469,2.0575,63.9392,233.6373,0.2734,0.0316
2016-04-02T00:39:59.279Z,4.059,70.9461,233.0506,0.3043,0.0582,2.4094,62.3484,233.7339,0.2663,0.0397,2.7671,66.3527,234.1758,0.2836,0.0416
2016-04-02T00:40:59.605Z,4.8224,73.4812,233.1439,0.3152,0.0667,2.6614,64.8309,233.6324,0.2775,0.041,2.4793,66.1325,234.1949,0.2827,0.0363
2016-04-02T00:41:59.867Z,5.0263,73.168,233.0792,0.3138,0.0692,2.5963,65.3241,233.4393,0.28,0.0401,2.4805,65.7827,233.8081,0.2816,0.036
2016-04-02T00:42:59.338Z,5.0354,73.4529,233.674,0.3146,0.0687,3.1259,64.4251,234.0578,0.2753,0.0499,2.1976,63.2767,234.3508,0.2694,0.0342
2016-04-02T00:43:59.849Z,5.1838,73.4945,233.2222,0.3154,0.0712,3.0655,64.3379,233.5686,0.2753,0.0495,2.1571,63.8868,233.9455,0.2729,0.0343
2016-04-02T00:44:59.137Z,5.211,71.6135,233.2317,0.307,0.0745,2.9966,62.6969,233.4047,0.2689,0.0488,2.949,63.8365,233.9437,0.2733,0.0485
2016-04-02T00:45:59.625Z,4.952,71.9979,233.798,0.3077,0.0705,3.2204,64.7395,233.8179,0.2765,0.0496,1.6965,64.4163,234.4324,0.2748,0.026
2016-04-02T00:46:59.272Z,4.133,74.1318,233.8112,0.3171,0.0542,2.6736,64.2061,233.3499,0.2752,0.0429,2.7658,64.6264,234.1184,0.276,0.0439
2016-04-02T00:47:59.530Z,3.631,73.5074,233.7179,0.3141,0.0496,2.493,65.4078,232.901,0.2811,0.0377,2.3016,64.0066,233.2229,0.2743,0.0366
2016-04-02T00:48:59.997Z,4.0891,73.1765,234.2318,0.3123,0.0576,3.4692,64.126,232.7014,0.2753,0.0537,2.2477,62.5241,233.1556,0.2686,0.0388
2016-04-02T00:49:59.284Z,5.4233,73.0417,235.0226,0.3106,0.0766,3.2553,63.5551,233.5292,0.2721,0.0506,1.872,63.7036,234.4276,0.272,0.0314
2016-04-02T00:50:59.654Z,4.74,73.5539,234.8838,0.313,0.0661,2.77,64.4747,233.7198,0.2755,0.0415,2.822,63.9966,234.7104,0.2724,0.0438
2016-04-02T00:51:59.136Z,4.3289,73.2461,233.5711,0.3136,0.0593,2.6728,64.2673,232.8203,0.2759,0.0402,2.121,64.6716,234.0172,0.2754,0.0338
2016-04-02T00:52:59.389Z,3.9555,71.7569,232.8046,0.3081,0.0562,2.8619,64.8307,232.6482,0.2786,0.0437,2.4855,65.9577,233.4892,0.2824,0.0382
2016-04-02T00:53:59.028Z,4.9009,71.5392,232.7616,0.3074,0.0707,2.5772,64.2147,232.7416,0.2758,0.0401,1.6429,62.5951,233.1522,0.2686,0.0277
2016-04-02T00:54:59.448Z,4.9687,72.8441,233.4313,0.3126,0.0698,3.047,65.683,232.2524,0.283,0.0471,1.9484,63.8415,232.4215,0.2747,0.0302
2016-04-02T00:55:59.163Z,5.2294,72.6016,233.0848,0.3114,0.0724,2.7001,63.8033,231.8917,0.2751,0.0409,2.4517,64.5909,231.7437,0.2783,0.0371
2016-04-02T00:56:59.276Z,4.0422,74.11,233.5916,0.3174,0.0554,2.7855,65.7034,232.5134,0.2826,0.0418,1.7557,62.3055,232.1154,0.2685,0.028
2016-04-02T00:57:59.559Z,4.8066,72.8082,233.4613,0.3124,0.0683,2.8686,63.8751,232.2297,0.2753,0.0442,2.5414,64.4737,232.068,0.2783,0.0411
2016-04-02T00:58:59.006Z,4.9922,71.9504,233.3712,0.3084,0.0714,2.9029,63.3894,232.4034,0.2729,0.0478,2.1497,62.2371,232.129,0.268,0.0374
2016-04-02T00:59:59.311Z,4.6407,73.4176,233.3441,0.3144,0.0633,2.8026,63.8263,232.5703,0.2745,0.0445,2.0674,63.7532,232.4505,0.2741,0.0335
