2016-02-09T00:00:59.435Z,1.2992,43.4222,230.5153,0.1887,0.0293,2.7239,23.7882,230.4116,0.1035,0.1278,3.082,25.6553,231.4585,0.111,0.1488
2016-02-09T00:01:59.877Z,1.2873,43.776,231.6323,0.1893,0.0305,1.8092,23.6143,227.7662,0.104,0.0981,2.6507,24.869,232.6571,0.1066,0.1335
2016-02-09T00:02:59.750Z,1.2827,43.8202,230.9153,0.1901,0.0301,1.8516,21.2574,229.6997,0.0925,0.1135,2.8319,24.3746,232.2095,0.1049,0.1432
2016-02-09T00:03:59.993Z,0.9203,43.3377,230.5345,0.188,0.0225,1.9976,21.3814,230.8412,0.0923,0.1243,2.859,24.3378,231.4482,0.1053,0.1432
2016-02-09T00:04:59.294Z,0.9152,43.9519,230.6118,0.1906,0.0228,2.4018,23.4094,230.5617,0.1013,0.125,2.9347,24.7911,231.3961,0.1071,0.148
2016-02-09T00:05:59.397Z,1.7285,42.87,230.8101,0.1858,0.0421,2.28,19.6623,230.8295,0.0847,0.1351,2.5938,23.8768,231.8245,0.1032,0.1349
2016-02-09T00:06:59.997Z,2.434,43.3021,230.6398,0.1882,0.0574,2.2372,22.8803,230.0132,0.0991,0.1201,2.8903,23.7395,231.4975,0.1022,0.1438
2016-02-09T00:07:59.307Z,0.9354,43.2568,230.1192,0.1879,0.0219,2.2288,22.9512,229.2838,0.0998,0.1157,2.5604,24.6446,230.4096,0.1062,0.1353
2016-02-09T00:08:59.673Z,0.7233,43.3779,229.4788,0.1896,0.0187,2.1416,20.6703,229.2923,0.0901,0.1212,2.5613,24.3452,229.3585,0.1063,0.1385
2016-02-09T00:09:59.405Z,1.2949,42.3685,228.923,0.1847,0.0293,1.7912,19.8466,229.5285,0.0866,0.1214,2.7385,25.3255,229.5427,0.1107,0.1395
2016-02-09T00:10:59.987Z,2.3793,42.2984,228.6462,0.1854,0.0562,2.0429,21.4501,229.6687,0.0933,0.1214,3.1541,24.1904,231.0616,0.1046,0.1505
2016-02-09T00:11:59.521Z,2.0489,41.9169,229.0115,0.1829,0.0492,2.4052,25.0133,229.7416,0.1082,0.1147,3.0115,26.3547,231.3363,0.1134,0.1399
2016-02-09T00:12:59.810Z,1.284,43.0995,229.8495,0.1875,0.0288,1.919,19.0879,229.4721,0.0835,0.1265,2.9075,25.9777,231.4479,0.1122,0.1444
2016-02-09T00:13:59.132Z,1.1001,43.2536,229.403,0.1883,0.0276,2.0939,21.7403,229.5408,0.0949,0.1152,3.2924,24.0871,231.0068,0.1042,0.1607
2016-02-09T00:14:59.773Z,1.1976,43.1808,230.3115,0.1875,0.0296,2.3122,20.1438,229.8659,0.0877,0.1298,2.9134,23.8499,231.4446,0.103,0.1515
2016-02-09T00:15:59.198Z,1.7833,44.0223,230.6522,0.1911,0.0428,2.3413,22.0669,229.9237,0.0959,0.1257,3.0103,22.5308,231.6516,0.0972,0.157
2016-02-09T00:16:59.365Z,1.0464,43.8869,230.9636,0.1899,0.0243,2.4557,20.3702,229.9162,0.0892,0.1277,3.1756,23.5934,231.4722,0.102,0.1632
2016-02-09T00:17:59.737Z,1.1273,43.3978,230.7067,0.1885,0.0275,2.08,20.6309,229.2974,0.0896,0.1273,3.6072,25.9403,231.0027,0.1126,0.1559
2016-02-09T00:18:59.189Z,1.184,43.5552,230.2058,0.1891,0.0283,2.2399,19.9284,229.5582,0.087,0.128,3.0609,23.8991,230.8968,0.1031,0.1503
2016-02-09T00:19:59.811Z,2.5472,42.0779,230.4683,0.1834,0.0601,2.1977,20.8786,230.2947,0.0904,0.1273,2.8624,27.103,230.9208,0.1177,0.138
2016-02-09T00:20:59.165Z,1.8704,43.4667,230.9048,0.1886,0.046,2.1109,21.9663,230.3244,0.0953,0.1231,3.0787,23.4566,231.9681,0.1016,0.1514
2016-02-09T00:21:59.388Z,1.1115,43.7679,230.8846,0.19,0.0252,1.9398,23.3823,230.0785,0.1013,0.106,2.844,23.9011,231.9004,0.1032,0.1473
2016-02-09T00:22:59.676Z,1.0362,43.2298,231.54,0.1868,0.0253,2.1862,21.774,230.3798,0.0944,0.1225,2.8227,26.1814,231.662,0.113,0.1397
2016-02-09T00:23:59.971Z,1.5389,43.883,231.4609,0.1891,0.0368,2.2329,21.5532,230.435,0.0939,0.125,3.2083,22.8643,231.4915,0.0984,0.1611
2016-02-09T00:24:59.451Z,2.5054,43.1873,232.1067,0.1859,0.0586,2.3301,21.1221,230.9236,0.0914,0.128,3.3351,25.4539,232.0123,0.11,0.153
2016-02-09T00:25:59.979Z,1.7527,44.1031,231.5051,0.1909,0.0416,2.5343,20.3676,231.1165,0.088,0.1414,2.9741,23.6,231.8741,0.1014,0.1454
2016-02-09T00:26:59.276Z,1.1483,43.585,231.2004,0.1881,0.0262,2.3477,21.7166,231.3834,0.0936,0.1304,3.0088,25.3993,232.368,0.1092,0.1447
2016-02-09T00:27:59.561Z,1.0123,43.2114,230.8774,0.1873,0.0241,1.9286,21.6576,230.7229,0.0941,0.1191,3.138,25.5762,231.9224,0.1102,0.1457
2016-02-09T00:28:59.890Z,1.4734,42.938,230.3727,0.186,0.0341,2.2469,21.2205,230.307,0.0922,0.1295,3.0107,25.2609,231.4482,0.1089,0.1448
2016-02-09T00:29:59.708Z,1.5638,43.1591,230.4745,0.1868,0.036,2.0377,17.9652,229.94,0.0779,0.1433,3.0832,22.5886,230.8721,0.0979,0.153
2016-02-09T00:30:59.214Z,1.114,43.3451,230.5968,0.1879,0.0256,2.3488,20.6699,231.0528,0.0887,0.1302,2.9226,26.0174,231.3012,0.1122,0.139
2016-02-09T00:31:59.360Z,0.8429,43.2553,230.3082,0.1887,0.0208,1.8797,20.6385,231.2698,0.0892,0.1141,2.9962,25.9488,231.2324,0.1119,0.1405
2016-02-09T00:32:59.785Z,1.0389,43.8476,230.8095,0.1896,0.0262,2.0673,21.9693,230.9188,0.0947,0.1132,2.8186,24.6284,230.8979,0.1062,0.1414
2016-02-09T00:33:59.288Z,2.3734,42.8231,230.9329,0.1856,0.0542,2.228,18.7584,231.0264,0.081,0.1391,3.1847,25.8497,230.5226,0.1124,0.1461
2016-02-09T00:34:59.774Z,1.6443,42.6918,231.1443,0.1844,0.0413,2.2554,19.5034,231.0663,0.0845,0.1385,2.3963,24.4648,230.4355,0.1064,0.1223
2016-02-09T00:35:59.137Z,0.9087,44.0059,231.2218,0.1903,0.0221,2.226,21.6213,231.0041,0.0933,0.1273,2.8501,23.1347,230.773,0.1002,0.1481
2016-02-09T00:36:59.607Z,0.7782,44.5553,231.5698,0.1926,0.0191,2.228,21.2352,231.0211,0.0917,0.1325,3.1746,22.7068,230.8341,0.0989,0.1597
2016-02-09T00:37:59.807Z,1.4124,43.3387,231.5185,0.1873,0.0333,2.2527,21.7314,230.4162,0.0944,0.1225,2.7656,24.7981,229.9774,0.1077,0.139
2016-02-09T00:38:59.090Z,1.633,43.4969,231.2769,0.188,0.0397,2.236,21.2737,229.3651,0.0928,0.1257,3.1582,21.9716,229.6407,0.0957,0.1641
2016-02-09T00:39:59.874Z,1.9161,41.8615,231.003,0.1812,0.0475,2.0563,18.9939,229.0997,0.0827,0.1358,3.1343,27.4285,229.5048,0.1195,0.1312
2016-02-09T00:40:59.334Z,1.3133,43.6243,230.7639,0.1893,0.032,2.5231,21.1648,230.3661,0.092,0.1343,2.8837,25.049,230.1383,0.1091,0.1389
2016-02-09T00:41:59.587Z,0.9514,43.4457,230.3491,0.1885,0.0226,2.2078,21.3663,230.5801,0.0926,0.1197,2.6809,24.5415,231.2035,0.106,0.1445
2016-02-09T00:42:59.019Z,1.5582,43.3981,230.2569,0.1889,0.0352,2.3558,20.8798,230.5788,0.0904,0.1356,2.8546,24.3254,231.6262,0.1049,0.1409
2016-02-09T00:43:59.281Z,2.311,42.1921,231.1139,0.1821,0.0553,2.1236,22.9165,230.9629,0.0987,0.117,2.99,25.5503,231.6447,0.1102,0.1395
2016-02-09T00:44:59.036Z,1.7273,43.3396,231.3197,0.1877,0.0411,2.4231,23.656,231.1188,0.102,0.1254,3.2297,23.8824,231.5033,0.1033,0.1574
2016-02-09T00:45:59.562Z,1.194,43.4598,231.8408,0.1876,0.0276,1.8622,18.2239,228.4757,0.0801,0.1197,2.4666,24.9052,232.2667,0.1077,0.1329
2016-02-09T00:46:59.832Z,1.1371,42.6818,230.2296,0.1851,0.0262,2.2003,20.4684,229.823,0.0885,0.127,2.606,26.0287,232.0157,0.1116,0.1276
2016-02-09T00:47:59.229Z,1.4601,43.5756,229.1413,0.1897,0.0342,2.0692,21.8307,231.1623,0.0944,0.1181,3.154,24.1663,231.6558,0.1038,0.155
2016-02-09T00:48:59.504Z,2.0123,42.6071,228.4357,0.1862,0.0479,2.5037,21.1716,230.2346,0.0917,0.138,2.7212,24.9727,231.2899,0.108,0.1372
2016-02-09T00:49:59.726Z,1.5524,41.2476,228.388,0.1804,0.0384,1.979,16.9707,230.3763,0.0738,0.1427,3.1126,28.1363,232.9509,0.1203,0.1286
2016-02-09T00:50:59.178Z,1.2883,43.5726,228.8016,0.1906,0.0308,2.4289,20.0551,230.9916,0.0863,0.1356,2.9272,24.5251,232.9262,0.1057,0.1448
2016-02-09T00:51:59.432Z,1.3358,42.9145,228.5626,0.1875,0.0308,1.7758,21.1491,231.1809,0.0918,0.1188,2.8858,23.7564,232.9735,0.1022,0.1455
2016-02-09T00:52:59.771Z,2.0167,42.3584,228.8686,0.185,0.0475,2.2435,20.4851,230.7778,0.0892,0.1398,3.1975,26.1598,232.8555,0.112,0.1497
2016-02-09T00:53:59.384Z,2.2561,42.7899,230.8364,0.1857,0.0543,2.2421,21.3191,231.1717,0.0924,0.1358,2.8171,25.9696,233.0997,0.1118,0.1387
2016-02-09T00:54:59.375Z,1.5697,43.7582,231.1229,0.1896,0.038,2.3293,22.8779,231.1467,0.099,0.118,3.1956,22.4897,232.5693,0.0963,0.1651
2016-02-09T00:55:59.803Z,0.7198,43.7759,231.9799,0.1886,0.0184,1.8957,21.3335,231.1443,0.092,0.1233,2.9951,25.7372,230.316,0.1114,0.1452
2016-02-09T00:56:59.989Z,1.2151,43.2974,231.5907,0.1868,0.0285,2.3502,19.1898,231.2989,0.0825,0.1359,3.3281,25.0434,233.1331,0.1068,0.1603
2016-02-09T00:57:59.548Z,1.686,42.9708,231.5693,0.1856,0.0396,2.5514,23.7253,231.2778,0.1024,0.1326,3.0267,26.3801,232.6774,0.1132,0.1387
2016-02-09T00:58:59.128Z,2.072,42.6954,231.5838,0.1848,0.049,2.0199,20.0274,230.5509,0.0864,0.1327,2.8789,25.9083,232.1121,0.1114,0.14
2016-02-09T00:59:59.824Z,1.6832,43.1996,231.936,0.1862,0.0418,2.6273,22.9615,231.2688,0.0992,0.1276,3.1412,25.4987,232.5761,0.1099,0.1455
2016-02-09T01:00:59.270Z,0.9429,44.995,231.9926,0.1941,0.0224,2.475,22.4421,231.3626,0.0972,0.1179,2.9587,24.0329,232.591,0.1033,0.1448
2016-02-09T01:01:59.982Z,1.1292,43.3465,232.1978,0.187,0.0247,2.1578,20.5652,231.3123,0.0888,0.1299,3.0104,24.1247,232.644,0.1035,0.1563
2016-02-09T01:02:59.517Z,1.4188,43.0403,232.1307,0.1851,0.0336,2.3561,19.1128,231.2778,0.0824,0.1423,3.1282,24.2521,232.6537,0.1037,0.1492
2016-02-09T01:03:59.802Z,2.5353,43.2492,232.218,0.1867,0.0585,2.5511,21.6937,231.079,0.094,0.1362,2.8941,25.5816,232.4329,0.1101,0.1404
2016-02-09T01:04:59.503Z,1.768,43.0303,232.4204,0.1851,0.0411,2.4812,20.9274,231.5037,0.0901,0.1286,3.0841,25.9421,232.6071,0.1114,0.1488
2016-02-09T01:05:59.757Z,1.0222,43.6301,232.1946,0.1874,0.0245,2.4473,22.5585,231.7063,0.0976,0.121,3.227,24.7843,232.3062,0.1066,0.1556
2016-02-09T01:06:59.307Z,1.179,43.7134,232.2546,0.1884,0.0266,2.4492,21.4218,231.5687,0.0923,0.1304,3.2018,25.4397,232.3049,0.11,0.1503
2016-02-09T01:07:59.721Z,0.9191,42.6154,231.9924,0.1836,0.0218,1.9611,17.9952,231.4646,0.0776,0.1342,3.5637,25.6723,232.1036,0.1105,0.1592
2016-02-09T01:08:59.981Z,1.1358,44.1125,230.7714,0.1909,0.0263,2.3682,22.2286,230.0032,0.0964,0.1344,3.5835,24.1633,230.8449,0.1044,0.1712
2016-02-09T01:09:59.328Z,0.8851,43.7183,231.2344,0.189,0.0204,2.1183,21.7382,230.4478,0.0942,0.1266,3.0376,25.2641,231.4961,0.1093,0.151
2016-02-09T01:10:59.296Z,1.4029,42.5353,231.6165,0.1837,0.0357,1.7603,19.5669,231.0596,0.0848,0.1216,2.8602,26.5165,231.9258,0.1145,0.1359
2016-02-09T01:11:59.522Z,1.289,44.0507,231.7859,0.1898,0.03,2.7118,20.0255,231.2501,0.0869,0.1436,3.4827,25.3975,232.0385,0.1089,0.1571
2016-02-09T01:12:59.861Z,1.0234,44.0593,231.6356,0.1901,0.0243,2.2355,20.2787,231.139,0.0877,0.133,2.9745,24.0201,232.1026,0.1038,0.1457
2016-02-09T01:13:59.239Z,1.4142,43.348,231.6873,0.1871,0.0328,1.9023,20.3681,230.8478,0.0879,0.1216,2.797,26.3221,232.2488,0.1133,0.1378
2016-02-09T01:14:59.337Z,1.8724,42.827,231.7969,0.1853,0.0449,2.4119,23.9802,231.2837,0.1034,0.1233,2.658,24.4467,231.872,0.1048,0.142
2016-02-09T01:15:59.640Z,1.1885,43.9053,231.6025,0.1897,0.0275,1.8115,21.0511,231.2757,0.0915,0.1234,3.2534,24.6724,232.04,0.1064,0.1552
2016-02-09T01:16:59.952Z,0.9499,43.6552,232.047,0.1885,0.0223,2.1067,19.5508,231.191,0.0844,0.1301,3.3836,24.8382,232.1837,0.1071,0.1541
2016-02-09T01:17:59.730Z,1.5232,43.0779,231.9733,0.1856,0.036,2.6041,23.4998,231.1452,0.102,0.1325,2.7213,25.693,231.8275,0.1107,0.1354
2016-02-09T01:18:59.165Z,1.6742,43.334,231.7523,0.1866,0.0403,2.2246,22.0381,231.3091,0.095,0.1271,3.1244,24.5292,231.3668,0.1061,0.1503
2016-02-09T01:19:59.579Z,1.143,43.6576,232.4258,0.1876,0.0267,2.1359,22.9519,231.9935,0.0987,0.1287,3.1264,26.2836,232.0401,0.1127,0.1465
2016-02-09T01:20:59.081Z,1.0309,44.1401,232.3903,0.1896,0.0251,2.3236,19.9881,232.2755,0.0864,0.1322,3.1015,24.7692,232.5137,0.1059,0.1516
2016-02-09T01:21:59.848Z,1.3903,43.8449,232.1386,0.1886,0.0343,3.0963,22.8123,232.1905,0.0987,0.1418,3.147,23.6786,232.5235,0.1014,0.1622
2016-02-09T01:22:59.119Z,0.9126,43.5391,232.2443,0.1873,0.0222,2.202,19.8419,232.0468,0.0857,0.126,3.1069,24.3129,232.2576,0.1048,0.1521
2016-02-09T01:23:59.624Z,1.0356,44.0738,232.411,0.1899,0.0232,2.6324,22.3025,231.9649,0.0967,0.137,3.1814,25.0087,231.3084,0.1081,0.1564
2016-02-09T01:24:59.875Z,1.3141,43.7507,232.9103,0.188,0.0312,2.4009,20.6311,232.2274,0.0884,0.1456,2.7709,25.0327,231.7457,0.1077,0.1378
2016-02-09T01:25:59.237Z,2.2135,42.4884,232.8923,0.1831,0.0538,2.1047,17.8722,232.3912,0.0766,0.1424,3.4288,27.0724,231.9978,0.1164,0.1485
2016-02-09T01:26:59.146Z,2.0531,43.7709,233.001,0.1878,0.0478,2.3701,21.6219,232.623,0.0931,0.1297,3.3427,23.1031,232.0726,0.0998,0.1629
2016-02-09T01:27:59.618Z,1.4653,44.2233,233.1453,0.19,0.0339,2.0717,21.6954,232.7607,0.0936,0.121,2.8254,24.7309,232.1361,0.1067,0.1507
2016-02-09T01:28:59.933Z,1.3766,44.0542,232.4729,0.1893,0.031,1.9879,19.659,229.3388,0.0862,0.1159,2.7919,25.2566,231.976,0.1092,0.1386
2016-02-09T01:29:59.625Z,1.332,43.7349,232.3567,0.1885,0.0315,2.1192,23.0797,231.1069,0.1001,0.1079,2.7458,24.5042,231.7244,0.1057,0.1391
2016-02-09T01:30:59.327Z,1.836,43.8117,232.7732,0.1886,0.0428,2.1556,22.4078,232.3101,0.096,0.127,3.2414,23.6199,231.8318,0.102,0.1573
2016-02-09T01:31:59.656Z,0.5068,43.8947,232.3133,0.189,0.0139,2.3974,20.3503,232.1099,0.0883,0.1405,3.1802,22.8882,231.7684,0.0989,0.1621
2016-02-09T01:32:59.511Z,1.0512,43.6576,232.2666,0.1881,0.0246,2.4252,22.4921,231.9454,0.097,0.1231,3.0788,25.1747,231.8247,0.1086,0.1469
2016-02-09T01:33:59.410Z,1.6579,43.8743,231.9885,0.1893,0.0387,2.0093,19.3713,231.2624,0.084,0.1226,3.3762,22.6509,231.6721,0.0976,0.1612
2016-02-09T01:34:59.688Z,1.3646,44.1161,232.1722,0.1893,0.0308,2.3816,20.2146,231.1327,0.0882,0.1439,2.9867,24.0205,231.8304,0.1035,0.1493
2016-02-09T01:35:59.296Z,1.166,43.7912,232.2974,0.1886,0.0261,2.2636,19.4979,230.1684,0.0842,0.1428,3.0516,23.978,232.281,0.1034,0.1503
2016-02-09T01:36:59.061Z,1.3988,44.0384,232.2327,0.19,0.0319,2.3918,21.2084,230.0909,0.0922,0.1233,2.9203,21.4441,232.4594,0.0924,0.1612
2016-02-09T01:37:59.433Z,2.2688,44.5688,232.9603,0.1914,0.0505,2.2015,22.4711,228.6012,0.0983,0.1196,3.3614,21.6529,233.1675,0.0932,0.171
2016-02-09T01:38:59.807Z,0.6312,43.6663,232.1781,0.188,0.0164,2.0985,19.1031,226.4845,0.0842,0.1395,2.8479,24.3742,233.2473,0.1046,0.1376
2016-02-09T01:39:59.119Z,0.6339,43.6309,231.7842,0.1887,0.0164,2.108,19.8402,228.8179,0.0867,0.1379,3.2556,23.6888,232.6373,0.1019,0.1564
2016-02-09T01:40:59.844Z,1.1249,43.6399,232.3979,0.1877,0.026,2.2868,21.2147,231.0493,0.092,0.1296,3.2976,23.8997,232.6716,0.1028,0.1599
2016-02-09T01:41:59.432Z,1.7357,43.2612,232.2882,0.1863,0.0433,2.3522,18.5451,230.5931,0.0807,0.1415,3.2301,23.4193,232.5558,0.1009,0.1593
2016-02-09T01:42:59.601Z,1.2234,44.0674,232.6157,0.1899,0.0286,2.3546,20.2476,230.5934,0.0875,0.1354,3.1122,24.532,233.1422,0.1057,0.1516
2016-02-09T01:43:59.210Z,1.2513,43.6043,232.6379,0.1881,0.0293,2.385,21.9888,230.5529,0.0956,0.1227,3.321,25.3217,233.0116,0.109,0.1613
2016-02-09T01:44:59.462Z,1.5588,43.56,232.6276,0.1864,0.037,2.3551,18.1346,231.0976,0.0785,0.144,3.1824,24.1301,232.9797,0.1033,0.1562
2016-02-09T01:45:59.162Z,1.1414,43.401,232.6513,0.1863,0.0273,2.51,21.5215,231.2633,0.093,0.1342,3.1119,25.7564,233.0812,0.1103,0.1454
2016-02-09T01:46:59.450Z,1.1037,43.7798,232.5369,0.188,0.026,2.1847,20.153,231.2137,0.087,0.1319,3.1098,26.1566,233.0955,0.1123,0.146
2016-02-09T01:47:59.948Z,0.8707,43.794,232.2808,0.1883,0.0217,2.4702,19.7885,230.94,0.0857,0.1384,2.5161,24.7454,232.8354,0.1064,0.1351
2016-02-09T01:48:59.337Z,1.7127,42.5879,232.7046,0.183,0.0421,2.5674,23.3334,230.817,0.1013,0.1224,3.1321,26.3222,232.4684,0.1131,0.1497
2016-02-09T01:49:59.654Z,1.8541,43.7253,232.9785,0.1876,0.043,2.1838,20.6568,231.2329,0.089,0.1251,2.9524,22.9498,232.6114,0.0987,0.1566
2016-02-09T01:50:59.032Z,1.5369,44.0286,232.8783,0.1893,0.0342,2.335,21.2646,231.891,0.092,0.1334,3.2273,23.73,233.0122,0.1019,0.1636
2016-02-09T01:51:59.321Z,1.3588,43.8659,232.5338,0.1887,0.031,2.2941,21.8029,230.8979,0.0939,0.1337,3.2,23.9578,232.4352,0.1026,0.1588
2016-02-09T01:52:59.186Z,1.4331,43.4487,232.7073,0.187,0.0341,2.4306,20.9234,231.8217,0.0899,0.1376,3.1936,26.0179,233.2196,0.1118,0.1461
2016-02-09T01:53:59.452Z,2.3457,44.0266,232.8229,0.1891,0.0541,2.5208,25.3501,231.7375,0.1093,0.1176,2.9407,23.7968,233.2198,0.1021,0.1487
2016-02-09T01:54:59.030Z,2.245,43.235,233.068,0.1857,0.0529,2.417,22.0427,232.093,0.0947,0.1282,3.0757,25.8778,233.5019,0.1107,0.1437
2016-02-09T01:55:59.731Z,1.1146,43.2847,232.6521,0.1862,0.0278,2.2622,21.5412,231.9443,0.0933,0.134,3.036,24.2814,233.3979,0.1039,0.1508
2016-02-09T01:56:59.346Z,0.8492,44.4749,232.7737,0.1908,0.0213,2.3072,22.4024,232.0703,0.0967,0.1254,3.2297,25.2057,233.2062,0.1081,0.1478
2016-02-09T01:57:59.781Z,1.2637,43.8653,232.6529,0.1892,0.029,2.4983,20.6746,232.191,0.0891,0.1393,2.9955,25.5985,233.2513,0.1098,0.1411
2016-02-09T01:58:59.420Z,1.7764,43.59,232.57,0.1874,0.042,2.2436,21.4642,232.2791,0.0923,0.1294,3.2119,25.4209,233.2993,0.1091,0.1497
2016-02-09T01:59:59.716Z,0.9952,43.5568,231.9213,0.1883,0.0242,2.0205,19.2566,232.4634,0.083,0.132,3.0301,24.5292,233.0784,0.105,0.1548
