2016-02-16T00:00:59.106Z,1.79,47.8527,230.2918,0.2078,0.0379,3.2564,36.4143,231.5702,0.1572,0.097,2.3048,35.7241,232.689,0.1537,0.07
2016-02-16T00:01:59.339Z,1.4705,49.9891,230.4012,0.217,0.0304,3.3895,34.6681,231.8396,0.1497,0.0986,2.0602,35.3825,233.3252,0.152,0.0652
2016-02-16T00:02:59.787Z,2.5369,49.8063,232.1709,0.2145,0.0515,3.6852,35.3929,233.2497,0.1519,0.1047,2.7841,34.8811,234.6998,0.1487,0.0834
2016-02-16T00:03:59.069Z,2.5686,49.6487,231.9086,0.2143,0.0517,3.4512,36.9086,233.1739,0.1582,0.0944,2.9466,36.1728,234.6958,0.1543,0.0822
2016-02-16T00:04:59.709Z,2.3143,49.3495,231.3247,0.2132,0.0464,3.3547,36.0515,232.115,0.1553,0.0977,2.8518,36.1853,233.704,0.1549,0.0849
2016-02-16T00:05:59.045Z,2.0797,49.6516,231.5789,0.2144,0.0413,3.2594,33.513,232.1829,0.1448,0.1056,2.9269,34.9782,233.3842,0.1497,0.0829
2016-02-16T00:06:59.397Z,2.0645,50.2643,231.4223,0.2171,0.0403,3.5596,34.5747,232.3567,0.1486,0.1105,2.5368,36.3899,233.0324,0.1559,0.0767
2016-02-16T00:07:59.069Z,2.4428,49.2136,231.9953,0.212,0.0498,3.3252,32.7036,232.4704,0.1406,0.103,2.9642,33.9497,233.8703,0.1452,0.0916
2016-02-16T00:08:59.337Z,1.957,49.9992,230.995,0.2164,0.038,3.3149,33.9272,231.5176,0.147,0.1046,3.155,35.4839,233.3158,0.1522,0.092
2016-02-16T00:09:59.721Z,1.7014,49.7651,230.7459,0.2151,0.0347,2.8881,34.8554,231.2366,0.151,0.0886,1.8653,34.877,233.0373,0.1495,0.066
2016-02-16T00:10:59.260Z,1.9632,49.9838,231.518,0.2164,0.0419,2.8003,35.5319,231.8172,0.1528,0.0903,3.0726,35.6847,233.7857,0.153,0.0858
2016-02-16T00:11:59.188Z,2.9738,48.4122,231.4329,0.2092,0.0619,3.3791,33.192,231.7949,0.1427,0.1073,3.1771,35.3557,234.2167,0.1508,0.0892
2016-02-16T00:12:59.463Z,2.0551,50.7136,232.0286,0.2184,0.0393,3.9168,35.1132,231.8224,0.1515,0.1114,2.9398,35.4326,234.2902,0.1512,0.0863
2016-02-16T00:13:59.921Z,2.2057,50.4471,231.7545,0.218,0.0432,3.5138,32.8124,231.8099,0.1418,0.1103,3.1829,35.3879,233.5801,0.1514,0.0911
2016-02-16T00:14:59.240Z,2.3474,49.7929,232.4006,0.2138,0.0473,3.292,34.0518,232.3607,0.1463,0.1039,2.9289,35.4458,234.109,0.1509,0.0868
2016-02-16T00:15:59.579Z,2.8679,50.1905,232.5318,0.2159,0.0566,3.2687,35.4369,231.7478,0.1527,0.1027,2.4422,34.4904,234.4827,0.1473,0.0771
2016-02-16T00:16:59.060Z,2.4879,49.6007,232.7696,0.2133,0.0512,2.9467,33.5011,232.7107,0.1437,0.09,2.4621,33.8977,235.0403,0.1445,0.0774
2016-02-16T00:17:59.489Z,1.7978,49.9213,233.028,0.214,0.0365,3.4702,35.9541,234.0104,0.1535,0.1025,2.8141,36.9505,234.9715,0.1569,0.0767
2016-02-16T00:18:59.901Z,1.6854,50.2413,232.3852,0.2163,0.0333,3.0287,35.3718,233.6857,0.1517,0.0954,2.5592,35.9379,234.5147,0.1536,0.0765
2016-02-16T00:19:59.771Z,2.551,50.036,232.0209,0.2157,0.052,3.5502,35.304,233.3318,0.1511,0.1031,2.3268,35.9988,234.3927,0.1536,0.0688
2016-02-16T00:20:59.237Z,2.4457,50.373,231.1453,0.2178,0.0475,3.1766,33.9733,232.4346,0.1458,0.0974,2.983,34.7334,233.8398,0.148,0.0879
2016-02-16T00:21:59.835Z,2.2122,48.7491,231.3502,0.2107,0.0467,3.594,34.4249,233.2208,0.1475,0.1052,2.9736,35.9325,234.4186,0.1535,0.0825
2016-02-16T00:22:59.079Z,1.8874,50.5792,231.7678,0.2182,0.0383,3.1457,33.4517,232.9046,0.1437,0.1042,2.7592,33.6083,234.2622,0.1433,0.088
2016-02-16T00:23:59.405Z,1.9234,49.5623,231.4243,0.2141,0.0379,3.3459,34.4647,232.2437,0.1482,0.1033,2.4758,37.4062,233.7668,0.1597,0.0736
2016-02-16T00:24:59.636Z,2.6534,49.2746,232.0643,0.2124,0.0533,2.6532,36.1286,232.6114,0.1555,0.0854,2.1491,33.6135,234.4785,0.1435,0.071
2016-02-16T00:25:59.460Z,2.6974,49.7531,231.8079,0.215,0.0537,3.233,32.5092,231.842,0.1403,0.103,2.4904,35.6916,233.7271,0.1526,0.0722
2016-02-16T00:26:59.703Z,1.9333,50.232,231.0174,0.2171,0.0384,2.7861,33.0895,229.9429,0.1439,0.0942,2.8973,35.264,233.0623,0.1508,0.0795
2016-02-16T00:27:59.011Z,1.61,49.7612,231.9807,0.2147,0.033,2.6391,32.8763,229.5998,0.1431,0.0843,2.9928,35.0424,234.1993,0.1499,0.08
2016-02-16T00:28:59.826Z,2.878,49.5827,231.7574,0.2142,0.057,3.0253,31.4858,231.7991,0.1362,0.104,2.46,34.2738,233.6516,0.1464,0.0759
2016-02-16T00:29:59.015Z,1.9406,50.3197,232.2209,0.2163,0.0379,3.6608,33.335,232.1839,0.1436,0.113,2.8291,35.7562,234.3522,0.1522,0.081
2016-02-16T00:30:59.603Z,1.9763,49.6601,232.1498,0.2135,0.0395,3.0198,33.5789,232.1056,0.1446,0.0969,2.8516,34.8452,233.974,0.1489,0.0853
2016-02-16T00:31:59.177Z,2.0466,50.2958,232.1109,0.2167,0.0403,3.1877,33.951,232.0497,0.1466,0.0995,2.6995,35.2173,233.7878,0.1504,0.0774
2016-02-16T00:32:59.643Z,3.1929,50.5097,232.9027,0.2168,0.0618,2.9507,33.0353,232.3296,0.1423,0.0984,2.7381,36.4671,234.5392,0.1556,0.0834
2016-02-16T00:33:59.017Z,2.6502,49.5466,232.2616,0.2124,0.052,3.4386,34.0327,231.7536,0.1468,0.108,2.4962,33.6193,233.6639,0.1436,0.0814
2016-02-16T00:34:59.319Z,1.8969,49.9871,231.9898,0.2153,0.0399,3.4408,32.4177,231.8212,0.1397,0.1124,3.0571,36.203,233.4763,0.1554,0.0825
2016-02-16T00:35:59.921Z,2.0235,49.4527,231.4027,0.2139,0.0421,3.2515,32.4524,231.0029,0.1408,0.1057,2.4827,34.8703,232.9502,0.1491,0.0785
2016-02-16T00:36:59.056Z,2.654,48.9314,231.8051,0.2112,0.0539,3.0844,32.5318,232.0501,0.1398,0.1008,2.7703,34.9524,233.8752,0.1494,0.0846
2016-02-16T00:37:59.311Z,1.9836,50.6853,231.5292,0.2184,0.0388,3.0555,36.9465,231.7373,0.1599,0.0903,2.8821,34.9775,233.6082,0.1498,0.0842
2016-02-16T00:38:59.528Z,1.8651,49.1681,231.2792,0.2125,0.0384,3.6748,32.7815,231.4691,0.1419,0.1145,2.8816,36.3162,233.4541,0.1559,0.0832
2016-02-16T00:39:59.802Z,2.367,50.4538,231.1373,0.2176,0.0464,2.5849,35.3036,230.6026,0.1532,0.0872,2.2596,34.6787,233.1612,0.1484,0.0734
2016-02-16T00:40:59.122Z,3.1782,50.3488,231.9623,0.2167,0.0639,3.2771,36.6804,231.4308,0.1583,0.0962,3.0911,34.4684,234.1253,0.1468,0.0854
2016-02-16T00:41:59.577Z,2.3996,49.6367,231.9529,0.2136,0.0478,2.9992,34.4265,232.1447,0.1486,0.0902,2.8116,34.5215,234.3168,0.1474,0.0855
2016-02-16T00:42:59.573Z,1.7849,51.1277,232.6886,0.2196,0.036,3.2997,35.0342,233.1153,0.1504,0.0959,2.1937,32.7423,234.3831,0.1396,0.0719
2016-02-16T00:43:59.994Z,1.8042,49.4267,232.4902,0.2124,0.0348,3.2791,35.9637,233.1355,0.154,0.097,2.8011,36.6992,233.7067,0.1572,0.085
2016-02-16T00:44:59.372Z,2.7241,49.4887,232.0486,0.2131,0.056,3.2339,34.5401,232.2933,0.1489,0.1019,2.9966,36.0349,233.0774,0.1546,0.0857
2016-02-16T00:45:59.010Z,2.1978,49.9459,232.9034,0.2144,0.0434,3.8018,34.4683,232.9549,0.1478,0.1161,2.7707,36.6028,233.8614,0.1564,0.0769
2016-02-16T00:46:59.523Z,2.1191,50.4755,232.3925,0.2169,0.0414,3.669,35.8879,232.9847,0.1542,0.1069,3.0288,34.1752,234.2241,0.1457,0.0944
2016-02-16T00:47:59.851Z,1.7665,49.7372,230.2249,0.2158,0.0354,3.3314,33.0203,230.6591,0.1434,0.1057,2.6425,35.6017,232.7233,0.153,0.0791
2016-02-16T00:48:59.165Z,2.2734,49.3232,230.5153,0.2146,0.0471,3.5599,34.3851,230.9878,0.1489,0.1052,2.6227,34.8347,233.3673,0.1494,0.0742
2016-02-16T00:49:59.476Z,2.821,49.04,231.4391,0.2117,0.0562,3.1405,33.0492,231.2562,0.1435,0.1051,3.3038,35.7643,234.4352,0.1525,0.0916
2016-02-16T00:50:59.341Z,2.2802,49.9493,232.279,0.2151,0.0452,3.5602,33.5817,232.4797,0.1443,0.1117,3.1391,35.6072,234.7439,0.1518,0.0941
2016-02-16T00:51:59.497Z,2.1572,50.6411,232.8166,0.2173,0.0407,3.44,35.4927,233.4365,0.1523,0.0987,2.6787,37.0322,235.5584,0.1571,0.0767
2016-02-16T00:52:59.883Z,2.2131,50.8727,233.1443,0.2182,0.0426,3.3589,34.7527,233.3704,0.1488,0.0976,2.8655,36.0088,235.4405,0.1532,0.0864
2016-02-16T00:53:59.879Z,3.0475,49.1829,231.9553,0.2121,0.0616,3.0745,34.6213,231.8019,0.1492,0.0986,2.694,35.4663,233.9123,0.1512,0.0768
2016-02-16T00:54:59.987Z,1.5887,49.9712,231.6345,0.2157,0.031,3.3308,33.7648,231.9691,0.1458,0.1047,2.3941,34.9937,233.8829,0.1498,0.0756
2016-02-16T00:55:59.462Z,2.0752,49.5546,231.6954,0.214,0.0408,3.5929,34.3873,231.8247,0.1487,0.1079,3.5941,35.9624,233.7528,0.1542,0.0993
2016-02-16T00:56:59.676Z,1.9041,50.0614,231.6564,0.2154,0.0384,3.4891,34.3709,231.7695,0.1482,0.1074,2.7686,35.3198,233.4357,0.1509,0.0853
2016-02-16T00:57:59.581Z,2.4013,48.9152,232.4609,0.2102,0.0482,3.1462,34.6162,232.0438,0.1491,0.0962,2.4799,35.7004,233.3721,0.153,0.0723
2016-02-16T00:58:59.883Z,1.9065,49.5201,231.8509,0.2134,0.0391,2.98,33.7353,230.8976,0.1463,0.098,2.8647,34.258,233.0189,0.1463,0.088
2016-02-16T00:59:59.311Z,1.7187,50.6031,230.6804,0.2192,0.0351,2.778,34.095,230.4171,0.1478,0.0929,2.3907,35.4111,232.1912,0.1522,0.0731
2016-02-16T01:00:59.709Z,2.1023,48.1885,231.0946,0.2084,0.0442,2.8238,36.3116,230.2473,0.1578,0.0824,2.8436,36.182,232.6036,0.1554,0.0782
2016-02-16T01:01:59.948Z,3.0262,50.6236,231.1116,0.2192,0.0625,3.0304,35.5107,230.37,0.1542,0.0895,3.1502,34.7844,232.3732,0.1495,0.0913
2016-02-16T01:02:59.689Z,2.1557,50.4816,230.732,0.2188,0.0425,3.5452,34.5544,229.9971,0.1498,0.1051,2.742,36.3522,231.0256,0.1574,0.0753
2016-02-16T01:03:59.998Z,1.4104,48.7862,229.9063,0.2127,0.0295,3.4636,32.4558,229.5944,0.1418,0.1092,2.6326,34.4946,229.9542,0.1495,0.0807
2016-02-16T01:04:59.187Z,2.0284,49.0087,230.8749,0.2123,0.041,3.2142,33.8387,230.7312,0.1466,0.0978,3.0587,35.5551,231.159,0.1537,0.0889
2016-02-16T01:05:59.568Z,2.574,49.942,230.8262,0.2163,0.0512,2.8025,35.9108,230.386,0.1559,0.0832,3.1714,36.6715,230.8784,0.1588,0.0849
2016-02-16T01:06:59.266Z,2.1816,49.7922,230.9969,0.2152,0.0429,2.851,34.2877,230.3344,0.1489,0.0897,2.3007,34.4562,230.2714,0.1495,0.0729
2016-02-16T01:07:59.569Z,2.2745,50.4508,230.832,0.2187,0.0443,3.2843,35.7447,230.4887,0.1553,0.0971,2.913,34.2241,231.2792,0.148,0.0879
2016-02-16T01:08:59.885Z,2.331,50.1302,231.2325,0.2174,0.0449,3.4137,33.9416,230.7857,0.147,0.1058,2.8334,35.4836,231.5953,0.1535,0.0889
2016-02-16T01:09:59.192Z,2.9133,49.364,230.4829,0.2143,0.0587,2.6073,32.8904,229.9552,0.1427,0.0869,2.5332,34.0198,231.0081,0.1476,0.084
2016-02-16T01:10:59.287Z,1.6164,48.4004,230.593,0.2101,0.0344,3.2153,32.7958,230.0882,0.1426,0.1041,2.5466,33.3814,231.3391,0.144,0.0805
2016-02-16T01:11:59.689Z,2.0658,50.2249,230.3463,0.2184,0.0407,3.8218,34.0585,229.3809,0.1483,0.1146,2.475,35.6366,231.3203,0.1552,0.0763
2016-02-16T01:12:59.431Z,2.3751,50.0734,231.7883,0.216,0.0456,3.3943,33.0016,230.9009,0.1431,0.111,3.1929,35.7018,232.7972,0.1526,0.0892
2016-02-16T01:13:59.776Z,2.5935,49.9688,232.4617,0.2151,0.0562,3.2946,37.3977,231.6609,0.1613,0.0974,2.2868,34.8926,233.3446,0.1496,0.0691
2016-02-16T01:14:59.043Z,2.5709,50.6247,233.3452,0.2169,0.0506,3.0729,33.9404,231.9879,0.1466,0.0929,3.164,35.0253,234.3624,0.1491,0.0943
2016-02-16T01:15:59.562Z,2.3359,50.6495,233.0873,0.2171,0.0449,2.5605,35.4764,229.6351,0.1543,0.08,2.5631,34.2032,234.3288,0.1462,0.0755
2016-02-16T01:16:59.857Z,1.9259,49.7187,232.6667,0.2135,0.0365,3.0574,33.529,232.2297,0.1445,0.098,2.3251,35.9529,233.401,0.1537,0.0674
2016-02-16T01:17:59.475Z,2.8837,50.431,233.5076,0.2157,0.0557,2.9981,33.9771,232.602,0.1457,0.0973,2.7779,35.4496,233.7926,0.1518,0.0838
2016-02-16T01:18:59.716Z,2.909,49.0015,233.5711,0.2097,0.0576,3.4084,31.9597,232.1923,0.1378,0.1122,2.6232,36.1574,233.7682,0.1544,0.0778
2016-02-16T01:19:59.791Z,2.4996,50.446,232.4723,0.2172,0.0495,3.0943,37.8978,231.3445,0.1637,0.089,2.515,33.9541,232.7982,0.146,0.0792
2016-02-16T01:20:59.138Z,2.1828,50.4082,233.0558,0.2164,0.0429,3.3363,35.0401,231.9401,0.1507,0.0999,2.6094,34.4238,233.7078,0.1476,0.0813
2016-02-16T01:21:59.826Z,2.0996,49.8882,232.7395,0.214,0.0423,2.9589,34.169,232.0604,0.1477,0.0948,2.967,35.0496,233.5022,0.1503,0.0884
2016-02-16T01:22:59.146Z,1.4507,50.319,233.0316,0.2164,0.0286,2.9022,35.4062,232.2139,0.1526,0.093,2.7123,33.8219,231.164,0.1463,0.0832
2016-02-16T01:23:59.395Z,2.2774,49.8326,232.1089,0.2148,0.0449,3.2492,34.1885,232.2812,0.1467,0.0979,2.8318,35.1426,231.2409,0.1518,0.0892
2016-02-16T01:24:59.829Z,2.0785,49.9529,231.9163,0.2157,0.044,3.5835,34.93,232.8996,0.15,0.1086,2.7729,35.7632,233.7577,0.1532,0.0847
2016-02-16T01:25:59.246Z,1.9896,49.6303,231.6324,0.2146,0.0414,3.0971,34.689,232.2576,0.1496,0.0944,2.8596,33.8423,233.6219,0.1451,0.0879
2016-02-16T01:26:59.468Z,2.5671,49.4224,231.3032,0.2137,0.0512,3.3058,32.6817,231.6627,0.1412,0.1086,2.484,34.3676,233.2389,0.1478,0.0801
2016-02-16T01:27:59.862Z,2.1901,50.3173,232.4009,0.2164,0.0426,3.257,36.0756,232.4692,0.1546,0.0974,3.1029,35.133,233.4141,0.1505,0.0903
2016-02-16T01:28:59.555Z,1.738,48.4986,231.7163,0.2091,0.0348,3.3267,33.2504,231.592,0.1436,0.106,2.9105,36.1579,232.9526,0.1553,0.0803
2016-02-16T01:29:59.827Z,2.4507,49.1148,230.4665,0.2135,0.0502,3.1324,32.448,230.28,0.1409,0.098,2.926,36.6105,232.032,0.1576,0.0814
2016-02-16T01:30:59.884Z,2.4601,49.4386,230.4624,0.2147,0.0509,2.9679,35.2391,230.3115,0.1529,0.0899,2.2778,34.3426,231.7266,0.1481,0.07
2016-02-16T01:31:59.327Z,2.0308,49.5428,230.8247,0.2146,0.039,3.2073,35.4513,230.4501,0.1541,0.0963,2.5101,33.6536,232.3628,0.1446,0.0827
2016-02-16T01:32:59.640Z,1.9573,50.14,231.1246,0.2167,0.0387,2.8433,32.4182,230.9493,0.1403,0.099,2.7296,35.3909,232.9145,0.1516,0.0824
2016-02-16T01:33:59.083Z,2.4717,49.0178,231.5349,0.2118,0.0501,3.9038,32.8151,231.0991,0.142,0.1164,3.0307,35.3069,233.0661,0.1518,0.0894
2016-02-16T01:34:59.493Z,2.8889,50.2345,231.2914,0.2173,0.0577,3.3938,35.2301,230.9803,0.1526,0.1033,2.8016,33.3668,232.7591,0.1432,0.0843
2016-02-16T01:35:59.629Z,1.6862,50.6074,231.6048,0.2185,0.0316,3.456,35.1937,230.9602,0.1519,0.1087,2.8854,33.754,232.8842,0.1447,0.0926
2016-02-16T01:36:59.946Z,2.3003,49.918,231.4815,0.2155,0.0459,2.8996,33.9898,230.8856,0.1471,0.0893,3.1745,36.0202,232.8791,0.1548,0.0905
2016-02-16T01:37:59.278Z,2.5817,48.7826,230.9619,0.211,0.0528,2.8851,33.5106,230.512,0.1444,0.0928,3.0393,34.9044,233.0524,0.1493,0.0936
2016-02-16T01:38:59.721Z,2.7789,49.5884,231.5409,0.214,0.056,2.902,33.8487,230.7647,0.1466,0.0903,2.7997,35.0579,233.341,0.1504,0.0842
2016-02-16T01:39:59.597Z,2.1807,49.6886,231.4088,0.2149,0.045,3.0924,35.2674,230.4969,0.1524,0.0968,3.0002,33.2678,232.9741,0.1428,0.089
2016-02-16T01:40:59.004Z,1.6233,49.2528,230.9039,0.2139,0.0343,3.537,34.2468,229.4561,0.1492,0.1037,2.6956,34.8421,232.896,0.1496,0.0769
2016-02-16T01:41:59.595Z,2.081,50.7046,231.4503,0.2188,0.0408,3.4786,34.3885,230.507,0.1492,0.107,2.3791,36.6634,232.8178,0.1574,0.0676
2016-02-16T01:42:59.473Z,2.1785,48.609,231.4937,0.2101,0.0447,2.9971,31.7945,230.5527,0.1378,0.0995,2.7308,34.4256,232.8691,0.1479,0.0858
2016-02-16T01:43:59.645Z,1.9919,50.3053,231.8029,0.217,0.0381,3.1726,32.7989,230.3207,0.1425,0.1038,2.5507,34.9162,233.2285,0.1492,0.0731
2016-02-16T01:44:59.871Z,1.9419,49.8334,231.4934,0.2152,0.0378,3.2002,33.7184,229.9245,0.1473,0.1031,2.8434,35.9497,232.8148,0.1546,0.086
2016-02-16T01:45:59.344Z,2.3993,49.8268,232.7986,0.214,0.0493,3.4351,34.0416,230.9979,0.1474,0.1082,2.9827,36.0331,234.5835,0.1538,0.0856
2016-02-16T01:46:59.575Z,2.5379,50.3505,233.5195,0.2158,0.0496,3.1257,32.9144,232.5071,0.1413,0.1038,2.8646,34.8766,235.2936,0.148,0.0835
2016-02-16T01:47:59.006Z,2.4234,49.5178,231.7998,0.2136,0.0476,3.4962,37.31,231.343,0.1612,0.0969,2.7784,34.8987,233.5488,0.1497,0.0828
2016-02-16T01:48:59.299Z,1.7745,49.2179,230.7248,0.2131,0.036,3.4485,33.094,230.5263,0.1438,0.1079,2.8479,33.4034,232.8776,0.1432,0.0881
2016-02-16T01:49:59.628Z,1.9177,50.2621,229.9724,0.2185,0.0386,3.3192,33.6497,230.1302,0.1465,0.1041,2.3361,36.4026,232.002,0.1567,0.0679
2016-02-16T01:50:59.551Z,1.9927,49.578,230.5382,0.2151,0.0382,2.9055,33.3747,230.0557,0.1448,0.0908,2.3277,35.5178,231.9251,0.1526,0.0689
2016-02-16T01:51:59.773Z,1.8051,49.9058,230.5696,0.2163,0.0367,3.226,35.504,231.5423,0.1531,0.0975,2.4095,35.1855,233.1434,0.1511,0.0763
2016-02-16T01:52:59.068Z,2.2292,50.1948,230.927,0.2177,0.0446,3.6338,35.4822,231.8356,0.1536,0.1054,3.0432,34.3987,233.3827,0.1478,0.0883
2016-02-16T01:53:59.396Z,2.283,49.1747,231.2186,0.2129,0.0466,3.1068,32.9384,231.0104,0.1429,0.0996,2.6116,34.0221,232.9398,0.1464,0.0807
2016-02-16T01:54:59.712Z,2.0721,49.7697,231.3296,0.2155,0.0419,2.8136,34.227,230.8369,0.148,0.0879,3.1667,34.146,233.2963,0.1467,0.0956
2016-02-16T01:56:59.317Z,1.9775,50.0786,230.8094,0.2171,0.0405,3.3496,33.4868,230.3016,0.1452,0.1046,2.6726,35.9058,232.5956,0.1544,0.0775
2016-02-16T01:57:59.630Z,1.5208,49.257,231.0605,0.2129,0.0311,3.1547,35.2125,230.9447,0.1525,0.097,2.6076,34.2074,232.9823,0.1466,0.0814
2016-02-16T01:58:59.068Z,2.2648,49.331,230.7683,0.2138,0.0474,3.6786,34.302,230.3806,0.1491,0.1074,2.8397,36.514,232.2899,0.1568,0.0809
2016-02-16T01:59:59.447Z,2.1903,49.0833,230.6009,0.2122,0.0459,3.2583,30.8992,230.0533,0.1348,0.108,3.2887,35.2982,232.1772,0.1524,0.0916
2016-02-16T02:00:59.873Z,1.9133,48.1848,231.4329,0.2086,0.0395,2.6127,36.1024,231.1997,0.1565,0.0757,2.5427,36.0375,232.2778,0.1555,0.0721
2016-02-16T02:01:59.179Z,2.696,50.1003,232.5378,0.2159,0.052,3.374,34.3253,232.5417,0.148,0.0999,2.483,35.7721,234.2573,0.1529,0.0751
2016-02-16T02:02:59.467Z,2.3411,49.2279,231.8829,0.2123,0.049,3.1453,31.7912,231.8515,0.1371,0.103,2.7071,35.0953,233.7549,0.1502,0.0812
2016-02-16T02:03:59.910Z,2.1171,49.7451,231.7611,0.2147,0.0413,3.0716,34.651,229.9857,0.1512,0.097,2.5383,34.7942,233.802,0.1482,0.0767
2016-02-16T02:04:59.271Z,2.296,49.7338,231.8517,0.2146,0.0453,3.0299,32.886,228.8574,0.1432,0.0939,2.3804,36.3166,234.0753,0.1553,0.0742
2016-02-16T02:05:59.697Z,2.3435,48.8664,231.8003,0.2109,0.0482,2.8675,34.3116,231.4604,0.1482,0.0912,2.9126,35.6419,233.4579,0.153,0.0866
2016-02-16T02:06:59.099Z,2.8056,50.1778,231.8782,0.2163,0.0567,3.328,34.347,231.1978,0.1489,0.1083,2.96,35.9027,233.6582,0.1538,0.0863
2016-02-16T02:07:59.071Z,2.4362,49.0235,231.7564,0.2115,0.0505,3.5279,35.516,231.6767,0.1533,0.1014,2.7137,35.1374,234.0071,0.1503,0.0802
2016-02-16T02:08:59.351Z,1.5912,50.4835,231.6438,0.2182,0.0313,3.2174,34.7684,231.3733,0.15,0.1029,2.6036,34.6895,233.7611,0.149,0.0778
2016-02-16T02:09:59.575Z,2.1426,49.3841,230.6142,0.2147,0.0449,3.9291,34.8582,230.8211,0.1508,0.114,3.2791,36.0471,233.3884,0.1544,0.094
2016-02-16T02:10:59.142Z,1.9069,49.2029,230.1921,0.2139,0.0378,3.2056,32.8852,231.379,0.1416,0.1032,2.9426,34.0258,233.1271,0.1463,0.0896
2016-02-16T02:11:59.422Z,1.9676,50.1996,230.6456,0.2174,0.0384,3.5848,34.261,231.5433,0.1484,0.1098,3.1695,36.1767,233.6058,0.1545,0.0857
2016-02-16T02:12:59.617Z,2.0898,50.1664,231.3615,0.2171,0.0416,2.9852,34.393,231.3136,0.1486,0.0877,3.3489,36.0291,233.2489,0.1543,0.0946
2016-02-16T02:13:59.285Z,1.547,48.7184,231.6662,0.2108,0.0327,3.0209,31.5398,231.167,0.1362,0.1028,2.3057,35.5914,233.2456,0.1524,0.073
2016-02-16T02:14:59.595Z,1.9701,49.7437,232.1735,0.2143,0.0407,3.2193,34.2637,231.7971,0.1478,0.1022,3.0929,35.3222,234.0001,0.1514,0.089
2016-02-16T02:15:59.855Z,1.5535,50.8037,232.1125,0.2193,0.0307,3.1192,35.7285,232.3437,0.1538,0.0948,2.4329,34.2814,234.4918,0.1459,0.075
2016-02-16T02:16:59.391Z,2.1602,50.3824,233.0337,0.2163,0.0429,3.2442,32.3637,232.5346,0.1393,0.1002,2.7182,35.2308,233.5791,0.1503,0.0801
2016-02-16T02:17:59.750Z,2.4946,49.7934,232.4587,0.2139,0.0496,2.7129,35.1734,232.0758,0.151,0.085,2.6239,35.9827,233.1762,0.1542,0.0802
2016-02-16T02:18:59.146Z,2.5847,49.0617,232.1642,0.2111,0.0534,2.9459,31.7649,232.3572,0.1367,0.0962,3.2348,36.1956,234.2738,0.1556,0.092
2016-02-16T02:19:59.574Z,2.1259,49.6757,232.5593,0.2134,0.0434,3.1078,32.4391,232.1886,0.1398,0.104,2.5113,35.6859,234.3702,0.1521,0.0749
2016-02-16T02:20:59.076Z,1.2351,50.1971,232.2042,0.2151,0.0254,3.217,32.5567,231.0589,0.1401,0.1042,2.1661,34.1763,233.7209,0.1466,0.066
2016-02-16T02:21:59.219Z,1.9888,49.9349,232.2537,0.2151,0.0389,3.7768,29.6762,232.3807,0.1277,0.1262,2.2996,31.1688,234.3355,0.1331,0.078
2016-02-16T02:22:59.492Z,1.9028,50.5966,232.2251,0.2178,0.0379,3.2053,34.9148,232.8325,0.1501,0.0964,2.7635,34.7668,233.6324,0.1485,0.0872
2016-02-16T02:23:59.789Z,1.7631,50.6052,232.0018,0.2182,0.0342,4.0121,35.5265,232.4333,0.1536,0.111,3.1057,34.7635,232.8227,0.149,0.0942
2016-02-16T02:24:59.419Z,192.8961,348.51,231.9459,1.5077,0.1889,212.0091,351.957,232.2524,1.5203,0.2256,410.2013,585.4373,232.682,2.5328,0.5433
2016-02-16T02:25:59.096Z,1032.9925,1454.0709,230.8107,6.3,0.71,1145.9784,1603.8256,231.5082,6.9274,0.7139,1573.6737,2218.0116,230.478,9.6229,0.7096
2016-02-16T02:26:59.351Z,1106.2894,1514.7063,231.2651,6.5499,0.7297,1232.0461,1679.3212,231.4917,7.2539,0.7338,1651.0223,2287.1576,230.559,9.92,0.721
2016-02-16T02:27:59.605Z,1107.4668,1520.1734,231.3939,6.57,0.7286,1229.7496,1686.9243,231.8313,7.2768,0.7291,1642.7919,2280.9228,231.1461,9.8677,0.7201
2016-02-16T02:28:59.087Z,1121.5955,1528.6946,231.2331,6.611,0.7335,1253.3315,1702.9111,231.6753,7.3499,0.736,1655.6594,2290.9409,231.1599,9.9107,0.7221
2016-02-16T02:29:59.238Z,1142.8424,1555.884,230.9553,6.7372,0.7344,1250.9711,1688.3744,230.8202,7.3148,0.741,1692.8846,2300.8012,230.9525,9.9622,0.7356
2016-02-16T02:30:59.661Z,1145.4753,1566.195,230.5238,6.7944,0.7313,1253.9857,1672.6888,229.9708,7.2724,0.75,1727.131,2326.3678,231.5717,10.0459,0.7427
2016-02-16T02:31:59.937Z,1166.0029,1571.0774,231.3461,6.7907,0.7424,1282.6855,1726.5602,231.2401,7.4665,0.7427,1699.5525,2309.4291,231.0738,9.9938,0.7355
2016-02-16T02:32:59.532Z,1194.2522,1587.8006,231.2918,6.8643,0.7518,1298.5534,1742.0652,230.8613,7.5461,0.7452,1708.2372,2300.9791,230.1563,9.9977,0.7416
2016-02-16T02:33:59.696Z,695.1137,941.0089,231.4997,4.0736,0.4601,749.5862,1016.9743,231.5018,4.4021,0.471,1029.0633,1373.1653,231.3647,5.959,0.7898
2016-02-16T02:34:59.337Z,291.0583,547.2571,231.65,2.3794,0.2713,345.4684,571.5468,232.1524,2.4674,0.3109,409.3368,699.4997,232.4547,3.0167,0.7246
2016-02-16T02:35:59.595Z,225.4661,362.2612,231.0633,1.5747,0.213,261.1708,392.2358,232.8458,1.6958,0.238,352.4988,513.1376,232.8679,2.2127,0.7938
2016-02-16T02:36:59.965Z,254.9665,375.3197,230.6965,1.6335,0.2245,304.9329,458.3063,232.8319,1.9791,0.246,702.1326,895.5436,231.421,3.8824,0.8276
2016-02-16T02:37:59.039Z,1177.2191,1551.9435,229.074,6.7744,0.7585,1317.2385,1736.5693,230.9677,7.5185,0.7582,1706.464,2305.6115,229.6243,10.0405,0.7403
2016-02-16T02:38:59.381Z,1134.1111,1520.4267,229.349,6.6292,0.7456,1280.9214,1711.9301,231.7486,7.387,0.7486,1664.2983,2278.7893,230.2574,9.8971,0.7311
2016-02-16T02:39:59.642Z,1150.1927,1525.4902,228.0465,6.6892,0.7536,1301.4355,1713.7297,231.2082,7.4122,0.7589,1689.0636,2287.568,229.476,9.9683,0.7374
2016-02-16T02:40:59.524Z,1096.0802,1470.4284,225.9039,6.5094,0.7452,1265.5696,1645.4507,229.8683,7.158,0.7691,1669.5792,2259.3462,228.9647,9.8676,0.7383
2016-02-16T02:41:59.885Z,1028.0627,1390.7871,225.3946,6.1704,0.7398,1215.1917,1604.4797,230.0893,6.9729,0.7576,1576.1482,2175.5111,227.9941,9.5419,0.7237
2016-02-16T02:42:59.142Z,1039.0085,1427.0324,228.3702,6.2492,0.7279,1142.4529,1566.0376,229.354,6.8279,0.7296,1552.2825,2124.8039,228.143,9.3131,0.7301
2016-02-16T02:43:59.654Z,1063.2432,1461.9536,229.3486,6.3741,0.7272,1139.4568,1577.1506,229.8527,6.8616,0.7222,1564.4229,2128.8426,228.7332,9.307,0.7344
2016-02-16T02:44:59.040Z,1070.954,1460.738,229.3099,6.3706,0.7329,1172.1854,1601.9693,229.7535,6.9721,0.7307,1579.754,2152.6016,228.892,9.4044,0.733
2016-02-16T02:45:59.456Z,1091.9564,1477.1036,229.4781,6.4367,0.7392,1208.3921,1633.7187,229.9037,7.1062,0.7396,1604.5852,2182.0359,229.0428,9.5266,0.7358
2016-02-16T02:47:59.340Z,1122.9399,1508.2263,230.0157,6.557,0.7447,1233.3439,1665.775,230.3286,7.2326,0.7402,1625.4522,2202.7762,229.4506,9.6002,0.7376
2016-02-16T02:48:59.870Z,1146.6187,1523.4263,229.104,6.6494,0.7524,1288.3114,1703.425,230.4592,7.3913,0.7567,1672.1278,2256.0536,229.8099,9.817,0.7404
2016-02-16T02:49:59.503Z,1140.1937,1513.7253,228.4482,6.6265,0.7533,1280.5151,1684.2882,229.8949,7.3263,0.7597,1672.6608,2245.2183,229.24,9.794,0.7445
2016-02-16T02:50:59.379Z,1157.8123,1537.8211,228.9116,6.7178,0.7531,1261.0178,1664.6729,228.7687,7.2771,0.7573,1683.6941,2231.7721,228.811,9.754,0.7544
2016-02-16T02:51:59.639Z,1142.9972,1522.0424,229.0083,6.6461,0.7512,1285.1736,1691.094,230.1163,7.3489,0.7596,1681.6288,2259.2592,229.7828,9.8316,0.7441
2016-02-16T02:52:59.898Z,1162.1099,1525.385,228.7608,6.6683,0.7611,1316.2832,1721.3911,230.1869,7.4781,0.7641,1684.2388,2261.1792,229.1183,9.8689,0.7447
2016-02-16T02:53:59.662Z,977.1424,1378.984,229.6034,6.0058,0.7082,1097.2661,1541.3803,229.7372,6.7083,0.7119,1480.6951,2077.1048,229.6546,9.0446,0.7121
2016-02-16T02:54:59.135Z,892.0527,1336.8173,229.8034,5.8175,0.6676,991.8938,1430.8374,227.8535,6.2798,0.6927,1440.4535,2029.0839,230.4339,8.8053,0.7098
2016-02-16T02:55:59.646Z,913.0494,1342.3494,230.3761,5.8266,0.6798,1010.2013,1489.7451,230.7637,6.4559,0.6779,1403.7458,2017.931,230.4613,8.7551,0.6964
2016-02-16T02:56:59.972Z,909.8051,1333.2442,229.6212,5.8062,0.6827,1028.8387,1495.188,230.9233,6.4748,0.6886,1415.3859,2034.0496,230.2416,8.8343,0.6956
2016-02-16T02:57:59.838Z,927.0131,1348.4708,228.7171,5.8957,0.6878,1040.3128,1478.5191,229.4829,6.4431,0.7045,1457.7083,2051.4012,229.8172,8.9254,0.7099
2016-02-16T02:58:59.388Z,939.5934,1372.5771,230.3155,5.9588,0.6846,1041.1275,1502.8637,230.6413,6.5157,0.6925,1455.4889,2061.3783,230.4697,8.9439,0.7057
2016-02-16T02:59:59.944Z,969.356,1397.2258,230.2463,6.068,0.6935,1068.3225,1524.7767,230.5267,6.6144,0.7009,1486.4723,2087.2333,230.6514,9.0493,0.7115
