2016-03-23T00:00:59.967Z,4.8415,51.3413,233.0967,0.2207,0.0947,2.8963,38.7975,233.1496,0.166,0.0793,1.9319,38.7759,234.4091,0.1653,0.0482
2016-03-23T00:01:59.193Z,4.6492,52.5842,232.2857,0.2268,0.089,3.0636,34.4351,232.5537,0.1478,0.0972,2.0933,36.3122,233.957,0.1549,0.0601
2016-03-23T00:02:59.586Z,4.1862,53.2067,232.5888,0.2288,0.0778,2.8626,35.8421,232.354,0.1538,0.0838,1.8304,37.2023,234.0656,0.1587,0.0498
2016-03-23T00:03:59.906Z,3.9274,51.9255,232.5491,0.2232,0.0757,2.9191,38.4884,232.5738,0.1656,0.0789,1.8407,36.5973,233.8723,0.1566,0.0502
2016-03-23T00:04:59.265Z,3.4604,50.4469,232.1502,0.2173,0.0686,2.4937,38.4329,232.6732,0.1652,0.0663,1.6319,35.8813,233.1944,0.1534,0.0436
2016-03-23T00:05:59.542Z,5.7833,51.6785,232.6973,0.2219,0.109,3.0141,37.1146,233.4431,0.1589,0.0809,3.0629,37.8786,233.1195,0.1619,0.0782
2016-03-23T00:06:59.011Z,4.994,51.771,232.4649,0.223,0.0969,2.4717,36.5052,233.8457,0.1564,0.0751,2.2379,35.8512,233.5166,0.1534,0.0644
2016-03-23T00:07:59.432Z,5.0128,51.5053,232.654,0.2213,0.0964,2.9289,38.2841,233.2299,0.1645,0.0795,2.4162,35.1627,233.3983,0.1508,0.0691
2016-03-23T00:08:59.815Z,3.4597,50.3234,232.2632,0.2166,0.0693,2.3562,37.6988,232.6577,0.1624,0.066,1.801,37.4833,232.9736,0.161,0.0468
2016-03-23T00:09:59.194Z,3.8436,51.8619,232.0434,0.2239,0.0759,2.5279,37.6489,232.3762,0.1618,0.0747,1.459,36.3278,233.1922,0.1559,0.0442
2016-03-23T00:10:59.398Z,5.3167,51.8364,231.9619,0.2238,0.1013,2.96,33.5351,231.7009,0.1446,0.0897,1.5233,33.4457,233.2829,0.143,0.0468
2016-03-23T00:11:59.590Z,3.8952,53.3993,231.9559,0.2297,0.0714,3.067,35.9434,231.8653,0.1552,0.0905,2.081,38.3389,232.9772,0.1651,0.0583
2016-03-23T00:12:59.897Z,4.0774,51.5314,232.4296,0.221,0.0787,2.4196,34.5342,231.078,0.149,0.0735,2.0079,36.0071,233.5902,0.1541,0.0556
2016-03-23T00:13:59.150Z,3.8617,51.0294,232.841,0.2196,0.0741,2.3131,34.4108,229.8603,0.1497,0.0687,1.9531,37.8008,234.2406,0.1613,0.0528
2016-03-23T00:14:59.314Z,4.4095,52.4442,232.3586,0.2259,0.0847,2.2025,36.1457,232.4666,0.1554,0.0669,2.2048,37.282,233.097,0.1602,0.0586
2016-03-23T00:15:59.597Z,4.9456,52.5178,232.0293,0.2262,0.094,2.8198,34.5276,232.1356,0.1489,0.0884,2.6386,36.9014,232.7156,0.158,0.0701
2016-03-23T00:16:59.765Z,4.7418,52.3505,231.7768,0.2259,0.0921,3.0608,36.7602,232.3929,0.158,0.086,1.9814,35.7213,232.6414,0.1536,0.0591
2016-03-23T00:17:59.088Z,3.7247,51.0004,232.2239,0.22,0.0726,2.3097,37.8436,232.784,0.1623,0.0671,1.9826,37.4248,233.3038,0.1603,0.0536
2016-03-23T00:18:59.318Z,4.5209,52.4064,231.9203,0.2259,0.0858,2.771,35.8636,232.6432,0.1545,0.0785,1.9022,35.4286,233.1396,0.1518,0.0549
2016-03-23T00:19:59.552Z,4.489,52.9016,231.8819,0.2279,0.0851,2.9037,35.862,232.7567,0.1541,0.0856,1.6719,38.2781,232.0943,0.1648,0.0443
2016-03-23T00:20:59.913Z,3.6676,51.9184,232.5032,0.2232,0.0717,2.6557,38.5902,232.3687,0.167,0.0689,2.1446,35.4239,231.5392,0.1526,0.0674
2016-03-23T00:21:59.263Z,4.0984,53.3142,234.2013,0.2273,0.0768,2.7757,35.908,232.38,0.1547,0.0832,1.6496,37.029,229.9449,0.1612,0.047
2016-03-23T00:22:59.498Z,4.8595,52.4775,233.6899,0.2244,0.092,2.5234,36.2337,232.8073,0.1551,0.0745,2.2353,37.401,229.711,0.1627,0.0648
2016-03-23T00:23:59.700Z,4.0896,52.3473,232.8458,0.2246,0.0779,2.2666,36.6885,232.581,0.1582,0.0667,2.314,36.4737,229.2351,0.1595,0.0599
2016-03-23T00:24:59.076Z,4.4713,51.8899,233.3401,0.2222,0.0856,2.5606,38.2423,233.2941,0.1637,0.0707,1.9927,35.9939,229.1857,0.1573,0.0598
2016-03-23T00:25:59.350Z,4.216,53.8143,234.1622,0.2297,0.0779,2.9963,36.846,233.1854,0.1577,0.0819,2.2819,36.7442,229.8036,0.1601,0.0589
2016-03-23T00:26:59.643Z,4.6872,52.1678,235.0427,0.2218,0.0895,2.8751,36.8692,233.1364,0.1574,0.0758,2.4252,37.1189,230.4975,0.1613,0.0662
2016-03-23T00:27:59.949Z,3.9853,52.6534,234.1208,0.2251,0.0743,2.3237,38.0685,233.0816,0.1631,0.0669,2.2504,35.3962,230.8831,0.1533,0.0636
2016-03-23T00:28:59.160Z,4.4927,53.2596,233.9098,0.2282,0.084,2.7763,36.85,233.0307,0.158,0.0811,1.8533,35.9301,231.0614,0.1553,0.0514
2016-03-23T00:29:59.457Z,4.3589,52.6295,233.7403,0.2254,0.0836,3.1419,36.1466,232.7811,0.1552,0.0849,2.0633,35.8914,230.9577,0.1552,0.0573
2016-03-23T00:30:59.696Z,4.2282,52.8941,233.7692,0.226,0.0796,2.6902,34.6795,233.0429,0.1488,0.0792,2.0105,37.6549,231.0425,0.1627,0.0562
2016-03-23T00:31:59.929Z,3.9549,51.4402,233.8262,0.2201,0.0764,2.3077,36.0448,232.672,0.1546,0.0714,2.1504,35.9942,231.2084,0.1559,0.0625
2016-03-23T00:32:59.171Z,3.2902,52.9218,233.869,0.2264,0.0626,2.8099,33.8864,231.8204,0.1465,0.0865,2.1452,37.6378,231.6356,0.162,0.0592
2016-03-23T00:33:59.382Z,2.3518,52.7937,233.6475,0.2262,0.0433,3.1895,37.3924,232.8283,0.161,0.0903,1.7798,37.673,232.0412,0.1622,0.0516
2016-03-23T00:34:59.660Z,2.0516,53.4643,233.9089,0.2281,0.038,3.6332,37.0584,233.0486,0.1591,0.1015,2.3231,36.81,231.8602,0.1592,0.0608
2016-03-23T00:35:59.014Z,2.7446,51.849,234.0096,0.2221,0.0519,3.5722,36.8051,233.0038,0.1579,0.1027,2.4814,37.0449,233.1571,0.1583,0.0649
2016-03-23T00:36:59.283Z,2.2811,52.6252,232.8141,0.2257,0.0412,2.9277,35.9933,232.0184,0.1554,0.0858,1.878,37.9146,234.6042,0.1614,0.0562
2016-03-23T00:37:59.471Z,2.3261,52.8425,233.1654,0.2265,0.043,3.4629,35.9525,232.6048,0.1549,0.0978,1.9135,35.9267,234.5182,0.1529,0.0523
2016-03-23T00:38:59.591Z,2.0012,52.1284,232.4958,0.2242,0.0369,3.4026,33.533,232.1569,0.1447,0.1059,1.6424,35.0641,233.9465,0.1496,0.0524
2016-03-23T00:39:59.063Z,2.619,52.4066,232.3092,0.2254,0.0503,3.3926,36.9367,231.8291,0.159,0.0959,2.1834,36.3367,234.1107,0.1548,0.0602
2016-03-23T00:40:59.477Z,2.759,52.1638,232.538,0.2242,0.0534,3.6451,37.5954,232.0911,0.1623,0.103,1.8978,35.7929,234.0086,0.1527,0.0549
2016-03-23T00:41:59.892Z,2.1637,52.3839,232.4653,0.2248,0.0415,3.2555,37.0037,232.6654,0.1589,0.0954,2.2027,36.7601,234.1721,0.1567,0.0593
2016-03-23T00:42:59.162Z,1.863,52.49,231.0949,0.2269,0.0342,3.304,37.6232,232.9211,0.1614,0.0943,1.4439,37.4201,234.2213,0.1593,0.0401
2016-03-23T00:43:59.469Z,2.4475,51.2755,230.8495,0.2219,0.046,3.4154,37.2971,232.6534,0.1607,0.0966,1.819,37.1978,233.818,0.1587,0.0533
2016-03-23T00:44:59.758Z,2.5175,51.8511,230.9233,0.2244,0.0493,3.2786,37.8764,232.6026,0.1625,0.0905,2.1486,36.209,232.5578,0.1557,0.0593
2016-03-23T00:45:59.064Z,2.7698,51.6387,231.2696,0.2232,0.0549,3.4322,37.6434,232.7817,0.1616,0.0947,1.7552,37.5498,231.6299,0.1618,0.0491
2016-03-23T00:46:59.381Z,2.5503,51.489,231.2009,0.2229,0.0496,3.0327,36.7525,233.1732,0.1578,0.0862,1.8275,36.9001,231.4655,0.1595,0.0521
2016-03-23T00:47:59.608Z,2.2653,52.1422,232.232,0.2242,0.043,2.7192,37.9984,233.0023,0.1632,0.078,2.0253,35.9293,232.8088,0.1545,0.0588
2016-03-23T00:48:59.778Z,1.8352,52.0831,233.5357,0.2227,0.0362,3.4287,36.7711,233.3131,0.1575,0.098,2.4636,37.1434,232.7441,0.1595,0.0685
2016-03-23T00:49:59.063Z,2.5578,52.7572,233.7372,0.226,0.0498,2.6891,36.4024,230.404,0.1582,0.078,2.0098,36.5699,233.591,0.1573,0.0569
2016-03-23T00:50:59.412Z,2.691,51.9045,234.2068,0.2212,0.0512,3.1935,36.2957,231.9878,0.1562,0.0908,1.9354,37.2576,233.4966,0.1598,0.0534
2016-03-23T00:51:59.681Z,1.9075,51.682,234.0551,0.2213,0.0347,3.5599,35.1467,233.8173,0.1503,0.1043,2.1087,37.2027,232.7116,0.16,0.0576
2016-03-23T00:52:59.942Z,2.7352,52.2501,233.4375,0.2241,0.0511,3.5071,37.8366,233.5774,0.1625,0.0937,2.2004,35.8348,232.2811,0.1538,0.0652
2016-03-23T00:53:59.250Z,2.0461,53.5208,233.5532,0.2288,0.0379,3.1448,36.5036,233.1733,0.1566,0.0916,2.8198,39.3703,232.8742,0.1684,0.0699
2016-03-23T00:54:59.596Z,2.3808,52.3184,234.3178,0.2235,0.0447,3.3543,37.4142,233.6887,0.1608,0.0973,2.001,37.1188,233.5535,0.1588,0.0557
2016-03-23T00:55:59.950Z,2.6515,51.2224,234.1648,0.2191,0.0514,2.9874,38.4748,231.1199,0.1663,0.0843,1.8424,36.0315,233.9104,0.1542,0.0589
2016-03-23T00:56:59.281Z,2.2379,52.9716,234.6103,0.226,0.043,2.8742,36.744,230.3657,0.1598,0.0793,2.3056,38.038,234.1515,0.162,0.0602
2016-03-23T00:57:59.361Z,1.4784,52.2471,234.2299,0.2235,0.0269,3.5204,32.3519,230.5878,0.1407,0.1087,1.5497,31.8767,233.8227,0.136,0.054
2016-03-23T00:58:59.552Z,1.8016,53.5816,234.8715,0.228,0.032,3.6691,34.0987,227.7413,0.1499,0.1111,2.1573,34.1813,234.5489,0.1459,0.0665
2016-03-23T00:59:59.739Z,1.7693,51.6033,234.9995,0.2192,0.0356,3.4673,34.3393,228.8204,0.1501,0.1031,1.71,35.8947,234.363,0.1533,0.0533
2016-03-23T01:00:59.855Z,1.6193,52.0525,234.9963,0.2215,0.0336,3.362,37.2235,229.2568,0.1624,0.0951,2.3263,37.7888,235.1537,0.1605,0.0621
2016-03-23T01:01:59.143Z,2.2227,54.2166,234.3207,0.2312,0.0409,3.7381,36.733,230.9024,0.159,0.1043,2.2571,38.4662,235.0014,0.1634,0.056
2016-03-23T01:02:59.393Z,1.181,53.1338,234.5962,0.2267,0.0232,3.3205,35.6255,230.988,0.154,0.1029,2.1062,38.1069,235.2365,0.162,0.0536
2016-03-23T01:03:59.649Z,190.9545,363.5952,233.9753,1.56,0.1616,185.9929,313.1956,230.3116,1.3641,0.2153,406.8169,568.311,234.7442,2.4353,0.5173
2016-03-23T01:05:59.251Z,1100.1324,1587.1249,232.5871,6.8242,0.6929,1118.862,1571.2806,229.2242,6.8548,0.7117,1691.083,2279.2701,232.1333,9.8191,0.7419
2016-03-23T01:06:59.475Z,1160.0157,1592.0133,231.9222,6.8644,0.7287,1198.7401,1673.6992,231.5493,7.2281,0.7166,1670.2904,2262.2958,230.4159,9.8186,0.7382
2016-03-23T01:07:59.731Z,1183.4143,1613.5626,231.8531,6.9594,0.7338,1206.9248,1674.123,230.7248,7.2563,0.7207,1690.479,2262.3584,229.9419,9.8388,0.7474
2016-03-23T01:08:59.143Z,1195.5893,1615.9099,231.2407,6.9878,0.7401,1228.3407,1679.8452,230.0561,7.3016,0.731,1712.2678,2275.5351,229.7,9.9063,0.7515
2016-03-23T01:09:59.362Z,1203.4462,1630.4827,231.4267,7.0453,0.7389,1238.6422,1686.5321,230.247,7.3249,0.7343,1733.8012,2295.9714,230.0743,9.9794,0.7551
2016-03-23T01:10:59.601Z,1220.5356,1635.3376,230.959,7.0807,0.7462,1264.5611,1709.6011,230.0479,7.4317,0.7398,1739.9909,2297.7097,229.8656,9.9957,0.7572
2016-03-23T01:11:59.960Z,1228.2089,1635.6321,230.3655,7.1003,0.7504,1280.5679,1714.7962,229.9246,7.4584,0.7466,1755.6162,2308.2134,229.4754,10.0589,0.7603
2016-03-23T01:12:59.218Z,1042.5616,1399.0235,230.7576,6.0674,0.6464,1087.6828,1464.6706,230.1917,6.3719,0.6531,1490.0207,1962.9243,230.1919,8.5438,0.7685
2016-03-23T01:13:59.603Z,94.0024,234.7542,232.372,1.0125,0.1302,99.8986,214.8159,231.9556,0.9301,0.1563,214.2929,321.1088,233.2521,1.3788,0.8082
2016-03-23T01:14:59.711Z,592.0116,942.7213,231.5366,4.0791,0.4481,646.9853,982.6279,231.2286,4.2576,0.4758,726.2797,1135.4999,232.5192,4.8908,0.699
2016-03-23T01:16:59.237Z,460.9663,657.5942,232.4897,2.8391,0.3227,487.4961,679.894,232.1346,2.9408,0.343,869.6768,1141.2894,232.3358,4.9341,0.8049
2016-03-23T01:17:59.505Z,1176.4366,1612.2718,231.6604,6.9596,0.7298,1244.8719,1695.9142,231.1743,7.3366,0.7336,1720.6247,2301.2018,231.0429,9.9603,0.7472
2016-03-23T01:18:59.650Z,1120.0185,1562.1894,231.5542,6.746,0.7165,1181.5817,1642.4206,231.0294,7.1082,0.7196,1650.7902,2234.7248,230.9563,9.6762,0.7385
2016-03-23T01:19:59.998Z,1176.6203,1612.0637,231.8249,6.954,0.7293,1249.2792,1703.5507,231.6138,7.3543,0.7333,1712.7471,2296.1022,231.5273,9.9162,0.7454
2016-03-23T01:20:59.306Z,1251.9603,1686.8683,232.5593,7.2539,0.742,1313.6661,1775.2917,232.0524,7.65,0.7398,1774.314,2354.3716,232.2638,10.1368,0.7532
2016-03-23T01:21:59.523Z,1244.8545,1672.5871,232.4297,7.1956,0.7443,1325.9279,1780.6271,231.7821,7.6819,0.7446,1772.6971,2354.2124,231.8353,10.1546,0.753
2016-03-23T01:22:59.811Z,1269.9066,1661.3165,229.8316,7.2286,0.7645,1354.4186,1772.8403,229.4799,7.7251,0.7639,1794.8211,2337.823,229.3589,10.1926,0.7682
2016-03-23T01:23:59.051Z,1277.5547,1657.8109,229.7691,7.2151,0.7701,1372.5703,1792.3236,229.8516,7.7984,0.7665,1790.0116,2334.905,228.8313,10.2042,0.7675
2016-03-23T01:24:59.357Z,1269.8706,1650.7315,229.9448,7.1788,0.7695,1370.8394,1789.9857,229.9523,7.7842,0.7658,1784.8933,2330.6908,228.698,10.191,0.7661
2016-03-23T01:25:59.853Z,1215.5051,1600.4096,230.2717,6.9498,0.7598,1285.3299,1727.0854,229.9776,7.5099,0.7439,1693.463,2235.0161,227.9018,9.8066,0.7578
2016-03-23T01:26:59.047Z,1196.6092,1578.7017,230.4854,6.8496,0.7582,1266.1238,1716.9738,230.3146,7.4546,0.7371,1663.9516,2211.7669,228.0525,9.6987,0.7508
2016-03-23T01:27:59.357Z,1207.8661,1582.2744,230.4012,6.8674,0.7634,1290.6376,1737.1456,230.3519,7.541,0.7424,1672.1914,2219.9804,227.8437,9.7432,0.753
2016-03-23T01:28:59.716Z,1197.5649,1571.8698,230.5037,6.8196,0.7624,1287.3956,1732.6986,230.2653,7.5247,0.7426,1663.9333,2214.1414,227.8048,9.7193,0.7508
2016-03-23T01:29:59.944Z,1221.6231,1593.0999,230.5876,6.9088,0.7667,1311.1907,1755.7953,230.3456,7.6223,0.747,1688.4267,2235.9641,227.9949,9.8073,0.7552
2016-03-23T01:30:59.152Z,1215.9815,1587.2644,230.4207,6.8885,0.7657,1300.28,1748.2557,230.4762,7.5853,0.7438,1678.3257,2226.8422,227.9593,9.769,0.753
2016-03-23T01:31:59.475Z,1248.0667,1611.2526,230.6483,6.9856,0.774,1335.3364,1784.7314,230.5891,7.7401,0.7482,1697.6712,2242.6026,227.743,9.8469,0.758
2016-03-23T01:32:59.868Z,1248.8473,1616.4927,230.7863,7.0043,0.7728,1324.1487,1772.2291,230.5072,7.6881,0.7477,1698.3599,2234.049,227.3678,9.8259,0.7606
2016-03-23T01:33:59.329Z,519.5117,697.4741,231.1272,3.0283,0.3586,550.7143,749.6646,231.3293,3.2544,0.3702,815.7818,1053.7068,228.8189,4.6303,0.7578
2016-03-23T01:34:59.620Z,4.169,52.636,231.3309,0.2279,0.0807,3.0276,37.073,232.4458,0.1602,0.0829,1.6513,36.6468,230.3625,0.1593,0.0458
2016-03-23T01:35:59.842Z,4.467,52.457,230.528,0.2273,0.0851,2.7113,35.9179,232.482,0.1547,0.0792,2.6527,36.2798,229.9427,0.1575,0.0759
2016-03-23T01:36:59.122Z,4.0707,50.8386,230.5821,0.2208,0.0793,2.5983,34.2673,232.4972,0.1471,0.0768,2.0228,36.6328,230.3276,0.1587,0.0547
2016-03-23T01:37:59.459Z,4.1951,51.8947,230.7695,0.2244,0.0792,2.9203,36.6695,232.6048,0.1575,0.0802,2.1295,35.7449,230.5386,0.1548,0.0608
2016-03-23T01:38:59.773Z,5.2218,51.7566,230.0204,0.2255,0.1005,2.7284,34.52,231.6425,0.1496,0.0853,2.2395,36.6859,229.8288,0.1593,0.0618
2016-03-23T01:39:59.003Z,4.5351,52.3725,230.324,0.2272,0.0864,3.0429,36.1794,230.6693,0.1567,0.0862,1.8427,36.2152,229.3631,0.1578,0.0552
2016-03-23T01:40:59.297Z,3.8249,51.8241,231.3786,0.224,0.0742,2.5207,36.8316,230.4853,0.1599,0.0702,1.8895,35.894,229.834,0.1555,0.0523
2016-03-23T01:41:59.563Z,4.504,51.7036,231.5776,0.2234,0.0866,2.993,37.8403,231.0715,0.164,0.0786,2.7698,37.4437,230.1045,0.1623,0.0676
2016-03-23T01:42:59.809Z,3.77,52.5568,231.5969,0.2265,0.0707,2.7202,36.7011,230.9104,0.1586,0.079,1.9836,36.9308,229.9795,0.1608,0.0574
2016-03-23T01:43:59.068Z,4.1959,52.1026,231.6072,0.2252,0.0788,2.7541,38.7467,230.4748,0.1677,0.0727,2.3428,36.937,230.8451,0.1602,0.0648
2016-03-23T01:44:59.383Z,4.1572,51.7292,231.6488,0.2233,0.0807,2.0372,36.592,227.5277,0.1611,0.0611,1.9708,37.4372,231.7205,0.1613,0.056
2016-03-23T01:45:59.615Z,4.197,53.2262,231.3179,0.2301,0.0789,2.9093,35.6724,229.8322,0.1555,0.0851,1.9899,36.2593,231.0153,0.1571,0.0576
2016-03-23T01:46:59.815Z,4.5699,52.2784,230.9065,0.2266,0.0881,2.7824,37.2222,230.7333,0.1614,0.0796,1.9452,35.7346,232.0492,0.1541,0.0559
2016-03-23T01:47:59.177Z,4.5259,52.1297,231.3169,0.2253,0.0863,2.39,35.9067,228.2894,0.1574,0.0729,2.1353,36.5572,232.7138,0.1569,0.0597
2016-03-23T01:48:59.481Z,4.1231,51.4945,232.387,0.2213,0.0779,3.3022,35.8312,227.6971,0.1575,0.0942,2.053,37.3481,233.1707,0.1607,0.0588
2016-03-23T01:49:59.783Z,3.7574,52.5559,231.9254,0.2271,0.0698,2.8452,36.3917,227.6387,0.1601,0.0814,1.7926,37.7336,232.8308,0.1622,0.0488
2016-03-23T01:50:59.082Z,4.0472,51.7398,231.7277,0.2231,0.0768,3.0479,36.7174,230.3569,0.1596,0.0851,2.4759,36.5281,232.7842,0.1568,0.0718
2016-03-23T01:51:59.221Z,4.6987,53.0864,231.6196,0.2289,0.0885,2.7531,32.3756,230.9518,0.1404,0.0944,1.794,34.8142,232.746,0.1493,0.0509
2016-03-23T01:52:59.506Z,3.8347,51.2392,231.8742,0.221,0.0749,2.9662,35.2869,231.653,0.1522,0.0838,2.5502,37.3787,233.2925,0.1604,0.072
2016-03-23T01:53:59.781Z,4.0375,52.4214,232.5073,0.2253,0.0748,3.2231,36.3593,231.1062,0.157,0.0931,2.1502,35.3856,233.2513,0.1513,0.0644
2016-03-23T01:54:59.061Z,3.8807,52.1859,231.672,0.225,0.0758,3.0672,37.9591,230.2483,0.1647,0.0818,1.9458,36.6822,233.2671,0.1579,0.0562
2016-03-23T01:55:59.321Z,4.4088,52.1775,231.6352,0.2248,0.0847,3.0448,37.2998,230.8414,0.1614,0.0852,2.0857,37.0735,232.5302,0.1596,0.0596
2016-03-23T01:56:59.554Z,3.1743,51.5486,232.0551,0.222,0.0627,2.6708,36.2066,231.0903,0.157,0.0769,1.9378,37.216,232.4148,0.1604,0.0529
2016-03-23T01:57:59.772Z,4.0451,52.2523,231.9946,0.2252,0.0757,2.7768,36.0125,230.4927,0.1558,0.0778,1.987,36.9932,232.8671,0.159,0.0579
2016-03-23T01:58:59.853Z,4.857,53.0168,232.5158,0.228,0.0918,2.8668,31.7242,230.5938,0.1374,0.0912,2.1109,33.0612,232.943,0.1421,0.0622
2016-03-23T01:59:59.093Z,4.9709,51.6937,232.3992,0.2232,0.0949,2.6782,36.5986,231.0083,0.1583,0.0817,1.6651,35.3158,232.572,0.152,0.0486
2016-03-23T02:00:59.644Z,4.1534,51.6614,231.9477,0.2227,0.0797,3.0284,37.2799,231.4854,0.1616,0.0834,2.1112,38.6486,232.6785,0.1663,0.0513
2016-03-23T02:01:59.905Z,4.0731,51.3273,231.9637,0.2214,0.0788,2.447,36.0212,230.7597,0.1558,0.0714,2.0052,36.128,232.6516,0.1553,0.0598
2016-03-23T02:02:59.112Z,4.3614,53.0087,232.2349,0.228,0.0796,2.7691,36.5702,230.8427,0.1581,0.0813,1.9441,37.5881,233.0711,0.1611,0.0489
2016-03-23T02:03:59.426Z,4.7415,52.8762,231.6496,0.2287,0.0909,3.1042,36.2614,231.0409,0.1574,0.0876,1.9189,35.9993,232.7353,0.1551,0.0513
2016-03-23T02:04:59.569Z,4.0826,51.0521,231.5685,0.2203,0.0801,3.4092,36.5759,230.9056,0.1585,0.0935,1.708,36.4392,232.2896,0.1567,0.0487
2016-03-23T02:05:59.832Z,3.9485,51.1841,231.4269,0.2212,0.0771,3.1709,33.9765,230.8918,0.1466,0.0929,1.9043,38.8958,232.4245,0.1679,0.0475
2016-03-23T02:06:59.029Z,3.5546,51.4257,231.4359,0.2224,0.0699,2.8771,37.8448,231.0389,0.1639,0.0806,2.0891,37.2089,232.5657,0.1603,0.0572
2016-03-23T02:07:59.179Z,4.4662,51.9618,230.5435,0.2253,0.087,2.6532,33.8404,230.6936,0.1465,0.0822,2.1175,37.1282,231.8247,0.1602,0.0555
2016-03-23T02:08:59.466Z,4.0538,51.0604,230.7409,0.2211,0.0795,2.6761,36.9808,231.1691,0.1599,0.0708,1.3715,37.6627,231.9963,0.162,0.039
2016-03-23T02:09:59.821Z,4.437,52.8401,230.7479,0.2285,0.0845,3.068,35.8534,230.981,0.1549,0.0919,2.141,36.4443,231.888,0.1573,0.058
2016-03-23T02:10:59.111Z,4.6129,51.8823,230.5549,0.2251,0.0891,2.977,35.715,230.9068,0.1544,0.0842,1.9336,35.2712,231.0773,0.1531,0.0554
2016-03-23T02:11:59.342Z,4.6358,52.2352,230.5585,0.2263,0.087,2.9165,37.1642,231.2136,0.1609,0.0786,1.6948,37.473,231.4226,0.162,0.0491
2016-03-23T02:12:59.686Z,4.9196,52.2643,230.7525,0.2267,0.0942,2.9659,36.3888,230.8958,0.1575,0.084,2.2444,37.2218,231.6344,0.1605,0.0577
2016-03-23T02:13:59.024Z,4.2952,51.8389,231.0551,0.2243,0.082,2.7711,37.3106,230.4567,0.1619,0.0728,1.459,35.5332,231.6322,0.1537,0.0472
2016-03-23T02:14:59.277Z,3.9349,52.4273,230.4477,0.2273,0.0743,2.8923,34.8705,230.239,0.1513,0.0882,2.0537,37.3096,231.3613,0.1618,0.0557
2016-03-23T02:15:59.614Z,4.4877,51.431,230.8308,0.2225,0.0856,2.8715,37.1677,230.143,0.1615,0.077,1.9822,36.7252,231.4781,0.1588,0.0554
2016-03-23T02:16:59.803Z,4.0992,52.8343,230.7865,0.2285,0.0766,2.622,36.2815,230.2963,0.1573,0.0793,1.9287,35.9385,230.9187,0.1558,0.0541
2016-03-23T02:17:59.096Z,4.9867,52.322,231.1807,0.2261,0.0944,3.1107,37.8638,230.771,0.1637,0.0866,1.7624,36.9117,231.2482,0.16,0.0533
2016-03-23T02:18:59.270Z,4.7444,51.4329,231.221,0.2226,0.0921,2.7038,35.6192,230.8097,0.1548,0.0823,1.9703,35.4726,231.0022,0.1533,0.0568
2016-03-23T02:19:59.479Z,4.2944,52.4215,231.2434,0.2267,0.0823,2.8607,33.0741,231.0287,0.143,0.0909,1.4245,35.1001,230.9768,0.1518,0.0414
2016-03-23T02:20:59.723Z,4.3674,51.6901,231.3898,0.2238,0.0825,2.92,36.3903,231.0741,0.1573,0.0813,2.0892,36.2634,231.0495,0.1568,0.0565
2016-03-23T02:21:59.991Z,4.3269,52.4508,231.2898,0.2269,0.0832,3.1104,35.4403,231.0949,0.1537,0.0924,1.7704,35.6687,231.0407,0.1547,0.051
2016-03-23T02:22:59.316Z,4.8716,52.4308,231.3347,0.2271,0.0922,2.9916,37.5833,231.433,0.1618,0.0796,2.3236,36.5718,231.3634,0.158,0.0658
2016-03-23T02:23:59.626Z,4.2609,52.2751,231.6857,0.2249,0.0812,2.56,36.7151,231.4686,0.1582,0.0748,2.1304,36.0731,231.6288,0.1559,0.0616
2016-03-23T02:24:59.927Z,4.4147,52.6557,231.627,0.2278,0.0814,2.9527,36.0758,231.1403,0.1563,0.0804,1.533,35.9834,231.9465,0.1549,0.0449
2016-03-23T02:25:59.215Z,4.8722,51.9814,231.4337,0.2249,0.093,2.6154,37.0167,231.162,0.1604,0.0781,2.4426,35.8782,232.0042,0.1549,0.0704
2016-03-23T02:26:59.543Z,3.9995,51.2251,231.4971,0.2209,0.0768,2.4446,36.8467,231.1853,0.1596,0.0689,2.1037,36.8248,232.1002,0.1583,0.0602
2016-03-23T02:27:59.796Z,4.2365,52.4175,231.4191,0.2269,0.0801,2.75,36.1666,231.3525,0.1565,0.0841,2.212,35.7378,232.3201,0.154,0.0603
2016-03-23T02:28:59.056Z,4.2787,52.6389,231.4206,0.227,0.0817,3.4371,36.636,230.9584,0.1588,0.0992,2.0432,36.56,232.3854,0.1577,0.0566
2016-03-23T02:29:59.333Z,4.2984,51.4041,230.7676,0.2229,0.0821,2.5925,37.5418,231.3187,0.1624,0.0726,2.3985,36.3825,232.5545,0.1569,0.0657
2016-03-23T02:30:59.732Z,3.3858,51.9561,230.768,0.2253,0.0641,2.6121,36.3682,231.4875,0.1574,0.0721,1.4355,36.5673,232.8092,0.1563,0.0402
2016-03-23T02:31:59.987Z,3.7251,51.3479,231.2103,0.2223,0.073,3.0316,37.0277,231.3665,0.1598,0.0792,2.3863,38.0021,232.8379,0.1632,0.0621
2016-03-23T02:32:59.352Z,3.8086,51.4828,230.3831,0.2237,0.0729,3.1647,36.209,231.4352,0.1567,0.0867,1.9542,36.5507,232.9874,0.1567,0.0532
2016-03-23T02:33:59.660Z,4.7954,52.0905,230.571,0.2257,0.0916,2.8369,36.058,231.4298,0.1556,0.0832,1.9036,35.7003,233.1937,0.1531,0.0551
2016-03-23T02:34:59.934Z,4.2888,51.3876,230.2664,0.2233,0.084,2.6153,36.8564,230.9051,0.1595,0.0781,1.9297,36.8444,232.688,0.1584,0.053
2016-03-23T02:35:59.402Z,4.0641,50.8289,230.0021,0.2207,0.0787,2.6114,35.9637,230.9199,0.1557,0.0778,1.8822,37.2253,232.0011,0.1602,0.0527
2016-03-23T02:36:59.773Z,4.4234,52.2567,230.7302,0.2268,0.0865,2.9951,36.7753,230.7913,0.1587,0.0825,2.2008,37.4421,231.7368,0.1615,0.0617
2016-03-23T02:37:59.070Z,4.5673,51.9633,231.0546,0.225,0.0874,2.9209,37.0571,230.8186,0.1609,0.0809,2.0504,36.9884,231.919,0.1591,0.0541
2016-03-23T02:38:59.440Z,5.1823,52.2873,230.8071,0.2259,0.0975,2.8287,35.4126,231.0896,0.1531,0.0821,2.372,36.077,231.9724,0.1554,0.0678
2016-03-23T02:39:59.704Z,3.4255,52.2112,230.7536,0.2265,0.0666,3.0988,37.3977,230.7092,0.1615,0.0799,2.1545,37.4195,231.5676,0.1614,0.059
2016-03-23T02:40:59.939Z,4.379,52.0177,230.9792,0.2252,0.0837,2.2396,35.8684,230.9489,0.1553,0.0653,2.3878,35.3202,231.514,0.153,0.0626
2016-03-23T02:41:59.091Z,4.5154,52.2022,230.914,0.2258,0.087,2.6776,36.0821,230.4228,0.1567,0.0772,1.8544,37.533,230.9182,0.1628,0.0508
2016-03-23T02:42:59.371Z,4.3808,52.115,231.0661,0.2255,0.0837,3.0923,37.0808,230.2547,0.161,0.0822,1.7649,35.894,231.0755,0.1554,0.0521
2016-03-23T02:43:59.713Z,3.2693,52.0619,231.1608,0.2252,0.0634,2.9603,37.2964,230.8599,0.1612,0.0871,2.0977,37.2298,231.5519,0.1601,0.0586
2016-03-23T02:44:59.184Z,3.4353,51.3383,231.3478,0.2221,0.0663,2.9073,37.8487,231.4052,0.1634,0.0787,1.762,35.6408,231.5143,0.1539,0.0536
2016-03-23T02:45:59.431Z,3.0392,52.3318,230.9429,0.2275,0.0576,3.0891,35.6665,231.3222,0.1543,0.0923,1.8035,36.1052,231.3214,0.157,0.0497
2016-03-23T02:46:59.683Z,2.0877,51.2786,230.4689,0.2231,0.0416,3.2073,37.0459,231.3771,0.1601,0.0902,2.1612,36.1444,231.2625,0.1564,0.0624
2016-03-23T02:47:59.879Z,1.693,50.9436,230.6505,0.2203,0.0346,3.4715,35.1777,231.6773,0.1525,0.103,2.1703,36.8977,231.2352,0.1595,0.0567
2016-03-23T02:48:59.204Z,2.6753,51.9059,231.2891,0.2244,0.0513,3.2586,35.0742,231.4953,0.1512,0.096,1.7692,36.5997,231.224,0.1583,0.05
2016-03-23T02:49:59.486Z,2.7251,51.333,231.0013,0.2221,0.0532,3.1248,35.6047,231.1838,0.1535,0.0973,2.1081,37.1432,231.1941,0.1608,0.0562
2016-03-23T02:50:59.736Z,2.1504,52.0546,231.2057,0.2248,0.0389,3.0078,37.4545,231.643,0.1613,0.0854,1.9362,36.7677,231.4791,0.1588,0.0524
2016-03-23T02:51:59.066Z,1.9682,53.112,231.317,0.2298,0.0362,3.309,37.7372,231.7109,0.1627,0.0915,2.2497,36.218,231.75,0.1569,0.0606
2016-03-23T02:52:59.307Z,2.4118,51.7147,231.4112,0.2235,0.0475,3.4103,37.2875,231.6915,0.1616,0.0947,1.9537,36.3413,232.0425,0.1565,0.0503
2016-03-23T02:53:59.573Z,2.4846,51.5233,231.6992,0.2219,0.0487,3.7951,37.5923,232.0618,0.1623,0.1007,1.9085,36.5662,232.5454,0.1568,0.0542
2016-03-23T02:54:59.715Z,470.3193,722.9691,231.2619,3.137,0.3798,506.2397,774.1303,231.8762,3.3472,0.3893,859.5683,1240.6406,230.7333,5.4032,0.7233
2016-03-23T02:55:59.920Z,1007.0547,1443.6719,230.6577,6.259,0.6972,1069.32,1548.5127,231.2056,6.6974,0.6907,1527.5348,2139.9139,229.3454,9.3303,0.7137
2016-03-23T02:56:59.269Z,1032.4281,1476.8397,231.0465,6.3927,0.6989,1076.203,1546.0424,230.189,6.7156,0.6966,1562.9916,2154.3106,229.7496,9.3769,0.7252
2016-03-23T02:57:59.548Z,1021.403,1486.1039,230.8807,6.4362,0.6872,1046.0628,1493.1854,227.9093,6.5514,0.7003,1585.189,2149.5593,229.943,9.3482,0.7376
2016-03-23T02:58:59.828Z,1047.0598,1470.0428,230.1208,6.3886,0.7122,1093.1351,1560.3664,230.0333,6.7829,0.7007,1546.1792,2123.3051,228.6297,9.2869,0.7288
2016-03-23T02:59:59.147Z,1054.2077,1465.5449,229.7282,6.3795,0.7187,1113.2358,1574.7635,229.9985,6.8466,0.7065,1550.4585,2127.2633,228.3506,9.3157,0.7289
