2016-01-06T00:00:59.046Z,951.799,1401.8848,228.9604,6.1224,0.6785,972.0162,1436.0307,228.7264,6.2775,0.6767,1474.0222,2006.5069,229.2708,8.7513,0.7344
2016-01-06T00:01:59.245Z,973.9546,1411.508,228.7638,6.1702,0.6903,1032.9388,1491.9369,230.0477,6.4849,0.6923,1499.3927,2053.3161,229.8173,8.9348,0.7302
2016-01-06T00:02:59.532Z,1004.6113,1427.6111,228.4614,6.2488,0.7039,1085.4063,1537.3239,230.7189,6.6626,0.7058,1531.2491,2091.9296,229.9478,9.0969,0.7318
2016-01-06T00:03:59.870Z,981.3452,1404.9796,228.5862,6.1462,0.6982,1060.8316,1528.4009,231.5248,6.6011,0.6939,1492.3546,2065.7762,229.9214,8.9847,0.7222
2016-01-06T00:04:59.313Z,897.3173,1336.0169,228.2081,5.8541,0.6711,977.0056,1457.3155,231.3352,6.2989,0.6705,1408.5965,1995.2694,229.8083,8.6819,0.706
2016-01-06T00:05:59.677Z,952.1152,1373.4556,228.1992,6.0186,0.693,1036.1068,1504.3834,231.221,6.5058,0.6889,1462.0498,2034.2985,229.4556,8.8647,0.7192
2016-01-06T00:06:59.911Z,992.0665,1403.3867,228.0931,6.1517,0.7071,1072.5201,1532.259,230.9547,6.6342,0.6996,1498.2121,2060.1198,229.2678,8.9852,0.7275
2016-01-06T00:07:59.374Z,1068.6233,1475.4236,228.089,6.4682,0.7237,1138.3858,1586.3731,230.6076,6.8783,0.7173,1580.3846,2126.0272,229.5215,9.2622,0.7436
2016-01-06T00:08:59.767Z,1121.3916,1510.763,228.186,6.6201,0.7424,1187.7019,1641.2813,231.012,7.1043,0.7233,1602.802,2148.6249,229.1663,9.3753,0.7458
2016-01-06T00:09:59.992Z,97.9352,245.6891,228.8952,1.0736,0.0986,95.207,229.5681,231.3885,0.9924,0.0942,237.6273,328.1514,231.3519,1.4256,0.706
2016-01-06T00:10:59.367Z,423.0372,1009.8531,227.4457,4.4401,0.3953,520.0177,1070.0241,229.7814,4.6578,0.4541,571.6122,1241.513,232.7302,5.3355,0.4775
2016-01-06T00:11:59.603Z,473.6753,1087.5639,227.9552,4.7703,0.4359,584.586,1174.3731,230.5754,5.093,0.4971,622.8138,1358.0794,233.2714,5.8213,0.459
2016-01-06T00:13:59.179Z,291.012,683.1694,228.1527,2.9976,0.2786,361.3432,736.6716,231.3603,3.19,0.3151,432.4391,873.0918,233.667,3.7435,0.572
2016-01-06T00:14:59.448Z,291.7079,510.1676,229.4323,2.2276,0.2325,314.654,536.8984,232.8508,2.3148,0.228,749.34,999.3705,232.5495,4.3175,0.7859
2016-01-06T00:15:59.734Z,1073.1787,1477.75,228.4904,6.467,0.7258,1152.5138,1623.2369,231.4079,7.0138,0.7097,1552.7683,2125.593,230.6161,9.2169,0.7307
2016-01-06T00:16:59.087Z,1103.1284,1505.2113,228.3212,6.5919,0.733,1193.9212,1643.2764,230.5515,7.1272,0.7262,1605.0361,2168.9926,230.75,9.3991,0.7398
2016-01-06T00:17:59.394Z,1075.9411,1477.7234,228.493,6.4669,0.7282,1157.9858,1612.8477,230.6031,6.9934,0.7181,1568.454,2125.7884,229.6926,9.2534,0.7381
2016-01-06T00:18:59.608Z,1105.9994,1510.7316,229.6184,6.5786,0.7323,1156.1404,1625.8823,230.6598,7.048,0.7112,1575.5211,2119.363,229.2199,9.2442,0.7434
2016-01-06T00:19:59.961Z,1110.1521,1540.9851,230.1966,6.6941,0.7203,1151.9581,1613.8122,229.9809,7.0167,0.7141,1615.6928,2159.7974,230.8351,9.3557,0.7482
2016-01-06T00:20:59.285Z,1105.6515,1501.6963,227.5536,6.5988,0.7363,1134.8766,1561.999,227.1048,6.8776,0.7262,1595.1949,2091.9285,227.4082,9.1987,0.7618
2016-01-06T00:21:59.520Z,1077.506,1477.8373,228.0036,6.4816,0.729,1104.719,1545.0807,227.5231,6.79,0.7148,1560.438,2065.7856,227.8346,9.0668,0.7552
2016-01-06T00:22:59.770Z,1102.7262,1486.7442,227.5904,6.5319,0.7417,1150.2442,1588.1753,228.2871,6.9567,0.7243,1578.5686,2092.1602,227.7578,9.1857,0.7541
2016-01-06T00:23:59.107Z,1092.1731,1457.8891,225.5165,6.4639,0.7485,1204.3366,1615.4686,228.8405,7.0586,0.7455,1595.1386,2128.4125,227.7219,9.3464,0.7493
2016-01-06T00:24:59.348Z,1067.7369,1435.792,226.6361,6.3341,0.7437,1159.799,1592.5388,228.8338,6.9594,0.7286,1541.0257,2073.4956,227.1876,9.1269,0.7437
2016-01-06T00:25:59.691Z,1047.3249,1431.7642,227.5392,6.2916,0.7317,1124.7973,1572.907,229.2508,6.8609,0.7147,1521.0362,2059.5248,228.1602,9.0264,0.7391
2016-01-06T00:26:59.951Z,1073.6211,1486.0147,228.3103,6.5084,0.7226,1114.7024,1537.6881,226.5017,6.7882,0.725,1596.0156,2102.843,229.2704,9.1716,0.7589
2016-01-06T00:27:59.316Z,1098.1329,1502.464,229.4972,6.5466,0.7313,1122.9857,1579.0463,227.9148,6.9275,0.711,1568.8467,2083.9064,228.8608,9.1056,0.7526
2016-01-06T00:28:59.853Z,1088.4204,1486.5008,229.5329,6.476,0.7322,1125.0578,1591.4176,229.2569,6.9414,0.707,1543.7307,2068.0898,228.5508,9.0486,0.7469
2016-01-06T00:29:59.151Z,1114.153,1503.1488,228.9811,6.5644,0.7412,1169.903,1624.2117,229.6212,7.0733,0.7198,1582.4036,2111.6685,228.6479,9.2352,0.7499
2016-01-06T00:30:59.450Z,1133.5806,1509.1028,227.2438,6.6402,0.7516,1223.2664,1643.0389,228.7967,7.1803,0.7449,1634.9299,2161.5107,228.258,9.4689,0.756
2016-01-06T00:31:59.761Z,1113.793,1509.393,228.9533,6.592,0.7379,1169.9987,1613.3157,228.9651,7.0459,0.726,1600.3372,2123.5821,228.5048,9.2932,0.754
2016-01-06T00:32:59.063Z,1086.282,1488.1728,229.2409,6.4914,0.73,1133.2772,1588.0342,229.1924,6.9285,0.7135,1565.1323,2092.5339,228.7277,9.1477,0.748
2016-01-06T00:33:59.295Z,1121.9928,1525.6724,229.797,6.6388,0.7354,1159.1121,1615.5116,229.3524,7.0428,0.7176,1599.9013,2121.9611,229.0649,9.2631,0.7538
2016-01-06T00:34:59.569Z,1154.3658,1550.7364,229.7712,6.7486,0.7444,1218.1682,1663.9614,229.9833,7.2344,0.7316,1648.0389,2178.566,229.263,9.5018,0.7576
2016-01-06T00:35:59.844Z,1127.0322,1531.4686,229.5891,6.6698,0.7357,1185.1673,1630.5312,229.6519,7.0999,0.7267,1627.7264,2157.6529,229.2687,9.4112,0.7547
2016-01-06T00:36:59.040Z,1084.1076,1506.6864,229.3658,6.5679,0.7201,1115.5438,1559.649,228.6187,6.8218,0.7154,1595.4629,2112.5769,229.5625,9.2021,0.7555
2016-01-06T00:37:59.370Z,1066.8156,1486.9322,228.8229,6.4983,0.7182,1117.9534,1553.9329,228.643,6.7958,0.7193,1589.6777,2117.4607,229.8939,9.2101,0.7512
2016-01-06T00:38:59.588Z,1094.085,1513.6797,228.78,6.6161,0.7224,1157.4763,1581.012,228.4732,6.9194,0.7319,1634.0612,2161.9524,230.2669,9.3887,0.7558
2016-01-06T00:39:59.804Z,1147.0253,1558.7232,228.776,6.8127,0.7354,1212.1113,1629.4229,228.5158,7.1297,0.744,1689.6888,2210.7226,230.1366,9.6059,0.7637
2016-01-06T00:40:59.961Z,1141.9304,1562.363,228.5834,6.8342,0.7306,1179.8048,1586.3651,227.1171,6.9845,0.7431,1691.6118,2191.6598,229.4465,9.5513,0.771
2016-01-06T00:41:59.386Z,1104.3484,1533.3269,229.5943,6.678,0.7204,1123.6063,1556.0178,227.7587,6.8313,0.7226,1628.9482,2133.2843,229.6548,9.2891,0.7644
2016-01-06T00:42:59.654Z,1083.5203,1515.1157,229.3416,6.6058,0.7148,1124.4954,1551.5847,227.9033,6.8081,0.7246,1625.345,2143.6233,230.5132,9.2991,0.759
2016-01-06T00:43:59.205Z,1117.5072,1547.0778,229.5137,6.7412,0.7227,1157.3543,1579.1103,227.7674,6.9325,0.7328,1661.5763,2175.9913,230.7036,9.4311,0.7626
2016-01-06T00:44:59.604Z,1104.7857,1541.2573,229.6579,6.7113,0.7169,1126.0552,1546.8609,226.719,6.8231,0.728,1650.441,2151.5818,230.3796,9.3392,0.7682
2016-01-06T00:45:59.959Z,1103.6639,1542.7536,229.1096,6.7336,0.7149,1125.3312,1538.2732,226.576,6.7883,0.7319,1664.3603,2162.994,230.4436,9.3858,0.7699
2016-01-06T00:46:59.569Z,1124.8237,1547.2513,229.3288,6.7462,0.7272,1168.2356,1585.9844,228.0585,6.9539,0.7369,1668.0497,2177.0596,229.5936,9.4819,0.7662
2016-01-06T00:47:59.903Z,1107.4844,1522.5003,229.1288,6.6442,0.7277,1156.0541,1583.3528,228.3471,6.9326,0.73,1635.6297,2151.5576,229.4771,9.3753,0.7602
2016-01-06T00:48:59.224Z,1111.3209,1550.956,229.1399,6.7679,0.7164,1121.9852,1530.309,226.0953,6.7675,0.7333,1674.8684,2161.1519,229.7931,9.4049,0.7747
2016-01-06T00:49:59.433Z,1132.954,1577.6986,229.0266,6.8883,0.7182,1134.3496,1528.5881,224.9244,6.7952,0.7423,1713.5136,2188.5482,229.8993,9.5188,0.7822
2016-01-06T00:50:59.743Z,1116.4344,1531.8626,227.8307,6.7231,0.7288,1146.5756,1546.1388,226.6176,6.8226,0.7419,1665.348,2151.9334,228.5419,9.4157,0.7733
2016-01-06T00:51:59.949Z,1109.3096,1520.9366,228.0393,6.6692,0.73,1141.3146,1558.1127,227.5513,6.8463,0.7326,1635.6509,2133.281,228.7103,9.3273,0.7662
2016-01-06T00:52:59.257Z,1130.8377,1546.9233,229.0251,6.7541,0.7311,1182.3458,1600.855,228.2467,7.0134,0.7388,1668.5815,2183.4268,229.9337,9.4958,0.7638
2016-01-06T00:53:59.501Z,1128.2874,1542.1456,229.6042,6.7161,0.7313,1164.1204,1592.4899,228.1457,6.9794,0.7311,1645.7682,2153.5162,229.1633,9.3967,0.7643
2016-01-06T00:54:59.909Z,1120.0221,1530.3222,229.7332,6.6612,0.7317,1165.0632,1603.2746,228.797,7.0069,0.7263,1627.101,2142.104,229.2037,9.3454,0.7597
2016-01-06T00:55:59.414Z,1108.7943,1516.9927,229.1467,6.6196,0.7312,1178.6028,1610.0382,229.2883,7.0216,0.7319,1627.8549,2158.9178,229.6629,9.3998,0.7539
2016-01-06T00:56:59.615Z,1105.6526,1511.7849,228.6802,6.6106,0.7314,1185.7901,1613.1943,229.3721,7.033,0.7351,1635.55,2172.4587,230.5627,9.4217,0.7526
2016-01-06T00:57:59.897Z,1113.8081,1518.0406,228.528,6.6414,0.7334,1181.9992,1610.2977,228.7953,7.0377,0.7339,1628.9482,2158.8906,230.254,9.3757,0.7547
2016-01-06T00:58:59.155Z,1111.0626,1503.3171,228.4575,6.5804,0.7389,1201.9709,1639.3291,230.064,7.1247,0.7329,1615.2107,2158.0393,230.079,9.3792,0.7491
2016-01-06T00:59:59.539Z,1106.1112,1513.2329,228.6451,6.6178,0.7311,1178.3043,1607.5556,229.0238,7.0188,0.7322,1629.0381,2162.373,230.3634,9.3861,0.7534
