2016-02-01T00:00:59.777Z,1.6567,48.2822,230.0423,0.2099,0.0332,3.4857,32.3873,230.7578,0.1407,0.1103,3.0122,36.7376,232.7335,0.1579,0.0885
2016-02-01T00:01:59.971Z,2.2785,49.8267,230.1957,0.2166,0.0458,3.4232,36.1597,230.7134,0.1566,0.0944,2.55,34.562,232.4366,0.1489,0.0712
2016-02-01T00:02:59.354Z,2.3884,50.1703,229.9406,0.2183,0.0481,2.5823,34.7436,230.2831,0.1509,0.0827,2.4839,34.2553,232.3198,0.1476,0.0714
2016-02-01T00:03:59.800Z,3.4068,49.8549,230.2497,0.2165,0.0682,3.2008,33.2376,230.7271,0.1446,0.0967,2.9302,34.5375,233.0397,0.1482,0.0842
2016-02-01T00:04:59.081Z,2.0378,50.8166,230.2151,0.2211,0.0406,2.6547,32.9902,230.8888,0.1427,0.0899,1.7441,34.9918,233.5604,0.1501,0.0534
2016-02-01T00:05:59.308Z,2.0025,49.0746,230.2756,0.2133,0.0402,3.3322,31.4873,230.8598,0.1365,0.1086,1.9285,35.0016,233.5751,0.1503,0.0591
2016-02-01T00:06:59.528Z,2.419,49.968,230.5766,0.2163,0.0474,2.6851,34.3172,228.9214,0.1498,0.0847,2.1333,34.5605,234.4528,0.1479,0.0667
2016-02-01T00:07:59.887Z,2.2036,49.5948,229.9293,0.2164,0.0443,3.3432,30.6765,230.2443,0.1333,0.1132,2.5458,35.781,233.969,0.1525,0.0693
2016-02-01T00:08:59.093Z,2.2543,48.2367,229.8922,0.2098,0.0462,3.2248,32.6507,231.3014,0.1409,0.1034,2.0144,34.3259,233.2387,0.147,0.0617
2016-02-01T00:09:59.362Z,1.9786,51.2318,229.9863,0.2227,0.0378,3.3127,34.3722,231.0801,0.1482,0.1001,2.2524,35.1175,233.0256,0.151,0.0671
2016-02-01T00:10:59.667Z,2.0208,49.246,230.0616,0.2136,0.0424,3.039,33.9443,231.5038,0.1463,0.0956,1.7618,35.4812,233.0103,0.152,0.0582
2016-02-01T00:11:59.963Z,2.2718,49.6801,230.2612,0.2157,0.0446,3.5362,35.5196,231.3197,0.1536,0.1041,2.2222,34.7439,232.4662,0.1492,0.0655
2016-02-01T00:12:59.150Z,1.8593,49.6574,229.8102,0.216,0.0374,3.4785,34.7342,230.779,0.1509,0.1066,1.8157,34.8719,231.3845,0.1503,0.0597
2016-02-01T00:13:59.429Z,2.0989,50.1353,230.4773,0.2177,0.0401,2.9615,31.8271,231.1566,0.1379,0.1003,2.013,34.4274,231.948,0.1482,0.0623
2016-02-01T00:14:59.674Z,2.01,49.5646,230.7276,0.2142,0.042,3.0162,31.9945,231.6207,0.1382,0.0988,2.1947,33.5037,232.5027,0.1444,0.0656
2016-02-01T00:15:59.889Z,2.1532,49.7366,230.4299,0.2157,0.043,3.3696,35.1074,231.867,0.1513,0.101,1.5957,33.8921,232.6574,0.1457,0.0512
2016-02-01T00:16:59.018Z,1.8827,49.9859,230.5811,0.2166,0.0378,3.8793,33.5141,231.7394,0.1449,0.1134,2.1947,33.9804,232.9224,0.1457,0.0678
2016-02-01T00:17:59.266Z,2.0887,50.4857,230.5841,0.219,0.039,3.1474,33.2962,230.7647,0.1441,0.0993,2.412,36.753,232.2085,0.158,0.0682
2016-02-01T00:18:59.519Z,2.6245,50.2633,231.7135,0.2166,0.0519,2.7132,33.7497,230.0868,0.1465,0.0843,2.1564,33.7536,231.9869,0.1451,0.0659
2016-02-01T00:19:59.834Z,2.525,49.4363,231.558,0.213,0.0514,3.2726,34.5308,230.2973,0.1492,0.0999,1.9124,34.5655,232.4527,0.1488,0.0613
2016-02-01T00:20:59.305Z,2.3532,51.2827,231.5828,0.222,0.0466,3.2991,34.261,230.6054,0.1488,0.1009,1.9801,35.0056,232.2583,0.1511,0.0608
2016-02-01T00:21:59.531Z,2.1312,50.891,231.5501,0.2199,0.0413,3.2503,34.4633,229.7259,0.15,0.1011,2.1795,34.6656,232.1034,0.1498,0.0651
2016-02-01T00:22:59.837Z,1.8005,49.7022,231.0829,0.2149,0.0336,3.1642,31.8229,229.024,0.139,0.1001,1.7974,34.9984,231.9978,0.1507,0.0582
2016-02-01T00:23:59.008Z,2.1045,49.929,231.3643,0.2156,0.0419,3.3627,33.3762,229.513,0.1449,0.1027,1.6746,35.8178,232.0271,0.1546,0.0545
2016-02-01T00:24:59.320Z,2.6549,50.7755,231.2801,0.2197,0.0526,2.8883,34.5338,229.3141,0.1509,0.0925,1.8539,34.2673,231.8463,0.1482,0.0601
2016-02-01T00:25:59.614Z,2.5641,49.4709,230.9733,0.2145,0.0522,3.1826,32.2543,229.6558,0.1407,0.0996,1.9854,35.6979,231.9158,0.1542,0.0586
2016-02-01T00:26:59.849Z,1.6135,50.7404,230.856,0.2199,0.0305,3.249,34.6485,229.7386,0.1507,0.0952,2.4698,35.3274,232.2255,0.1519,0.0709
2016-02-01T00:27:59.141Z,2.0289,50.0462,230.6717,0.2173,0.0387,2.8169,33.9536,229.8086,0.1484,0.0879,2.6806,34.6042,232.3849,0.1488,0.0807
2016-02-01T00:28:59.482Z,1.9842,50.2211,231.0611,0.217,0.0399,3.0333,34.9152,230.0134,0.1513,0.0933,1.916,35.3772,232.5721,0.1524,0.0596
2016-02-01T00:29:59.753Z,2.467,50.8265,231.4089,0.2195,0.0482,2.9385,35.6048,229.8066,0.1545,0.0878,2.1387,33.081,232.296,0.1424,0.0676
2016-02-01T00:30:59.020Z,1.8309,50.483,231.8689,0.2178,0.0378,3.5453,34.2731,230.287,0.1484,0.0978,2.0439,35.2433,232.8483,0.151,0.0633
2016-02-01T00:31:59.224Z,2.2127,51.012,231.5705,0.2204,0.0433,3.7147,32.7265,229.3676,0.1427,0.1157,1.9534,36.1989,232.91,0.1556,0.0534
2016-02-01T00:32:59.443Z,2.1891,49.8158,230.4838,0.2156,0.0426,3.2934,33.2896,228.9104,0.1455,0.1046,2.0584,34.4892,232.1548,0.1484,0.0664
2016-02-01T00:33:59.681Z,2.1589,50.2685,231.2446,0.2175,0.0436,2.9492,33.3314,229.1575,0.1452,0.0958,2.2466,33.9738,232.9226,0.1455,0.0686
2016-02-01T00:34:59.976Z,1.968,50.4302,231.7155,0.2173,0.0388,3.4241,34.8026,229.9077,0.1514,0.1022,2.3476,34.4349,232.9443,0.1474,0.072
2016-02-01T00:35:59.204Z,1.5839,50.346,231.7074,0.2173,0.0312,3.0512,34.5218,229.9755,0.1503,0.0952,2.5181,33.9858,232.4978,0.146,0.0758
2016-02-01T00:36:59.586Z,2.5812,50.0563,231.9912,0.2159,0.0511,3.2107,31.235,230.0368,0.1358,0.1062,2.4465,35.7945,232.7834,0.1535,0.0704
2016-02-01T00:37:59.105Z,2.9478,50.106,232.2243,0.2162,0.0593,3.6082,36.9369,230.5961,0.1601,0.1059,2.6063,36.3878,233.1662,0.1561,0.0706
2016-02-01T00:38:59.361Z,1.7095,50.2348,231.6875,0.2171,0.0347,3.2343,33.4543,230.751,0.1442,0.1043,2.2449,36.4437,232.9929,0.1569,0.0618
2016-02-01T00:39:59.543Z,1.9905,49.9852,231.4787,0.2157,0.039,3.2913,33.7113,230.9526,0.1454,0.1029,2.2315,35.0383,232.9443,0.1507,0.0675
2016-02-01T00:40:59.906Z,2.2066,50.8449,231.4013,0.2197,0.0436,3.2805,34.6614,230.884,0.1502,0.0992,2.0366,35.692,232.9702,0.1534,0.0625
2016-02-01T00:41:59.368Z,2.6751,50.2723,231.5744,0.2167,0.0519,3.1463,30.0122,231.2709,0.1301,0.1093,1.8747,32.1206,233.2799,0.1378,0.0621
2016-02-01T00:42:59.660Z,2.2496,49.4696,231.1685,0.2137,0.0472,2.7288,34.104,230.5066,0.148,0.0875,1.9478,36.3487,233.28,0.1558,0.0575
2016-02-01T00:43:59.907Z,2.0045,50.5423,231.0158,0.2187,0.0405,3.1149,34.2245,230.958,0.1484,0.0996,2.1195,34.5948,233.4782,0.1484,0.0634
2016-02-01T00:44:59.145Z,1.9749,49.4388,231.1736,0.2141,0.0384,2.8574,32.7758,231.0841,0.1414,0.0954,1.8833,36.0864,233.5754,0.1544,0.0586
2016-02-01T00:45:59.331Z,1.9156,50.0216,230.9829,0.2168,0.0379,3.3645,32.5056,231.1549,0.1411,0.1067,2.3021,35.3626,233.5319,0.1512,0.0633
2016-02-01T00:46:59.749Z,3.0641,49.5918,231.2982,0.2143,0.0615,3.2203,33.753,230.7558,0.146,0.0978,2.0268,36.5462,233.1715,0.1576,0.0583
2016-02-01T00:47:59.137Z,2.6136,50.1281,230.6858,0.2178,0.0513,2.6968,36.0486,230.2042,0.1568,0.0861,1.9794,34.4017,232.7486,0.1478,0.0608
2016-02-01T00:48:59.444Z,1.8565,49.9343,230.3575,0.2167,0.0371,3.1978,33.7401,229.1702,0.1474,0.0976,2.8014,34.4995,231.9129,0.1495,0.0791
2016-02-01T00:49:59.632Z,2.2855,50.6203,230.5218,0.2193,0.0448,3.0037,34.2751,229.2324,0.1497,0.098,2.1613,35.5435,231.5364,0.1535,0.0663
2016-02-01T00:50:59.986Z,1.9654,50.263,230.5958,0.2184,0.0384,3.2334,34.9462,229.3452,0.1525,0.0959,2.2832,35.7167,231.1554,0.155,0.0654
2016-02-01T00:51:59.389Z,2.2144,50.056,230.539,0.2173,0.0433,3.0092,35.2914,228.5038,0.1541,0.0937,2.1918,35.5663,230.2613,0.1541,0.0678
2016-02-01T00:52:59.653Z,1.4726,49.8655,230.4197,0.2163,0.0295,3.1687,33.0896,228.1588,0.1449,0.1008,2.494,33.7057,230.0114,0.1463,0.0768
2016-02-01T00:53:59.894Z,1.8148,49.9635,230.4137,0.2168,0.036,2.6715,32.1766,228.5998,0.1402,0.091,2.3214,33.2313,230.4936,0.144,0.0746
2016-02-01T00:54:59.122Z,1.9718,50.0237,230.7426,0.2171,0.0384,2.977,31.3957,226.9137,0.139,0.0994,1.7801,34.2843,231.5382,0.1482,0.0576
2016-02-01T00:55:59.560Z,2.6149,49.4767,230.6292,0.2142,0.0532,2.6498,32.1353,226.4934,0.1417,0.0897,1.8942,33.7949,232.1024,0.1459,0.0597
2016-02-01T00:56:59.088Z,2.5608,49.6034,230.3047,0.2156,0.0498,3.2777,33.9348,228.6184,0.1487,0.0994,1.8401,33.3074,230.7168,0.1441,0.0574
2016-02-01T00:57:59.278Z,2.084,50.2347,230.9166,0.2181,0.0393,3.3735,32.864,229.0032,0.1433,0.1062,2.4569,35.2914,230.4351,0.1531,0.0736
2016-02-01T00:58:59.503Z,1.9114,49.9861,229.9864,0.2175,0.0377,2.834,33.1962,229.3336,0.1446,0.087,1.9334,34.464,230.1645,0.15,0.0591
2016-02-01T00:59:59.877Z,1.9995,49.7871,230.114,0.2166,0.0405,3.2726,33.0755,229.3998,0.1441,0.1046,2.5333,35.4758,230.8101,0.1537,0.0773
2016-02-01T01:00:59.020Z,2.5051,48.2373,229.7582,0.2101,0.0528,3.2506,35.1874,229.5686,0.153,0.095,2.272,36.2199,230.8149,0.1571,0.0668
2016-02-01T01:01:59.160Z,1.8701,49.6086,230.3155,0.2154,0.0379,3.264,33.3486,228.8156,0.1455,0.1037,2.2646,33.6404,230.1689,0.1459,0.0716
2016-02-01T01:02:59.427Z,2.2933,49.7105,230.0348,0.216,0.0465,3.3357,34.5004,228.3862,0.151,0.1029,2.183,33.9869,229.8315,0.1479,0.0682
2016-02-01T01:03:59.809Z,2.2007,50.0986,229.9246,0.2175,0.0449,2.7166,32.645,228.1493,0.143,0.0846,2.3553,35.4874,229.6665,0.1546,0.0689
2016-02-01T01:04:59.041Z,2.6156,49.6275,229.924,0.2161,0.0528,2.9867,33.4806,228.7927,0.1458,0.1001,2.0488,32.4793,230.342,0.1409,0.068
2016-02-01T01:05:59.355Z,1.703,50.0479,229.8807,0.2184,0.0334,3.022,33.4972,229.239,0.1463,0.0967,1.5584,35.5708,230.7791,0.1539,0.0518
2016-02-01T01:06:59.634Z,1.6467,50.0807,230.3911,0.2177,0.0333,3.5142,35.2532,229.5723,0.1534,0.1,1.9053,33.6093,231.279,0.1455,0.0679
2016-02-01T01:07:59.834Z,1.9896,50.7869,230.5826,0.2201,0.0404,3.307,31.7148,229.6243,0.1382,0.1048,1.9587,34.3219,231.4526,0.1485,0.0598
2016-02-01T01:08:59.139Z,2.8476,49.3129,230.3926,0.2143,0.0564,3.3061,33.984,229.7248,0.148,0.0979,1.9064,35.2897,231.6164,0.1523,0.0564
2016-02-01T01:09:59.354Z,2.3044,50.1374,230.4165,0.2176,0.0458,3.6676,32.5596,229.9479,0.1414,0.1148,2.3881,35.4879,231.7413,0.1537,0.0655
2016-02-01T01:10:59.703Z,1.9142,49.5077,230.1202,0.2145,0.0385,3.1171,33.7041,229.8623,0.1465,0.0959,2.2221,32.8251,231.606,0.1421,0.0684
2016-02-01T01:11:59.983Z,1.5231,50.3207,229.8555,0.2186,0.0299,3.3815,33.6769,229.1696,0.1474,0.1003,2.3293,36.082,230.933,0.1565,0.0668
2016-02-01T01:12:59.221Z,2.5357,49.0426,229.8104,0.2132,0.0503,2.9602,33.1219,229.0942,0.1441,0.0939,2.3284,34.3863,230.6269,0.149,0.0719
2016-02-01T01:13:59.400Z,1.8038,49.7948,229.9726,0.217,0.0358,3.8609,32.7695,229.8075,0.1433,0.1204,2.0942,34.8013,230.411,0.1514,0.0608
2016-02-01T01:14:59.634Z,2.102,50.4388,231.0424,0.2186,0.0404,2.5977,34.0227,229.9438,0.148,0.0897,2.0088,35.9078,231.3954,0.1554,0.0587
2016-02-01T01:15:59.894Z,2.1129,49.0522,230.7629,0.2124,0.042,2.9304,32.9615,229.7928,0.1436,0.093,1.9397,34.7132,231.3961,0.1503,0.0568
2016-02-01T01:16:59.115Z,2.0535,49.8864,231.193,0.2162,0.0411,3.2773,35.1865,230.0608,0.1534,0.0992,1.9309,33.7573,231.4762,0.1458,0.0617
2016-02-01T01:17:59.226Z,1.7918,49.9956,230.8426,0.2169,0.0363,3.0312,32.2479,230.0699,0.1403,0.0984,2.3235,34.7732,231.7946,0.1498,0.0678
2016-02-01T01:18:59.440Z,2.5182,50.9264,230.8009,0.2203,0.0487,3.4099,33.0341,229.1716,0.1443,0.1065,2.8221,34.3125,231.8314,0.1482,0.0873
2016-02-01T01:19:59.847Z,2.4755,50.3445,230.9218,0.2177,0.0497,3.114,35.0691,229.3981,0.1527,0.0946,2.9449,34.0201,231.9925,0.1463,0.0881
2016-02-01T01:20:59.033Z,2.3242,49.5982,230.7624,0.2151,0.0482,3.0082,33.8307,229.2651,0.1473,0.0873,2.4852,34.6418,231.9827,0.149,0.0796
2016-02-01T01:21:59.310Z,2.6148,49.8551,230.686,0.2167,0.052,3.3,33.4816,228.7508,0.1469,0.1069,2.4681,34.0954,231.8876,0.1469,0.0793
2016-02-01T01:22:59.502Z,1.6718,50.679,229.9544,0.2207,0.0325,3.5159,34.1442,228.2208,0.1499,0.1069,2.7681,35.2268,231.5546,0.1525,0.0815
2016-02-01T01:23:59.836Z,1.8448,50.0677,229.6834,0.2185,0.0355,3.4874,33.8233,228.5888,0.1482,0.1025,2.0116,33.8132,231.26,0.1465,0.0651
2016-02-01T01:24:59.333Z,2.4739,50.6859,230.9612,0.2191,0.05,3.2691,33.33,229.1204,0.1453,0.1064,2.6182,34.6587,231.9143,0.1493,0.0789
2016-02-01T01:25:59.610Z,1.7896,50.0218,230.5147,0.2163,0.0363,3.293,34.4286,229.3556,0.1501,0.0974,2.9746,35.2952,232.0032,0.1516,0.0903
2016-02-01T01:26:59.876Z,1.9064,49.5235,230.7015,0.2147,0.0387,2.8112,33.4326,229.0452,0.1463,0.0918,3.1286,35.2142,232.2123,0.1514,0.0905
2016-02-01T01:27:59.129Z,2.0568,49.7083,230.5399,0.2158,0.0422,3.6162,34.3648,228.4953,0.1502,0.1053,2.9847,35.6442,232.1221,0.1531,0.084
2016-02-01T01:28:59.335Z,1.9318,50.4488,230.8453,0.2188,0.0393,3.1767,36.163,229.083,0.158,0.0912,2.8077,34.5487,231.7629,0.1486,0.0838
2016-02-01T01:29:59.578Z,1.7702,50.0469,230.6705,0.2173,0.0345,3.3967,32.971,228.7388,0.1441,0.1102,2.8841,33.9799,231.6489,0.1469,0.0897
2016-02-01T01:30:59.851Z,1.761,50.4663,230.5085,0.219,0.0343,3.6843,32.9932,228.9447,0.1435,0.1148,3.2169,36.3174,231.7325,0.1564,0.089
2016-02-01T01:31:59.276Z,2.0427,49.9026,230.361,0.2164,0.0412,3.1817,33.6049,228.3146,0.1466,0.096,2.8936,34.6444,230.9768,0.1498,0.0834
2016-02-01T01:32:59.485Z,1.5214,49.7448,230.2639,0.2158,0.0317,3.1871,33.3258,228.0738,0.146,0.1001,2.7422,35.5404,230.9077,0.1537,0.0793
2016-02-01T01:33:59.689Z,1.4146,50.344,229.7056,0.2195,0.0289,3.5149,33.2653,227.986,0.1455,0.1052,2.6434,34.1303,231.2737,0.1482,0.0825
2016-02-01T01:34:59.879Z,1.767,49.0105,230.402,0.2126,0.0371,2.9613,32.8125,228.7588,0.1434,0.1002,2.0732,34.4909,231.2389,0.1489,0.0681
2016-02-01T01:35:59.123Z,2.3082,50.1697,230.3238,0.2178,0.0456,3.0333,34.4621,228.5464,0.1511,0.096,2.8816,33.8904,230.7639,0.1469,0.0864
2016-02-01T01:36:59.419Z,1.6702,50.9354,230.5069,0.2204,0.0322,3.2798,33.6381,228.5678,0.1469,0.1002,2.9288,35.7026,231.5031,0.1536,0.0833
2016-02-01T01:37:59.794Z,1.7364,49.872,230.0592,0.2168,0.0345,3.482,33.8466,226.9937,0.1488,0.1075,2.7538,34.7634,232.0477,0.1496,0.0816
2016-02-01T01:38:59.276Z,2.1626,49.4693,229.6587,0.2157,0.0423,3.0191,33.5452,226.4692,0.1479,0.0932,2.6596,34.0239,231.6867,0.1472,0.0881
2016-02-01T01:39:59.641Z,2.4602,49.947,230.3162,0.2163,0.0493,3.3978,34.505,229.1985,0.1513,0.1002,2.5487,33.3462,231.4492,0.1439,0.0817
2016-02-01T01:40:59.896Z,2.1827,49.7355,230.5004,0.2154,0.0444,3.3099,33.421,229.3289,0.1449,0.1026,3.1604,35.1124,231.5704,0.1519,0.0854
2016-02-01T01:41:59.176Z,1.659,50.4011,230.3839,0.2192,0.0311,3.0233,33.9627,228.9346,0.1484,0.1029,3.141,35.1263,231.3888,0.1513,0.0909
2016-02-01T01:42:59.341Z,2.5763,50.7405,230.3874,0.2208,0.0515,3.3673,34.1273,228.7051,0.1492,0.1045,2.6662,35.0903,231.3297,0.1514,0.0729
2016-02-01T01:43:59.687Z,2.2784,49.4813,229.7641,0.2153,0.047,3.2442,34.0257,228.4889,0.1491,0.0987,2.7727,32.8297,231.9765,0.1409,0.0837
2016-02-01T01:44:59.914Z,1.7507,49.5158,230.7704,0.2146,0.0362,3.1871,32.7767,229.6133,0.1427,0.1058,2.1685,35.7802,232.2721,0.1536,0.0654
2016-02-01T01:45:59.350Z,2.0803,49.892,230.4144,0.2166,0.0414,3.0598,35.1084,229.5753,0.1526,0.0909,2.9601,34.786,231.9341,0.1501,0.088
2016-02-01T01:46:59.709Z,2.3193,50.0101,230.8217,0.2171,0.046,3.0763,33.8501,229.1768,0.1477,0.0985,2.6607,35.1651,231.5163,0.1522,0.0775
2016-02-01T01:47:59.057Z,2.7381,50.481,230.7794,0.219,0.0548,3.2902,34.2384,229.0722,0.1493,0.1032,2.6278,34.7909,231.5978,0.1503,0.0752
2016-02-01T01:48:59.355Z,1.547,49.8326,230.4881,0.2158,0.0312,2.9764,34.683,228.9732,0.1514,0.0885,2.8385,35.4491,231.4829,0.1535,0.0822
2016-02-01T01:49:59.782Z,1.5338,49.9626,230.6053,0.2166,0.0309,3.0554,32.755,228.907,0.1425,0.0959,3.1297,32.5233,231.6779,0.1404,0.0946
2016-02-01T01:50:59.029Z,1.8718,50.4046,230.4055,0.2188,0.0373,3.3999,34.7888,228.9652,0.1513,0.1017,1.8494,34.4408,231.5062,0.149,0.0626
2016-02-01T01:51:59.331Z,2.1808,48.9215,230.2124,0.2124,0.044,3.6526,31.1613,228.4451,0.1362,0.1191,2.7641,36.319,231.0553,0.1573,0.0845
2016-02-01T01:52:59.649Z,2.0575,49.9358,230.377,0.2168,0.0392,3.3293,33.5786,228.4496,0.1474,0.1092,2.3225,35.168,230.9914,0.1529,0.0737
2016-02-01T01:53:59.079Z,1.8624,49.8408,231.1801,0.2158,0.0379,3.9591,35.0323,228.0233,0.1539,0.1113,2.3782,34.0346,231.0453,0.1477,0.079
2016-02-01T01:54:59.256Z,2.1199,50.6343,230.8372,0.2197,0.0412,2.7146,32.3257,229.4179,0.1409,0.093,2.9138,35.3197,231.4987,0.1523,0.087
2016-02-01T01:55:59.535Z,1.7642,50.1523,230.3147,0.2175,0.0353,3.201,34.198,228.781,0.1498,0.0952,2.7666,35.1213,231.1695,0.1518,0.0815
2016-02-01T01:56:59.785Z,1.5155,50.1017,230.7989,0.2168,0.03,3.0599,34.365,228.9357,0.1504,0.0973,2.2737,34.6997,231.7185,0.1502,0.0749
2016-02-01T01:57:59.132Z,1.6142,50.3623,230.9607,0.218,0.0311,3.4489,33.7168,228.7201,0.1471,0.1053,2.4399,33.2229,232.1328,0.1423,0.0801
2016-02-01T01:58:59.293Z,2.799,49.2524,230.6276,0.2138,0.0565,3.3333,32.3677,228.4175,0.1422,0.1065,2.6296,34.5847,231.8936,0.1493,0.0777
2016-02-01T01:59:59.472Z,1.7142,49.8381,230.3549,0.217,0.0347,2.8524,33.2224,228.1377,0.1457,0.089,2.6451,34.7049,231.1358,0.1502,0.0786
