2016-03-08T00:00:59.642Z,4.4511,69.3453,229.6309,0.3016,0.0657,2.9493,61.612,230.7957,0.2664,0.0495,3.431,62.6991,232.0855,0.2695,0.0546
2016-03-08T00:01:59.881Z,5.3193,70.2652,229.1099,0.3065,0.0781,2.6248,60.6098,230.8657,0.2631,0.0463,3.2956,61.4202,231.5402,0.2656,0.0524
2016-03-08T00:02:59.172Z,4.4823,71.7303,229.2871,0.3124,0.0626,3.1222,63.9086,230.8427,0.2768,0.0491,2.9648,64.6946,231.5664,0.2786,0.0462
2016-03-08T00:03:59.790Z,3.696,70.5103,229.3702,0.3075,0.0542,2.8495,64.681,230.6466,0.2799,0.0442,2.7589,63.3805,231.242,0.2742,0.0427
2016-03-08T00:04:59.072Z,5.7222,70.2177,228.4274,0.3073,0.0808,2.9809,64.2471,230.1002,0.2792,0.0469,2.9481,63.123,230.5171,0.2732,0.0477
2016-03-08T00:05:59.365Z,4.7262,71.9791,229.8005,0.3132,0.0677,2.2398,63.1522,231.5386,0.273,0.0353,2.3567,64.6176,231.3168,0.2792,0.0376
2016-03-08T00:06:59.010Z,5.029,71.6259,230.2688,0.311,0.0711,2.9562,63.4698,231.1707,0.2742,0.047,2.5922,63.1408,231.6157,0.273,0.042
2016-03-08T00:07:59.216Z,4.8998,70.6978,229.2262,0.3082,0.0703,2.893,62.3648,231.4583,0.2693,0.0475,3.2054,62.826,231.5587,0.2715,0.0527
2016-03-08T00:08:59.564Z,4.049,69.1234,228.8733,0.3019,0.0589,2.6196,63.8084,231.934,0.2752,0.042,3.1176,63.1535,232.1245,0.2726,0.0501
2016-03-08T00:09:59.619Z,5.7004,70.8716,229.1423,0.3093,0.0815,3.1682,62.4587,232.3697,0.2689,0.051,3.3947,61.2491,230.9944,0.2652,0.0549
2016-03-08T00:10:59.900Z,6.0666,71.4403,230.114,0.31,0.0868,2.5995,64.2849,233.1337,0.2754,0.043,3.3849,61.7392,228.6359,0.2701,0.0533
2016-03-08T00:11:59.300Z,4.7832,70.4208,230.4329,0.3058,0.07,2.2973,63.751,233.2944,0.2731,0.0418,2.6724,62.291,229.3421,0.2714,0.0452
2016-03-08T00:12:59.076Z,4.8862,71.5874,231.3982,0.3095,0.0693,3.1776,63.6414,233.1685,0.2732,0.0502,2.9524,63.2321,229.8227,0.2752,0.0468
2016-03-08T00:13:59.495Z,4.6016,72.5093,232.0476,0.3124,0.0648,2.8441,64.203,232.4678,0.2763,0.0451,2.1402,62.9544,229.6032,0.2738,0.0347
2016-03-08T00:14:59.772Z,5.5951,71.3643,231.8376,0.3077,0.0791,2.8627,63.6459,232.6062,0.2733,0.0453,3.4777,61.8719,229.6114,0.2691,0.0567
2016-03-08T00:15:59.559Z,4.7474,72.8515,232.1455,0.3141,0.0669,3.2511,63.0368,232.2762,0.2716,0.0521,2.808,61.5064,229.7211,0.2676,0.0462
2016-03-08T00:16:59.132Z,4.6831,72.037,232.5091,0.3101,0.065,2.8912,63.0683,231.8963,0.2717,0.0472,2.5246,61.0259,229.2406,0.2664,0.0451
2016-03-08T00:17:59.327Z,5.2322,72.5938,232.1618,0.3124,0.0731,3.0074,62.4065,231.6735,0.2697,0.0484,2.5623,63.6249,228.9089,0.2776,0.0398
2016-03-08T00:18:59.630Z,5.3225,72.3171,232.0259,0.3113,0.0765,2.8783,65.3964,231.808,0.2815,0.0436,2.9798,63.4761,232.0122,0.2736,0.0452
2016-03-08T00:19:59.845Z,4.6156,71.3812,231.7454,0.308,0.0675,3.2089,64.2701,232.1687,0.2765,0.0501,2.6551,64.4838,232.4368,0.2774,0.0414
2016-03-08T00:20:59.457Z,4.3308,72.3317,231.9783,0.312,0.0606,2.8781,63.8293,232.7181,0.2743,0.0434,3.1216,64.2331,232.9764,0.2751,0.0478
2016-03-08T00:21:59.357Z,5.1063,71.2421,232.4288,0.3064,0.0734,3.3959,64.6847,233.1051,0.2774,0.0505,2.9125,62.9137,233.0145,0.2697,0.0473
2016-03-08T00:22:59.695Z,5.916,72.0051,232.0974,0.3102,0.0841,2.6904,63.4577,232.6966,0.2723,0.0438,2.5145,64.0613,233.1405,0.2751,0.0395
2016-03-08T00:23:59.105Z,5.3277,72.5368,232.0924,0.3121,0.0749,2.9002,64.1581,232.301,0.2767,0.045,3.2272,63.8198,233.3743,0.2738,0.051
2016-03-08T00:24:59.850Z,4.337,71.618,231.8397,0.3084,0.0612,2.7255,63.0839,232.2689,0.2711,0.0438,2.6634,64.073,233.4645,0.2747,0.0428
2016-03-08T00:25:59.763Z,4.9063,72.4742,231.2533,0.3133,0.0689,2.5462,62.603,231.3922,0.2705,0.0415,2.8733,63.2193,232.9587,0.2716,0.0479
2016-03-08T00:26:59.058Z,5.3014,71.0483,230.692,0.3078,0.0748,3.0781,63.0519,230.6081,0.2727,0.052,2.7511,63.4602,232.4672,0.2728,0.0444
2016-03-08T00:27:59.525Z,5.2445,71.4228,230.8485,0.3091,0.0734,2.4811,63.2752,230.8827,0.274,0.0395,2.7602,63.4725,232.3968,0.2737,0.0425
2016-03-08T00:28:59.113Z,3.859,70.5496,231.4949,0.3042,0.0559,2.9372,62.3297,231.6696,0.2693,0.0481,2.5256,64.0371,233.2806,0.2744,0.0402
2016-03-08T00:29:59.469Z,3.893,71.7265,231.5918,0.3095,0.054,2.97,63.2716,231.5287,0.2732,0.0466,2.8102,64.0466,233.1677,0.2742,0.0449
2016-03-08T00:30:59.061Z,4.8451,71.4256,231.9854,0.3077,0.0698,2.7726,62.1874,232.0013,0.2681,0.0464,2.896,62.9643,233.4946,0.2696,0.0476
2016-03-08T00:31:59.347Z,5.1749,72.5845,232.143,0.3124,0.0707,3.1448,63.8035,231.8558,0.2748,0.049,3.1878,64.3941,233.5287,0.2758,0.0508
2016-03-08T00:33:59.293Z,4.6791,72.0927,232.5988,0.3097,0.0664,3.2546,64.0396,232.034,0.2758,0.0507,2.7839,64.5498,233.8066,0.2759,0.0431
2016-03-08T00:34:59.657Z,4.7116,71.9011,232.6722,0.3086,0.0664,2.7176,64.471,232.2825,0.2774,0.042,2.8813,63.7537,234.3685,0.2715,0.0446
2016-03-08T00:35:59.114Z,5.0311,72.5513,232.45,0.3118,0.0719,3.3968,64.7196,232.131,0.2792,0.0526,2.7493,62.9631,234.7427,0.2679,0.0429
2016-03-08T00:36:59.777Z,4.8283,71.7617,231.6138,0.3096,0.0699,3.0627,62.0486,231.2127,0.2682,0.0507,2.2671,64.2647,233.5646,0.2753,0.0355
2016-03-08T00:37:59.237Z,4.3846,71.5423,231.4963,0.3091,0.0626,3.4144,62.354,231.1041,0.2703,0.0541,2.5803,65.069,233.8698,0.2781,0.0409
2016-03-08T00:38:59.436Z,4.1202,70.9985,232.2542,0.3053,0.0597,2.9324,63.4801,232.3083,0.2734,0.0461,2.8998,65.7848,234.446,0.2809,0.0449
2016-03-08T00:39:59.298Z,4.5312,72.1059,231.9626,0.3106,0.0634,3.235,63.3079,232.1947,0.273,0.0507,2.9106,65.0761,234.0192,0.2777,0.0444
2016-03-08T00:40:59.688Z,4.7909,70.7738,231.4305,0.3062,0.0687,3.2937,61.9667,232.111,0.2673,0.0542,2.6885,64.1373,233.8833,0.2736,0.0439
2016-03-08T00:41:59.012Z,4.5798,71.5203,231.8616,0.3084,0.0639,3.1002,64.0509,232.1903,0.2757,0.0502,3.4132,63.8799,233.8723,0.2731,0.0533
2016-03-08T00:42:59.407Z,4.6757,70.9153,231.3631,0.3063,0.0671,2.8147,64.4887,232.124,0.2773,0.044,3.1946,63.6512,233.6995,0.2729,0.05
2016-03-08T00:43:59.737Z,4.773,71.6904,231.0342,0.31,0.0677,2.7226,61.8129,232.2497,0.266,0.0445,2.8275,63.7939,233.6158,0.2738,0.0442
2016-03-08T00:44:59.996Z,5.4069,71.2719,230.9275,0.3085,0.0771,2.4267,63.5036,233.0795,0.2719,0.0398,1.9209,65.1947,233.8462,0.2787,0.0302
2016-03-08T00:45:59.342Z,5.175,70.7628,230.5989,0.3067,0.0753,3.0108,63.9633,233.4906,0.2741,0.0487,2.5853,63.9531,233.9779,0.2733,0.0408
2016-03-08T00:46:59.979Z,4.3307,71.9209,230.8249,0.3116,0.0598,2.978,64.2188,232.4565,0.2762,0.0477,2.3898,63.554,233.5471,0.272,0.0405
2016-03-08T00:47:59.566Z,4.3719,71.3654,230.9057,0.3094,0.0627,2.73,63.0266,231.3943,0.2726,0.0437,3.3484,65.1329,233.6406,0.2786,0.0497
2016-03-08T00:48:59.881Z,4.8518,71.523,230.8985,0.3099,0.0695,2.814,64.3661,231.5132,0.2779,0.0433,2.6734,63.4803,233.4061,0.2722,0.0429
2016-03-08T00:49:59.221Z,4.2476,71.8562,230.818,0.3111,0.0585,2.473,63.4713,231.2698,0.2747,0.0399,3.1566,64.4917,232.1657,0.278,0.0475
2016-03-08T00:50:59.513Z,4.7701,70.7235,230.8254,0.3064,0.0695,2.9841,62.6796,231.6589,0.2704,0.0471,2.8264,63.1657,231.376,0.2728,0.0451
2016-03-08T00:51:59.233Z,4.7803,70.9653,231.9054,0.3061,0.0678,2.6751,65.3979,232.7291,0.281,0.0416,2.3054,62.6781,232.1381,0.2699,0.0361
2016-03-08T00:52:59.546Z,4.8014,72.7555,231.705,0.3137,0.0668,2.7995,62.4533,232.553,0.2687,0.0454,2.6708,64.3418,232.2636,0.2777,0.0405
2016-03-08T00:53:59.050Z,5.3442,72.2767,231.5407,0.312,0.0742,2.7172,64.0569,232.0744,0.2762,0.0417,3.3331,63.7297,231.9469,0.2749,0.0522
2016-03-08T00:54:59.624Z,4.9637,72.1336,232.6299,0.3097,0.0688,2.5353,63.1259,232.832,0.2713,0.0414,2.9589,63.9802,231.247,0.2765,0.0467
2016-03-08T00:55:59.870Z,4.1167,70.7614,232.2336,0.3044,0.0585,2.6507,63.1238,232.0632,0.2725,0.0429,2.8253,61.5151,230.3112,0.2674,0.0481
2016-03-08T00:56:59.830Z,4.2273,71.4951,232.0195,0.3079,0.06,3.2744,62.911,231.5193,0.2721,0.0522,2.7036,64.3722,231.7742,0.2778,0.0423
2016-03-08T00:57:59.359Z,4.9553,71.1521,231.9208,0.307,0.0714,3.3141,61.3664,231.013,0.2658,0.0532,2.439,62.9319,230.8489,0.2727,0.0389
2016-03-08T00:58:59.823Z,5.4298,72.0674,232.5455,0.3099,0.0764,3.1132,64.5234,232.9007,0.277,0.047,2.8393,62.9155,231.53,0.2718,0.0452
2016-03-08T00:59:59.140Z,4.6042,70.8549,232.5889,0.304,0.0667,2.4942,63.454,233.3052,0.2719,0.0398,2.9422,64.1236,231.8719,0.2767,0.0458
2016-03-08T01:00:59.452Z,3.8933,71.2648,232.0782,0.3069,0.0551,2.9104,63.6876,233.3152,0.2731,0.0462,3.0681,62.8815,231.9871,0.2711,0.0489
2016-03-08T01:01:59.214Z,5.161,72.7531,232.5359,0.313,0.0709,3.5784,63.4866,233.2732,0.2723,0.0579,2.5553,63.6002,232.0784,0.2744,0.0408
2016-03-08T01:02:59.686Z,5.2439,72.4928,232.7378,0.3116,0.0727,3.0588,66.1458,233.6959,0.2835,0.0464,2.6289,63.22,232.5843,0.272,0.0424
2016-03-08T01:03:59.323Z,5.2317,72.2991,233.1083,0.3096,0.0742,3.0568,63.6143,234.0303,0.2714,0.0496,2.5367,63.3291,232.7652,0.2722,0.0411
2016-03-08T01:04:59.641Z,4.1962,71.5716,233.2254,0.3072,0.0605,3.1127,63.9314,233.8795,0.273,0.0488,2.7983,63.7589,232.6757,0.2739,0.0447
2016-03-08T01:05:59.174Z,3.5914,70.4234,232.4202,0.303,0.0508,2.9538,64.5844,233.8317,0.2761,0.0468,2.7832,61.3964,232.3392,0.2646,0.0459
2016-03-08T01:06:59.589Z,4.624,71.5637,232.1218,0.3079,0.0659,2.7066,63.8697,232.9814,0.274,0.0432,2.9622,65.6645,232.179,0.283,0.0465
2016-03-08T01:07:59.913Z,5.3837,71.9846,232.6408,0.309,0.0755,2.9495,62.214,232.6116,0.2678,0.0475,2.5876,62.4772,231.7548,0.2697,0.0424
2016-03-08T01:08:59.714Z,4.9814,71.8868,233.1858,0.3078,0.0697,2.8676,63.4622,233.9723,0.2709,0.0466,2.9921,64.5051,232.9409,0.2773,0.0469
2016-03-08T01:09:59.021Z,4.3281,72.3778,232.5352,0.3116,0.0618,3.1954,62.7621,234.1877,0.2682,0.0533,2.5978,63.9487,233.4777,0.2739,0.0389
2016-03-08T01:10:59.261Z,5.1769,70.8875,231.6589,0.3058,0.0752,2.9822,63.8813,233.5097,0.2736,0.0496,3.1778,63.0586,234.0416,0.2692,0.0509
2016-03-08T01:11:59.517Z,5.151,71.3379,231.762,0.3073,0.0733,2.7804,63.4267,233.1863,0.272,0.046,2.8895,64.4633,234.2142,0.2753,0.0455
2016-03-08T01:12:59.809Z,4.794,72.3427,232.2085,0.3113,0.0671,2.9825,64.5493,234.1173,0.276,0.0464,2.5964,63.1452,234.0093,0.2698,0.0404
2016-03-08T01:13:59.458Z,4.3037,71.7537,232.1603,0.3084,0.0618,2.8541,63.5261,233.9961,0.2712,0.0431,2.8737,63.5824,234.0286,0.2717,0.0458
2016-03-08T01:14:59.855Z,4.8988,71.1245,231.7052,0.3066,0.0715,3.0441,64.0587,234.2554,0.2737,0.046,2.9086,63.512,234.2529,0.2711,0.047
2016-03-08T01:15:59.062Z,5.0686,71.1771,231.0049,0.3079,0.0738,3.0239,62.6827,233.5462,0.2681,0.0479,2.9964,64.6424,233.6376,0.2767,0.0472
2016-03-08T01:16:59.887Z,4.3188,71.6422,230.8739,0.3102,0.0612,2.7966,63.0397,232.7423,0.2707,0.043,2.8278,63.9977,233.0979,0.2751,0.0437
2016-03-08T01:17:59.371Z,4.6149,71.9883,230.2324,0.3123,0.0648,3.1314,65.4342,233.0642,0.281,0.0467,2.4193,63.6378,232.3053,0.2741,0.0382
2016-03-08T01:18:59.824Z,5.143,71.5781,230.9002,0.3101,0.0731,3.1726,63.9192,232.6605,0.2747,0.0482,2.6863,64.6237,233.4636,0.2769,0.0414
2016-03-08T01:19:59.129Z,5.5048,68.9927,231.155,0.2987,0.0809,3.0954,62.1671,232.4843,0.2674,0.0512,3.0604,61.746,233.3487,0.2649,0.052
2016-03-08T01:20:59.419Z,4.1682,71.8675,231.0374,0.3112,0.058,3.0577,64.5943,232.4154,0.2784,0.0464,2.2404,64.4668,233.5238,0.2767,0.0353
2016-03-08T01:21:59.060Z,4.7962,70.951,230.9761,0.3076,0.0679,2.6869,61.9997,232.0612,0.2673,0.0427,2.4847,63.4961,232.9971,0.2721,0.0402
2016-03-08T01:22:59.339Z,4.9744,72.759,230.9698,0.3147,0.0693,2.9741,63.6865,232.0849,0.2744,0.0499,3.1759,65.4208,232.8481,0.281,0.0484
2016-03-08T01:23:59.846Z,4.971,71.9293,230.6014,0.3117,0.0709,3.1427,65.092,232.0691,0.2805,0.0486,2.7268,63.7589,232.6926,0.2743,0.0415
2016-03-08T01:24:59.297Z,4.9759,71.3196,230.3377,0.3097,0.0701,2.9473,62.5826,231.287,0.2701,0.0453,2.748,61.5022,231.9047,0.2651,0.0467
2016-03-08T01:25:59.098Z,5.1652,71.8382,229.8815,0.3122,0.0724,3.0335,63.163,230.5502,0.2742,0.0482,2.7555,63.4584,231.4529,0.2745,0.0434
2016-03-08T01:26:59.331Z,4.4878,70.9648,230.0842,0.3086,0.0648,2.4386,63.2959,230.3176,0.2748,0.0377,2.77,64.8352,231.258,0.2805,0.0424
2016-03-08T01:27:59.663Z,4.8801,71.0546,230.0441,0.3088,0.0695,3.1576,64.557,230.5401,0.2801,0.0498,3.1078,63.0882,230.2755,0.274,0.0501
2016-03-08T01:28:59.170Z,4.5957,72.3897,229.9806,0.3142,0.0634,3.0619,62.569,230.1516,0.2716,0.0481,2.9007,62.8492,231.1207,0.2721,0.0473
2016-03-08T01:29:59.553Z,5.3985,71.1621,230.8004,0.3082,0.0777,2.827,63.7871,230.8192,0.2759,0.0446,2.4009,63.0522,231.9801,0.272,0.0391
2016-03-08T01:30:59.844Z,5.1645,71.5912,231.6713,0.3086,0.0738,3.2679,63.9146,232.3315,0.2752,0.0513,2.1445,62.3679,233.3548,0.2665,0.0354
2016-03-08T01:31:59.413Z,4.6185,72.0775,231.4063,0.3115,0.0653,2.6664,62.3101,231.8395,0.269,0.0438,3.2911,63.2902,233.15,0.2711,0.0516
2016-03-08T01:32:59.953Z,4.4481,71.1723,231.3526,0.3076,0.0629,3.3709,62.9402,231.7876,0.2718,0.0527,3.0135,64.9388,233.3635,0.2786,0.0456
2016-03-08T01:33:59.370Z,5.0749,71.5902,231.8153,0.309,0.0713,3.1451,64.0526,231.9063,0.276,0.0501,3.051,63.248,233.176,0.2707,0.0487
2016-03-08T01:34:59.703Z,5.27,71.9237,232.5412,0.3089,0.0743,2.5378,62.7657,232.0117,0.2704,0.0412,2.4624,63.9987,232.5676,0.275,0.0409
2016-03-08T01:35:59.867Z,4.3785,71.0634,231.8397,0.3059,0.0634,3.2232,62.8336,231.4952,0.2719,0.0511,2.9792,63.6338,232.0098,0.2744,0.0467
2016-03-08T01:36:59.025Z,5.2347,73.252,231.88,0.3163,0.0707,2.9181,63.5896,230.9788,0.2752,0.046,2.7632,63.2743,232.062,0.2731,0.044
2016-03-08T01:37:59.525Z,5.2404,72.0262,230.8802,0.3121,0.0733,3.4211,63.3504,230.1937,0.2754,0.0514,3.3365,64.6712,232.3152,0.2786,0.0521
2016-03-08T01:38:59.887Z,4.6879,71.5753,231.4786,0.3093,0.0665,3.0465,62.5928,230.982,0.271,0.0486,2.629,63.1384,232.2474,0.2717,0.0427
2016-03-08T01:39:59.322Z,4.3169,70.3059,232.3173,0.3023,0.0624,2.8693,64.5019,231.8656,0.2779,0.0449,2.8617,62.1748,232.547,0.2676,0.0486
2016-03-08T01:40:59.068Z,4.8932,73.133,232.6704,0.3147,0.0677,2.9931,62.5606,231.9654,0.2694,0.0489,2.7897,63.1908,232.4841,0.2716,0.0438
2016-03-08T01:41:59.429Z,4.5885,72.4088,232.64,0.311,0.064,2.8991,63.8679,232.5315,0.2746,0.0459,2.8085,63.8788,232.2308,0.2755,0.0449
2016-03-08T01:42:59.663Z,5.2666,72.7938,232.7437,0.3127,0.0743,3.0586,63.9907,232.0966,0.2755,0.0489,2.4662,63.3492,232.1823,0.273,0.0374
2016-03-08T01:43:59.386Z,4.5503,72.037,232.8198,0.309,0.0641,3.0395,64.1666,232.6815,0.2758,0.0482,3.1123,64.1704,232.5476,0.2757,0.0476
2016-03-08T01:44:59.455Z,4.6303,71.5289,233.2579,0.3062,0.0662,3.236,61.9309,232.5193,0.2666,0.0531,2.7015,62.3619,232.659,0.2682,0.0475
2016-03-08T01:45:59.852Z,5.1271,72.5496,232.6286,0.3119,0.0709,2.8349,64.0055,231.8755,0.2759,0.0454,2.7213,63.7138,232.051,0.2745,0.0449
2016-03-08T01:46:59.047Z,5.3747,71.7107,232.3776,0.3091,0.0757,3.1039,63.1051,231.3946,0.2728,0.0499,2.4983,63.6477,231.7191,0.275,0.0402
2016-03-08T01:47:59.415Z,4.5386,73.0859,233.0897,0.3131,0.0622,2.979,63.3944,230.2497,0.2755,0.0476,2.7566,63.5515,230.2736,0.2757,0.0438
2016-03-08T01:48:59.757Z,4.1289,71.9601,232.6473,0.3096,0.0575,2.4214,62.5695,231.4474,0.27,0.0395,3.2135,64.8854,230.9863,0.2807,0.0502
2016-03-08T01:49:59.153Z,4.608,71.3458,232.871,0.3059,0.0654,2.511,61.0766,232.3372,0.2631,0.0398,2.4488,62.1192,231.6191,0.2681,0.0412
2016-03-08T01:50:59.590Z,4.5624,72.5329,232.5223,0.3115,0.0643,2.7459,63.7066,232.1774,0.2742,0.0433,3.0945,63.7443,231.9316,0.2744,0.0496
2016-03-08T01:51:59.124Z,5.3727,71.9155,232.0452,0.31,0.0764,3.4349,65.0995,232.104,0.2803,0.0543,3.2642,63.0476,231.7659,0.272,0.0512
2016-03-08T01:52:59.505Z,5.2455,71.0881,231.4147,0.3075,0.0744,2.8498,63.1585,231.7398,0.2729,0.0451,2.9386,63.9214,231.3851,0.2757,0.0465
2016-03-08T01:53:59.966Z,4.4637,70.6889,231.7345,0.305,0.066,2.713,61.7627,231.9162,0.2663,0.0435,2.8618,63.1009,231.8251,0.2718,0.0465
2016-03-08T01:54:59.271Z,4.808,71.1941,232.0851,0.3064,0.0686,2.6932,62.5307,231.9769,0.2696,0.0436,2.637,63.1822,231.7688,0.2723,0.0436
2016-03-08T01:55:59.553Z,5.2549,72.0198,231.2568,0.3112,0.0735,2.8915,63.028,231.3704,0.2724,0.0466,2.363,63.6985,231.6422,0.2754,0.0397
2016-03-08T01:56:59.942Z,4.7574,71.0228,230.471,0.3078,0.0664,2.4597,64.3046,230.8836,0.2785,0.0397,2.9577,63.7992,232.4458,0.2745,0.0452
2016-03-08T01:57:59.706Z,5.1663,70.8622,230.7801,0.3071,0.0741,3.0902,63.4104,230.9249,0.2744,0.0479,2.8002,63.8694,232.3062,0.2748,0.0447
2016-03-08T01:58:59.019Z,5.0786,70.6041,231.3991,0.305,0.0731,2.9801,61.3006,231.3519,0.2644,0.0518,3.2052,63.4143,232.0042,0.2732,0.0542
2016-03-08T01:59:59.749Z,5.3068,72.6157,232.0582,0.3125,0.0739,3.0277,63.4707,231.6946,0.2737,0.0466,2.6332,63.9858,231.7578,0.2763,0.0414
