2016-04-26T00:00:59.887Z,2.4923,69.2821,232.9605,0.297,0.0372,3.7447,63.757,233.4888,0.2734,0.0589,2.4559,62.254,234.6398,0.2651,0.0404
2016-04-26T00:01:59.199Z,2.2572,71.1019,233.0111,0.305,0.0338,3.639,64.7603,233.6439,0.2768,0.0564,1.3464,61.9537,234.5878,0.2642,0.021
2016-04-26T00:02:59.657Z,2.6367,70.5134,233.4119,0.3021,0.0387,3.6158,62.861,233.7119,0.269,0.057,2.1399,63.8287,234.4032,0.2722,0.0338
2016-04-26T00:03:59.825Z,2.4338,70.9466,233.628,0.3035,0.0342,3.808,63.1977,233.9423,0.2699,0.061,1.9704,61.4248,233.3048,0.2631,0.0329
2016-04-26T00:04:59.198Z,2.2622,71.8122,233.7501,0.3069,0.0309,3.1721,64.0826,233.859,0.2738,0.0501,2.543,64.2487,233.7221,0.2746,0.04
2016-04-26T00:05:59.484Z,2.7885,71.3837,233.4027,0.3056,0.0397,3.3982,64.6303,234.3191,0.2758,0.0542,2.0418,63.063,234.91,0.2684,0.0329
2016-04-26T00:06:59.853Z,2.7239,70.4451,233.1189,0.3022,0.0389,3.6527,65.5807,234.482,0.2796,0.0573,1.9313,62.8204,234.7033,0.2675,0.03
2016-04-26T00:07:59.342Z,2.8417,71.1467,233.0803,0.3053,0.0401,3.7,63.9289,234.4921,0.2723,0.0566,2.1889,63.7483,234.5846,0.2716,0.0342
2016-04-26T00:08:59.624Z,2.6166,72.5343,232.9275,0.3114,0.0362,3.502,62.696,234.6812,0.2671,0.0559,2.1177,65.0912,234.5768,0.2778,0.0347
2016-04-26T00:09:59.902Z,2.1822,72.9092,233.2991,0.3127,0.0303,3.1933,64.3181,234.0416,0.2744,0.0513,2.0505,64.0141,234.7762,0.2729,0.0327
2016-04-26T00:10:59.382Z,2.5457,70.5563,233.3815,0.3023,0.0355,3.2881,62.7231,233.3927,0.269,0.0537,2.0855,63.5207,235.0746,0.2703,0.0338
2016-04-26T00:11:59.869Z,2.8156,71.4766,233.3405,0.3065,0.0395,3.1176,62.4705,233.2474,0.2677,0.0508,2.0478,62.7723,234.8604,0.2675,0.0341
2016-04-26T00:12:59.196Z,2.1708,71.4728,233.0239,0.3069,0.029,3.4726,63.9751,233.3606,0.2739,0.0546,2.0797,64.4582,234.6879,0.2751,0.0328
2016-04-26T00:13:59.230Z,1.7366,70.7753,231.5765,0.3056,0.0257,3.2977,64.7476,233.9786,0.2765,0.0527,1.6402,65.1014,234.8705,0.2769,0.0256
2016-04-26T00:14:59.580Z,2.6536,71.9262,231.9695,0.3098,0.0371,3.4995,62.9944,234.422,0.2689,0.056,1.853,63.0999,235.0576,0.2689,0.0297
2016-04-26T00:15:59.905Z,3.1987,71.7554,232.3634,0.309,0.0454,3.3382,63.094,234.9659,0.268,0.0557,2.1716,63.3362,235.0997,0.2695,0.0346
2016-04-26T00:16:59.763Z,2.0997,70.3307,230.1179,0.3059,0.03,3.1084,62.4491,233.5727,0.267,0.052,1.5921,62.6858,233.102,0.2685,0.0276
2016-04-26T00:17:59.089Z,1.6537,70.358,228.9549,0.3075,0.0218,3.5809,62.15,232.2676,0.2673,0.059,2.2487,63.4255,231.9447,0.2736,0.0354
2016-04-26T00:18:59.443Z,2.2385,70.6115,230.0699,0.3068,0.032,3.2705,63.378,231.6557,0.2735,0.0523,2.164,63.371,231.4493,0.2742,0.0341
2016-04-26T00:19:59.129Z,2.8227,70.0057,230.4951,0.3036,0.0406,3.0872,64.5804,231.349,0.2792,0.0486,1.8744,62.5556,231.4902,0.2702,0.0284
2016-04-26T00:20:59.863Z,2.9118,70.2671,230.5335,0.3047,0.0425,3.432,63.1954,231.0936,0.2734,0.0568,2.0148,59.8623,231.0722,0.2589,0.0392
2016-04-26T00:21:59.149Z,1.7859,70.8837,230.2456,0.3073,0.026,3.2498,63.8518,231.1374,0.276,0.0521,1.5896,63.6846,231.1957,0.2759,0.0261
2016-04-26T00:22:59.455Z,2.1734,70.4066,230.5475,0.3052,0.0304,3.4111,61.9584,231.295,0.2675,0.0545,1.9804,62.0232,231.0411,0.2684,0.0325
2016-04-26T00:23:59.168Z,2.0309,70.7046,230.3382,0.3066,0.0289,3.5179,63.1704,231.5411,0.2733,0.0539,2.0991,63.3014,231.1907,0.2736,0.0318
2016-04-26T00:24:59.822Z,2.6565,69.3218,230.3443,0.3007,0.0376,3.0546,60.7749,231.2918,0.2627,0.0504,2.7232,62.8958,231.4182,0.2722,0.0425
2016-04-26T00:25:59.228Z,1.86,70.2197,230.5893,0.305,0.0271,2.801,59.6609,229.0824,0.2604,0.0476,1.7107,63.0737,231.9752,0.2719,0.028
2016-04-26T00:26:59.860Z,2.204,71.4867,230.7674,0.3096,0.0314,3.1184,62.6888,228.6953,0.2736,0.0492,2.3,63.0952,232.6961,0.2708,0.0368
2016-04-26T00:27:59.567Z,2.0311,69.6152,230.405,0.3024,0.0294,2.8633,62.5757,231.157,0.2702,0.0461,2.271,63.3458,232.2193,0.2724,0.0356
2016-04-26T00:28:59.980Z,3.1655,68.9097,230.2933,0.2995,0.0453,3.9217,63.129,231.348,0.2727,0.0605,1.9736,62.0011,232.3482,0.2671,0.0336
2016-04-26T00:29:59.713Z,2.179,71.3123,230.4228,0.3092,0.0297,3.3058,62.5292,231.3136,0.27,0.0529,1.977,63.7001,232.2144,0.2746,0.0319
2016-04-26T00:30:59.153Z,1.9271,69.9069,230.1671,0.3037,0.0289,3.4474,62.0266,231.1451,0.2686,0.0562,2.4857,64.0587,232.2512,0.2754,0.0387
2016-04-26T00:31:59.504Z,2.0991,70.8009,230.0687,0.3084,0.0304,3.2896,62.3165,231.1117,0.2696,0.0511,2.4821,62.3293,232.3057,0.2682,0.039
2016-04-26T00:32:59.073Z,2.0093,71.0891,230.4984,0.3087,0.0277,3.2486,62.438,231.3282,0.2698,0.0532,1.261,63.6152,232.1558,0.274,0.0207
2016-04-26T00:33:59.632Z,2.7157,70.9818,230.4839,0.3082,0.0376,3.1423,62.0898,231.3146,0.2688,0.0512,2.5707,64.5832,232.3174,0.2785,0.0397
2016-04-26T00:34:59.141Z,2.6601,69.8602,230.5912,0.3032,0.0388,3.5751,63.7287,231.7622,0.2747,0.0578,1.7671,64.4563,232.2956,0.2772,0.0278
2016-04-26T00:35:59.923Z,1.9866,70.8304,230.5371,0.3072,0.0283,3.2557,63.5254,231.7698,0.2735,0.0526,1.9951,61.7195,232.0705,0.2657,0.0329
2016-04-26T00:36:59.428Z,2.3911,71.0853,230.4664,0.3083,0.0326,3.0543,62.9029,231.9491,0.2712,0.0482,2.0237,63.1348,231.9267,0.2723,0.0324
2016-04-26T00:37:59.488Z,1.6587,70.3445,230.736,0.3048,0.0241,3.1438,64.5911,231.7645,0.279,0.0496,2.1319,62.268,231.8792,0.2685,0.0349
2016-04-26T00:38:59.289Z,2.0137,70.0932,230.7145,0.3037,0.0285,3.1481,61.783,231.4829,0.2671,0.05,2.5082,64.0525,232.0657,0.276,0.0395
2016-04-26T00:39:59.808Z,1.6518,69.7724,230.7086,0.3021,0.0245,3.9795,62.7238,231.4882,0.2713,0.0664,2.0063,60.6802,232.1571,0.2612,0.036
2016-04-26T00:40:59.011Z,1.776,70.2409,230.713,0.3043,0.0255,3.0171,62.3663,231.5547,0.2692,0.0493,2.3579,63.6879,232.3451,0.2745,0.0357
2016-04-26T00:41:59.284Z,2.4339,70.6645,230.4834,0.3063,0.0346,3.3195,63.1098,231.113,0.2734,0.0539,2.3123,63.6737,232.482,0.2737,0.0377
2016-04-26T00:42:59.195Z,1.9123,70.2177,230.8268,0.3037,0.028,3.1758,61.7274,231.0304,0.2677,0.051,2.159,62.3864,232.0444,0.2689,0.0342
2016-04-26T00:43:59.491Z,1.6609,70.9986,230.6481,0.3076,0.0244,3.2367,62.8286,230.9466,0.2722,0.0527,2.1207,63.2289,232.2278,0.2721,0.0351
2016-04-26T00:44:59.196Z,2.2942,68.8929,230.6921,0.2987,0.0336,2.9564,62.6385,231.1563,0.2704,0.0492,2.6105,63.5399,231.8022,0.2746,0.0423
2016-04-26T00:45:59.510Z,2.8272,69.4223,230.5501,0.3011,0.041,3.0302,63.6389,231.4246,0.2749,0.0493,1.4571,62.1496,232.1968,0.2678,0.025
2016-04-26T00:46:59.529Z,2.2854,69.9441,230.0047,0.3036,0.034,3.8382,61.9175,231.6136,0.2676,0.061,1.7258,63.3849,232.0122,0.2733,0.0273
2016-04-26T00:47:59.761Z,2.282,70.6908,230.9935,0.3058,0.0342,2.9771,62.573,231.4433,0.2701,0.0458,2.0654,62.3543,232.2926,0.268,0.0335
2016-04-26T00:48:59.036Z,2.0762,70.9114,230.8014,0.3071,0.0309,3.0358,62.974,231.466,0.2721,0.047,2.2463,64.1823,232.1549,0.2769,0.0348
2016-04-26T00:49:59.374Z,2.3538,71.302,230.6714,0.3089,0.0344,3.1966,63.3723,231.2713,0.2744,0.0515,1.83,62.2095,231.7509,0.2688,0.03
2016-04-26T00:50:59.628Z,1.5649,71.0342,230.3177,0.3077,0.0217,3.2355,63.9767,231.6938,0.2757,0.0504,1.9745,63.6854,231.7633,0.2749,0.0329
2016-04-26T00:51:59.978Z,1.8655,70.0845,230.0918,0.3044,0.0257,3.1973,61.9498,231.4301,0.2674,0.0513,1.8225,63.2502,231.4735,0.2726,0.0292
2016-04-26T00:52:59.185Z,1.9522,70.5877,230.3202,0.3059,0.0284,3.372,61.9494,231.5263,0.2674,0.0557,1.82,63.6286,231.415,0.2752,0.0293
2016-04-26T00:53:59.592Z,2.2069,70.1904,230.212,0.3044,0.0301,3.0718,62.2049,231.5063,0.2686,0.0504,1.8738,62.6253,231.2135,0.2705,0.0299
2016-04-26T00:54:59.298Z,2.5664,70.6713,230.3595,0.3066,0.0362,3.1801,62.9742,231.3471,0.2729,0.0514,1.8701,62.1724,230.8669,0.2688,0.0299
2016-04-26T00:55:59.519Z,2.4249,70.6248,230.2874,0.3063,0.0351,3.6118,63.2838,231.5448,0.2731,0.0577,1.921,62.1497,230.5367,0.2699,0.0318
2016-04-26T00:56:59.023Z,2.1266,70.4053,229.5704,0.3069,0.0298,3.4572,61.9721,232.1097,0.2672,0.0543,1.6398,61.6939,230.6262,0.2679,0.0289
2016-04-26T00:57:59.524Z,2.0149,71.3963,230.5011,0.3098,0.0286,3.1251,62.0737,232.0573,0.2673,0.0501,1.8152,62.1315,231.259,0.2689,0.03
2016-04-26T00:58:59.602Z,2.7785,70.171,230.7282,0.3035,0.0399,3.4515,63.3547,232.1671,0.2723,0.0548,1.7777,62.7919,231.4604,0.2714,0.0286
2016-04-26T00:59:59.919Z,2.1787,70.47,231.1993,0.3046,0.0303,3.0141,63.8029,232.1754,0.2746,0.0482,2.2468,62.4578,232.06,0.2693,0.0364
