2016-03-02T00:00:59.780Z,5.4667,68.9149,232.0495,0.2967,0.0835,2.8345,61.9673,230.2295,0.2689,0.0486,2.9989,62.1885,230.2424,0.2704,0.0495
2016-03-02T00:02:59.289Z,3.824,71.1778,231.3197,0.3077,0.0535,2.6925,63.1236,229.1502,0.2758,0.0427,2.6969,62.5738,229.453,0.2727,0.0431
2016-03-02T00:03:59.519Z,4.3382,71.7218,231.3014,0.31,0.0608,2.5581,63.0708,228.5068,0.2765,0.041,2.9209,62.5569,229.0137,0.2732,0.0471
2016-03-02T00:04:59.744Z,5.309,71.6802,231.0089,0.3096,0.0749,2.8393,63.5567,228.2054,0.2788,0.0444,3.201,63.6692,228.5785,0.2787,0.0513
2016-03-02T00:05:59.029Z,4.338,71.631,231.1848,0.3099,0.0614,3.3403,62.901,228.2004,0.2753,0.0532,2.6083,63.403,228.676,0.2776,0.0391
2016-03-02T00:06:59.347Z,4.8191,71.9292,231.5356,0.3107,0.0676,2.7926,63.1393,228.9915,0.2756,0.0447,3.4709,63.7129,229.4933,0.2777,0.0526
2016-03-02T00:07:59.641Z,4.8115,71.4628,231.4786,0.3086,0.069,2.6007,61.4471,228.8572,0.2683,0.0438,2.9562,62.3175,229.465,0.2716,0.0476
2016-03-02T00:08:59.115Z,4.887,71.5162,230.7151,0.3102,0.0702,2.7073,63.0929,228.8799,0.2751,0.0424,3.0633,62.826,229.2662,0.2739,0.0478
2016-03-02T00:09:59.370Z,4.2973,71.0637,230.098,0.3086,0.0618,2.7173,62.8518,229.8456,0.274,0.0442,3.0366,63.8154,229.7259,0.2776,0.0452
2016-03-02T00:10:59.654Z,3.5192,70.6922,228.5811,0.3091,0.0513,3.248,63.0107,230.224,0.274,0.0509,2.7389,63.5474,229.3626,0.2774,0.0437
2016-03-02T00:11:59.949Z,3.7386,69.9838,228.102,0.3061,0.0547,2.6088,61.9891,229.8779,0.2699,0.0425,3.2629,62.9586,229.1523,0.2746,0.052
2016-03-02T00:12:59.277Z,4.5906,71.851,230.189,0.3119,0.0653,2.3148,62.1787,229.3887,0.2714,0.0381,2.9542,62.4872,229.4286,0.2727,0.0468
2016-03-02T00:13:59.522Z,5.0333,70.6013,231.2131,0.3048,0.0732,3.1957,62.3098,228.6335,0.2727,0.0507,2.9399,61.6097,230.0542,0.2678,0.048
2016-03-02T00:14:59.931Z,4.0842,71.8156,231.3733,0.3108,0.058,2.8563,62.4362,228.4692,0.2732,0.0451,3.0249,62.6915,230.1532,0.2722,0.048
2016-03-02T00:15:59.178Z,3.4884,70.3666,230.9659,0.3049,0.051,2.6688,62.0352,228.2143,0.2716,0.0436,2.9636,61.9193,229.7296,0.2692,0.0487
2016-03-02T00:16:59.832Z,4.0392,70.5825,231.666,0.3046,0.0574,2.8204,62.6702,229.0529,0.2734,0.0432,3.5415,63.6041,230.1195,0.277,0.0551
2016-03-02T00:17:59.117Z,4.8053,71.9924,231.5958,0.3111,0.0681,2.8662,63.3068,228.911,0.277,0.0459,2.7978,64.8446,230.5138,0.281,0.0446
2016-03-02T00:18:59.343Z,5.331,72.4159,231.4376,0.3127,0.0737,2.7285,62.5432,229.6011,0.2722,0.0435,2.9633,63.2856,231.1669,0.2735,0.0475
2016-03-02T00:19:59.495Z,4.8137,71.6558,231.3408,0.3092,0.0673,3.2376,62.736,230.8523,0.2716,0.0508,3.3816,63.1707,231.982,0.272,0.0527
2016-03-02T00:20:59.796Z,4.1068,70.9591,230.998,0.3072,0.059,3.1489,62.336,230.8598,0.2702,0.051,2.881,62.6271,231.6534,0.2701,0.0472
2016-03-02T00:21:59.086Z,5.0173,71.4857,230.6565,0.31,0.0694,2.4926,61.0602,229.2267,0.2665,0.042,3.0325,62.4175,230.3193,0.2712,0.0481
2016-03-02T00:22:59.437Z,4.9199,71.9735,230.0957,0.3124,0.0675,2.1887,62.2241,227.1607,0.2739,0.0357,3.0133,63.4705,227.9316,0.2788,0.0467
2016-03-02T00:23:59.648Z,4.1716,72.3569,229.7618,0.3142,0.0598,2.9003,63.0337,229.1382,0.2754,0.0466,2.8029,62.1757,227.722,0.2729,0.0449
2016-03-02T00:24:59.919Z,4.2741,69.8235,229.5464,0.304,0.0614,2.516,61.8723,229.6611,0.2693,0.0407,2.9841,60.5385,226.9667,0.2667,0.0516
2016-03-02T00:25:59.196Z,4.7657,71.227,229.2026,0.311,0.0672,2.5276,63.127,229.452,0.2752,0.0421,2.9781,61.4589,226.6687,0.2713,0.047
2016-03-02T00:26:59.479Z,4.6283,70.4154,229.2227,0.3071,0.0673,2.381,62.9675,229.6133,0.2743,0.0368,2.2464,62.0523,226.6771,0.2735,0.0374
2016-03-02T00:27:59.845Z,4.5282,70.9553,230.0698,0.3086,0.0643,3.1102,62.38,229.7927,0.2719,0.0507,2.9475,61.0116,226.6436,0.2693,0.0488
2016-03-02T00:28:59.269Z,4.2379,71.4624,231.5546,0.3086,0.06,2.4132,65.0442,231.4338,0.2812,0.038,2.5312,61.2497,227.2369,0.2692,0.042
2016-03-02T00:29:59.380Z,4.8063,71.3007,231.6885,0.3073,0.0688,2.5599,61.8555,230.954,0.268,0.0455,2.5338,60.6403,226.9882,0.2675,0.0443
2016-03-02T00:30:59.662Z,4.3867,72.2595,231.7719,0.3119,0.0602,2.7527,64.0847,230.5896,0.2779,0.0442,2.5886,61.3659,226.8864,0.271,0.041
2016-03-02T00:31:59.916Z,4.9414,70.9997,230.117,0.3082,0.0702,2.5379,62.5163,229.3174,0.2726,0.0399,2.9026,60.5261,225.8797,0.2675,0.0495
2016-03-02T00:32:59.193Z,3.9084,69.6016,229.8918,0.3031,0.058,2.4838,61.5676,229.0726,0.2693,0.0402,3.0942,62.6775,226.3274,0.2769,0.0491
2016-03-02T00:33:59.535Z,3.8908,69.5991,229.2397,0.3036,0.0567,2.5583,63.1804,228.1124,0.2772,0.0432,2.5937,60.8099,226.9813,0.268,0.0446
2016-03-02T00:34:59.878Z,4.4702,71.018,229.5886,0.3088,0.0653,2.6678,62.1585,228.0409,0.273,0.0452,2.6946,61.6695,227.6357,0.2705,0.0468
2016-03-02T00:35:59.165Z,4.9412,70.3821,230.1482,0.3061,0.0694,2.5941,62.8792,229.2159,0.2742,0.0403,2.9311,62.0884,228.0414,0.272,0.0459
2016-03-02T00:36:59.433Z,4.8502,71.7907,229.7446,0.3124,0.0685,2.9558,62.4073,228.9286,0.2727,0.0448,2.5953,62.8836,228.9548,0.2753,0.0412
2016-03-02T00:37:59.658Z,4.5882,71.6484,230.7288,0.3105,0.0643,2.9433,64.0274,229.9192,0.2777,0.0458,3.0626,61.3756,230.5441,0.2659,0.0498
2016-03-02T00:38:59.986Z,4.926,71.6697,231.2021,0.3098,0.0698,2.995,63.1055,230.2484,0.2746,0.0471,2.8415,62.3085,230.0517,0.2708,0.0458
2016-03-02T00:39:59.372Z,5.2699,71.5831,231.4463,0.3084,0.0753,2.7181,63.1287,230.1987,0.2747,0.0434,3.2444,62.8488,230.4057,0.2722,0.0532
2016-03-02T00:40:59.594Z,3.9951,71.0989,231.7474,0.3065,0.057,2.6888,62.3319,229.8609,0.2707,0.0418,3.1743,62.9326,230.4976,0.2727,0.0511
2016-03-02T00:41:59.889Z,5.0459,71.3291,232.1053,0.307,0.0729,3.3538,61.8759,229.5157,0.2699,0.0541,2.8655,62.7247,230.6034,0.2721,0.0459
2016-03-02T00:42:59.061Z,5.0101,71.9663,232.1688,0.31,0.0724,2.8857,62.3938,229.1158,0.2722,0.0471,2.9753,61.9884,230.1956,0.2692,0.0477
2016-03-02T00:43:59.491Z,4.9507,71.9625,231.8493,0.3108,0.0704,2.9112,62.8246,229.6699,0.2734,0.0473,3.1873,63.0634,229.5808,0.275,0.0525
2016-03-02T00:44:59.667Z,4.55,71.1615,231.7504,0.3067,0.0642,2.6332,62.7732,229.6499,0.2736,0.0429,2.8698,60.5908,228.6236,0.2649,0.0485
2016-03-02T00:45:59.950Z,4.7524,71.7525,231.6827,0.3093,0.0676,2.8854,62.7756,229.9391,0.2731,0.0447,2.8695,62.0498,229.0191,0.2711,0.0462
2016-03-02T00:46:59.238Z,4.7408,72.0507,231.5023,0.3111,0.0653,2.6273,63.4237,230.1439,0.2752,0.0416,2.6106,62.4856,229.2369,0.2726,0.0443
2016-03-02T00:47:59.506Z,3.9305,73.0901,232.0805,0.3148,0.0546,3.0396,64.3965,230.7196,0.2793,0.047,3.0075,62.5155,230.6158,0.2708,0.0477
2016-03-02T00:48:59.846Z,5.1003,71.0471,231.9203,0.3062,0.0726,2.2627,62.1523,230.7395,0.2695,0.0385,3.1058,62.4651,230.7565,0.2703,0.0505
2016-03-02T00:49:59.123Z,4.9572,71.951,232.1667,0.3097,0.0694,3.0504,64.0831,230.9264,0.2767,0.0482,2.9538,63.2704,231.0516,0.2736,0.0468
2016-03-02T00:50:59.239Z,4.8411,72.1111,232.3158,0.3097,0.068,2.8429,62.3312,231.1122,0.2699,0.0466,2.9512,62.7629,231.2295,0.2712,0.0473
2016-03-02T00:51:59.423Z,3.8749,71.4849,231.8757,0.3081,0.0522,2.8053,62.6516,230.7797,0.2713,0.0445,2.8154,62.2434,230.3934,0.2702,0.0452
2016-03-02T00:52:59.690Z,3.5999,70.9564,231.8522,0.3066,0.0513,2.6309,62.9692,230.1675,0.2733,0.0409,2.762,61.9296,229.7276,0.2698,0.0449
2016-03-02T00:53:59.080Z,4.6854,71.0049,231.2809,0.3074,0.067,2.7863,62.6561,229.7714,0.2722,0.046,2.7571,61.161,229.0236,0.2671,0.045
2016-03-02T00:54:59.306Z,4.2888,71.5424,231.1684,0.3092,0.0612,2.8047,62.4971,230.1655,0.2714,0.0455,3.0057,61.684,228.1447,0.27,0.0481
2016-03-02T00:55:59.473Z,4.6382,70.8571,231.3014,0.3062,0.07,3.0502,62.1416,230.1147,0.27,0.0509,3.1375,61.9711,228.3773,0.2708,0.0529
2016-03-02T00:56:59.706Z,4.7535,71.0363,231.1068,0.3077,0.0689,2.77,63.079,229.8933,0.2747,0.0462,3.012,61.2004,227.9685,0.2686,0.0497
2016-03-02T00:57:59.096Z,4.7953,72.0109,232.0682,0.3103,0.0682,2.6008,63.2287,230.0593,0.275,0.0411,3.1791,62.9253,229.1739,0.275,0.0517
2016-03-02T00:58:59.278Z,5.1669,71.9345,232.7092,0.3093,0.0729,2.3837,60.8307,230.0522,0.2641,0.0392,2.4174,61.9767,229.8787,0.2702,0.0401
2016-03-02T00:59:59.801Z,4.7951,72.2846,232.2792,0.3114,0.0698,2.8142,62.336,230.2825,0.271,0.0449,3.4061,62.2675,230.9611,0.27,0.0561
