2016-03-19T00:00:59.586Z,3.1625,48.4988,230.4412,0.2104,0.0642,2.0231,35.0196,232.0141,0.151,0.0637,2.8252,36.0016,233.8779,0.1537,0.0785
2016-03-19T00:01:59.903Z,4.0789,50.2323,229.4797,0.219,0.0814,2.3933,36.3403,231.0977,0.1577,0.0753,2.5718,34.937,233.5984,0.1501,0.0819
2016-03-19T00:02:59.163Z,4.427,49.8767,229.0238,0.2177,0.0903,2.2276,33.26,231.0438,0.1436,0.0741,2.8813,34.7669,233.6371,0.1491,0.0852
2016-03-19T00:03:59.517Z,3.7357,49.9759,227.6398,0.2195,0.0751,2.469,31.4875,229.9457,0.137,0.0752,2.293,35.0531,232.5987,0.1505,0.0699
2016-03-19T00:04:59.918Z,4.8501,50.5711,227.5337,0.2226,0.095,2.9538,31.4675,229.7905,0.1373,0.0898,2.3362,30.6359,231.7373,0.1328,0.0798
2016-03-19T00:05:59.077Z,4.2617,49.1891,227.2326,0.2166,0.0875,2.2119,32.5821,226.9366,0.1437,0.0672,2.3383,32.7391,231.7912,0.1412,0.0736
2016-03-19T00:06:59.808Z,4.6518,50.6362,226.9013,0.223,0.0924,2.4516,30.9704,226.6048,0.1372,0.0771,2.4178,32.0085,231.4239,0.1385,0.0759
2016-03-19T00:07:59.257Z,3.4806,51.0239,226.5726,0.2253,0.0701,2.55,29.4877,228.9177,0.1291,0.0894,2.7227,32.23,230.5839,0.1404,0.0856
2016-03-19T00:08:59.428Z,4.7275,49.6321,227.1043,0.2186,0.0958,2.304,31.8468,229.8902,0.1382,0.0754,3.1809,32.9992,231.4401,0.1429,0.0995
2016-03-19T00:09:59.719Z,4.2778,50.3293,226.9699,0.2215,0.0837,2.5811,33.2289,229.5897,0.1449,0.0797,2.9758,35.6153,231.4353,0.1534,0.0835
2016-03-19T00:10:59.924Z,4.1051,49.99,227.1791,0.2202,0.0815,2.6546,33.0493,229.2991,0.1445,0.0799,3.0832,35.1369,231.5773,0.1514,0.0881
2016-03-19T00:11:59.879Z,3.6276,49.7666,227.5637,0.2184,0.0721,2.6718,29.7118,229.3402,0.1296,0.0897,2.8881,32.807,232.107,0.1414,0.0858
2016-03-19T00:12:59.141Z,4.1859,50.8193,228.1916,0.2231,0.0826,2.4166,33.005,229.6748,0.144,0.0813,3.1119,35.4314,232.4487,0.1521,0.0857
2016-03-19T00:13:59.301Z,4.5934,51.0846,227.9535,0.2233,0.0899,2.5181,33.8279,229.0893,0.1476,0.0755,2.6768,33.0658,231.6431,0.1422,0.0836
2016-03-19T00:14:59.614Z,4.7235,49.5692,228.0431,0.217,0.0947,2.647,30.1598,229.3536,0.1311,0.0905,2.6931,32.8682,231.6222,0.1423,0.0881
2016-03-19T00:15:59.902Z,3.3347,50.5793,228.2208,0.2215,0.0659,2.2288,36.6342,229.7643,0.1595,0.0615,2.9388,34.9688,231.2576,0.1515,0.0856
2016-03-19T00:16:59.640Z,3.7965,48.7014,227.2456,0.2147,0.0773,2.8173,34.5125,229.6749,0.15,0.0769,2.6837,34.0014,230.9068,0.1469,0.0834
2016-03-19T00:17:59.883Z,4.3757,49.8456,227.3273,0.2195,0.087,2.7895,32.6069,229.7142,0.1415,0.0842,2.7722,36.2595,230.9185,0.157,0.0773
2016-03-19T00:18:59.504Z,4.3697,48.9602,227.5564,0.2153,0.0887,2.6974,33.9448,230.017,0.1478,0.0839,2.8283,34.1291,231.1032,0.148,0.0878
2016-03-19T00:19:59.881Z,4.1041,50.6164,227.714,0.2224,0.0805,2.63,31.7739,230.2971,0.138,0.0829,2.3873,34.2204,231.0401,0.1483,0.0713
2016-03-19T00:20:59.121Z,4.3747,50.2838,228.0257,0.22,0.0863,2.8041,34.6713,230.2063,0.1503,0.0833,3.1147,33.7194,231.0143,0.146,0.091
2016-03-19T00:21:59.382Z,4.3087,50.5142,228.0368,0.2212,0.0849,2.313,34.0732,230.7823,0.1481,0.0735,2.9964,34.1143,231.2125,0.1478,0.0899
2016-03-19T00:22:59.501Z,3.4259,50.7203,227.6934,0.2225,0.0682,2.5205,32.5924,230.407,0.1412,0.081,2.6407,34.072,230.0178,0.1481,0.0832
2016-03-19T00:23:59.307Z,4.2466,49.3731,226.9478,0.2168,0.0869,2.3767,33.11,229.9929,0.144,0.0696,3.3159,34.1237,229.3399,0.1488,0.0985
2016-03-19T00:24:59.762Z,3.8398,50.3153,227.4076,0.2213,0.0768,2.2071,33.6597,229.5844,0.1464,0.0702,2.6156,35.6597,229.1737,0.1558,0.0757
2016-03-19T00:25:59.309Z,4.2906,49.528,227.8801,0.2172,0.0876,1.9437,33.7469,229.0619,0.1473,0.0593,2.6886,35.5666,229.3251,0.1556,0.0838
2016-03-19T00:26:59.591Z,4.5227,50.1385,228.4316,0.2197,0.0895,2.7746,33.2434,229.8424,0.1446,0.0892,3.0102,34.995,230.475,0.1518,0.0845
2016-03-19T00:27:59.697Z,4.62,50.8673,228.0113,0.2234,0.0913,2.736,32.8968,230.3412,0.143,0.0848,2.5862,30.2659,230.1507,0.1316,0.0926
2016-03-19T00:28:59.103Z,4.5084,49.8071,228.1656,0.2184,0.0901,2.0971,31.2029,230.1841,0.1351,0.0757,2.8233,34.5144,230.0554,0.15,0.0841
2016-03-19T00:29:59.563Z,4.2087,50.4203,227.8418,0.2207,0.0816,2.9427,35.0427,229.9718,0.1522,0.086,2.7543,36.1111,229.9009,0.1571,0.0773
2016-03-19T00:30:59.887Z,3.4537,50.3991,228.5593,0.2211,0.0685,2.1796,35.255,227.543,0.1549,0.066,2.9787,35.1339,230.0566,0.1534,0.0892
2016-03-19T00:31:59.445Z,4.3048,49.6328,228.223,0.2176,0.0863,2.6316,31.3646,228.1796,0.1377,0.0834,2.3559,35.7061,229.6246,0.1554,0.0719
2016-03-19T00:32:59.697Z,4.4563,49.7721,229.0098,0.2173,0.09,2.7267,35.5937,230.5615,0.1547,0.0713,2.9426,34.5421,229.3455,0.1511,0.0866
2016-03-19T00:33:59.430Z,4.304,51.027,229.2421,0.2221,0.0838,2.7866,33.137,230.5766,0.1431,0.0859,3.033,34.0535,229.6851,0.1481,0.0905
2016-03-19T00:34:59.708Z,3.2678,48.7952,228.1725,0.2137,0.0669,2.264,31.8573,230.297,0.1384,0.0697,2.6892,36.2851,229.176,0.1579,0.0788
2016-03-19T00:35:59.244Z,2.8003,50.0886,228.007,0.2198,0.056,2.4618,33.1332,229.9173,0.1442,0.0764,2.4974,35.0287,229.0142,0.1531,0.075
2016-03-19T00:36:59.473Z,4.2108,50.1054,228.0611,0.2197,0.0834,2.3708,34.4212,229.5274,0.1498,0.0718,3.1147,33.6572,228.8902,0.1474,0.0929
2016-03-19T00:37:59.726Z,4.3662,49.7521,228.1553,0.218,0.0889,2.7084,32.3337,229.7162,0.1413,0.0866,2.1959,33.3959,229.3967,0.1451,0.068
2016-03-19T00:38:59.923Z,4.5933,50.7293,228.1597,0.2221,0.0913,2.3015,32.4305,229.8892,0.1411,0.0759,2.7392,32.3655,229.6519,0.1411,0.083
2016-03-19T00:39:59.168Z,4.8586,49.6339,227.5138,0.218,0.0972,2.6938,31.9229,229.6419,0.139,0.0883,2.6893,31.2932,230.198,0.1361,0.0869
2016-03-19T00:40:59.466Z,4.7515,50.1202,228.9001,0.2187,0.0969,2.6164,33.4169,231.3296,0.1443,0.0814,3.2105,34.9855,231.7793,0.1511,0.0941
2016-03-19T00:41:59.894Z,4.017,51.9242,232.1604,0.2234,0.0761,2.6102,31.1536,231.9827,0.1342,0.0905,2.8605,33.0559,233.2302,0.1416,0.0884
2016-03-19T00:42:59.225Z,3.2839,49.854,232.0741,0.2151,0.0653,2.7387,34.536,232.1141,0.1484,0.0847,2.9623,35.0476,233.1242,0.1503,0.0866
2016-03-19T00:43:59.208Z,4.138,50.7062,232.0106,0.2186,0.0794,2.5973,35.9281,231.9038,0.1547,0.0794,2.604,35.3602,233.1799,0.1517,0.0756
2016-03-19T00:44:59.567Z,4.805,51.6179,232.1472,0.2216,0.0928,2.8383,35.5877,231.9484,0.1538,0.0832,2.6598,35.0198,233.3586,0.1501,0.0785
2016-03-19T00:45:59.789Z,3.867,51.4554,231.5477,0.2223,0.0759,2.3129,34.9771,231.0588,0.1514,0.0733,2.3132,34.4478,233.1025,0.1478,0.072
2016-03-19T00:46:59.177Z,2.8167,51.603,232.1512,0.2222,0.0541,2.703,37.4599,230.6879,0.1626,0.0783,2.6393,34.7154,232.9712,0.1487,0.0804
2016-03-19T00:47:59.035Z,4.3235,51.3315,232.0481,0.2204,0.0835,2.6144,35.4343,230.5489,0.1538,0.0778,3.0889,34.9013,232.7642,0.1496,0.0893
2016-03-19T00:48:59.336Z,4.4123,51.0977,232.8001,0.2197,0.0848,2.7138,35.8238,231.5166,0.1551,0.0826,2.813,35.7398,233.1462,0.1535,0.0813
2016-03-19T00:49:59.878Z,4.4048,51.3457,233.2495,0.2204,0.0859,3.2143,32.8712,232.1485,0.1402,0.0933,2.461,33.1573,233.4082,0.1422,0.0848
2016-03-19T00:50:59.038Z,4.9194,51.9836,233.0811,0.2228,0.0944,2.9526,31.031,232.2218,0.1339,0.0966,3.2748,32.5001,233.3749,0.1388,0.0999
2016-03-19T00:51:59.200Z,4.7921,51.9385,233.4495,0.2223,0.0923,2.6704,31.1968,232.2498,0.1342,0.087,2.7289,31.5211,233.3719,0.1345,0.0897
2016-03-19T00:52:59.632Z,4.0747,51.1911,233.3163,0.2188,0.08,3.2341,34.1136,231.8199,0.1467,0.0951,2.2533,33.3447,233.4364,0.1427,0.0779
2016-03-19T00:53:59.837Z,4.8333,51.3847,233.1365,0.2198,0.0938,2.7512,31.6651,231.8065,0.1363,0.0858,2.887,33.1897,233.392,0.1418,0.0918
2016-03-19T00:54:59.025Z,4.2926,52.1926,233.003,0.224,0.0832,2.3996,32.7208,231.449,0.1412,0.0759,2.7576,33.9932,232.8094,0.1459,0.0807
2016-03-19T00:55:59.303Z,4.5164,51.0201,232.3707,0.2192,0.0885,2.0815,33.6497,230.0589,0.1458,0.0634,3.0282,36.4842,232.8651,0.1568,0.0824
2016-03-19T00:56:59.416Z,3.7595,51.3385,232.738,0.2207,0.071,2.1318,30.1182,228.0373,0.1313,0.0723,2.5086,32.4222,233.5458,0.1388,0.0825
2016-03-19T00:57:59.644Z,3.19,51.0532,232.8657,0.219,0.0616,2.3897,32.0173,228.374,0.1405,0.0724,2.8031,33.4479,233.0476,0.1435,0.0865
2016-03-19T00:58:59.075Z,4.5011,51.504,232.5361,0.2217,0.0878,2.4244,30.2329,231.7521,0.1307,0.0831,2.712,31.1291,231.7486,0.1343,0.0926
2016-03-19T00:59:59.328Z,4.0654,51.7207,232.811,0.2218,0.0789,2.8982,31.9966,232.4282,0.1375,0.0923,2.6547,31.4907,232.5602,0.1354,0.0875
