2016-01-31T00:00:59.547Z,1196.2666,1587.5819,227.7489,6.9709,0.7532,1259.5463,1642.9369,227.617,7.2178,0.7668,1746.7677,2252.0472,229.1013,9.8299,0.7766
2016-01-31T00:01:59.905Z,1209.1749,1594.3264,227.4286,7.0108,0.7593,1268.6078,1648.5911,227.3869,7.2497,0.7702,1752.8839,2249.308,228.2233,9.8557,0.78
2016-01-31T00:02:59.348Z,1205.5211,1591.2809,227.4283,6.9966,0.758,1259.3685,1635.2006,226.7857,7.2101,0.7697,1749.7266,2239.6633,227.9216,9.8263,0.7813
2016-01-31T00:03:59.690Z,1235.1408,1631.2869,228.876,7.1273,0.7579,1250.0107,1632.4112,225.5238,7.2385,0.7653,1767.9573,2238.8574,227.9416,9.8216,0.7894
2016-01-31T00:04:59.180Z,1226.8973,1615.8524,228.8676,7.0598,0.7597,1250.6073,1631.4428,225.3851,7.239,0.766,1755.714,2229.4991,227.7476,9.7892,0.7889
2016-01-31T00:05:59.081Z,1244.0664,1632.6545,228.7512,7.1376,0.7615,1257.462,1639.3062,225.2248,7.2782,0.7673,1771.4607,2237.4924,227.5619,9.8321,0.7904
2016-01-31T00:06:59.203Z,1230.6216,1613.7878,228.4164,7.0649,0.7624,1255.3924,1634.2948,225.3969,7.2504,0.7682,1760.2333,2230.0049,227.3111,9.81,0.7899
2016-01-31T00:07:59.664Z,1234.2294,1611.9384,228.3267,7.06,0.7659,1294.6986,1680.8349,227.4979,7.3881,0.7699,1764.3932,2264.7563,228.3001,9.92,0.7799
2016-01-31T00:08:59.407Z,1216.2147,1595.3152,228.203,6.9906,0.7619,1270.8653,1664.1003,227.7091,7.308,0.7634,1733.5024,2233.1849,228.1201,9.79,0.7764
2016-01-31T00:09:59.610Z,1217.8949,1600.7461,227.8952,7.0244,0.7608,1268.6146,1657.2212,227.7183,7.2781,0.7658,1742.5951,2238.5092,228.2523,9.8074,0.7794
2016-01-31T00:10:59.877Z,1217.5466,1600.2483,228.036,7.0172,0.7606,1268.997,1657.8957,227.599,7.284,0.7661,1742.5752,2240.2767,228.3196,9.8118,0.779
2016-01-31T00:11:59.096Z,1222.7565,1601.0836,227.8632,7.0267,0.7642,1273.5627,1657.3368,227.1684,7.2953,0.7684,1748.1318,2239.496,227.9831,9.8225,0.7808
2016-01-31T00:12:59.452Z,1216.4951,1621.5542,227.8072,7.1179,0.75,1242.3757,1593.7604,224.1137,7.1111,0.7799,1803.9039,2266.8392,228.2133,9.9327,0.7964
2016-01-31T00:13:59.709Z,1246.4146,1627.9669,228.1724,7.1347,0.7661,1255.3948,1634.171,225.4334,7.2487,0.769,1765.311,2224.5667,226.6986,9.8123,0.7919
2016-01-31T00:14:59.295Z,1257.9215,1629.9694,228.631,7.1292,0.7715,1268.5539,1660.1427,226.0625,7.3433,0.764,1748.0896,2211.7396,226.4452,9.7675,0.7903
2016-01-31T00:15:59.262Z,1264.2521,1640.814,228.834,7.1701,0.7706,1261.11,1653.2201,225.7329,7.3237,0.7629,1754.939,2213.569,226.5013,9.7721,0.791
2016-01-31T00:16:59.334Z,1258.1311,1635.0549,228.983,7.1403,0.7694,1276.4129,1669.4646,226.591,7.3679,0.7644,1757.374,2231.0231,227.1421,9.8221,0.787
2016-01-31T00:17:59.536Z,1244.811,1622.6111,229.036,7.0843,0.7674,1292.9088,1690.6457,227.8294,7.4209,0.7647,1752.9926,2247.447,227.9297,9.8594,0.7799
2016-01-31T00:18:59.466Z,1251.8008,1635.082,229.4126,7.1266,0.7654,1287.7776,1686.8632,227.6601,7.4096,0.7634,1759.83,2251.1343,228.2369,9.8628,0.7811
2016-01-31T00:20:59.611Z,1265.6278,1657.7257,229.1142,7.2352,0.7629,1267.9738,1665.1449,227.0749,7.3326,0.7612,1774.3014,2248.3911,228.2997,9.848,0.7889
2016-01-31T00:21:59.462Z,1297.0951,1679.344,228.5515,7.3476,0.7721,1314.0806,1698.1022,226.8619,7.4852,0.7736,1818.5788,2290.1702,228.0449,10.0429,0.7944
2016-01-31T00:22:59.770Z,1273.2071,1657.6522,228.488,7.2548,0.7686,1303.0532,1686.1256,227.3087,7.4177,0.7722,1807.6982,2289.3684,228.4549,10.0202,0.79
2016-01-31T00:23:59.528Z,1250.5509,1641.5833,227.7184,7.2091,0.7608,1291.2018,1655.4969,226.632,7.3049,0.78,1814.2576,2293.1152,228.3407,10.0422,0.7903
2016-01-31T00:24:59.482Z,1234.5478,1619.0811,227.2726,7.1242,0.762,1295.4409,1655.4299,226.4341,7.3107,0.7823,1805.0136,2290.992,228.2797,10.0362,0.7894
2016-01-31T00:25:59.556Z,1277.1125,1659.3779,227.5052,7.2938,0.7696,1325.1989,1681.1784,225.8296,7.4446,0.788,1844.0799,2317.6483,227.7604,10.176,0.7961
2016-01-31T00:26:59.901Z,1272.4313,1659.1394,227.7372,7.285,0.7666,1304.548,1668.5797,226.0888,7.3799,0.7818,1829.2788,2300.485,227.8262,10.0974,0.7965
2016-01-31T00:27:59.374Z,1282.2182,1672.9166,229.0836,7.3024,0.7672,1285.9118,1675.7747,226.7855,7.3889,0.7672,1797.1129,2269.8978,227.8688,9.9613,0.7904
2016-01-31T00:28:59.652Z,1279.5798,1677.0547,229.3016,7.3139,0.763,1271.224,1659.462,226.4022,7.3293,0.7663,1801.4459,2267.1686,227.9889,9.9441,0.795
2016-01-31T00:29:59.944Z,1289.4773,1688.2214,229.1989,7.3651,0.7639,1265.3694,1654.8804,226.3001,7.313,0.7649,1803.1618,2261.1016,227.764,9.9279,0.7989
2016-01-31T00:30:59.468Z,1289.742,1690.5951,229.1982,7.3762,0.7622,1259.2016,1647.7655,226.1338,7.2865,0.7639,1806.228,2260.7184,227.6013,9.9322,0.7997
2016-01-31T00:31:59.056Z,1294.9583,1683.6868,228.849,7.3574,0.769,1285.0811,1668.7493,226.3831,7.3713,0.7698,1810.3133,2267.196,227.094,9.983,0.7992
2016-01-31T00:32:59.523Z,1288.5792,1673.0374,228.324,7.3274,0.7701,1279.928,1656.6951,225.8181,7.3366,0.7717,1805.7441,2257.6009,226.5641,9.9641,0.7999
2016-01-31T00:33:59.977Z,1277.0771,1673.6332,227.7796,7.3479,0.7624,1276.4861,1636.3956,225.3053,7.2633,0.78,1834.0598,2285.5513,227.3558,10.0529,0.8023
2016-01-31T00:34:59.389Z,1265.0924,1662.609,227.2989,7.3141,0.761,1285.5694,1632.8129,225.1054,7.2536,0.7877,1850.7059,2310.1915,228.0456,10.1303,0.8002
2016-01-31T00:35:59.908Z,1262.1863,1656.9692,227.4408,7.2851,0.7617,1293.5371,1648.2604,225.81,7.2992,0.7842,1839.1446,2306.3275,228.2437,10.1051,0.7996
2016-01-31T00:36:59.043Z,1275.5787,1663.9622,228.1501,7.2936,0.7669,1306.6024,1673.7995,226.2476,7.3984,0.7805,1829.0144,2301.5271,228.3486,10.0793,0.7955
2016-01-31T00:37:59.961Z,1273.413,1659.043,228.8778,7.2486,0.768,1310.5006,1694.5701,227.5,7.4486,0.7729,1804.2194,2288.7804,228.268,10.0263,0.7891
2016-01-31T00:38:59.540Z,1282.8489,1670.8363,229.1989,7.2892,0.7685,1320.7606,1711.619,227.8377,7.5125,0.771,1809.6528,2300.7322,228.8967,10.051,0.7875
2016-01-31T00:39:59.095Z,1312.6051,1680.3128,229.5715,7.3193,0.7809,1309.4976,1722.4831,228.3942,7.5418,0.7606,1772.0272,2240.0046,226.2428,9.9003,0.7899
2016-01-31T00:40:59.196Z,1294.8496,1677.0002,228.9327,7.3249,0.7726,1325.8692,1713.1579,228.129,7.5096,0.7737,1818.6524,2301.028,228.1435,10.0855,0.7907
2016-01-31T00:42:59.024Z,1288.1892,1680.7998,228.8231,7.3454,0.7665,1309.022,1684.5206,226.8352,7.426,0.7771,1835.7674,2309.0159,228.56,10.103,0.7957
2016-01-31T00:43:59.665Z,1279.6407,1673.3516,228.6543,7.3181,0.7652,1302.6609,1669.2062,226.4207,7.3721,0.78,1844.4244,2310.5691,228.2333,10.1239,0.7997
2016-01-31T00:44:59.155Z,1292.0192,1664.9617,228.4238,7.2894,0.7761,1338.089,1709.1872,226.997,7.529,0.7822,1832.0231,2308.0093,227.5847,10.1408,0.7936
2016-01-31T00:45:59.935Z,1277.6219,1641.1169,228.5227,7.1814,0.7781,1342.5641,1724.4098,227.7344,7.5726,0.7789,1796.0318,2282.5312,227.1939,10.0469,0.7881
2016-01-31T00:46:59.319Z,1290.3908,1661.76,229.0045,7.2559,0.7757,1353.2199,1736.5971,227.8154,7.6228,0.7792,1821.3738,2311.9443,228.3887,10.1229,0.7894
2016-01-31T00:47:59.801Z,1269.77,1643.9101,228.772,7.186,0.7718,1341.5093,1722.2776,227.9102,7.5567,0.7794,1809.7774,2306.2513,228.4631,10.0937,0.7848
2016-01-31T00:48:59.116Z,1286.3176,1662.4692,229.1802,7.2539,0.7742,1354.3625,1740.2567,228.3737,7.6202,0.7783,1822.0361,2321.7048,228.8352,10.1457,0.7842
2016-01-31T00:49:59.312Z,1274.8241,1661.2019,229.3263,7.2438,0.7674,1331.3978,1717.7541,228.4012,7.5205,0.7747,1819.3915,2315.9282,229.2528,10.1018,0.7869
2016-01-31T00:50:59.639Z,1291.9137,1669.3703,228.8929,7.2938,0.7738,1352.686,1732.8678,228.0899,7.5973,0.7807,1834.2552,2326.9785,228.8787,10.1663,0.7896
2016-01-31T00:51:59.971Z,1283.7782,1659.0478,228.6248,7.2566,0.7739,1331.1613,1715.8951,227.6709,7.5364,0.7766,1811.1556,2297.5024,228.4538,10.057,0.7893
2016-01-31T00:52:59.312Z,1306.8846,1682.7062,228.5799,7.3614,0.7767,1339.8477,1718.8437,227.4056,7.5582,0.7801,1835.4108,2310.0405,228.0757,10.1283,0.7941
2016-01-31T00:53:59.413Z,1300.4174,1683.0445,229.1237,7.3452,0.7722,1316.5275,1700.456,227.0335,7.4899,0.774,1823.594,2292.0654,227.9031,10.0573,0.7957
2016-01-31T00:54:59.235Z,1304.2366,1682.8887,229.4401,7.3348,0.775,1339.8992,1720.3331,227.0022,7.5784,0.7794,1835.8189,2311.4961,227.8175,10.1456,0.7934
2016-01-31T00:55:59.881Z,1295.9161,1663.9547,228.8894,7.2694,0.7784,1337.2265,1722.0546,226.9235,7.5885,0.777,1808.2478,2282.8337,227.3211,10.0425,0.7903
2016-01-31T00:56:59.906Z,1295.3672,1690.1388,229.2618,7.3719,0.7667,1328.3236,1686.9835,225.1693,7.492,0.7879,1874.9378,2343.2427,228.8303,10.2401,0.8012
2016-01-31T00:57:59.678Z,1279.6757,1661.9847,229.0318,7.2562,0.7695,1339.1887,1720.0449,227.8901,7.5471,0.7789,1826.4939,2321.3177,228.9195,10.14,0.7862
2016-01-31T00:58:59.996Z,1301.0999,1678.3828,229.1916,7.3235,0.7753,1356.0799,1745.7524,228.5604,7.6383,0.7773,1827.3753,2321.8661,228.686,10.1528,0.789
2016-01-31T00:59:59.353Z,1298.2281,1677.0742,228.8913,7.3266,0.774,1330.0392,1719.6227,227.8919,7.5455,0.7731,1818.9225,2301.6399,228.2939,10.0819,0.7902
