2016-03-24T00:00:59.283Z,4.8175,50.0779,232.236,0.2155,0.0957,2.7361,32.4367,231.423,0.1402,0.0852,2.0139,32.6137,232.3811,0.1402,0.0673
2016-03-24T00:01:59.563Z,3.6122,50.0795,232.3178,0.2151,0.0708,3.2225,32.0914,231.2675,0.138,0.0961,2.1109,32.7878,231.9539,0.1412,0.0646
2016-03-24T00:02:59.990Z,3.1891,51.1611,232.5423,0.22,0.0644,2.3547,33.8299,231.2793,0.1464,0.0731,2.2247,34.4871,231.8081,0.148,0.0632
2016-03-24T00:03:59.405Z,4.5596,50.8889,232.2026,0.2186,0.0879,3.0911,34.2068,230.9242,0.1478,0.0904,2.0833,33.9536,231.0031,0.1467,0.0671
2016-03-24T00:04:59.617Z,4.3358,51.1714,232.3599,0.2204,0.0857,2.2008,30.2136,231.0799,0.131,0.0768,2.3532,35.4659,231.0538,0.1532,0.0663
2016-03-24T00:05:59.932Z,4.2754,50.0888,232.6461,0.2154,0.0847,2.3442,34.808,231.2763,0.1505,0.0729,2.2791,34.057,231.2287,0.1478,0.0693
2016-03-24T00:06:59.325Z,3.9158,50.4594,232.6076,0.2171,0.0779,2.4006,36.9282,231.0834,0.1596,0.0673,1.944,32.6397,231.1177,0.1409,0.0613
2016-03-24T00:07:59.880Z,3.706,50.3565,232.3855,0.2164,0.0734,2.7279,32.3826,230.5452,0.1404,0.0919,1.9733,34.5392,231.0853,0.1492,0.0591
2016-03-24T00:08:59.078Z,4.2811,50.791,232.4258,0.2189,0.0844,2.5734,33.0904,230.9197,0.1436,0.0847,2.1866,35.5663,231.092,0.154,0.0614
2016-03-24T00:09:59.438Z,5.0402,50.4579,231.6849,0.218,0.0999,3.0198,34.361,230.6611,0.1493,0.0835,2.8191,33.9978,230.769,0.1471,0.0778
2016-03-24T00:10:59.767Z,4.1673,49.7651,231.1079,0.2153,0.0829,2.3698,33.8795,230.7113,0.1462,0.0727,1.7938,34.4616,230.9349,0.1492,0.0591
2016-03-24T00:11:59.024Z,4.5711,50.114,231.047,0.2167,0.0898,3.0064,36.4794,231.1728,0.158,0.0778,2.8303,33.3825,231.1184,0.1446,0.0846
2016-03-24T00:12:59.223Z,4.3709,50.2853,231.7223,0.2167,0.0876,2.5391,30.8095,230.9963,0.1335,0.0846,1.6709,29.733,231.3959,0.128,0.0568
2016-03-24T00:13:59.414Z,4.1863,51.663,232.1179,0.2229,0.081,2.8187,30.9709,230.7137,0.1343,0.0904,1.85,33.064,231.7246,0.1426,0.0574
2016-03-24T00:14:59.099Z,3.9854,50.3586,231.5042,0.2178,0.0788,2.621,34.454,230.775,0.1493,0.0789,2.1113,33.1308,231.6739,0.1432,0.0667
2016-03-24T00:15:59.330Z,3.959,47.9378,231.5303,0.2068,0.0834,2.2119,29.2202,230.8614,0.1264,0.0854,2.2209,32.6632,231.381,0.1411,0.0801
2016-03-24T00:16:59.899Z,4.6648,47.3124,231.4965,0.2043,0.1005,2.2924,26.2488,230.9717,0.1136,0.1016,2.4983,29.8259,232.2468,0.1283,0.0965
2016-03-24T00:17:59.153Z,4.5566,46.8297,231.6336,0.2017,0.0978,1.8773,24.9541,231.4267,0.1081,0.0852,2.8349,28.4079,233.3696,0.1221,0.1172
2016-03-24T00:18:59.954Z,3.4041,47.084,231.6977,0.2035,0.0725,2.3785,26.3849,230.9311,0.1143,0.1029,2.0405,30.0622,233.1857,0.1296,0.0796
2016-03-24T00:19:59.204Z,4.7626,49.4108,231.8619,0.2132,0.0979,3.0264,30.5948,231.0282,0.132,0.0964,2.4396,31.5532,233.0174,0.1351,0.0814
2016-03-24T00:20:59.009Z,4.5648,47.612,231.9246,0.2057,0.0959,1.8869,30.1484,231.0186,0.1303,0.0775,1.9253,29.4809,232.927,0.1267,0.0822
2016-03-24T00:21:59.361Z,4.6977,46.8727,231.9788,0.2019,0.1013,1.5991,23.1422,231.2866,0.1002,0.0866,3.2044,30.0529,232.9468,0.1287,0.122
2016-03-24T00:22:59.609Z,3.9448,47.1521,232.0974,0.2027,0.084,2.1422,27.2499,231.7667,0.1177,0.0873,2.5409,30.4408,233.2027,0.1312,0.0999
2016-03-24T00:23:59.835Z,4.3685,48.183,232.9105,0.2068,0.0923,1.8784,30.7942,231.9705,0.1333,0.0691,2.2989,31.9812,233.8492,0.1368,0.0848
2016-03-24T00:24:59.157Z,4.5089,49.2918,232.2906,0.2128,0.0907,2.3052,30.0089,231.3544,0.1297,0.0853,2.384,33.459,233.0517,0.1431,0.0767
2016-03-24T00:25:59.375Z,4.3452,49.8211,231.9799,0.2152,0.0879,2.9611,30.7287,230.8833,0.1327,0.0967,2.308,31.9892,232.6673,0.1374,0.0818
2016-03-24T00:26:59.208Z,3.2848,48.7602,232.2766,0.2103,0.0659,2.5768,31.24,230.9106,0.1353,0.0873,2.399,34.6263,232.6679,0.1491,0.075
2016-03-24T00:27:59.487Z,4.6721,51.0851,232.1764,0.2198,0.0903,2.947,32.8614,230.7899,0.1427,0.0929,1.9477,34.8179,232.3803,0.15,0.0601
2016-03-24T00:28:59.789Z,4.6293,50.3303,231.9977,0.2168,0.0918,3.2389,32.59,230.6286,0.1411,0.1009,2.5098,35.8491,232.3321,0.1537,0.0747
2016-03-24T00:29:59.171Z,4.2923,50.7302,232.0286,0.2186,0.0837,2.309,33.0891,230.9929,0.1433,0.0761,2.2957,35.9746,232.2668,0.1543,0.063
2016-03-24T00:30:59.926Z,3.8228,50.0129,231.2553,0.216,0.0763,2.6352,32.8164,230.7954,0.1426,0.0853,2.2963,33.729,232.1539,0.1449,0.0693
2016-03-24T00:31:59.479Z,4.2129,50.5289,231.1676,0.2189,0.084,2.5342,33.2561,230.9651,0.1441,0.0827,1.9564,35.3134,231.8468,0.1522,0.0569
2016-03-24T00:32:59.869Z,4.617,50.7302,231.0235,0.2198,0.0907,2.6174,30.1968,230.6515,0.1308,0.089,2.1483,30.2268,231.3622,0.1307,0.0697
2016-03-24T00:33:59.103Z,4.3978,50.3539,230.6686,0.2181,0.0868,2.6326,34.2737,230.8353,0.1483,0.083,2.1936,33.7111,231.711,0.1458,0.0604
2016-03-24T00:34:59.553Z,3.6434,50.4765,231.3667,0.2186,0.0713,3.1922,36.4353,231.4405,0.157,0.0856,1.9796,34.513,232.0211,0.1496,0.0611
2016-03-24T00:35:59.545Z,3.4043,49.7156,231.5659,0.2146,0.0693,2.8605,35.2364,231.8463,0.1521,0.0852,2.2577,34.5829,232.254,0.1486,0.068
2016-03-24T00:36:59.917Z,4.1888,50.8357,231.2366,0.2199,0.0825,2.8413,35.1955,231.5901,0.1518,0.0791,2.1112,34.6358,232.0505,0.15,0.0635
2016-03-24T00:37:59.133Z,4.3819,49.9182,230.8174,0.2164,0.0878,2.7803,33.9887,230.9663,0.1474,0.0854,2.5288,35.2642,231.5758,0.1528,0.0702
2016-03-24T00:38:59.590Z,4.4683,50.4403,230.5618,0.2186,0.0887,2.9248,33.5271,231.2635,0.145,0.0839,1.8716,34.4075,232.0193,0.1484,0.0585
2016-03-24T00:39:59.358Z,3.4577,50.5681,230.9491,0.2189,0.0675,3.1627,34.8363,231.2016,0.1508,0.0898,1.501,32.6332,231.898,0.1407,0.0521
2016-03-24T00:40:59.570Z,4.5515,50.7374,232.0733,0.2185,0.0893,2.6413,33.4808,231.9507,0.1445,0.0822,2.0378,34.7549,232.2726,0.1491,0.0598
2016-03-24T00:41:59.075Z,4.398,50.3233,233.0949,0.216,0.0884,2.7053,34.8166,232.8357,0.1492,0.08,2.5939,36.0579,232.1589,0.1553,0.0714
2016-03-24T00:42:59.701Z,3.7517,50.4873,233.1789,0.2164,0.074,2.8774,33.6662,232.6452,0.1447,0.0875,2.1529,35.9971,232.1612,0.1547,0.0617
2016-03-24T00:44:59.404Z,3.663,50.4224,233.4673,0.2159,0.0739,2.5575,32.8674,233.0912,0.1408,0.0811,2.2211,35.6243,232.6983,0.153,0.0616
2016-03-24T00:45:59.755Z,4.0855,50.6082,233.469,0.2166,0.0799,2.8691,33.1021,233.1873,0.1417,0.0883,2.1916,36.4171,233.2343,0.1562,0.0601
2016-03-24T00:46:59.902Z,4.1714,50.6448,233.8449,0.2166,0.0813,2.6655,32.8627,233.2964,0.141,0.0851,2.4266,35.5298,234.0562,0.1515,0.0691
2016-03-24T00:47:59.087Z,4.3349,50.982,233.5304,0.2181,0.0849,2.8682,35.1068,233.1532,0.1504,0.0901,1.9847,35.3189,233.4787,0.1507,0.0596
2016-03-24T00:48:59.388Z,3.9736,50.7366,233.7692,0.2165,0.0802,2.7277,35.6965,232.9908,0.1532,0.0804,2.6264,36.3311,233.7305,0.1553,0.0702
2016-03-24T00:49:59.776Z,4.4254,50.6657,233.6012,0.2163,0.0868,2.775,34.2623,233.063,0.1474,0.0849,2.3818,36.0715,233.743,0.1543,0.0664
2016-03-24T00:50:59.971Z,4.619,51.2764,233.7274,0.2193,0.0903,2.5333,32.8138,233.613,0.1407,0.0831,1.9213,35.4704,233.8684,0.1512,0.0566
2016-03-24T00:51:59.388Z,4.3691,50.381,234.286,0.2151,0.0863,2.9291,34.0072,234.3011,0.1454,0.0901,2.0289,35.5044,234.1808,0.1521,0.0627
2016-03-24T00:52:59.777Z,3.8903,50.7629,233.827,0.2173,0.0763,3.1246,34.5746,234.3974,0.148,0.0893,2.2416,35.4345,233.8274,0.1517,0.0661
2016-03-24T00:53:59.143Z,4.6118,51.3988,233.4934,0.2206,0.0891,2.6877,33.5257,233.6809,0.144,0.081,2.2012,35.0884,233.6647,0.1509,0.0638
2016-03-24T00:54:59.468Z,4.5347,51.1597,232.8436,0.2199,0.088,2.2996,33.64,233.5449,0.1436,0.0758,2.0575,36.1316,233.3055,0.1546,0.0557
2016-03-24T00:55:59.993Z,4.2298,51.738,233.0278,0.2221,0.0803,2.6461,35.6816,232.5487,0.1532,0.0786,2.1824,34.2724,233.1814,0.1465,0.0687
2016-03-24T00:56:59.546Z,3.8496,50.5116,232.1357,0.2176,0.0726,2.6194,33.5823,230.0478,0.1458,0.0818,2.1242,35.2537,234.231,0.1506,0.0641
2016-03-24T00:57:59.309Z,4.2322,49.6803,231.5507,0.2145,0.0863,2.8563,33.2522,231.2709,0.144,0.0857,2.227,35.2792,233.9677,0.1508,0.0634
2016-03-24T00:58:59.830Z,4.1766,51.1056,232.4664,0.2199,0.0809,2.8373,35.4889,234.1721,0.1514,0.0825,1.5885,34.7957,233.6999,0.1488,0.0505
2016-03-24T00:59:59.128Z,4.1511,50.6753,232.5872,0.2181,0.0804,3.0393,33.6503,234.4432,0.1438,0.0937,1.7949,35.6604,233.7432,0.1523,0.0531
