2016-03-01T00:00:59.554Z,4.5,71.5484,230.8431,0.3101,0.0635,3.0397,65.8555,233.0124,0.2824,0.0469,1.6573,65.5927,233.172,0.2813,0.0257
2016-03-01T00:01:59.907Z,5.0965,76.2962,230.6787,0.3311,0.0682,3.3146,67.4581,232.3675,0.2908,0.0503,2.7549,67.2799,233.0199,0.2889,0.0409
2016-03-01T00:02:59.187Z,4.7668,75.7941,230.8386,0.3279,0.0629,2.8964,68.0018,232.4707,0.2924,0.0457,2.5492,68.5777,233.0098,0.2947,0.0354
2016-03-01T00:03:59.528Z,4.3977,75.7686,230.5516,0.329,0.0593,3.0764,66.2568,232.3951,0.2853,0.0469,2.0242,66.8638,232.9104,0.2871,0.0299
2016-03-01T00:04:59.955Z,4.1068,75.7447,230.4707,0.3287,0.0551,2.7708,67.369,232.0795,0.2903,0.0421,2.2215,66.5615,232.8061,0.2859,0.0338
2016-03-01T00:05:59.595Z,4.3204,73.7234,231.3991,0.3188,0.0588,3.2072,68.8344,232.7613,0.2959,0.0462,2.4343,67.2182,233.6114,0.2878,0.0359
2016-03-01T00:06:59.762Z,5.0214,73.7037,231.3324,0.3182,0.0696,2.7607,66.0241,232.512,0.2841,0.042,2.4818,67.593,233.5589,0.2896,0.0358
2016-03-01T00:07:59.997Z,5.0519,74.6715,231.3286,0.3226,0.069,2.9296,66.8275,232.4647,0.2875,0.044,1.9885,66.0715,233.4831,0.2825,0.03
2016-03-01T00:08:59.315Z,4.8926,74.5997,231.037,0.3232,0.0674,2.8122,65.534,232.3437,0.2822,0.0443,1.971,68.0879,233.445,0.2916,0.032
2016-03-01T00:09:59.590Z,4.116,73.6378,230.3941,0.3191,0.0559,3.0855,66.36,232.1932,0.2858,0.0468,1.9384,67.4237,233.5097,0.289,0.0287
2016-03-01T00:10:59.942Z,5.0102,73.8537,230.7197,0.3201,0.0685,2.7805,66.3181,231.6164,0.2865,0.0418,2.1611,66.8243,234.2186,0.2854,0.0331
2016-03-01T00:11:59.215Z,5.4228,74.3967,230.7064,0.3226,0.0723,2.9543,67.4493,231.8673,0.2908,0.0422,2.3057,67.5574,234.7278,0.2876,0.0347
2016-03-01T00:12:59.462Z,4.5946,75.3423,231.1776,0.3258,0.0596,2.6323,66.8533,232.4062,0.2878,0.0407,2.3547,66.7409,234.6526,0.2847,0.0365
2016-03-01T00:13:59.181Z,3.9486,74.5799,231.2449,0.3227,0.0524,2.7886,66.5102,232.3286,0.2862,0.0431,2.0824,66.7704,233.8257,0.2858,0.0302
2016-03-01T00:14:59.645Z,5.2052,74.3432,231.2141,0.3213,0.0695,3.1784,66.4285,232.6659,0.2854,0.0466,2.6855,68.6305,233.7373,0.2935,0.0376
2016-03-01T00:15:59.999Z,5.1932,75.7205,231.5024,0.3264,0.0702,2.6914,65.6679,232.6939,0.2822,0.0411,2.3717,67.4237,233.1959,0.2889,0.034
2016-03-01T00:16:59.175Z,4.9537,75.7996,230.8787,0.3276,0.0663,3.1731,64.9103,232.1564,0.2797,0.0483,2.5336,64.7706,232.3434,0.279,0.0382
2016-03-01T00:17:59.452Z,4.2654,73.4362,230.5988,0.3185,0.0577,2.756,66.4249,231.598,0.2867,0.0414,2.0849,66.5722,231.4625,0.2878,0.0303
2016-03-01T00:18:59.054Z,4.1533,75.7962,230.7742,0.3284,0.055,2.685,66.0849,231.4082,0.2853,0.0406,2.3168,65.2608,231.8709,0.2813,0.0356
2016-03-01T00:19:59.847Z,4.5846,75.5308,231.4346,0.3261,0.0604,3.6765,66.714,231.4684,0.2889,0.057,1.9407,65.935,231.6163,0.2851,0.0292
2016-03-01T00:20:59.149Z,5.2836,75.7204,232.21,0.3263,0.0699,2.641,65.4641,231.4988,0.2827,0.0409,2.6408,65.9876,231.6373,0.2853,0.0392
2016-03-01T00:21:59.396Z,4.6607,74.6187,231.8202,0.3222,0.0641,2.7143,65.9152,231.5201,0.2847,0.0418,2.0848,66.3113,231.7258,0.2864,0.0309
2016-03-01T00:22:59.567Z,4.0547,74.6479,232.1643,0.3219,0.0546,2.7956,67.103,232.0653,0.2889,0.0425,1.9127,67.4204,231.9327,0.2908,0.0284
2016-03-01T00:23:59.945Z,4.9339,74.737,231.8728,0.3214,0.0668,2.4408,66.4079,231.6522,0.2867,0.0374,2.072,64.2751,232.0596,0.2772,0.0338
2016-03-01T00:24:59.193Z,4.9141,74.2027,231.3884,0.3207,0.066,2.6061,66.7887,231.9973,0.288,0.0394,2.4548,65.9649,232.3141,0.284,0.0371
2016-03-01T00:25:59.725Z,4.4245,75.6401,230.8753,0.3278,0.0601,3.4407,66.1859,231.6485,0.2857,0.0513,1.9462,66.6714,232.3644,0.2871,0.0299
2016-03-01T00:26:59.048Z,4.304,73.374,231.3158,0.317,0.0609,3.0477,65.8421,232.2306,0.2833,0.0464,2.4111,67.0062,232.6642,0.2879,0.0367
2016-03-01T00:27:59.930Z,4.2197,73.6128,231.2114,0.3184,0.0582,2.8493,65.3242,232.0422,0.2821,0.0441,2.3629,67.9611,232.7025,0.2922,0.0341
2016-03-01T00:28:59.378Z,5.0697,74.4877,232.1019,0.3201,0.0704,2.8408,66.089,232.4989,0.2843,0.0441,1.9531,67.4427,233.1235,0.289,0.0295
2016-03-01T00:29:59.927Z,4.8391,75.3008,232.2035,0.3241,0.0642,2.4424,67.5112,232.3795,0.2908,0.0366,2.1489,67.0358,233.1991,0.2875,0.0333
2016-03-01T00:30:59.098Z,4.5084,75.1068,232.0559,0.3236,0.0612,3.372,67.8321,232.0859,0.2924,0.051,2.3639,67.4401,233.3059,0.2888,0.0351
2016-03-01T00:31:59.471Z,3.5926,75.1164,232.1709,0.3233,0.0483,2.7923,68.8621,231.9691,0.2966,0.0407,2.2087,66.7241,232.8635,0.2866,0.0339
2016-03-01T00:32:59.371Z,5.1419,73.9788,231.6357,0.3193,0.0701,2.8487,66.6431,231.7613,0.2873,0.0448,2.5233,66.47,232.2173,0.2862,0.0394
2016-03-01T00:33:59.799Z,4.4864,74.3448,231.613,0.3208,0.062,3.2137,67.3582,232.3162,0.2903,0.0488,2.2618,64.5946,232.204,0.2779,0.0358
2016-03-01T00:34:59.118Z,5.3681,74.4533,232.0666,0.3206,0.0729,2.3199,66.9728,232.4314,0.2879,0.0354,2.6208,66.5241,232.3298,0.2871,0.0378
2016-03-01T00:35:59.620Z,4.5586,75.2866,231.7745,0.3252,0.061,2.7282,65.3593,232.3335,0.2813,0.0402,2.4173,65.4736,232.0563,0.2822,0.0375
2016-03-01T00:36:59.864Z,5.2653,74.8702,231.8484,0.3226,0.0709,3.0336,66.6952,232.0208,0.2875,0.0461,2.4861,67.3067,232.3512,0.2897,0.0367
2016-03-01T00:37:59.375Z,5.2771,74.7063,232.0711,0.3218,0.0717,2.7044,66.5971,231.7568,0.2871,0.0404,2.4674,66.7596,232.6099,0.2869,0.0379
2016-03-01T00:38:59.964Z,4.8985,74.9311,232.3338,0.3226,0.0647,2.6067,65.9465,229.305,0.2873,0.0383,2.0933,66.8779,233.5216,0.2864,0.0315
2016-03-01T00:39:59.697Z,3.9998,74.9401,231.6676,0.323,0.0536,2.5981,66.8459,231.1883,0.289,0.0394,2.3547,67.4386,232.7154,0.2901,0.0352
2016-03-01T00:40:59.740Z,4.3273,74.0671,231.652,0.3198,0.0591,2.914,65.4484,232.6159,0.2821,0.0465,2.3319,66.8154,232.7098,0.2873,0.0353
2016-03-01T00:41:59.113Z,5.3677,75.1687,232.0226,0.3242,0.0721,3.0562,67.8439,232.5631,0.2918,0.0453,2.2847,66.6569,232.7318,0.2867,0.0342
2016-03-01T00:42:59.331Z,4.6161,75.2693,232.4278,0.3239,0.0616,2.9016,66.7541,232.3438,0.2873,0.0439,2.4237,67.5947,233.0429,0.2902,0.0358
2016-03-01T00:43:59.745Z,4.4733,75.3014,232.1749,0.3238,0.0614,3.2504,66.3247,231.9879,0.2859,0.0486,2.2937,65.3482,232.9596,0.2805,0.0348
2016-03-01T00:44:59.063Z,3.8297,75.8808,232.394,0.327,0.0518,2.9276,68.1623,232.0829,0.2934,0.0424,2.3457,67.062,232.9877,0.2879,0.0353
2016-03-01T00:45:59.848Z,4.3702,74.2598,231.6438,0.3205,0.0601,2.88,66.5204,231.6032,0.2867,0.0446,2.5064,67.4829,232.5016,0.2904,0.036
2016-03-01T00:46:59.116Z,5.2142,75.6448,231.5841,0.3268,0.0702,2.5211,65.7437,231.689,0.2838,0.0384,2.3083,66.8504,232.4752,0.2874,0.0343
2016-03-01T00:47:59.343Z,5.1145,74.7779,232.0209,0.3219,0.0686,2.8671,66.3552,231.9411,0.2858,0.0448,1.7513,65.4873,232.3926,0.2814,0.028
2016-03-01T00:48:59.634Z,4.1558,74.8325,231.5393,0.3232,0.0564,3.21,66.999,232.0468,0.2886,0.0482,2.0491,65.7742,232.0026,0.2834,0.0316
2016-03-01T00:49:59.256Z,4.0532,73.8671,231.2094,0.319,0.0573,2.7053,67.7134,231.9804,0.2916,0.0411,2.2572,66.7228,231.8583,0.2877,0.0331
2016-03-01T00:50:59.203Z,5.217,74.8163,231.4512,0.3235,0.0712,2.9167,67.836,231.6601,0.2923,0.0433,2.4952,67.6018,232.3179,0.2911,0.0348
2016-03-01T00:51:59.610Z,4.3267,75.1485,231.1402,0.3248,0.0591,2.7542,65.1614,232.0149,0.2804,0.042,2.204,67.4533,232.4925,0.2901,0.0326
2016-03-01T00:52:59.023Z,4.2539,74.1461,231.8219,0.3197,0.0586,3.1294,67.1628,231.9692,0.2893,0.0486,2.177,64.7688,232.7737,0.278,0.0366
2016-03-01T00:53:59.305Z,4.51,74.5754,232.3875,0.3208,0.0607,2.4046,64.9279,231.7062,0.2802,0.0376,2.1898,68.184,232.9018,0.2934,0.0323
2016-03-01T00:54:59.477Z,4.6092,74.2881,232.6008,0.3191,0.062,3.0522,66.1084,232.0149,0.2851,0.0458,2.3097,66.3075,232.6853,0.2848,0.0352
2016-03-01T00:55:59.687Z,5.1132,74.7108,232.6703,0.3213,0.0708,3.068,66.1514,232.451,0.2847,0.0483,2.4234,66.3242,232.1399,0.2858,0.0361
2016-03-01T00:56:59.822Z,5.3359,74.9918,232.8505,0.3216,0.0713,2.9048,65.9575,232.7931,0.2841,0.0452,2.5745,67.2669,232.6064,0.2896,0.039
2016-03-01T00:57:59.324Z,3.7031,73.9977,233.0672,0.3179,0.0514,3.2102,67.2527,232.6051,0.2893,0.0487,2.5102,67.6409,232.6359,0.2908,0.0366
2016-03-01T00:58:59.785Z,3.974,75.3554,233.408,0.3228,0.0536,3.1229,67.5187,233.4001,0.2892,0.0471,1.9948,66.0348,232.5365,0.284,0.0297
2016-03-01T00:59:59.878Z,4.8842,74.8852,232.7484,0.3215,0.066,3.0719,66.0576,232.9257,0.2842,0.0466,2.3085,66.0036,232.1331,0.2844,0.034
2016-03-01T01:00:59.166Z,4.5148,72.9366,232.6624,0.3132,0.0628,2.9081,65.5613,232.7758,0.2816,0.0452,2.5851,65.5048,232.3738,0.282,0.039
2016-03-01T01:01:59.269Z,5.382,75.7193,232.1213,0.3267,0.0723,3.1008,66.2431,232.8125,0.2848,0.0458,2.4432,66.0735,232.3814,0.2841,0.0362
2016-03-01T01:02:59.722Z,5.1726,74.0277,231.3814,0.3197,0.0703,3.1843,66.0788,232.1897,0.2849,0.0471,2.6845,65.0358,231.9951,0.2801,0.0418
2016-03-01T01:03:59.648Z,4.3892,74.1602,231.4314,0.3199,0.0624,2.6171,66.3904,231.834,0.2868,0.0398,2.3244,66.9119,231.9544,0.2885,0.0349
2016-03-01T01:04:59.982Z,4.5123,74.156,230.9554,0.3214,0.0635,2.3505,67.0544,231.5916,0.2896,0.0369,1.9111,66.5871,231.8191,0.2877,0.0296
2016-03-01T01:05:59.360Z,4.6661,74.2582,231.4204,0.3209,0.0637,2.077,64.8706,231.5758,0.2802,0.0323,1.9652,67.5761,232.3602,0.2909,0.0292
2016-03-01T01:06:59.675Z,3.6363,74.7096,231.4789,0.3227,0.0521,2.4857,67.5853,231.7981,0.2918,0.0336,1.7938,67.21,232.4411,0.2889,0.0276
2016-03-01T01:07:59.875Z,3.6762,73.9293,231.5339,0.3193,0.049,3.0852,65.7347,231.9701,0.2835,0.0468,1.8693,66.2693,232.4611,0.2848,0.0277
2016-03-01T01:08:59.342Z,5.0264,75.3566,231.5619,0.3256,0.067,3.0323,67.1097,232.185,0.2887,0.0436,2.5281,65.8011,232.4879,0.2829,0.0376
2016-03-01T01:09:59.403Z,6.0607,75.1736,231.5903,0.3243,0.0809,2.8909,64.6835,232.7585,0.2782,0.0447,2.2063,64.6254,232.9334,0.2773,0.0335
2016-03-01T01:10:59.754Z,4.6221,74.894,231.4011,0.3235,0.0625,3.0919,66.4478,232.5191,0.2858,0.047,2.8821,66.4098,232.5411,0.2856,0.0441
2016-03-01T01:11:59.404Z,4.7543,74.6591,231.6797,0.3221,0.0664,2.4511,65.8029,232.3067,0.2831,0.0377,2.4258,66.2058,232.6889,0.2849,0.0372
2016-03-01T01:12:59.709Z,5.0892,75.5,231.6627,0.326,0.069,2.6747,67.6002,232.405,0.2905,0.0377,2.5368,66.7453,233.1149,0.2866,0.0376
2016-03-01T01:13:59.949Z,4.9518,74.3414,232.1887,0.3199,0.0675,2.6265,67.0452,232.7873,0.2884,0.0386,2.2099,67.6826,233.5519,0.29,0.0324
2016-03-01T01:14:59.285Z,4.0871,73.7237,231.9734,0.3187,0.0559,2.475,67.5088,232.4466,0.2903,0.0376,2.1493,67.1887,232.7878,0.2891,0.0322
2016-03-01T01:15:59.832Z,4.4628,74.6038,231.6496,0.3217,0.0604,3.5636,67.7879,232.6755,0.2916,0.0522,1.9241,66.7697,232.6563,0.2866,0.0283
2016-03-01T01:16:59.509Z,3.8584,73.3246,232.2992,0.3158,0.0533,3.021,65.9467,232.175,0.2842,0.0472,2.2791,65.9154,232.7378,0.2833,0.0349
2016-03-01T01:17:59.771Z,4.8216,75.2311,232.1645,0.3236,0.0659,3.2761,66.7496,232.0237,0.2875,0.0473,2.5634,67.1907,232.9226,0.2888,0.0365
2016-03-01T01:18:59.105Z,4.8742,74.4617,232.4036,0.3207,0.0676,3.3174,67.2888,231.7786,0.2908,0.0499,2.472,66.9354,232.9879,0.287,0.036
2016-03-01T01:19:59.867Z,4.5002,74.4736,232.6315,0.3193,0.0615,2.9524,66.9228,231.3603,0.2891,0.0417,2.5908,67.2065,233.0003,0.2882,0.0379
2016-03-01T01:20:59.236Z,3.9742,74.8743,232.2242,0.3224,0.0528,3.5651,67.6046,230.8584,0.2928,0.0519,2.0576,65.2688,233.1531,0.28,0.0319
2016-03-01T01:21:59.591Z,4.0471,73.3702,232.596,0.3153,0.0557,2.9174,66.0963,231.2135,0.2859,0.0443,2.6273,66.9377,233.7592,0.2863,0.0397
2016-03-01T01:22:59.017Z,4.7701,74.886,232.2123,0.3226,0.0649,2.8707,64.5464,231.2273,0.2786,0.0452,2.6371,67.5072,233.4798,0.2888,0.0392
2016-03-01T01:23:59.313Z,4.3475,75.3076,231.79,0.3249,0.0586,3.2321,66.4865,230.967,0.2878,0.048,2.538,66.0059,233.1753,0.2834,0.0376
2016-03-01T01:24:59.802Z,4.7885,74.3532,231.8487,0.321,0.0664,2.4865,65.6137,231.1627,0.2841,0.0367,2.4296,67.0176,233.1347,0.2875,0.0371
2016-03-01T01:25:59.176Z,4.1887,74.3387,231.8366,0.3204,0.058,3.3247,66.9424,232.2213,0.2884,0.0512,2.3778,66.4756,233.8223,0.2843,0.0357
2016-03-01T01:26:59.769Z,3.8585,73.2324,230.9414,0.3168,0.0526,2.8504,66.6548,232.5267,0.2865,0.0447,1.8597,66.9368,234.3334,0.2852,0.029
2016-03-01T01:27:59.135Z,4.3068,75.0004,230.805,0.3252,0.0589,3.0354,67.194,231.4932,0.2903,0.0442,2.3256,66.2362,234.1587,0.2829,0.0348
2016-03-01T01:28:59.551Z,5.41,74.9749,230.625,0.3249,0.0723,2.1395,66.0724,229.3127,0.2878,0.033,2.1042,66.9638,234.6347,0.285,0.0305
2016-03-01T01:30:59.730Z,5.0106,74.3835,230.6747,0.3225,0.0686,2.9765,67.1595,232.355,0.2888,0.0442,2.193,66.4127,234.165,0.2837,0.0327
2016-03-01T01:31:59.304Z,3.8542,73.7197,230.3192,0.32,0.0529,3.2703,64.5341,232.6067,0.2774,0.0492,2.2216,66.9897,233.8493,0.2868,0.0336
2016-03-01T01:32:59.427Z,4.7453,74.4237,231.7099,0.3214,0.0651,2.6542,69.0307,232.5958,0.2968,0.0395,2.0399,65.6344,233.4982,0.2813,0.0321
2016-03-01T01:33:59.789Z,5.3712,75.5807,232.3975,0.3252,0.0733,2.8874,65.3303,232.2073,0.2813,0.0445,2.4468,67.296,233.5567,0.2882,0.0359
2016-03-01T01:34:59.182Z,5.3866,75.6867,232.3422,0.3254,0.0726,3.0301,66.3113,231.9184,0.286,0.0471,2.7993,68.2216,233.6581,0.2923,0.0401
2016-03-01T01:35:59.086Z,4.2554,75.2922,232.1109,0.3246,0.0587,2.7543,66.664,231.7407,0.2882,0.0419,2.3709,65.8719,233.1764,0.2819,0.036
2016-03-01T01:36:59.481Z,4.6667,73.7354,231.873,0.318,0.0645,2.5413,66.9341,231.5345,0.2887,0.0371,2.0867,66.0092,232.9185,0.2832,0.0314
2016-03-01T01:37:59.757Z,5.2535,75.7151,232.237,0.3264,0.0702,3.0066,67.5815,231.8969,0.2907,0.0456,2.2722,66.3416,232.761,0.2854,0.0348
2016-03-01T01:38:59.016Z,4.9011,74.7587,231.4762,0.3228,0.066,2.7634,67.65,231.8082,0.2917,0.0411,2.4569,63.5927,232.408,0.2734,0.0388
2016-03-01T01:39:59.612Z,4.3351,74.2028,231.5992,0.3201,0.0568,3.0305,67.1388,231.9664,0.2893,0.0451,1.5004,66.3741,232.534,0.2851,0.0228
2016-03-01T01:40:59.059Z,4.9768,74.408,231.8068,0.3211,0.0686,2.5458,66.732,232.2449,0.2874,0.0379,2.4343,65.8101,232.459,0.2827,0.0373
2016-03-01T01:41:59.358Z,5.3549,74.2946,232.2886,0.3199,0.0746,2.8708,64.8149,231.8833,0.2796,0.0462,2.408,66.559,232.5192,0.2865,0.037
2016-03-01T01:42:59.739Z,4.5911,74.2247,232.8377,0.319,0.0627,2.1447,67.225,231.4058,0.2907,0.0333,2.4595,66.81,233.5141,0.2861,0.0375
2016-03-01T01:43:59.819Z,4.6542,74.7354,232.9958,0.3207,0.062,3.3454,65.8436,230.998,0.2853,0.0507,2.2325,66.8609,233.653,0.2864,0.0352
2016-03-01T01:44:59.221Z,5.0627,74.9309,232.3579,0.3227,0.0686,2.7067,67.4374,230.7179,0.2922,0.0399,2.5457,65.8943,233.248,0.2822,0.0382
2016-03-01T01:45:59.527Z,5.0786,74.9382,232.5221,0.3225,0.0697,2.513,66.4797,230.6989,0.2879,0.0391,2.6286,66.3869,233.0692,0.2847,0.0391
2016-03-01T01:46:59.051Z,4.5227,75.882,232.2669,0.3263,0.0604,3.1124,65.7089,230.4304,0.2854,0.0476,2.499,66.3056,232.7181,0.2846,0.0368
2016-03-01T01:47:59.260Z,4.7445,75.5274,231.9629,0.3251,0.0635,2.5926,64.7899,229.9334,0.2814,0.0405,2.0113,67.2062,232.8596,0.2886,0.0304
2016-03-01T01:48:59.496Z,5.0095,74.9715,232.1355,0.3233,0.0675,3.1976,66.1651,230.8566,0.2862,0.0493,2.1979,67.2632,232.8481,0.2889,0.0331
2016-03-01T01:49:59.163Z,4.6141,76.3031,232.134,0.3289,0.0611,2.536,66.5639,231.3267,0.2878,0.0374,2.6569,66.6331,232.6208,0.2867,0.0392
2016-03-01T01:50:59.347Z,4.2626,75.5908,232.5035,0.3248,0.0573,3.1696,65.7012,231.6791,0.2835,0.0473,2.1353,67.6732,231.961,0.2921,0.0323
2016-03-01T01:51:59.247Z,3.8587,76.7215,232.9391,0.3291,0.0512,2.6487,67.9253,231.6068,0.2929,0.0373,2.5892,66.8144,229.5253,0.2913,0.0388
2016-03-01T01:52:59.598Z,5.1551,75.9486,232.399,0.3268,0.07,3.3822,68.4103,232.4002,0.2937,0.0491,2.0575,69.0208,232.9671,0.2963,0.0314
2016-03-01T01:53:59.894Z,4.8321,76.1331,231.8165,0.3287,0.063,3.2771,67.9518,232.0181,0.2932,0.0495,2.5426,69.0121,232.3741,0.297,0.0366
2016-03-01T01:54:59.544Z,4.5863,77.3841,231.7721,0.334,0.0601,2.8238,69.7259,232.5793,0.2998,0.0411,2.2354,69.7489,232.9422,0.2992,0.03
2016-03-01T01:55:59.823Z,3.7324,75.8849,232.198,0.3263,0.0497,2.9848,66.3714,232.2015,0.2862,0.0473,3.0592,67.8702,233.3092,0.291,0.0462
2016-03-01T01:56:59.537Z,3.949,76.7426,232.2367,0.33,0.0522,2.8601,67.3409,232.5171,0.2895,0.0456,2.236,68.376,233.1324,0.2936,0.0318
2016-03-01T01:57:59.788Z,5.0846,76.9109,232.1425,0.3311,0.0674,3.2826,68.499,232.3122,0.2952,0.0488,2.2616,68.9089,233.3487,0.2956,0.0333
2016-03-01T01:58:59.036Z,4.8466,75.3118,232.0079,0.3247,0.0656,2.7849,68.8436,231.7847,0.297,0.0391,2.6262,70.1669,233.3721,0.301,0.036
2016-03-01T01:59:59.356Z,4.3892,76.6035,232.1423,0.3298,0.0585,2.9132,68.5391,232.0957,0.2953,0.0416,1.9484,68.8211,233.4254,0.2951,0.0286
2016-03-01T02:00:59.779Z,4.1225,74.2837,231.9296,0.32,0.0571,3.7802,67.9036,231.7955,0.2929,0.0568,2.4023,68.5151,233.4608,0.2939,0.0335
2016-03-01T02:01:59.119Z,5.2171,77.0359,231.872,0.3324,0.0691,3.302,69.486,231.2626,0.3003,0.0472,2.2978,69.1691,233.1571,0.2962,0.033
2016-03-01T02:02:59.392Z,4.7018,77.0442,231.7956,0.3323,0.0627,3.5573,68.3097,231.1811,0.2955,0.0532,1.8989,71.0653,233.0473,0.3046,0.0259
2016-03-01T02:03:59.061Z,4.5692,76.5704,232.0637,0.33,0.0608,3.1202,69.4496,231.0279,0.3011,0.0449,2.5712,68.6971,233.1102,0.2948,0.0373
2016-03-01T02:04:59.415Z,4.2496,76.6646,232.1501,0.3301,0.0563,2.6819,69.4726,231.0942,0.3009,0.0376,2.0938,67.9302,232.5046,0.2923,0.0313
2016-03-01T02:05:59.895Z,4.3391,75.1879,232.0043,0.3239,0.0584,3.0836,67.9558,231.1232,0.2938,0.0477,2.0159,68.2201,232.7563,0.2932,0.032
2016-03-01T02:06:59.309Z,4.6996,77.3113,232.0194,0.3329,0.0614,2.9113,67.5986,231.23,0.2924,0.0427,2.4272,68.0727,232.7118,0.2918,0.036
2016-03-01T02:07:59.636Z,5.0915,77.7851,232.391,0.3347,0.0673,3.0623,68.1647,231.3592,0.2938,0.0456,2.3868,67.6445,232.3846,0.2914,0.0358
2016-03-01T02:08:59.945Z,4.1249,77.5133,232.1938,0.3335,0.053,3.1854,68.1566,231.28,0.2946,0.0475,1.9846,68.2109,232.363,0.2938,0.0293
2016-03-01T02:09:59.672Z,3.9014,76.0564,231.019,0.329,0.0515,3.1559,68.8344,231.0476,0.2981,0.0468,2.6891,68.0257,231.411,0.2944,0.0389
2016-03-01T02:10:59.343Z,3.7022,75.5618,230.8311,0.3272,0.0501,3.1609,66.3221,230.9542,0.2873,0.0493,1.9939,67.0831,231.3491,0.2899,0.0301
2016-03-01T02:11:59.655Z,5.0985,77.1459,231.5479,0.3329,0.0674,2.7913,66.9204,230.9589,0.2905,0.0425,2.3937,68.7893,231.3541,0.2967,0.035
2016-03-01T02:12:59.006Z,4.6061,76.7547,232.2611,0.33,0.0625,3.2767,68.8206,231.1717,0.2976,0.0456,2.3157,68.2081,230.9448,0.2956,0.0347
2016-03-01T02:13:59.704Z,4.9082,75.5183,231.7423,0.3261,0.0653,3.2646,68.6982,231.3895,0.2966,0.0478,2.0434,67.5466,230.5842,0.2929,0.0293
2016-03-01T02:14:59.073Z,4.1693,74.5027,230.7449,0.323,0.057,3.3601,68.2282,231.3791,0.2948,0.0507,2.162,67.9024,230.6386,0.2944,0.0333
2016-03-01T02:15:59.136Z,4.0116,75.4741,229.622,0.3281,0.0534,2.1964,66.4015,230.9727,0.2877,0.0344,1.8175,67.5235,230.4719,0.2932,0.027
2016-03-01T02:16:59.381Z,4.9996,75.1099,230.9017,0.3252,0.0665,2.5539,65.9932,228.2447,0.2893,0.0388,2.3053,65.6527,231.6632,0.2827,0.0362
2016-03-01T02:17:59.029Z,5.141,71.258,231.1857,0.3077,0.0743,2.4058,64.7788,230.671,0.2812,0.0381,2.6339,63.0459,231.4312,0.2721,0.0408
2016-03-01T02:18:59.740Z,4.978,71.1221,231.2121,0.3071,0.0716,2.859,63.5146,230.5584,0.2751,0.0437,2.5984,63.2749,232.0447,0.2732,0.041
2016-03-01T02:19:59.680Z,4.1013,72.2995,230.7135,0.3129,0.0574,2.3822,65.1835,230.9799,0.282,0.0393,2.1255,63.7571,231.0202,0.2763,0.0337
2016-03-01T02:20:59.944Z,4.6354,72.3457,230.9163,0.3131,0.0657,2.318,62.7656,231.4412,0.271,0.0375,2.3703,63.5812,231.2991,0.2751,0.0389
2016-03-01T02:21:59.239Z,4.4301,71.4317,230.6509,0.3089,0.0613,3.0574,63.3323,230.9356,0.2742,0.0484,2.3837,63.4171,231.3213,0.274,0.0387
2016-03-01T02:22:59.570Z,3.9199,70.9603,230.6695,0.3074,0.0578,3.029,63.6374,230.7925,0.2758,0.0477,2.5787,62.3431,231.5862,0.2691,0.0421
2016-03-01T02:23:59.182Z,4.3805,70.9942,230.68,0.3078,0.0627,2.4775,63.318,230.946,0.274,0.0391,2.0127,64.0944,232.3877,0.2759,0.0321
2016-03-01T02:24:59.489Z,4.794,72.2513,230.7744,0.3127,0.0682,2.7631,62.9729,230.7465,0.2733,0.0448,2.6488,62.8099,232.2741,0.2704,0.0459
2016-03-01T02:25:59.928Z,4.8714,71.5349,230.9991,0.3092,0.068,2.5776,64.3834,231.6395,0.2776,0.0416,3.0845,62.3475,232.1488,0.2687,0.0492
2016-03-01T02:26:59.326Z,4.3976,72.6666,230.6772,0.315,0.0621,2.7043,63.3904,232.0014,0.2733,0.043,2.7839,61.4442,233.2282,0.2634,0.0453
2016-03-01T02:27:59.922Z,4.48,71.474,230.056,0.3107,0.0629,2.6554,64.3177,232.1748,0.277,0.0412,2.5617,64.2921,233.2929,0.2757,0.0393
2016-03-01T02:28:59.257Z,5.2937,71.6787,230.035,0.3117,0.0734,3.0031,64.7307,232.5851,0.2781,0.048,2.7607,64.0352,233.4489,0.2742,0.0414
2016-03-01T02:29:59.519Z,5.0555,70.103,230.7179,0.3037,0.0742,2.8768,61.5285,233.15,0.2643,0.0474,2.9844,63.1335,233.9458,0.2701,0.0479
2016-03-01T02:30:59.746Z,4.3584,71.8185,231.0099,0.3107,0.0619,2.76,64.7274,233.3438,0.277,0.0421,2.8845,62.3669,233.818,0.267,0.0469
2016-03-01T02:31:59.419Z,4.0292,70.9247,231.1881,0.3064,0.0584,2.6401,65.1015,233.339,0.2796,0.0422,2.9978,62.7819,233.6545,0.2685,0.0486
2016-03-01T02:32:59.736Z,4.882,71.8902,231.7559,0.3102,0.0701,3.0136,62.887,232.4311,0.2709,0.0458,3.2649,64.4405,233.5699,0.2765,0.0502
2016-03-01T02:33:59.047Z,4.7976,72.3527,231.675,0.3123,0.0674,2.5522,63.2218,231.9432,0.2728,0.0414,2.8648,64.4836,232.5316,0.2771,0.0459
2016-03-01T02:34:59.810Z,4.692,71.4145,231.8655,0.3086,0.0655,2.7242,62.7282,231.9559,0.2708,0.0439,2.9674,62.9817,232.5059,0.2705,0.046
2016-03-01T02:35:59.775Z,4.0715,71.8174,231.8579,0.3097,0.0574,2.6767,63.5153,232.07,0.2734,0.0438,2.9647,64.021,232.7691,0.2748,0.0458
2016-03-01T02:36:59.064Z,4.8182,71.7456,231.5233,0.31,0.0687,2.5966,64.1871,231.8538,0.2772,0.0409,2.7223,63.646,232.3899,0.2746,0.0429
2016-03-01T02:37:59.321Z,4.8103,71.9018,231.5836,0.31,0.0679,2.5852,63.0571,231.286,0.2726,0.0398,2.5097,63.298,232.3135,0.2726,0.04
2016-03-01T02:38:59.574Z,4.4958,72.4391,231.4654,0.313,0.0622,3.0334,63.5634,231.0301,0.2755,0.0475,2.7784,63.6024,232.8257,0.2732,0.044
2016-03-01T02:39:59.029Z,4.7372,72.4498,231.9626,0.3124,0.0672,3.1142,63.3383,231.7518,0.2731,0.049,2.8631,62.9982,233.199,0.2702,0.0456
2016-03-01T02:40:59.480Z,4.7279,72.2993,231.9604,0.3115,0.0677,2.7141,63.6826,230.9804,0.2759,0.0434,2.8154,64.5364,233.3728,0.2762,0.0447
2016-03-01T02:41:59.189Z,5.2033,72.9136,231.8601,0.314,0.0719,3.3061,64.233,231.4336,0.2774,0.0517,2.7761,64.6592,233.1463,0.277,0.0433
2016-03-01T02:42:59.488Z,3.6384,70.6837,231.9445,0.3046,0.0514,2.6496,63.3217,230.6779,0.2741,0.0416,2.6921,65.1407,233.2227,0.2791,0.0422
2016-03-01T02:43:59.756Z,4.6286,70.9418,232.3371,0.3056,0.0659,3.3449,62.7135,231.0238,0.2714,0.0535,2.8424,64.5104,233.4293,0.2765,0.0434
2016-03-01T02:44:59.848Z,4.4375,71.1577,232.3804,0.3059,0.0643,2.9735,62.6797,231.3229,0.2715,0.0485,2.8737,62.777,233.3427,0.269,0.0456
2016-03-01T02:45:59.085Z,5.0021,73.2023,231.9909,0.3151,0.0694,3.0116,64.3202,231.3278,0.2783,0.0482,3.1583,63.6029,232.9798,0.2731,0.0498
2016-03-01T02:46:59.414Z,5.459,72.2735,231.604,0.3122,0.0755,3.0558,64.3801,231.9141,0.2777,0.0476,2.8495,64.4731,233.0038,0.2762,0.0446
2016-03-01T02:47:59.156Z,4.3589,71.716,231.9484,0.3084,0.0621,3.283,63.6886,231.5343,0.2757,0.0524,3.0871,64.8629,233.2475,0.278,0.0479
2016-03-01T02:48:59.582Z,3.6881,71.5222,231.7129,0.3082,0.0513,2.6211,66.547,231.5712,0.2874,0.0403,3.0365,62.8465,233.1476,0.2697,0.0479
2016-03-01T02:49:59.889Z,4.2857,71.8192,231.3609,0.3103,0.059,2.9938,63.9521,231.151,0.2764,0.0477,3.0617,65.4141,232.8342,0.2808,0.0466
2016-03-01T02:50:59.231Z,4.756,73.1124,231.9317,0.3151,0.0678,2.9267,63.8073,231.5692,0.2752,0.0472,2.8996,62.9506,233.1058,0.2697,0.046
2016-03-01T02:51:59.907Z,5.2979,71.776,232.2695,0.3091,0.0757,3.1888,64.3985,232.2848,0.2768,0.05,3.1615,62.6815,231.8683,0.2702,0.0509
2016-03-01T02:52:59.550Z,4.5828,71.3021,232.8104,0.3059,0.0652,2.6352,61.4624,232.3496,0.2643,0.0432,2.6961,64.094,231.7427,0.2769,0.0413
2016-03-01T02:53:59.955Z,3.2639,71.1379,232.8235,0.3055,0.0459,2.8989,63.8147,232.5157,0.2739,0.0479,2.8403,63.6305,231.609,0.2752,0.0454
2016-03-01T02:54:59.764Z,4.3837,71.7052,232.5256,0.3087,0.0611,2.4489,61.8931,232.375,0.2662,0.039,3.1258,63.7483,231.3628,0.2753,0.053
2016-03-01T02:55:59.102Z,5.0654,72.5779,233.2947,0.311,0.0704,3.0264,65.2136,232.4334,0.2798,0.0457,2.7638,63.6769,231.3799,0.2758,0.0433
2016-03-01T02:56:59.423Z,5.1943,71.729,233.4299,0.3071,0.075,3.1412,65.0927,232.584,0.28,0.0501,3.2159,64.2007,231.6678,0.2772,0.0497
2016-03-01T02:57:59.152Z,4.5064,71.6746,233.6038,0.3066,0.0639,3.0219,63.4967,232.6292,0.2726,0.0457,2.7777,64.0307,231.9016,0.2767,0.0432
2016-03-01T02:58:59.797Z,4.1677,72.029,233.4473,0.3084,0.058,3.0965,63.0275,231.9404,0.2714,0.0539,2.6457,61.2568,231.7865,0.2643,0.0458
2016-03-01T02:59:59.353Z,4.7494,70.5269,232.6489,0.3033,0.0697,2.9192,61.2282,231.4261,0.2649,0.0493,3.0581,62.8691,231.5538,0.2719,0.0521
2016-03-01T03:00:59.612Z,4.5991,69.6954,232.6345,0.2992,0.0668,2.7713,60.9226,230.9087,0.2636,0.0476,2.3641,62.9511,231.2941,0.2723,0.0368
2016-03-01T03:01:59.897Z,4.9065,72.8034,232.246,0.3135,0.0676,2.8363,63.9682,230.8765,0.2771,0.0436,3.1719,64.4468,231.4037,0.2786,0.0493
2016-03-01T03:02:59.970Z,4.4308,72.2825,232.1599,0.3109,0.0626,2.6709,63.998,230.5918,0.278,0.0416,3.2632,63.6516,231.7743,0.2748,0.0521
2016-03-01T03:03:59.286Z,4.4472,71.6531,231.7087,0.3092,0.0627,3.1226,63.5224,230.8062,0.2757,0.0487,2.9494,62.4453,231.6661,0.2694,0.049
2016-03-01T03:04:59.713Z,4.3211,72.0079,230.86,0.3121,0.062,2.4621,62.2523,228.7927,0.2716,0.0412,2.2975,62.1153,232.1291,0.2676,0.0392
2016-03-01T03:05:59.032Z,5.0542,71.4631,230.9167,0.3096,0.0721,2.5989,62.2991,229.6138,0.2713,0.0421,2.8899,63.4964,231.7237,0.2742,0.0463
2016-03-01T03:06:59.342Z,126.5515,250.094,231.3855,1.0834,0.1409,138.8785,260.7088,231.7055,1.1284,0.1336,328.785,501.0521,231.1321,2.1817,0.4634
2016-03-01T03:07:59.143Z,1052.801,1457.9767,229.5566,6.3508,0.7218,1145.6055,1586.7034,230.1028,6.8958,0.7218,1594.8282,2200.7293,228.8776,9.6155,0.7248
2016-03-01T03:08:59.486Z,1145.131,1538.4141,229.5967,6.7006,0.7441,1231.0952,1657.8013,229.4217,7.2261,0.7426,1682.6422,2262.9893,228.6226,9.8987,0.7432
2016-03-01T03:09:59.729Z,1145.098,1536.9499,229.4731,6.6982,0.7451,1235.1536,1660.5337,229.5842,7.2327,0.7442,1682.7596,2260.1743,228.6199,9.8858,0.7447
2016-03-01T03:10:59.096Z,1164.769,1555.0141,229.5215,6.7748,0.7493,1246.9459,1668.8149,229.327,7.2762,0.747,1699.2082,2263.3516,228.3677,9.91,0.7506
2016-03-01T03:11:59.368Z,1175.2399,1581.0722,229.731,6.8822,0.7433,1257.6268,1675.4847,229.6664,7.2956,0.7507,1735.2768,2305.1136,229.756,10.0323,0.7523
2016-03-01T03:12:59.808Z,1192.7971,1602.7807,230.0685,6.9666,0.7437,1264.2183,1685.299,229.9062,7.33,0.7506,1746.4655,2309.7729,230.0719,10.0389,0.7567
2016-03-01T03:13:59.361Z,1204.463,1605.6349,230.5113,6.9651,0.7502,1292.5824,1716.9785,230.4053,7.4518,0.7528,1752.7311,2322.4042,230.1441,10.0902,0.7548
2016-03-01T03:14:59.574Z,1219.8722,1620.0294,230.4436,7.0305,0.7528,1314.828,1731.2816,230.3267,7.5168,0.759,1777.0124,2343.4107,230.1939,10.1802,0.7575
2016-03-01T03:15:59.433Z,1251.6945,1638.0087,230.7009,7.1001,0.7644,1322.4835,1745.7732,229.624,7.6032,0.7582,1775.1458,2321.3376,228.955,10.1387,0.7648
2016-03-01T03:16:59.626Z,1261.4307,1646.4221,230.6273,7.139,0.7672,1324.8903,1746.0836,229.2891,7.6152,0.7592,1779.5007,2317.0589,228.622,10.1348,0.7692
2016-03-01T03:18:59.476Z,1196.7196,1596.6965,230.2326,6.9353,0.7494,1271.5377,1693.9837,229.5343,7.3803,0.7506,1732.5062,2286.5842,229.7333,9.9535,0.7584
2016-03-01T03:19:59.825Z,1170.6694,1578.5933,230.8059,6.8394,0.7407,1247.3902,1675.6621,229.7663,7.2928,0.7439,1705.7867,2267.0187,230.1114,9.8518,0.7508
2016-03-01T03:20:59.300Z,1168.2085,1571.4067,230.1925,6.8264,0.743,1245.6369,1668.3224,229.4583,7.2704,0.7469,1705.2425,2260.6726,229.8143,9.8374,0.7539
2016-03-01T03:21:59.536Z,1189.3308,1595.5176,230.1711,6.9317,0.7456,1261.3487,1677.3094,229.2128,7.3179,0.7518,1735.5194,2283.5883,230.087,9.9243,0.76
2016-03-01T03:22:59.852Z,1185.6272,1585.9658,229.8783,6.8988,0.7481,1268.6011,1678.2856,229.3928,7.3163,0.7557,1734.3602,2281.6041,229.5873,9.9376,0.7602
2016-03-01T03:23:59.457Z,1205.5019,1600.4981,229.6338,6.9698,0.7526,1291.5415,1695.9687,229.2707,7.3972,0.7611,1755.24,2297.1166,229.4838,10.0098,0.7646
2016-03-01T03:24:59.835Z,1199.1534,1593.746,229.7025,6.9381,0.7526,1295.3051,1696.4303,229.2656,7.3993,0.7633,1758.4608,2306.177,229.8234,10.0338,0.7616
2016-03-01T03:25:59.818Z,1220.4537,1617.2926,229.5483,7.0455,0.754,1324.7017,1711.9176,228.9345,7.4775,0.7736,1804.0999,2346.4995,230.1756,10.1941,0.7686
2016-03-01T03:26:59.159Z,1212.1159,1607.3156,229.5943,7.0009,0.7539,1324.9772,1711.7411,228.7256,7.4843,0.7734,1795.2136,2339.731,230.2524,10.1615,0.7689
2016-03-01T03:27:59.525Z,1237.9081,1619.8833,229.368,7.0623,0.7644,1367.2147,1753.4491,229.4243,7.6427,0.7797,1813.4205,2363.2948,229.9791,10.2762,0.7689
2016-03-01T03:28:59.873Z,1200.1944,1575.431,229.58,6.8637,0.7463,1315.2981,1700.2852,230.3134,7.3837,0.7488,1754.8531,2297.7862,230.3829,9.9751,0.766
2016-03-01T03:29:59.105Z,4.2812,72.9799,231.2927,0.3151,0.0594,3.7384,63.5706,231.2607,0.2746,0.0589,102.4554,153.5832,232.6279,0.661,0.4173
2016-03-01T03:30:59.737Z,4.4012,72.7852,231.2502,0.3141,0.0607,3.2284,63.2095,231.108,0.2735,0.0535,1.9666,63.4071,232.9348,0.2721,0.032
2016-03-01T03:31:59.023Z,4.8709,71.726,231.8486,0.3092,0.0683,2.6531,63.802,230.9764,0.2766,0.0401,2.2284,63.6614,232.8486,0.2737,0.0357
2016-03-01T03:32:59.342Z,4.0156,71.9189,231.9354,0.3102,0.0562,2.9869,63.2785,230.7448,0.2745,0.046,2.0196,63.6511,232.7609,0.2734,0.0304
2016-03-01T03:33:59.174Z,4.2142,71.7108,231.8021,0.3093,0.0593,3.1501,62.544,230.5976,0.2709,0.0509,2.6833,62.4803,232.7585,0.2684,0.0425
2016-03-01T03:34:59.498Z,4.8681,72.9231,231.6263,0.3151,0.0681,2.5933,62.7841,231.3859,0.2718,0.0423,2.0237,62.909,232.6429,0.2711,0.0326
2016-03-01T03:35:59.832Z,4.9834,72.2941,231.2171,0.3127,0.0701,3.2322,62.6002,231.8962,0.2704,0.0535,2.1957,63.2014,232.5078,0.2718,0.0348
2016-03-01T03:36:59.073Z,4.8228,71.7677,230.5734,0.3113,0.0681,2.8077,64.3326,231.3264,0.2779,0.0434,1.8514,62.6901,231.4814,0.271,0.0299
2016-03-01T03:37:59.450Z,3.5701,71.5493,231.1577,0.3095,0.0501,3.0877,65.0379,230.604,0.2822,0.046,15.1996,73.3373,231.7246,0.3165,0.1166
2016-03-01T03:38:59.472Z,642.4213,938.5808,229.561,4.0928,0.4756,709.4969,1058.0552,229.6219,4.6164,0.4824,1077.6339,1485.3043,229.4369,6.4876,0.7477
2016-03-01T03:39:59.579Z,1054.238,1456.0143,228.5464,6.3704,0.7242,1158.7733,1582.6902,228.7674,6.9183,0.7318,1594.7869,2175.8726,229.7108,9.4715,0.7328
2016-03-01T03:40:59.007Z,1025.1652,1413.3636,226.0292,6.2525,0.7261,1207.4985,1602.4955,229.6816,6.9769,0.7535,1602.1134,2213.3196,230.5329,9.6009,0.7238
2016-03-01T03:41:59.511Z,1015.5387,1395.0531,225.3257,6.1912,0.7276,1228.6624,1616.6834,230.0142,7.0279,0.7599,1602.3149,2225.5749,230.7922,9.643,0.7197
2016-03-01T03:42:59.421Z,1026.3283,1400.6954,225.1813,6.2207,0.7327,1242.9948,1630.7834,230.3982,7.0782,0.761,1606.8504,2230.582,230.5156,9.6767,0.7203
2016-03-01T03:43:59.717Z,1027.9534,1400.2783,224.7752,6.2298,0.7338,1254.5328,1636.6614,230.5408,7.099,0.767,1619.6634,2244.045,230.5899,9.7314,0.7214
2016-03-01T03:44:59.316Z,1027.9936,1398.3674,225.0231,6.2139,0.7354,1267.3989,1646.7804,230.5113,7.1445,0.7694,1622.7045,2252.692,230.6167,9.7681,0.7201
2016-03-01T03:46:59.376Z,1040.2513,1409.3388,225.5021,6.2499,0.7382,1271.4684,1658.787,230.5682,7.1939,0.7666,1622.3898,2247.2646,230.4687,9.7509,0.7226
2016-03-01T03:47:59.657Z,197.7051,323.9892,229.5347,1.4232,0.1845,235.6172,359.1777,232.0625,1.5523,0.1912,400.1833,540.3901,233.1927,2.3338,0.7887
2016-03-01T03:48:59.057Z,596.6883,989.3033,228.2918,4.3387,0.4993,758.5721,1184.3162,230.3767,5.1494,0.5453,755.0998,1300.6722,231.6572,5.6219,0.6146
2016-03-01T03:49:59.721Z,36.5124,114.7828,229.9655,0.5009,0.0787,32.8935,106.4612,231.7591,0.4615,0.0671,151.5282,195.8545,232.9728,0.8423,0.797
2016-03-01T03:51:59.218Z,802.6521,1132.8372,230.5146,4.9151,0.5339,847.1399,1167.125,229.0973,5.1197,0.541,1335.1693,1749.0478,229.7042,7.6325,0.7843
2016-03-01T03:52:59.720Z,1140.1737,1554.2369,231.0797,6.7261,0.7338,1152.5998,1585.2151,227.2427,6.9754,0.7273,1647.176,2163.9491,227.3929,9.5159,0.7608
2016-03-01T03:53:59.335Z,1068.3734,1489.3737,229.8489,6.4794,0.7171,1149.2628,1576.8463,229.0853,6.8826,0.7288,1608.978,2174.7401,229.3449,9.4824,0.7393
2016-03-01T03:54:59.781Z,995.3961,1452.5871,230.0553,6.314,0.6849,1075.8682,1481.7577,226.9252,6.53,0.7256,1599.6019,2160.8107,230.5353,9.3732,0.7399
2016-03-01T03:55:59.963Z,921.6389,1365.5613,230.2452,5.9302,0.6749,1014.7239,1470.7173,229.6673,6.4038,0.6899,1457.5941,2054.632,229.8194,8.9397,0.7098
2016-03-01T03:56:59.348Z,884.418,1330.4003,229.6521,5.7925,0.6653,991.8858,1445.6643,229.841,6.29,0.6863,1428.5891,2035.3017,230.004,8.8494,0.7019
2016-03-01T03:57:59.610Z,915.847,1358.7716,229.1337,5.9308,0.6738,997.8427,1439.6957,229.0047,6.2863,0.6932,1462.3952,2042.1903,229.7821,8.8874,0.7157
2016-03-01T03:58:59.260Z,916.2847,1362.7175,229.0607,5.9487,0.6715,967.3299,1411.5871,228.1696,6.1865,0.6855,1451.6158,2013.0598,229.4144,8.7745,0.7209
2016-03-01T03:59:59.540Z,909.8617,1353.0493,229.5349,5.8948,0.6723,963.3391,1418.7269,228.4551,6.2099,0.679,1432.7652,1998.2462,229.4372,8.7089,0.7179
