2016-01-13T00:00:59.971Z,4.7372,127.5154,231.2689,0.5507,0.0363,3.7726,109.202,228.1697,0.4784,0.0345,82.6404,139.883,233.2227,0.5999,0.595
2016-01-13T00:01:59.251Z,4.458,128.7751,230.2184,0.5584,0.0349,3.6166,107.7857,228.5631,0.4717,0.034,83.2581,139.4316,233.399,0.5973,0.603
2016-01-13T00:02:59.582Z,4.431,127.8945,229.6613,0.557,0.036,3.3472,110.3993,229.4225,0.4813,0.0297,82.758,138.1248,233.3167,0.5925,0.6008
2016-01-13T00:03:59.934Z,4.4842,128.1577,229.7416,0.5578,0.0354,4.4957,111.267,228.9562,0.4859,0.0421,83.8575,138.1398,233.2931,0.5918,0.6098
2016-01-13T00:04:59.203Z,5.3024,130.8267,230.5474,0.5673,0.0416,3.7827,109.5167,228.75,0.4793,0.0319,83.464,138.534,233.3417,0.5942,0.6045
2016-01-13T00:05:59.444Z,4.4645,127.8086,230.5665,0.5534,0.0366,3.7295,109.6877,229.5011,0.4785,0.0345,84.1469,137.0108,233.6882,0.5865,0.6173
2016-01-13T00:06:59.675Z,4.4248,130.3411,231.1493,0.5636,0.0334,4.2162,109.8227,228.916,0.4802,0.0385,84.4542,138.4592,234.6285,0.5895,0.612
2016-01-13T00:07:59.915Z,5.204,130.3667,231.5114,0.5623,0.039,3.3692,109.451,229.1061,0.4778,0.032,84.4833,138.3337,234.4787,0.5902,0.6129
2016-01-13T00:08:59.250Z,4.6398,129.617,231.8912,0.5584,0.0346,4.3401,110.1338,228.762,0.4813,0.0397,84.6078,140.9535,234.3673,0.6013,0.6034
2016-01-13T00:09:59.523Z,4.645,129.9996,231.9254,0.5598,0.0354,4.587,108.3061,228.8486,0.4728,0.0429,84.8367,141.4874,234.1411,0.6045,0.6028
2016-01-13T00:10:59.765Z,4.7856,129.5446,231.6219,0.5595,0.0371,3.0575,105.306,229.1507,0.4596,0.032,83.2823,137.9418,234.0822,0.5889,0.6078
2016-01-13T00:11:59.097Z,4.4934,131.9431,231.9736,0.5685,0.0345,3.8939,110.1994,229.5024,0.4802,0.0348,83.6297,138.8511,234.031,0.5929,0.6049
2016-01-13T00:12:59.313Z,4.1127,131.0533,231.485,0.5653,0.0318,3.6328,109.3599,229.3783,0.4763,0.0341,84.0274,140.1058,233.7693,0.5992,0.6017
2016-01-13T00:13:59.546Z,5.399,127.7285,231.4096,0.5518,0.0427,3.919,111.106,229.8055,0.483,0.0349,83.4336,138.4838,233.6458,0.5932,0.6041
2016-01-13T00:14:59.794Z,4.4857,128.4327,231.6531,0.5537,0.0344,4.0599,107.8715,229.7976,0.4688,0.0373,83.8515,139.7888,233.9876,0.5981,0.6037
2016-01-13T00:15:59.036Z,4.2593,128.3057,231.2551,0.5544,0.0318,4.3278,110.658,229.6584,0.4817,0.0388,83.256,135.0169,233.6314,0.5776,0.6213
2016-01-13T00:16:59.267Z,3.8669,130.3784,231.3497,0.5632,0.0291,4.2488,110.7247,229.7753,0.4822,0.0391,84.6196,139.4691,233.9352,0.5963,0.6093
2016-01-13T00:17:59.464Z,4.5538,129.7432,231.7096,0.5592,0.0356,4.1663,111.1976,230.0076,0.4836,0.0384,83.7516,137.4532,233.5915,0.588,0.6111
2016-01-13T00:18:59.656Z,4.6574,129.0049,230.9988,0.558,0.036,3.8715,111.2207,230.3115,0.4826,0.0357,82.5984,137.4119,232.5244,0.5907,0.6032
2016-01-13T00:19:59.951Z,5.1565,130.0996,230.9822,0.563,0.0393,4.5536,111.0984,230.818,0.481,0.0398,83.1753,138.6727,232.7338,0.5957,0.6033
2016-01-13T00:20:59.262Z,4.7882,122.4099,230.583,0.5307,0.0412,4.6573,105.742,230.5869,0.4582,0.0448,82.8137,132.0074,233.1809,0.5656,0.6351
2016-01-13T00:21:59.608Z,5.2989,98.5591,230.7021,0.4268,0.0544,2.269,77.8014,230.2889,0.3377,0.054,82.75,116.3009,233.2104,0.4989,0.7373
2016-01-13T00:22:59.896Z,4.6622,108.0873,231.0408,0.4678,0.0422,3.5284,75.8402,229.6332,0.3299,0.0686,83.5328,116.0555,233.4562,0.4972,0.7415
2016-01-13T00:23:59.183Z,3.188,108.9686,231.1939,0.471,0.0292,3.8463,80.3531,230.3762,0.349,0.0522,83.4321,118.5743,234.0213,0.5066,0.7249
2016-01-13T00:24:59.467Z,4.5389,105.9614,231.7836,0.4573,0.0447,3.6181,75.6281,230.914,0.3273,0.0716,84.4113,116.6677,234.0684,0.4984,0.7491
2016-01-13T00:25:59.760Z,5.9548,104.0465,231.6929,0.4495,0.0595,3.7863,78.5365,230.7159,0.3404,0.0647,83.7709,117.9734,233.5497,0.5055,0.7275
2016-01-13T00:26:59.021Z,3.5139,102.7213,231.4596,0.4441,0.0339,4.1454,69.4427,230.6248,0.3011,0.0803,82.5421,110.6831,233.0731,0.4751,0.7669
2016-01-13T00:27:59.195Z,3.5669,100.9281,231.7087,0.4354,0.0368,3.4429,75.6008,230.8169,0.3281,0.067,83.0614,113.9776,232.7363,0.4899,0.7514
2016-01-13T00:28:59.465Z,2.5829,103.9901,232.2963,0.447,0.0263,4.3075,78.7678,228.8433,0.3442,0.0626,84.0464,117.6785,234.2385,0.5026,0.7337
2016-01-13T00:29:59.863Z,2.675,104.4033,231.8847,0.4505,0.0255,3.8268,82.0532,230.5375,0.3563,0.0608,84.6834,117.4688,234.0721,0.5022,0.7432
2016-01-13T00:30:59.096Z,3.843,110.8747,231.7451,0.4784,0.0372,3.1894,81.6826,231.4036,0.3529,0.0561,84.3396,116.561,233.9177,0.4982,0.7472
2016-01-13T00:31:59.402Z,2.8158,109.399,231.543,0.4722,0.0232,4.1668,84.7586,231.4692,0.3658,0.06,83.5185,117.4449,233.4857,0.5034,0.7292
2016-01-13T00:32:59.614Z,4.7429,117.388,231.8819,0.506,0.0405,3.4575,95.0393,231.0067,0.4114,0.0445,83.4077,128.3058,233.5105,0.5495,0.6652
2016-01-13T00:33:59.813Z,3.6365,124.7973,232.3401,0.5369,0.0282,3.6837,97.1241,230.976,0.4209,0.0442,82.6649,133.8753,231.5999,0.578,0.6265
2016-01-13T00:34:59.008Z,4.6877,125.8551,231.9018,0.5422,0.0392,4.7896,102.2221,230.8953,0.443,0.0528,82.5096,130.9289,232.4376,0.5632,0.6423
2016-01-13T00:35:59.224Z,5.0796,127.9313,231.6173,0.5519,0.0402,3.6291,108.709,231.2927,0.4692,0.0344,82.6903,136.2535,232.9485,0.5843,0.6095
2016-01-13T00:36:59.553Z,4.8665,128.8274,231.7033,0.5555,0.038,4.4042,112.8318,231.2568,0.488,0.0373,84.1848,139.0705,233.1249,0.5967,0.6073
2016-01-13T00:37:59.941Z,3.7795,128.4408,231.7897,0.5541,0.0287,4.2887,109.8911,231.1408,0.4752,0.038,83.8828,138.7721,233.15,0.5951,0.6071
2016-01-13T00:38:59.226Z,4.1525,129.6608,231.7142,0.5592,0.0307,4.081,110.7265,231.3424,0.4785,0.0361,83.1619,138.6654,233.0337,0.5949,0.603
2016-01-13T00:39:59.478Z,4.5924,128.6047,231.9122,0.5542,0.0352,4.2651,108.3475,231.8951,0.467,0.0458,83.0705,137.8899,233.4114,0.5909,0.6065
2016-01-13T00:40:59.805Z,3.9105,130.1288,231.8662,0.5609,0.0309,4.7612,109.7819,231.9447,0.474,0.0434,84.3515,140.2321,233.3243,0.6008,0.6043
2016-01-13T00:41:59.160Z,5.4068,126.6022,231.5846,0.5464,0.0419,4.5479,111.8273,232.0054,0.4822,0.0406,84.1472,140.3814,233.4931,0.601,0.601
2016-01-13T00:42:59.364Z,4.7978,129.0841,230.9025,0.5589,0.0365,3.9932,111.7965,232.3857,0.4814,0.0338,83.8523,139.3546,233.1774,0.5978,0.6051
2016-01-13T00:43:59.568Z,4.4693,128.6725,231.0414,0.5566,0.0359,4.2878,109.8349,231.757,0.4738,0.0393,82.3847,137.5078,233.0215,0.59,0.6023
2016-01-13T00:44:59.778Z,4.5098,127.8133,230.7395,0.5536,0.0356,4.513,109.4316,231.4258,0.473,0.0393,82.6619,138.1308,232.6991,0.5934,0.5999
2016-01-13T00:45:59.278Z,3.8389,127.6637,231.336,0.5519,0.0299,4.6222,109.4578,231.7514,0.4721,0.0421,82.7763,134.8756,232.774,0.5792,0.6182
2016-01-13T00:46:59.651Z,4.9565,129.4436,231.0018,0.56,0.0393,3.9093,111.2297,232.0796,0.4788,0.0342,82.7122,137.3542,232.3844,0.5911,0.6051
2016-01-13T00:47:59.989Z,4.297,129.301,231.2198,0.5588,0.0322,4.1762,110.4257,232.0021,0.4763,0.0375,82.9988,139.7882,232.834,0.6001,0.5981
2016-01-13T00:48:59.238Z,4.2243,128.7688,230.9047,0.5569,0.0326,4.2538,110.3401,231.2756,0.477,0.0382,83.8553,140.1,232.7186,0.6024,0.6026
2016-01-13T00:49:59.435Z,3.7767,126.8641,230.5181,0.5503,0.0286,4.7681,109.9785,231.367,0.4757,0.0448,82.4414,135.8896,232.3347,0.5843,0.6109
2016-01-13T00:50:59.784Z,3.4668,126.8855,231.1815,0.5487,0.0263,3.7405,110.5176,230.6725,0.4792,0.0363,83.55,136.1305,232.3414,0.5858,0.6189
2016-01-13T00:51:59.042Z,4.2235,128.5179,231.2916,0.5553,0.0331,4.3266,111.1528,230.9804,0.4817,0.0402,82.9989,140.192,232.4797,0.6034,0.5946
2016-01-13T00:52:59.290Z,4.3366,128.9062,231.5997,0.5563,0.0338,5.0079,110.3649,230.814,0.4782,0.0452,83.04,138.4796,232.4352,0.5959,0.6023
2016-01-13T00:53:59.491Z,4.8944,129.069,230.9888,0.5581,0.038,3.6949,111.7313,230.9098,0.4838,0.0322,82.5156,136.0168,231.7944,0.5866,0.6093
2016-01-13T00:54:59.761Z,3.9604,128.1957,230.9635,0.5547,0.0304,3.6323,107.6077,231.334,0.4645,0.0342,83.0074,138.6642,232.6778,0.5957,0.6024
2016-01-13T00:55:59.099Z,4.2074,129.0084,231.557,0.5566,0.0325,4.4451,111.0727,231.6847,0.4796,0.0409,84.1313,140.2189,233.4174,0.6009,0.602
2016-01-13T00:56:59.515Z,5.0175,127.5577,231.9468,0.5497,0.0385,3.6118,110.2778,231.7071,0.4761,0.0323,83.7864,137.9949,233.6429,0.5904,0.6104
2016-01-13T00:57:59.786Z,3.4493,129.6925,232.0371,0.5587,0.0265,5.1603,111.837,231.9585,0.4816,0.0451,84.3442,138.6868,233.6899,0.5937,0.6108
2016-01-13T00:58:59.275Z,4.554,130.0354,232.557,0.5591,0.0354,4.0281,110.7022,231.3161,0.4789,0.0373,83.1971,138.559,233.6012,0.5932,0.6009
2016-01-13T00:59:59.577Z,4.0884,127.7429,232.0308,0.5499,0.0324,3.8769,108.6256,231.3384,0.4697,0.0353,83.2865,138.2203,233.4034,0.5919,0.6066
