2016-01-08T00:00:59.269Z,1121.6061,1494.4249,226.7118,6.5915,0.7506,1180.5448,1599.9769,228.3102,7.0073,0.7381,1607.6671,2119.7676,228.0758,9.2933,0.7591
2016-01-08T00:01:59.476Z,1116.4248,1491.0081,226.9149,6.5702,0.7487,1195.5499,1620.7859,229.3054,7.0678,0.7378,1610.1258,2138.6213,228.9803,9.3393,0.7531
2016-01-08T00:02:59.738Z,1148.7692,1526.668,226.941,6.7266,0.7528,1227.1168,1635.1113,228.2191,7.164,0.751,1662.7757,2179.5977,229.0433,9.5151,0.7632
2016-01-08T00:03:59.018Z,1145.7302,1543.8276,227.1559,6.7956,0.7422,1213.3316,1598.3926,226.1666,7.0665,0.7589,1710.2698,2213.3707,229.718,9.6342,0.7726
2016-01-08T00:04:59.291Z,1098.0447,1481.8186,226.967,6.5279,0.741,1194.713,1604.6983,228.6621,7.0176,0.744,1623.5823,2156.0206,229.2619,9.4031,0.7531
2016-01-08T00:05:59.577Z,1108.8489,1492.9264,227.2137,6.5701,0.7426,1184.9873,1600.7169,228.703,6.9986,0.7412,1622.572,2144.9764,229.0586,9.3634,0.7572
2016-01-08T00:06:59.771Z,1144.2707,1527.9664,227.2294,6.7242,0.7491,1216.5743,1625.7618,228.7986,7.1051,0.748,1664.5942,2179.806,228.9877,9.5189,0.7637
2016-01-08T00:07:59.998Z,1158.9073,1538.9613,226.6142,6.7899,0.7531,1232.1337,1628.5046,228.1031,7.1388,0.7568,1691.2219,2198.5546,228.6478,9.6149,0.7699
2016-01-08T00:08:59.283Z,1109.0722,1492.5156,226.3237,6.5936,0.7433,1184.3817,1581.59,227.9411,6.938,0.7488,1643.3951,2152.1199,228.27,9.427,0.7628
2016-01-08T00:09:59.517Z,1106.1649,1489.9977,226.1332,6.5886,0.7426,1173.9811,1569.8076,227.6143,6.8964,0.7478,1635.5171,2140.5749,228.0604,9.3852,0.7636
2016-01-08T00:10:59.852Z,1123.9592,1498.9599,225.2873,6.653,0.7497,1217.3274,1604.4693,228.3839,7.0249,0.7583,1666.3028,2178.6089,228.3248,9.5411,0.7646
2016-01-08T00:11:59.302Z,1152.9594,1531.4398,225.8391,6.7802,0.7535,1242.5454,1632.2538,228.3419,7.1476,0.7616,1696.8713,2215.9516,229.2248,9.6666,0.7664
2016-01-08T00:12:59.639Z,1109.858,1486.2954,225.8983,6.5789,0.7467,1204.5969,1602.8638,228.5232,7.0134,0.7511,1641.1489,2165.8527,228.7996,9.4654,0.7578
2016-01-08T00:13:59.905Z,1090.8936,1467.4331,225.7723,6.4994,0.7434,1193.7028,1594.5171,228.7631,6.9698,0.7484,1619.7829,2147.2663,228.7448,9.3864,0.7544
2016-01-08T00:14:59.164Z,1112.01,1486.0747,225.6488,6.5857,0.7485,1216.375,1610.4762,228.5359,7.0466,0.7555,1649.264,2175.3776,228.9749,9.4994,0.7584
2016-01-08T00:15:59.573Z,1151.2067,1528.2172,225.7102,6.7699,0.753,1241.6094,1625.0413,227.6563,7.1378,0.7638,1697.526,2210.2601,228.9551,9.653,0.7692
2016-01-08T00:16:59.896Z,1103.387,1487.3913,225.1982,6.6048,0.7419,1199.0481,1583.957,227.5141,6.9611,0.7567,1654.8014,2172.3624,229.029,9.4848,0.7618
2016-01-08T00:17:59.035Z,1089.7179,1479.0625,225.5234,6.5576,0.7367,1165.0947,1552.7087,226.924,6.8424,0.7504,1636.6612,2144.6921,228.84,9.3708,0.7637
2016-01-08T00:18:59.498Z,1110.8452,1508.7087,226.3484,6.6652,0.7363,1172.892,1560.8393,226.4882,6.8907,0.7514,1666.2692,2166.1189,228.9884,9.4588,0.7696
2016-01-08T00:19:59.776Z,1151.7437,1542.0426,225.9144,6.8259,0.7469,1217.9934,1595.0113,226.382,7.0451,0.7633,1712.6064,2208.1378,228.8319,9.6493,0.7761
2016-01-08T00:20:59.988Z,1116.3553,1508.726,226.2019,6.6694,0.74,1187.3809,1576.1912,226.7768,6.9493,0.7532,1666.4764,2174.0627,229.216,9.4844,0.7668
2016-01-08T00:21:59.135Z,1089.549,1478.7218,226.7166,6.5214,0.737,1168.738,1575.2822,228.0738,6.9063,0.7419,1617.5523,2137.7566,228.874,9.3394,0.7574
2016-01-08T00:22:59.450Z,1096.3362,1483.0678,226.4337,6.549,0.7392,1188.2399,1586.8898,227.6663,6.9692,0.7491,1633.5173,2158.5887,229.2252,9.4166,0.757
2016-01-08T00:23:59.805Z,1150.4221,1527.3901,226.1913,6.7521,0.7532,1237.7263,1629.0732,227.5596,7.1584,0.7598,1685.3636,2199.5662,228.9439,9.6069,0.7671
2016-01-08T00:24:59.012Z,1113.9089,1497.2713,225.9391,6.6267,0.7438,1207.1392,1595.8947,227.3135,7.0209,0.7561,1663.024,2181.0898,229.0127,9.5233,0.7624
2016-01-08T00:25:59.292Z,1076.5371,1466.3992,226.1243,6.4842,0.7341,1168.4159,1559.081,227.1217,6.864,0.749,1627.5857,2146.4406,228.694,9.3852,0.7583
2016-01-08T00:26:59.699Z,1093.5743,1489.8547,226.3827,6.5808,0.7341,1164.1514,1555.0007,226.9361,6.8516,0.7486,1645.4863,2155.1321,228.8326,9.4171,0.7633
2016-01-08T00:27:59.914Z,1153.8174,1540.0539,226.622,6.7951,0.7497,1218.009,1608.3338,226.7223,7.0931,0.7579,1692.8892,2197.6599,229.1138,9.5912,0.7703
2016-01-08T00:28:59.216Z,1126.8275,1514.159,226.192,6.6938,0.7444,1205.9528,1593.7853,226.6277,7.032,0.7575,1674.2858,2185.0395,229.4619,9.5217,0.7666
2016-01-08T00:29:59.436Z,1081.8728,1476.4196,225.5709,6.5452,0.733,1154.1599,1535.83,225.8723,6.7991,0.7513,1639.8563,2143.436,229.0811,9.356,0.7657
2016-01-08T00:30:59.671Z,1088.4918,1484.3059,225.9208,6.5694,0.7334,1160.0609,1546.5766,226.1651,6.8379,0.7502,1646.1893,2155.32,229.5851,9.3868,0.7634
2016-01-08T00:32:59.303Z,920.4456,1257.9678,225.5332,5.583,0.6175,1014.7077,1337.2607,227.1807,5.8923,0.6387,1416.4304,1854.8736,229.9092,8.0823,0.754
2016-01-08T00:33:59.693Z,167.8596,449.8688,227.8453,1.9714,0.1787,188.9423,459.5705,228.0521,2.0202,0.1852,302.6171,593.8151,231.0881,2.5762,0.6221
2016-01-08T00:34:59.026Z,535.397,1083.481,227.9801,4.7522,0.4941,612.0844,1170.0926,227.1217,5.1509,0.523,654.944,1311.1136,230.3756,5.6906,0.4998
2016-01-08T00:35:59.491Z,95.8966,285.4515,229.5292,1.2466,0.1146,103.531,276.3629,228.3205,1.2168,0.1189,213.502,358.2573,231.55,1.5504,0.6756
2016-01-08T00:36:59.684Z,328.1546,572.894,229.0893,2.5116,0.2448,338.5277,546.0527,228.4173,2.4001,0.25,786.4547,1002.7651,230.4186,4.3621,0.8019
2016-01-08T00:37:59.894Z,1172.304,1571.2792,227.8216,6.8962,0.7464,1228.972,1628.2129,226.7859,7.1787,0.7544,1713.7194,2217.5258,228.8973,9.6877,0.7723
2016-01-08T00:38:59.075Z,1255.0305,1642.7516,227.6843,7.2143,0.7638,1308.3923,1697.4939,226.4201,7.4964,0.7703,1795.5417,2283.4248,228.6864,9.9843,0.7869
2016-01-08T00:39:59.335Z,1188.7731,1575.3104,227.2848,6.9306,0.755,1216.4942,1611.8568,225.5131,7.1468,0.7546,1702.263,2176.3794,227.3431,9.5726,0.7822
2016-01-08T00:40:59.569Z,1194.4619,1584.6184,227.768,6.9569,0.7537,1215.9616,1624.0681,226.0264,7.1847,0.7488,1696.6689,2177.4511,227.8218,9.5568,0.7792
2016-01-08T00:41:59.828Z,1277.5409,1656.532,227.6207,7.2772,0.7709,1315.7234,1720.5901,226.3672,7.6009,0.7652,1779.0678,2266.2874,228.4953,9.9174,0.7851
2016-01-08T00:42:59.039Z,1242.6264,1626.8444,228.0953,7.1319,0.7636,1280.012,1692.5905,226.7244,7.4648,0.7563,1737.2883,2230.5293,228.5128,9.7601,0.7782
2016-01-08T00:43:59.394Z,1192.9618,1587.9929,228.354,6.9536,0.7511,1228.0128,1643.0981,226.7722,7.2453,0.7473,1697.5964,2192.6781,228.3844,9.6002,0.7744
2016-01-08T00:44:59.560Z,1137.1091,1535.5032,228.5501,6.7177,0.7406,1183.6356,1614.2522,227.8883,7.0833,0.7334,1632.9974,2146.3268,228.8294,9.3791,0.761
2016-01-08T00:45:59.740Z,1139.2383,1536.3856,228.6291,6.7198,0.7414,1182.3459,1615.8356,228.1013,7.0829,0.7316,1630.1634,2139.5983,228.5246,9.362,0.761
2016-01-08T00:46:59.027Z,1137.2975,1530.1705,228.3798,6.6994,0.7433,1178.7299,1612.9627,227.9009,7.0768,0.7311,1620.2253,2130.031,228.5418,9.3198,0.7603
2016-01-08T00:47:59.300Z,1131.1209,1520.3541,228.2276,6.661,0.7436,1195.098,1623.1544,228.0681,7.1167,0.7364,1625.2129,2142.2249,228.5242,9.3734,0.7597
2016-01-08T00:48:59.592Z,1120.299,1514.4702,228.2816,6.6337,0.74,1194.283,1614.1681,227.9139,7.0819,0.74,1634.5556,2158.053,229.047,9.4214,0.759
2016-01-08T00:49:59.874Z,1109.4077,1511.0839,227.3063,6.6472,0.7338,1172.8808,1576.4262,227.035,6.9429,0.7438,1647.0738,2155.072,228.8662,9.4158,0.7643
2016-01-08T00:50:59.114Z,1152.9687,1555.6274,227.7557,6.8301,0.7407,1195.0045,1600.6369,227.3564,7.0389,0.7464,1683.2517,2181.2882,228.6196,9.5407,0.7715
2016-01-08T00:51:59.386Z,1180.1252,1574.0676,227.7131,6.9121,0.7502,1244.3708,1649.6534,228.026,7.2342,0.7542,1709.4656,2217.3264,228.8766,9.6867,0.7707
2016-01-08T00:52:59.743Z,1142.7281,1549.2191,227.6659,6.8049,0.7373,1199.2454,1597.4394,226.8069,7.0411,0.7504,1691.9789,2195.0724,229.4724,9.5652,0.7711
2016-01-08T00:53:59.051Z,1113.7765,1533.5276,228.1331,6.7213,0.7264,1165.9583,1563.0188,226.1198,6.9109,0.7461,1674.8289,2176.2954,229.6581,9.4756,0.7694
2016-01-08T00:54:59.384Z,1130.5217,1523.5338,227.9933,6.6822,0.7421,1208.1042,1625.3972,228.4146,7.1159,0.7438,1649.9139,2175.2412,229.5969,9.4737,0.7591
2016-01-08T00:55:59.642Z,1138.939,1528.4242,227.7028,6.7127,0.745,1213.355,1632.1142,228.3026,7.1482,0.7429,1650.9881,2171.9941,229.5003,9.4634,0.7598
2016-01-08T00:56:59.894Z,1126.6621,1516.7877,227.5992,6.6636,0.7433,1198.4294,1619.9523,228.2347,7.0972,0.7401,1635.0568,2157.1911,229.6086,9.3947,0.7586
2016-01-08T00:57:59.205Z,1149.4894,1541.1033,227.5917,6.7713,0.7457,1216.1605,1631.7382,228.2662,7.1475,0.7451,1665.7784,2179.2131,229.3293,9.5017,0.7643
2016-01-08T00:58:59.569Z,1201.6703,1583.0338,227.3384,6.9629,0.7591,1258.7236,1665.355,227.6077,7.3167,0.7564,1717.6437,2219.0879,229.0998,9.6857,0.7723
2016-01-08T00:59:59.783Z,1172.3512,1559.5321,226.3597,6.8899,0.752,1222.8432,1617.5188,226.9474,7.1269,0.7563,1703.0476,2191.2901,228.3121,9.5976,0.7784
