2016-01-18T00:00:59.873Z,3.6938,122.5489,230.3719,0.5317,0.0296,4.1961,110.8833,228.2277,0.4861,0.0378,226.6231,287.7432,230.9696,1.2476,0.7442
2016-01-18T00:01:59.214Z,817.1921,1145.3144,229.0236,5.0116,0.5324,851.1431,1199.9699,226.4852,5.3081,0.5378,1362.3774,1750.1894,228.5469,7.668,0.7978
2016-01-18T00:02:59.463Z,1165.1341,1570.8697,227.904,6.8918,0.741,1183.4994,1591.1037,225.8307,7.0456,0.7433,1692.8989,2186.314,227.5761,9.607,0.7741
2016-01-18T00:03:59.810Z,1167.0264,1566.7512,228.0629,6.8693,0.745,1213.5907,1622.9436,226.8396,7.1546,0.7472,1691.0671,2199.004,227.8431,9.6514,0.7692
2016-01-18T00:04:59.059Z,1072.4141,1481.239,227.985,6.4972,0.7241,1134.0426,1557.8944,227.6792,6.8422,0.7277,1597.9792,2130.9719,228.6657,9.3191,0.7498
2016-01-18T00:05:59.328Z,1065.5553,1478.8149,228.6622,6.4667,0.7201,1111.1213,1543.4708,227.5886,6.7814,0.7197,1580.8211,2108.3687,228.4542,9.2282,0.7498
2016-01-18T00:06:59.545Z,1048.6599,1458.5724,228.646,6.3794,0.7197,1101.2522,1537.1647,227.6623,6.7518,0.717,1559.7582,2088.5332,228.0054,9.1598,0.7477
2016-01-18T00:07:59.784Z,1034.5649,1445.3567,228.6058,6.3221,0.7159,1087.3154,1521.1273,227.3718,6.6891,0.7144,1545.7363,2072.5994,227.737,9.0998,0.7458
2016-01-18T00:08:59.110Z,1087.7964,1493.9459,228.6155,6.5343,0.728,1095.8442,1530.5382,226.3606,6.7616,0.7159,1575.9027,2072.4302,227.2328,9.1194,0.7599
2016-01-18T00:09:59.461Z,1075.7777,1504.6988,228.5483,6.5831,0.7149,1058.616,1477.4679,224.8113,6.5717,0.716,1597.8612,2076.0641,227.747,9.1158,0.7703
2016-01-18T00:10:59.779Z,1060.8726,1518.6281,229.2742,6.6236,0.6983,1013.0109,1417.2069,222.5101,6.3684,0.7151,1621.5207,2079.7489,228.3676,9.1067,0.7792
2016-01-18T00:11:59.034Z,1095.2209,1548.462,229.5253,6.7462,0.7071,1043.5294,1454.7113,223.4255,6.5099,0.7179,1642.1269,2101.3026,228.5631,9.1933,0.7815
2016-01-18T00:12:59.238Z,1107.16,1524.1221,228.6707,6.6646,0.7262,1056.1381,1490.3682,225.0333,6.6219,0.7084,1585.998,2048.3418,227.0151,9.0222,0.7743
2016-01-18T00:13:59.528Z,1060.8793,1474.1231,228.3977,6.4536,0.7203,1053.7976,1494.3311,226.587,6.5951,0.7054,1546.8456,2042.6629,227.7163,8.9694,0.7573
2016-01-18T00:14:59.657Z,1066.219,1477.2923,228.3896,6.468,0.7218,1068.5749,1505.8738,226.8824,6.6373,0.71,1552.4747,2050.8486,227.8294,9.0016,0.7582
2016-01-18T00:15:59.969Z,1063.9442,1479.6838,228.593,6.4724,0.7187,1056.9026,1495.6373,226.5216,6.6021,0.7066,1551.5944,2046.9599,228.0057,8.9771,0.7587
2016-01-18T00:16:59.324Z,1055.8555,1472.4183,228.5564,6.4419,0.7167,1069.6132,1500.6618,226.66,6.6207,0.713,1562.3225,2067.0482,228.4874,9.0463,0.7564
2016-01-18T00:17:59.811Z,1026.719,1453.7807,228.7238,6.3556,0.7066,1058.33,1487.3045,226.9563,6.5532,0.7113,1553.2098,2071.9255,228.9125,9.0509,0.7501
2016-01-18T00:18:59.088Z,1073.2058,1504.6916,229.7027,6.5507,0.7125,1036.3195,1464.3075,224.963,6.5082,0.7078,1582.743,2050.8564,226.913,9.0372,0.7715
2016-01-18T00:19:59.325Z,1043.2066,1477.914,228.5313,6.4664,0.7057,1044.9196,1447.3379,224.5008,6.4459,0.722,1598.8824,2077.6426,227.3876,9.1354,0.7697
2016-01-18T00:20:59.593Z,1038.5736,1468.5071,227.8,6.4464,0.7071,1053.9571,1462.3126,225.4671,6.4851,0.7199,1587.2537,2080.9859,228.5512,9.1041,0.7631
2016-01-18T00:21:59.004Z,1045.1625,1479.8687,227.6413,6.5001,0.7063,1049.6091,1453.2766,224.8963,6.4618,0.7219,1597.4961,2085.7509,229.0104,9.1069,0.7666
2016-01-18T00:22:59.310Z,1044.9396,1480.0271,227.6682,6.5006,0.7058,1048.2937,1454.9302,224.9457,6.4673,0.7207,1595.0083,2084.0091,228.9667,9.1011,0.7654
2016-01-18T00:23:59.790Z,1049.0784,1480.3123,228.7901,6.4698,0.7089,1060.8286,1490.5336,226.411,6.5829,0.7112,1573.1542,2079.9791,229.3257,9.0691,0.7557
2016-01-18T00:24:59.040Z,1037.6562,1468.2947,228.636,6.4208,0.7061,1055.1654,1482.8921,226.5613,6.5449,0.7113,1564.5018,2074.2656,229.22,9.0483,0.7533
2016-01-18T00:25:59.320Z,1040.0576,1468.8821,228.5188,6.4274,0.7082,1071.5544,1492.567,226.4986,6.5894,0.7176,1578.6411,2091.7331,229.352,9.1191,0.755
2016-01-18T00:26:59.600Z,1017.8853,1453.6516,228.7579,6.3541,0.7002,1062.1081,1486.8961,226.5597,6.5622,0.7142,1566.0033,2090.5387,229.8418,9.0953,0.7494
2016-01-18T00:27:59.870Z,1034.0406,1479.4791,228.9379,6.4621,0.6992,1057.3628,1475.8437,225.6672,6.5391,0.7162,1593.8582,2106.7976,230.3976,9.1436,0.7572
2016-01-18T00:28:59.153Z,1014.0149,1442.6192,228.8345,6.3042,0.7024,1074.3306,1502.7578,227.1822,6.6144,0.7149,1554.7606,2089.8057,229.7639,9.0951,0.7436
2016-01-18T00:29:59.465Z,1031.4703,1446.017,228.2276,6.3357,0.7133,1092.5819,1509.8138,226.9909,6.6511,0.7241,1569.7332,2094.2478,228.7667,9.1532,0.7489
2016-01-18T00:30:59.811Z,1021.7942,1429.0158,227.4447,6.2818,0.7152,1090.1797,1501.1726,226.8528,6.6168,0.7254,1556.4713,2079.2202,228.1927,9.111,0.7497
2016-01-18T00:31:59.033Z,1031.3562,1426.6382,226.813,6.2897,0.7236,1101.9069,1507.9046,226.813,6.6478,0.7311,1562.9537,2079.098,227.2694,9.148,0.7502
2016-01-18T00:32:59.286Z,1035.7101,1432.7236,226.8234,6.3158,0.7229,1106.4782,1511.1718,226.7981,6.6628,0.7324,1569.3071,2085.0087,227.3629,9.1696,0.7519
2016-01-18T00:33:59.630Z,1040.8234,1461.0792,228.5621,6.392,0.7117,1087.9346,1509.3316,226.8723,6.6526,0.721,1573.2121,2093.7984,228.8153,9.1501,0.7509
2016-01-18T00:34:59.050Z,1042.9767,1467.2009,229.0752,6.4046,0.7108,1090.4845,1520.0957,227.3385,6.6861,0.7171,1574.7153,2103.9002,229.4675,9.1679,0.7479
2016-01-18T00:35:59.520Z,1038.4056,1457.5626,229.0848,6.3622,0.7121,1105.3807,1533.2003,227.6436,6.7348,0.7206,1573.9131,2113.637,229.6577,9.2029,0.7443
2016-01-18T00:36:59.837Z,1039.3531,1458.2278,228.8656,6.3713,0.7132,1104.7664,1531.8707,227.6061,6.7301,0.7208,1573.882,2107.9837,229.254,9.1948,0.7474
2016-01-18T00:37:59.988Z,1039.4672,1454.9583,228.5291,6.3661,0.7146,1110.3171,1530.1618,227.417,6.728,0.7259,1581.7714,2117.6944,229.3677,9.2318,0.7479
2016-01-18T00:38:59.199Z,1044.2508,1461.01,228.4939,6.3938,0.7147,1112.7973,1531.1769,227.5325,6.7293,0.7266,1587.2937,2120.1009,229.1824,9.2508,0.7491
2016-01-18T00:39:59.531Z,1046.266,1458.0827,227.955,6.3963,0.7173,1106.0296,1516.7613,226.9163,6.6838,0.7292,1585.6157,2105.1169,228.5979,9.2083,0.7527
2016-01-18T00:40:59.942Z,1042.3314,1462.8338,227.7026,6.424,0.7128,1089.1042,1495.2023,226.4128,6.6039,0.7289,1592.5723,2104.8347,228.7796,9.1997,0.7562
2016-01-18T00:41:59.212Z,1059.2417,1457.1661,227.09,6.4164,0.7267,1117.4973,1529.3515,227.1838,6.7313,0.7311,1584.0736,2097.9696,228.0228,9.2002,0.7548
2016-01-18T00:42:59.519Z,1050.9181,1447.5919,226.8326,6.3812,0.7262,1110.5632,1524.0057,227.3684,6.7026,0.7283,1571.0093,2086.7393,227.9093,9.1554,0.7519
2016-01-18T00:43:59.748Z,1043.8697,1458.0774,227.9066,6.3971,0.716,1100.6484,1520.9322,227.6321,6.6811,0.7232,1577.0203,2103.6551,229.31,9.1734,0.7499
2016-01-18T00:44:59.037Z,1051.1434,1468.4264,228.0626,6.4383,0.7164,1119.3728,1532.829,227.7058,6.7313,0.7301,1600.1758,2131.0309,229.6615,9.2782,0.7506
2016-01-18T00:45:59.233Z,1041.6218,1460.56,228.3329,6.3962,0.7134,1116.7284,1529.5983,227.8279,6.7137,0.7302,1595.5059,2130.1452,229.6241,9.2758,0.7493
2016-01-18T00:46:59.464Z,547.7693,828.5141,228.9452,3.6276,0.3937,583.7811,857.9198,228.8451,3.7591,0.399,882.8863,1190.4248,230.8202,5.1792,0.7236
2016-01-18T00:47:59.739Z,299.0015,583.5203,229.0455,2.558,0.2749,346.6405,614.6782,229.1756,2.6934,0.2882,451.9247,774.6809,231.3229,3.3608,0.6479
2016-01-18T00:48:59.956Z,3.702,124.4597,229.6611,0.5417,0.0302,4.626,110.1244,229.5247,0.4796,0.044,129.1923,182.6609,231.4879,0.7891,0.7083
2016-01-18T00:49:59.131Z,490.5911,776.3609,229.23,3.399,0.3446,518.4729,766.3416,228.6996,3.3658,0.3596,1016.6347,1303.1634,229.5654,5.6934,0.8107
2016-01-18T00:50:59.424Z,1112.9832,1520.5991,227.9743,6.67,0.7319,1178.845,1579.2896,227.0658,6.9549,0.7464,1668.3873,2178.7049,228.2278,9.5456,0.7662
2016-01-18T00:51:59.802Z,1151.6246,1555.9153,227.4531,6.8407,0.7399,1217.0373,1603.1653,226.3873,7.0811,0.7591,1718.7313,2218.6944,228.2549,9.7198,0.7753
2016-01-18T00:52:59.145Z,1124.0558,1531.8946,226.6299,6.7594,0.7333,1192.3856,1566.7752,225.733,6.94,0.7608,1709.8317,2205.2357,228.5078,9.6504,0.7753
2016-01-18T00:53:59.386Z,1074.1516,1487.7059,227.7042,6.5332,0.7217,1135.9614,1538.677,226.7474,6.7856,0.7386,1629.941,2141.9406,228.8001,9.3609,0.7616
2016-01-18T00:54:59.764Z,1053.962,1465.7948,228.0984,6.4259,0.7191,1134.8473,1556.9022,228.3594,6.8172,0.7289,1595.9134,2131.7363,229.3176,9.2956,0.7496
2016-01-18T00:55:59.077Z,1052.9871,1455.1838,228.6056,6.3652,0.724,1138.5016,1573.5678,228.7443,6.8789,0.7235,1568.153,2109.4355,228.597,9.2269,0.7431
2016-01-18T00:56:59.423Z,1039.4911,1447.9524,229.1544,6.3178,0.718,1117.2842,1559.5742,228.8308,6.8152,0.7163,1548.2099,2089.289,228.656,9.1363,0.741
2016-01-18T00:57:59.737Z,1058.0506,1464.6567,229.0088,6.395,0.7227,1133.0173,1569.1206,228.6306,6.8622,0.7222,1573.2396,2109.7406,228.5806,9.2292,0.746
2016-01-18T00:58:59.072Z,1064.2476,1466.129,229.0469,6.4001,0.7263,1139.5044,1580.0918,228.9072,6.9028,0.7217,1569.6376,2107.5588,228.6173,9.2184,0.7449
2016-01-18T00:59:59.400Z,1041.1443,1449.5182,228.7872,6.3352,0.7183,1119.3199,1555.6579,228.8901,6.7964,0.72,1556.7929,2095.8462,228.9088,9.1549,0.7422
2016-01-18T01:00:59.669Z,1056.5016,1466.444,228.5371,6.4158,0.7211,1134.8097,1557.4358,228.2884,6.8217,0.7288,1585.5368,2116.0206,228.3971,9.2642,0.749
2016-01-18T01:01:59.890Z,1064.3159,1507.5854,228.7534,6.59,0.7058,1097.6718,1493.8661,225.2208,6.6318,0.735,1650.3681,2141.7682,228.7326,9.3626,0.7709
2016-01-18T01:02:59.099Z,1044.627,1480.92,228.7083,6.4747,0.7053,1079.4187,1484.9581,225.5124,6.584,0.727,1608.4389,2105.633,228.2291,9.2252,0.763
2016-01-18T01:03:59.296Z,1053.3828,1473.5107,228.5842,6.4458,0.7148,1137.6347,1562.0793,228.8999,6.8243,0.728,1599.9503,2141.3083,229.4544,9.3316,0.7477
2016-01-18T01:04:59.519Z,1063.223,1489.2718,228.817,6.5081,0.7134,1139.2656,1564.4441,228.9574,6.8326,0.7274,1612.327,2151.0466,229.5034,9.3724,0.75
2016-01-18T01:05:59.751Z,1042.52,1459.3257,228.2593,6.3927,0.7142,1115.1999,1536.3279,228.1882,6.7323,0.7266,1583.6921,2112.2854,228.3654,9.2491,0.7501
2016-01-18T01:06:59.077Z,1058.3166,1471.4689,228.3383,6.4435,0.7186,1131.371,1552.6266,228.195,6.8033,0.7285,1595.0285,2119.1462,228.1963,9.286,0.752
2016-01-18T01:07:59.401Z,1073.0934,1482.2359,228.4478,6.4882,0.7247,1152.3162,1570.64,228.1356,6.8846,0.734,1611.1263,2140.4834,228.5519,9.3654,0.7526
2016-01-18T01:08:59.762Z,1051.3048,1463.1524,228.2791,6.4097,0.7184,1124.0363,1548.2064,228.1616,6.7848,0.7254,1582.9048,2110.7982,228.4751,9.238,0.7494
2016-01-18T01:09:59.972Z,1067.8074,1478.6328,228.2351,6.4789,0.7223,1128.4062,1548.6517,227.8089,6.7976,0.7292,1598.2383,2113.7626,228.1124,9.2659,0.7564
2016-01-18T01:10:59.238Z,1085.7416,1486.3928,227.7382,6.5257,0.7303,1147.6502,1554.4444,227.0189,6.8467,0.7382,1620.0718,2125.8243,227.3813,9.3485,0.7629
2016-01-18T01:11:59.590Z,1083.1284,1492.941,228.771,6.5256,0.7258,1101.2192,1527.7077,226.4888,6.7444,0.72,1587.705,2076.0546,226.6341,9.1599,0.765
2016-01-18T01:12:59.886Z,1102.423,1517.8218,229.7252,6.6063,0.7267,1089.921,1527.8149,226.4843,6.7454,0.713,1591.9008,2070.8314,226.7102,9.1337,0.7691
2016-01-18T01:13:59.122Z,1108.1191,1514.9277,228.8931,6.6184,0.7316,1146.672,1575.476,228.0566,6.908,0.7282,1619.1864,2126.7406,227.6639,9.3413,0.7611
2016-01-18T01:14:59.413Z,1066.1896,1485.198,228.609,6.4967,0.7176,1126.4413,1549.1,228.1651,6.7892,0.7268,1603.0367,2124.4887,228.5391,9.2956,0.7543
2016-01-18T01:15:59.659Z,1060.2042,1470.1384,228.9437,6.4211,0.7207,1136.1124,1568.4818,228.6297,6.8598,0.7248,1584.6261,2119.2808,228.4127,9.2777,0.7484
2016-01-18T01:16:59.890Z,1100.7737,1502.3182,229.7499,6.5384,0.7324,1171.7027,1611.6719,228.9481,7.0389,0.7272,1601.3576,2134.0267,228.044,9.3572,0.7501
2016-01-18T01:17:59.142Z,1077.6481,1487.1464,229.8117,6.4717,0.7245,1140.7896,1587.2256,229.1063,6.9273,0.7191,1580.9238,2113.2788,228.247,9.258,0.7491
2016-01-18T01:18:59.380Z,1080.894,1480.6322,229.842,6.4416,0.7302,1134.9414,1585.102,228.8271,6.927,0.7164,1561.2537,2084.0248,227.0167,9.1799,0.7497
2016-01-18T01:19:59.562Z,1107.429,1513.1827,230.1062,6.5758,0.732,1167.5993,1616.0971,229.4649,7.0422,0.7226,1604.2617,2133.7275,228.1276,9.3529,0.7512
2016-01-18T01:20:59.855Z,1078.9228,1484.8874,229.6771,6.4642,0.7271,1141.4029,1582.0848,228.8042,6.9143,0.7211,1584.5309,2110.7587,227.613,9.2732,0.7507
2016-01-18T01:21:59.151Z,1068.7471,1475.7254,229.198,6.4381,0.7239,1133.0184,1569.1064,228.6237,6.8629,0.7219,1579.3543,2103.6804,227.5346,9.2447,0.7512
2016-01-18T01:22:59.339Z,1106.2201,1505.9337,228.764,6.5818,0.734,1162.5189,1586.1926,227.7532,6.9643,0.7331,1618.3681,2127.9889,227.3827,9.3579,0.7602
2016-01-18T01:23:59.602Z,1095.627,1496.2559,229.4417,6.5204,0.732,1141.881,1582.3933,228.2584,6.9323,0.7213,1588.116,2101.0813,227.3717,9.2404,0.7562
2016-01-18T01:24:59.944Z,1096.5977,1505.127,230.1531,6.5392,0.7289,1114.6973,1562.6078,227.8117,6.8591,0.7131,1580.8228,2082.3828,227.3436,9.1592,0.7596
2016-01-18T01:25:59.255Z,1119.3558,1528.3412,229.6816,6.6539,0.7322,1152.0184,1587.5237,227.9767,6.963,0.726,1623.3165,2129.2514,228.0862,9.3348,0.7615
2016-01-18T01:26:59.526Z,1113.9812,1517.8494,230.0041,6.5989,0.7343,1138.906,1584.9708,228.0258,6.9502,0.7192,1594.1212,2096.7154,227.2,9.2277,0.7602
2016-01-18T01:27:59.733Z,1100.8901,1509.9942,230.2571,6.5573,0.7293,1116.0498,1567.9811,228.0162,6.8763,0.7111,1577.0346,2075.6691,226.9804,9.1443,0.7599
2016-01-18T01:28:59.955Z,1129.9344,1534.0143,230.603,6.6521,0.7361,1150.3724,1601.4174,228.3093,7.0141,0.7183,1605.7691,2110.298,227.3081,9.2838,0.7608
2016-01-18T01:29:59.133Z,1110.1688,1516.0344,230.6138,6.5738,0.7324,1140.2478,1591.1645,228.1843,6.9727,0.7173,1593.6415,2104.9056,227.4148,9.2559,0.7572
2016-01-18T01:30:59.544Z,1088.4998,1491.5509,230.0545,6.4832,0.73,1126.0736,1569.4246,227.8527,6.888,0.7176,1578.4737,2085.2889,226.8932,9.19,0.7579
2016-01-18T01:31:59.937Z,1122.6187,1524.4281,229.3244,6.6472,0.7367,1146.1369,1571.7124,226.9899,6.9239,0.7296,1620.7434,2110.4533,226.6139,9.3127,0.768
2016-01-18T01:32:59.341Z,1102.4972,1512.0526,228.8475,6.6074,0.7295,1139.8415,1559.6214,227.115,6.8667,0.7308,1625.6831,2121.7002,227.3452,9.3318,0.7668
2016-01-18T01:33:59.610Z,1070.7894,1495.261,229.379,6.5179,0.7153,1128.4189,1553.9662,228.0986,6.8119,0.726,1609.8106,2133.1966,229.028,9.3139,0.7546
2016-01-18T01:34:59.821Z,856.2648,1217.0072,229.6312,5.3063,0.5742,896.6338,1247.8363,228.5679,5.4688,0.5796,1298.4367,1718.0503,230.1837,7.4848,0.746
2016-01-18T01:35:59.045Z,114.6448,313.3345,231.0036,1.3598,0.1279,146.7898,361.1738,229.8965,1.5751,0.1379,247.9746,417.4978,232.6409,1.7987,0.6765
2016-01-18T01:36:59.298Z,196.5887,415.5134,230.5832,1.8075,0.18,214.9258,410.4312,229.5558,1.796,0.1837,333.3023,515.2681,232.4829,2.2226,0.6855
2016-01-18T01:37:59.543Z,264.3409,478.0934,230.4676,2.0873,0.1808,276.3843,449.7336,229.716,1.9689,0.1996,704.7629,879.2326,231.7802,3.806,0.8064
2016-01-18T01:38:59.750Z,1197.8035,1603.3167,228.08,7.0292,0.7474,1293.2801,1682.9161,227.9962,7.3803,0.7683,1785.852,2316.877,230.0189,10.0719,0.7702
2016-01-18T01:39:59.950Z,1169.4019,1566.5263,228.07,6.8684,0.746,1268.1818,1669.4523,228.2224,7.3144,0.7597,1727.9167,2265.9878,228.9692,9.896,0.7628
2016-01-18T01:40:59.153Z,1136.816,1525.0903,227.5205,6.703,0.7453,1224.6028,1629.1865,227.6864,7.1548,0.7515,1676.6631,2201.6911,227.9753,9.6572,0.7615
2016-01-18T01:41:59.365Z,1079.2706,1481.8564,227.9883,6.4991,0.7286,1135.6834,1552.8396,227.5159,6.8248,0.7309,1605.9188,2121.9738,227.5119,9.3268,0.7577
2016-01-18T01:42:59.653Z,1077.1282,1477.3216,228.3791,6.4678,0.7289,1132.6324,1563.3193,228.175,6.8511,0.7244,1586.4274,2110.2782,227.4859,9.2764,0.7518
2016-01-18T01:43:59.013Z,1049.7187,1464.6298,229.1264,6.3918,0.7169,1100.8729,1545.9584,228.626,6.7619,0.7125,1558.2648,2092.1948,228.4987,9.1556,0.7447
2016-01-18T01:44:59.169Z,1027.091,1467.5429,229.384,6.3976,0.6998,1074.2642,1507.3127,228.0727,6.6084,0.7133,1576.3389,2109.0651,229.5303,9.1874,0.7474
2016-01-18T01:45:59.534Z,1015.2676,1488.3391,229.326,6.4896,0.6824,1033.5986,1441.1732,225.4462,6.3924,0.7176,1617.5478,2125.3618,230.3533,9.2262,0.7607
2016-01-18T01:46:59.740Z,1025.8184,1458.1023,228.7622,6.3739,0.7036,1070.6599,1504.4047,227.9528,6.5998,0.7117,1562.0508,2093.0052,229.1999,9.1317,0.7471
2016-01-18T01:47:59.994Z,1028.3972,1447.1327,228.4489,6.3341,0.711,1083.8282,1514.0256,227.7662,6.6466,0.7158,1555.3874,2084.985,228.5849,9.1208,0.7462
2016-01-18T01:48:59.309Z,1037.1538,1445.0857,228.6453,6.3197,0.7178,1087.7245,1523.1699,227.7375,6.6873,0.714,1544.6706,2069.1134,227.7882,9.0828,0.7478
2016-01-18T01:49:59.513Z,1042.3931,1443.2726,228.6173,6.3126,0.7222,1092.9813,1527.7697,227.4699,6.716,0.7151,1542.0379,2061.0244,227.2042,9.0713,0.7488
2016-01-18T01:50:59.875Z,1047.8589,1452.4473,228.8586,6.3457,0.7217,1087.1382,1520.7081,227.2351,6.6917,0.7147,1548.7841,2059.6566,226.937,9.0747,0.7528
2016-01-18T01:51:59.111Z,1067.9174,1465.0482,228.8645,6.4009,0.7287,1082.5122,1519.0051,226.7864,6.6978,0.713,1545.8867,2039.12,225.9551,9.024,0.7588
2016-01-18T01:52:59.319Z,1076.0797,1464.0157,229.5466,6.3773,0.7349,1090.4804,1543.1843,227.4772,6.7831,0.7066,1525.826,2023.6478,225.3822,8.9782,0.7538
2016-01-18T01:53:59.614Z,1073.2601,1476.3248,230.2039,6.4126,0.727,1086.897,1544.9011,227.9052,6.7781,0.7036,1536.3609,2044.1618,226.649,9.0183,0.7509
2016-01-18T01:55:59.268Z,1077.3229,1477.9354,230.212,6.4193,0.7287,1091.9961,1552.0564,228.0799,6.8047,0.7037,1537.048,2044.5672,226.502,9.0261,0.7511
2016-01-18T01:56:59.579Z,1082.7889,1491.1427,230.2078,6.4769,0.726,1085.66,1543.9523,227.9166,6.7738,0.7032,1545.4853,2050.135,226.9701,9.0324,0.7539
2016-01-18T01:57:59.884Z,1086.3762,1498.5159,229.965,6.5158,0.7251,1082.0281,1536.1843,227.5673,6.7499,0.7048,1558.2469,2055.7162,227.3583,9.0412,0.7582
2016-01-18T01:58:59.016Z,1070.0829,1488.9769,229.5769,6.4848,0.7185,1087.653,1528.5727,227.6254,6.7149,0.7116,1572.2021,2081.5882,228.0547,9.1273,0.7554
2016-01-18T01:59:59.270Z,1066.2819,1473.0411,229.2269,6.4259,0.7234,1105.4759,1547.4073,228.2581,6.7789,0.7143,1559.2219,2079.7487,227.8469,9.1277,0.7497
