2016-02-05T00:00:59.946Z,4.1754,49.3001,232.5332,0.2117,0.0837,2.8321,34.2408,227.7521,0.1499,0.0903,1.8933,35.1185,228.6185,0.1539,0.059
2016-02-05T00:01:59.220Z,3.9076,50.8256,230.9331,0.2197,0.076,2.6213,32.9361,229.2813,0.1442,0.0816,1.829,33.8606,227.0341,0.1494,0.0596
2016-02-05T00:02:59.380Z,4.6981,50.0121,230.7174,0.2168,0.0931,2.7208,32.3582,229.6287,0.1407,0.0871,2.2223,35.5673,227.6748,0.1564,0.0613
2016-02-05T00:03:59.650Z,3.8836,49.9582,230.206,0.217,0.077,2.5687,34.221,229.2523,0.1495,0.0811,1.7348,33.8882,228.1843,0.148,0.0579
2016-02-05T00:04:59.153Z,4.6722,49.1088,230.4007,0.2131,0.0951,2.6261,32.8706,229.0639,0.1438,0.0836,26.4862,56.9824,228.1903,0.2498,0.2301
2016-02-05T00:05:59.388Z,2.5251,51.2069,231.2099,0.2212,0.0491,3.2202,33.7104,229.3999,0.1471,0.0962,37.9507,66.4884,228.3165,0.2912,0.3098
2016-02-05T00:06:59.862Z,2.1516,49.4387,231.775,0.2134,0.0409,2.7699,33.5716,230.1863,0.146,0.0882,2.3285,34.2633,227.2712,0.1505,0.0724
2016-02-05T00:07:59.085Z,2.2557,50.0198,231.9557,0.2159,0.0454,2.7657,32.8632,230.7838,0.1427,0.0913,1.9582,34.925,227.3681,0.1537,0.0579
2016-02-05T00:08:59.367Z,2.1513,50.2749,231.4546,0.2173,0.0421,3.4633,33.9897,231.0546,0.1469,0.1084,1.8596,34.1713,227.6699,0.1504,0.0604
2016-02-05T00:09:59.635Z,2.3408,49.4859,231.0454,0.2144,0.0465,3.419,32.9289,230.9511,0.1431,0.1138,2.5054,34.4335,227.6213,0.1511,0.072
2016-02-05T00:10:59.684Z,1.7348,50.0136,230.5993,0.2165,0.0346,3.0162,29.9592,230.4952,0.1298,0.1002,1.6475,29.8369,229.0196,0.1305,0.0568
2016-02-05T00:11:59.011Z,2.2262,49.8021,229.0041,0.2174,0.0434,3.5027,33.0939,229.7987,0.1441,0.1127,2.1139,34.1831,230.148,0.1492,0.0647
2016-02-05T00:12:59.264Z,2.4149,48.2554,228.566,0.2107,0.049,3.1156,34.3044,229.0634,0.1497,0.0969,1.9141,33.7868,230.2808,0.1463,0.0616
2016-02-05T00:13:59.668Z,2.3774,49.9186,229.4137,0.217,0.0474,2.908,33.9275,228.8176,0.1482,0.0915,1.7643,35.0164,230.2866,0.1522,0.0529
2016-02-05T00:14:59.917Z,2.0596,49.7854,228.6811,0.2177,0.0401,2.95,32.4118,229.7104,0.1413,0.0954,2.0508,36.2622,230.4909,0.1575,0.061
2016-02-05T00:15:59.156Z,2.1989,49.2811,228.3599,0.2154,0.0446,3.4498,33.6216,230.6609,0.1456,0.1048,1.7958,34.3696,230.7618,0.1486,0.0561
2016-02-05T00:16:59.437Z,2.3748,49.7626,227.9936,0.2182,0.0486,3.3344,34.4396,229.9574,0.15,0.1063,2.0937,35.7964,230.1334,0.156,0.0609
2016-02-05T00:17:59.658Z,2.4516,48.5016,228.5552,0.2115,0.0492,3.1257,31.1226,230.0786,0.1349,0.0983,2.3426,36.0027,230.4118,0.1567,0.0658
2016-02-05T00:18:59.072Z,2.0324,48.7817,228.792,0.2127,0.042,3.143,32.6928,229.5699,0.1427,0.1004,1.7018,33.9714,230.3779,0.1474,0.0553
2016-02-05T00:19:59.171Z,1.6225,49.934,228.1466,0.2184,0.0323,3.397,30.136,229.6369,0.1314,0.114,1.6588,30.7184,230.8245,0.1332,0.0638
2016-02-05T00:20:59.300Z,1.8257,49.6511,228.7132,0.2165,0.0356,3.1382,30.4851,229.2066,0.1333,0.1078,1.6954,30.4782,231.1363,0.1315,0.056
2016-02-05T00:21:59.565Z,2.2989,50.0392,228.6393,0.219,0.0465,3.4744,34.0308,228.7191,0.1485,0.1064,1.8898,34.4807,231.1064,0.1489,0.0541
2016-02-05T00:22:59.800Z,2.1169,48.8065,228.9092,0.2132,0.0442,3.2867,34.3229,227.7664,0.1502,0.1021,1.8378,34.0654,230.9048,0.1477,0.0615
2016-02-05T00:24:59.293Z,1.6462,49.9445,228.4301,0.2185,0.0323,3.4055,33.3152,227.4299,0.1465,0.1096,2.0517,34.1736,231.1308,0.1481,0.0628
2016-02-05T00:25:59.603Z,1.5964,49.8665,229.7154,0.2173,0.033,2.7782,34.1428,228.7273,0.1496,0.0939,2.3708,33.2635,231.0376,0.1438,0.0765
2016-02-05T00:26:59.777Z,2.8913,49.0458,229.3033,0.2143,0.0584,3.4204,32.46,228.706,0.1421,0.1114,2.0059,33.8225,230.6425,0.1467,0.0599
2016-02-05T00:27:59.016Z,2.1361,50.2021,229.0638,0.219,0.0411,3.2748,32.7981,228.4908,0.1432,0.106,1.6106,35.496,230.6107,0.1542,0.0489
2016-02-05T00:28:59.251Z,1.9882,50.1568,229.094,0.2188,0.0392,2.9164,33.5478,228.611,0.1463,0.0947,2.4846,34.2562,231.0564,0.1482,0.0762
2016-02-05T00:29:59.637Z,2.5525,48.7885,228.4216,0.2133,0.0526,3.0303,33.2639,228.824,0.1453,0.0938,1.3972,34.796,231.797,0.1502,0.0445
2016-02-05T00:30:59.925Z,2.3585,49.5519,227.8027,0.2174,0.0476,3.2988,32.9309,228.878,0.144,0.1044,2.3575,36.111,232.1652,0.1559,0.0629
2016-02-05T00:31:59.255Z,1.6116,49.3487,227.0829,0.2166,0.0337,3.0452,34.0212,228.5632,0.1492,0.0977,1.7727,34.8196,231.877,0.1499,0.0548
2016-02-05T00:32:59.505Z,2.0715,48.9707,227.9503,0.2148,0.0419,3.0036,33.6127,228.2607,0.1476,0.1014,1.9185,33.5311,231.6623,0.1451,0.0603
2016-02-05T00:33:59.695Z,2.744,49.227,228.1258,0.2156,0.0553,3.446,34.2849,228.5729,0.15,0.1101,2.3399,34.5443,231.1904,0.1491,0.0692
2016-02-05T00:34:59.949Z,1.7966,49.8065,228.732,0.2178,0.0362,2.9256,31.4463,228.823,0.1369,0.0967,1.9857,35.6087,231.5538,0.1535,0.0609
2016-02-05T00:35:59.201Z,2.5261,49.6666,230.1252,0.2164,0.05,3.3633,34.018,230.0827,0.1478,0.1021,2.1872,34.8617,232.9163,0.1496,0.0662
2016-02-05T00:36:59.427Z,1.8179,49.7,229.9796,0.2159,0.0378,3.3793,35.0605,229.9254,0.1526,0.104,1.9154,34.3505,233.0054,0.1477,0.0574
2016-02-05T00:37:59.845Z,2.893,49.1513,230.0388,0.214,0.0585,3.4191,33.4386,229.7218,0.145,0.1085,2.0077,34.8159,232.9045,0.1496,0.0605
2016-02-05T00:38:59.109Z,2.9794,50.0437,230.5898,0.2167,0.0603,3.3613,34.038,229.691,0.1479,0.103,1.9822,35.3685,232.7334,0.1528,0.0602
2016-02-05T00:39:59.328Z,1.4853,49.4051,230.1149,0.2148,0.0305,3.088,33.37,229.644,0.1455,0.0961,2.135,35.1429,232.7725,0.1505,0.0661
2016-02-05T00:40:59.632Z,1.9711,49.9263,230.0671,0.2173,0.0385,2.9162,33.8599,230.0393,0.1473,0.0899,1.899,34.25,232.8224,0.1473,0.0607
2016-02-05T00:41:59.857Z,1.83,50.0101,229.8714,0.2179,0.0364,3.3428,35.2926,229.9689,0.1538,0.0973,1.7653,34.6493,232.546,0.1496,0.0574
2016-02-05T00:42:59.120Z,1.9451,49.7955,229.7982,0.2164,0.038,3.1397,34.0802,229.8782,0.1482,0.0976,1.8665,34.9392,232.2473,0.1507,0.0619
2016-02-05T00:43:59.325Z,2.4279,49.35,229.8509,0.2143,0.0491,2.889,32.4916,230.2201,0.1413,0.1037,2.6858,35.3132,231.301,0.1536,0.075
2016-02-05T00:44:59.593Z,2.1554,49.95,229.5986,0.2173,0.044,2.9419,35.6542,230.2393,0.1545,0.0855,1.9992,36.2726,231.0078,0.1565,0.0553
2016-02-05T00:45:59.961Z,2.6452,50.5459,231.1922,0.2185,0.0527,2.6865,32.7764,227.7298,0.1438,0.085,1.6738,34.0022,233.4604,0.1451,0.0551
2016-02-05T00:46:59.167Z,1.5363,49.4947,230.8303,0.2147,0.031,3.3876,32.5176,230.3673,0.1415,0.106,1.773,35.4029,233.0399,0.1518,0.0561
2016-02-05T00:47:59.423Z,1.7339,50.2229,231.0038,0.2179,0.0347,3.1483,34.4229,231.5024,0.1487,0.1004,2.3153,34.9264,233.2626,0.15,0.0679
2016-02-05T00:48:59.612Z,2.0364,49.5444,231.04,0.2145,0.0416,3.5673,33.2849,231.2937,0.1442,0.11,2.1784,35.2907,233.2027,0.1519,0.0636
2016-02-05T00:49:59.900Z,3.0132,49.086,230.5482,0.2132,0.0616,3.2636,34.0289,230.8345,0.1477,0.0954,1.6503,34.4914,232.8724,0.1482,0.0543
2016-02-05T00:50:59.240Z,2.1362,49.5058,230.4751,0.2153,0.044,3.2872,35.3582,229.5343,0.1546,0.1004,1.9637,35.0557,232.7787,0.1508,0.06
2016-02-05T00:51:59.577Z,1.9323,50.0881,230.0415,0.2175,0.0396,3.0625,33.9441,229.0207,0.148,0.0993,1.86,35.0636,232.2778,0.1508,0.0531
2016-02-05T00:52:59.892Z,1.849,49.6789,229.0775,0.2171,0.0387,2.7549,34.277,228.9196,0.1496,0.0903,2.0723,35.4448,230.7087,0.1543,0.0607
2016-02-05T00:53:59.130Z,1.8393,49.2371,229.6612,0.2147,0.0386,3.1198,31.6914,228.4769,0.1389,0.1021,1.7986,36.455,229.6298,0.1588,0.0514
2016-02-05T00:54:59.420Z,2.4814,48.6833,229.4779,0.2119,0.0509,2.5447,33.492,228.3976,0.1466,0.0888,2.1226,35.3699,229.2449,0.1544,0.0645
2016-02-05T00:55:59.718Z,2.5166,49.8234,228.9492,0.2179,0.0505,3.2734,33.9621,230.5571,0.1474,0.0997,2.6516,35.0892,231.1337,0.1518,0.0818
2016-02-05T00:56:59.098Z,1.9188,49.3714,229.0219,0.2159,0.0376,3.1661,34.1812,230.0029,0.1487,0.0998,3.0301,33.8888,231.3907,0.1462,0.0906
2016-02-05T00:57:59.300Z,1.7018,49.2652,229.3299,0.2147,0.0362,3.5687,32.3312,229.2849,0.141,0.11,2.4278,33.8046,231.177,0.1464,0.0763
2016-02-05T00:58:59.602Z,2.0431,50.1863,229.8101,0.2181,0.0404,3.2504,34.3552,229.0235,0.1492,0.0999,2.609,34.973,231.4604,0.1515,0.0754
2016-02-05T00:59:59.911Z,2.8485,49.7584,229.9014,0.2168,0.0566,3.0622,33.6485,228.8905,0.1466,0.0965,2.4555,34.4553,231.6456,0.148,0.0714
2016-02-05T01:00:59.318Z,2.0148,47.8789,229.4982,0.2088,0.0462,3.6659,34.7778,228.7577,0.1522,0.1108,2.9856,35.7872,230.8872,0.1553,0.0929
2016-02-05T01:01:59.655Z,1.6008,51.0228,229.5741,0.2222,0.0307,2.8435,33.7989,228.6654,0.1472,0.0876,3.0041,35.407,230.5264,0.1533,0.0849
2016-02-05T01:02:59.944Z,1.3426,49.9443,229.0889,0.2179,0.0273,3.264,33.3666,228.5984,0.1457,0.1044,2.05,34.6066,229.9412,0.15,0.0658
2016-02-05T01:03:59.220Z,2.4601,49.3621,229.5474,0.2151,0.0493,3.002,33.3009,227.7746,0.1456,0.0953,2.4076,33.8069,229.6312,0.1473,0.0748
2016-02-05T01:04:59.663Z,2.5604,49.5102,229.8351,0.2156,0.0526,2.9752,34.8819,227.1002,0.1532,0.0954,2.7563,32.8386,229.1924,0.1434,0.0904
2016-02-05T01:05:59.010Z,2.1539,49.7621,229.3623,0.2166,0.0429,3.1278,33.7719,229.0489,0.1472,0.0974,2.9276,34.7712,230.597,0.1506,0.0841
2016-02-05T01:06:59.253Z,1.8043,49.758,229.3144,0.2168,0.0362,3.8954,33.0841,229.2223,0.1437,0.1177,2.369,35.2941,230.6605,0.1534,0.068
2016-02-05T01:07:59.509Z,2.4211,49.2735,229.5918,0.2148,0.049,2.8312,34.72,228.3632,0.1521,0.0872,2.9901,34.2467,230.6464,0.1489,0.0878
2016-02-05T01:08:59.824Z,2.6593,49.7119,229.9269,0.2163,0.0527,2.768,32.4245,228.6311,0.1419,0.0918,2.1932,34.0887,230.6212,0.1475,0.0646
2016-02-05T01:09:59.195Z,1.7822,49.8287,229.7818,0.2168,0.0353,3.3918,35.6068,228.7863,0.1553,0.1024,2.8032,34.4699,230.5572,0.1496,0.0871
2016-02-05T01:10:59.575Z,1.8866,49.1766,229.8082,0.2138,0.0385,2.9819,32.9735,228.664,0.144,0.0947,2.9378,35.2436,230.3365,0.1532,0.0846
2016-02-05T01:11:59.826Z,2.2818,50.1291,229.7747,0.2187,0.0464,3.3,33.0161,228.3176,0.1447,0.1028,2.6493,34.6273,229.8282,0.151,0.0787
2016-02-05T01:12:59.099Z,2.5646,49.5739,229.7433,0.2155,0.0529,3.2783,34.8721,228.331,0.1528,0.0947,3.0352,34.9533,229.9079,0.1518,0.0888
2016-02-05T01:13:59.377Z,1.702,48.3867,229.4825,0.2102,0.0343,3.1635,33.1493,228.4871,0.1451,0.1013,2.7466,34.5692,230.0983,0.1502,0.0882
2016-02-05T01:14:59.619Z,1.9304,50.4069,228.7093,0.2205,0.0379,2.9477,32.7656,227.8515,0.1438,0.0995,2.5463,34.0649,230.3691,0.1481,0.0752
2016-02-05T01:15:59.828Z,2.2485,49.4337,229.5629,0.2158,0.0445,2.878,35.4997,228.7836,0.1551,0.0886,2.6454,34.586,230.7355,0.1498,0.0831
2016-02-05T01:16:59.085Z,2.156,49.6897,229.0773,0.2166,0.0418,3.1814,32.5989,228.6268,0.1422,0.1059,2.371,34.7857,231.8567,0.1501,0.0742
2016-02-05T01:17:59.327Z,2.5009,49.6586,229.5825,0.2159,0.0498,3.6877,33.0598,229.9768,0.1435,0.1138,2.8851,35.5451,232.8597,0.1526,0.0862
2016-02-05T01:18:59.594Z,1.8993,49.9351,230.1502,0.2168,0.038,3.1462,35.1687,230.311,0.1529,0.0954,2.1804,34.9029,233.1254,0.1502,0.0707
2016-02-05T01:19:59.927Z,2.2778,49.6905,230.3199,0.2158,0.0451,3.2775,34.6009,230.6066,0.1501,0.0992,2.7346,35.1153,233.0599,0.1507,0.0841
2016-02-05T01:20:59.102Z,1.5163,50.8254,230.2847,0.2201,0.0297,3.5247,33.9172,230.6676,0.1466,0.1086,2.8919,35.7683,233.1341,0.1533,0.0809
2016-02-05T01:21:59.421Z,2.1668,50.5153,230.6381,0.2195,0.0401,3.0784,34.1485,230.1797,0.1489,0.0966,2.4792,34.6722,232.9258,0.1493,0.0708
2016-02-05T01:22:59.649Z,2.4086,49.5959,229.9666,0.2159,0.0466,3.0799,32.8097,229.5688,0.1426,0.1048,2.2545,34.2292,231.9836,0.1471,0.07
2016-02-05T01:23:59.012Z,1.8269,50.2571,229.7753,0.2191,0.0364,3.3684,33.6399,229.2969,0.1476,0.1038,2.8609,36.213,232.7606,0.1561,0.0838
2016-02-05T01:24:59.377Z,1.928,49.8389,230.0484,0.2171,0.0371,3.5833,34.8376,229.8802,0.1516,0.105,2.1975,34.2117,233.0937,0.1461,0.0733
2016-02-05T01:25:59.611Z,2.0703,50.3404,230.6916,0.2177,0.0408,3.1832,34.2091,230.6712,0.1482,0.1003,2.0996,36.3542,232.8335,0.1564,0.0668
2016-02-05T01:26:59.014Z,2.8089,49.9948,231.3177,0.2161,0.0562,3.0683,36.1709,229.0692,0.1578,0.0911,2.0629,35.7408,233.5701,0.153,0.0608
2016-02-05T01:27:59.484Z,2.8046,49.356,231.5225,0.2127,0.0578,3.1208,34.2449,229.2692,0.1493,0.0977,2.5226,35.5448,234.0977,0.1521,0.073
2016-02-05T01:28:59.878Z,2.36,50.356,230.9013,0.2178,0.0478,3.1299,35.2876,230.8351,0.1529,0.0966,2.2522,35.4267,233.4515,0.152,0.068
2016-02-05T01:29:59.351Z,2.3703,49.7996,230.9806,0.2156,0.0483,3.7424,33.8951,231.1012,0.1461,0.1154,2.8304,37.751,233.7752,0.1617,0.0811
2016-02-05T01:30:59.635Z,2.2535,50.5254,230.9617,0.2189,0.0448,3.655,35.4521,231.2329,0.1538,0.1115,2.3339,34.4991,234.0815,0.1471,0.0762
2016-02-05T01:31:59.248Z,2.7251,50.4513,231.301,0.2179,0.0533,3.1741,34.9317,230.8504,0.1511,0.0983,2.8004,36.6759,234.4547,0.1563,0.0719
2016-02-05T01:32:59.788Z,2.6993,49.4415,230.4867,0.215,0.0538,3.754,35.1561,229.6841,0.1532,0.1118,2.925,35.1448,233.3292,0.1502,0.088
2016-02-05T01:33:59.085Z,1.792,49.7723,229.8722,0.2171,0.037,3.442,33.504,229.9172,0.1453,0.1053,2.5033,34.5571,232.1132,0.1489,0.0773
2016-02-05T01:34:59.227Z,1.7765,50.208,230.4398,0.2179,0.034,3.1088,31.6132,230.2242,0.1376,0.103,2.4018,34.2463,232.7141,0.147,0.0755
2016-02-05T01:35:59.417Z,2.108,49.5187,230.5164,0.2147,0.042,3.5344,34.627,230.6795,0.1507,0.1035,2.1684,34.9653,233.3915,0.1496,0.0678
2016-02-05T01:36:59.756Z,2.841,50.3453,230.4635,0.2185,0.0568,3.2852,34.0377,230.8278,0.1469,0.1001,3.0384,34.0505,233.171,0.1462,0.0911
2016-02-05T01:37:59.071Z,2.7562,50.002,229.9583,0.2174,0.0559,3.6252,36.0337,230.5678,0.1562,0.105,2.439,34.0472,232.9317,0.1462,0.075
2016-02-05T01:38:59.187Z,2.2784,50.0714,229.8444,0.2177,0.0447,3.7102,32.0644,230.5081,0.1389,0.116,2.4585,35.0235,233.0118,0.1504,0.0777
2016-02-05T01:39:59.719Z,2.1182,48.9376,230.0177,0.2129,0.043,3.3945,34.689,230.6533,0.1502,0.0978,1.9982,35.2733,233.0908,0.151,0.0622
2016-02-05T01:40:59.202Z,2.1704,50.8661,230.0156,0.2208,0.0434,3.5902,34.1643,230.8221,0.1482,0.1074,3.0988,35.4471,232.6037,0.1523,0.087
2016-02-05T01:41:59.366Z,2.5864,48.9958,229.8112,0.213,0.0532,3.491,32.827,231.1584,0.1419,0.1123,2.6764,33.8891,232.2669,0.1455,0.0803
2016-02-05T01:42:59.647Z,2.9397,50.1885,230.2225,0.2176,0.058,3.1309,33.2387,230.5849,0.143,0.1002,2.3371,32.9878,232.2041,0.1422,0.0741
2016-02-05T01:43:59.995Z,1.7603,49.274,229.8669,0.2151,0.0345,2.9143,34.7067,230.8188,0.1504,0.0912,2.6523,36.0119,231.2685,0.1558,0.0775
2016-02-05T01:44:59.218Z,2.1032,50.3316,230.1147,0.2186,0.042,3.2059,34.3132,231.6286,0.1483,0.0948,2.7006,33.6994,231.3079,0.1457,0.0828
2016-02-05T01:45:59.445Z,1.911,49.4688,230.6201,0.2142,0.0386,3.5124,32.3953,231.9747,0.1402,0.1102,2.5257,35.5401,232.2508,0.1529,0.0741
2016-02-05T01:46:59.800Z,3.2766,49.8012,230.4988,0.2162,0.066,3.2052,35.4442,231.7449,0.1529,0.0966,2.6116,35.1097,232.303,0.1512,0.0789
2016-02-05T01:47:59.119Z,2.4789,50.0592,230.5348,0.2174,0.049,3.5909,35.5103,231.6261,0.1538,0.1071,2.3851,34.4552,232.1174,0.1488,0.0721
2016-02-05T01:48:59.464Z,2.0126,50.6355,230.1387,0.2193,0.0393,3.0511,34.3343,231.434,0.1479,0.0929,2.842,35.9842,232.0104,0.1551,0.0789
2016-02-05T01:49:59.664Z,1.804,50.0914,230.03,0.2176,0.036,2.9847,35.6252,231.5476,0.1542,0.0935,2.444,33.2726,232.0321,0.1435,0.0778
2016-02-05T01:50:59.971Z,2.5577,49.3089,229.4082,0.2156,0.0519,3.2835,33.7099,231.7756,0.1458,0.1027,2.8892,34.3819,232.0278,0.1473,0.0873
2016-02-05T01:51:59.214Z,2.5728,49.6301,229.4578,0.2166,0.053,3.0139,35.3066,231.4867,0.1526,0.0918,2.7424,35.0447,232.2881,0.1508,0.0803
2016-02-05T01:52:59.525Z,2.5364,48.6116,229.8242,0.2116,0.0514,3.6489,34.5773,230.0114,0.15,0.1104,2.7972,33.7934,231.749,0.1458,0.0828
2016-02-05T01:53:59.824Z,2.2735,50.3263,229.8362,0.2191,0.0441,3.5375,32.0099,229.9121,0.1395,0.1116,2.2893,35.0464,231.6827,0.1511,0.0688
2016-02-05T01:54:59.145Z,2.1916,49.8571,230.533,0.2162,0.0436,3.4193,34.6684,229.9163,0.1506,0.1044,3.1816,36.2302,231.7444,0.1563,0.0912
2016-02-05T01:55:59.410Z,2.723,49.553,230.6502,0.2152,0.0552,3.0269,34.928,230.7248,0.1514,0.0941,2.3173,32.9813,232.3595,0.1419,0.0755
2016-02-05T01:56:59.731Z,2.7262,49.8777,230.2618,0.2166,0.0546,3.0367,34.8091,230.9358,0.1508,0.0907,2.6083,35.2137,232.5013,0.1511,0.0732
2016-02-05T01:57:59.921Z,1.6975,50.733,230.3777,0.2202,0.0344,4.0231,35.0608,230.4759,0.1518,0.1205,2.391,35.0571,232.4957,0.1509,0.0732
2016-02-05T01:58:59.396Z,1.9233,50.0823,229.9994,0.2178,0.0376,3.4561,34.595,229.8909,0.1508,0.1064,2.4089,34.887,232.6207,0.1497,0.0738
2016-02-05T01:59:59.670Z,1.8223,50.1313,230.1319,0.2179,0.0375,3.2449,33.9665,230.2371,0.1473,0.0977,2.3951,34.4965,233.0434,0.1482,0.072
2016-02-05T02:00:59.126Z,3.078,47.0168,230.4598,0.2041,0.0663,2.7947,35.556,230.5872,0.1543,0.0844,2.3569,35.7341,233.5107,0.1537,0.0736
2016-02-05T02:01:59.444Z,2.5585,49.7893,230.1873,0.2163,0.0507,2.8328,32.3058,230.78,0.1402,0.0938,2.4193,35.4204,232.9055,0.1525,0.071
2016-02-05T02:02:59.640Z,2.04,50.1942,230.2162,0.2181,0.0403,3.761,32.4737,230.2832,0.1409,0.1175,2.2055,34.8524,231.868,0.15,0.0674
2016-02-05T02:03:59.855Z,2.0224,49.5045,230.7325,0.2148,0.0405,3.4436,34.9779,230.4892,0.1515,0.1067,2.7638,34.2376,232.5069,0.1474,0.0747
2016-02-05T02:04:59.333Z,2.3782,49.0741,231.1304,0.2121,0.049,3.5114,34.8309,230.2598,0.1508,0.1043,2.4029,34.9982,232.9007,0.1507,0.0724
2016-02-05T02:05:59.801Z,2.539,50.1821,230.8339,0.2167,0.0505,3.4485,33.6067,230.8866,0.1454,0.1107,3.0726,36.1245,233.7961,0.1542,0.0886
2016-02-05T02:06:59.086Z,1.4962,49.4493,230.4616,0.2144,0.031,3.4326,33.5627,230.9327,0.1449,0.1066,2.6348,35.369,233.7809,0.1512,0.0796
2016-02-05T02:07:59.228Z,2.2496,49.9362,230.9275,0.2162,0.0445,3.9711,35.0827,231.0255,0.1521,0.1198,2.2909,33.5387,233.9668,0.143,0.0768
2016-02-05T02:08:59.524Z,2.3645,50.0005,230.9147,0.216,0.0468,3.1943,34.8341,229.4337,0.1516,0.1005,2.5587,35.7888,233.7922,0.153,0.0744
2016-02-05T02:09:59.704Z,2.7474,49.541,230.8947,0.2149,0.0545,2.7893,31.7311,228.4569,0.1391,0.0918,2.7099,35.3738,233.621,0.1511,0.0788
2016-02-05T02:10:59.885Z,2.5818,49.6187,230.5798,0.2154,0.0531,3.6244,34.8622,230.6369,0.1511,0.1047,2.6251,34.1447,233.0371,0.1465,0.0785
2016-02-05T02:11:59.211Z,1.9426,50.2102,230.6657,0.218,0.0374,3.4611,35.0812,230.8301,0.152,0.1092,3.0242,36.1359,233.5726,0.1551,0.0892
2016-02-05T02:12:59.447Z,2.1776,49.2973,230.7485,0.2142,0.0447,3.6621,33.6653,230.4942,0.146,0.1129,2.8676,33.9948,233.2807,0.1459,0.0853
2016-02-05T02:13:59.677Z,1.5666,50.3309,230.4259,0.2179,0.0311,3.0533,35.447,230.1005,0.1539,0.0947,2.0402,34.5064,233.4613,0.1477,0.0634
2016-02-05T02:14:59.016Z,2.5774,49.5187,231.0831,0.2144,0.0515,3.4644,35.2324,231.3289,0.1525,0.1058,3.0034,36.2913,234.1818,0.1548,0.0802
2016-02-05T02:15:59.316Z,2.3014,50.4595,230.959,0.2179,0.0466,3.4453,33.3188,231.1567,0.1443,0.1098,2.3414,34.8473,233.7602,0.1488,0.0771
2016-02-05T02:16:59.587Z,2.3611,49.7479,230.4678,0.2157,0.0475,3.3716,34.8251,230.4153,0.151,0.0974,2.3143,35.7536,232.9393,0.1533,0.0743
2016-02-05T02:17:59.856Z,2.4651,49.5159,230.3034,0.2146,0.0504,3.1182,34.1586,229.5868,0.1484,0.0972,2.7524,34.8488,232.2397,0.1493,0.0871
2016-02-05T02:18:59.164Z,3.0543,49.2963,229.9982,0.2145,0.0629,3.3825,34.0436,229.5215,0.1483,0.1103,2.673,35.1763,231.9698,0.1517,0.0797
2016-02-05T02:19:59.447Z,2.4707,50.101,229.4888,0.2182,0.049,3.5275,34.4661,229.4024,0.1501,0.1082,2.6715,33.5389,231.6636,0.1446,0.0796
2016-02-05T02:20:59.736Z,2.0129,49.7805,229.5024,0.2166,0.0401,3.1296,33.6213,229.6096,0.1462,0.0981,2.4822,35.6209,231.7771,0.1534,0.0768
2016-02-05T02:21:59.130Z,1.6987,50.3346,229.5388,0.2193,0.0323,3.2989,34.7313,229.2334,0.1514,0.1033,2.4738,33.5578,231.7597,0.1447,0.0766
2016-02-05T02:22:59.358Z,1.8286,49.5566,229.5201,0.2156,0.0393,3.3012,32.2659,228.8338,0.1411,0.1079,3.0553,34.3219,231.107,0.1482,0.0924
2016-02-05T02:23:59.588Z,2.3005,49.4398,229.655,0.2159,0.0464,3.034,32.221,228.1635,0.1412,0.0996,3.0447,32.8953,231.3296,0.1423,0.0886
2016-02-05T02:24:59.831Z,1.758,49.0948,229.8082,0.2137,0.0346,3.1849,34.4133,228.9964,0.1502,0.0993,2.1941,34.3088,231.7534,0.1485,0.0738
2016-02-05T02:25:59.018Z,2.05,50.5457,230.0708,0.2199,0.0404,3.0287,31.935,228.8344,0.14,0.0973,2.4389,34.9289,231.5204,0.1509,0.0728
2016-02-05T02:26:59.211Z,2.5848,49.1367,229.7447,0.2134,0.0529,3.4499,32.118,228.7842,0.1401,0.1095,2.1966,33.4513,231.4664,0.1445,0.0671
2016-02-05T02:27:59.819Z,2.3693,49.3342,228.1759,0.2164,0.0472,3.174,34.6891,229.3203,0.1511,0.0978,2.7652,35.6623,231.7322,0.1537,0.0805
2016-02-05T02:29:59.250Z,2.1045,49.5041,228.1663,0.2172,0.0435,3.2909,33.7921,229.566,0.1469,0.1018,2.7038,34.3258,231.8761,0.1482,0.0821
2016-02-05T02:30:59.395Z,2.1767,49.9273,228.4198,0.2185,0.0423,3.2777,30.6695,230.0736,0.1335,0.1121,2.0454,33.0538,232.2137,0.1426,0.063
2016-02-05T02:31:59.766Z,2.8503,48.9185,228.6674,0.2137,0.0589,2.6315,35.5792,230.4008,0.1542,0.0866,3.1162,34.4714,232.7042,0.1488,0.0938
2016-02-05T02:32:59.073Z,2.0038,50.1766,228.0453,0.2201,0.0397,2.8032,33.5292,229.4717,0.1464,0.0926,3.0183,35.0014,232.0441,0.1506,0.0832
2016-02-05T02:33:59.379Z,2.0143,49.0756,228.2625,0.2149,0.0407,3.4671,34.7097,229.3558,0.1513,0.0979,3.0774,33.9537,232.0449,0.1467,0.096
2016-02-05T02:34:59.814Z,1.8214,49.6342,229.3486,0.2164,0.0364,3.6168,33.3323,230.4085,0.1448,0.1142,2.4491,35.6989,232.2228,0.1536,0.0745
2016-02-05T02:35:59.996Z,2.7273,48.6831,230.0507,0.2116,0.0552,3.1942,35.0119,230.4092,0.1521,0.097,2.6659,34.9531,231.0989,0.1512,0.0777
2016-02-05T02:36:59.326Z,2.3036,49.8011,229.375,0.2171,0.0471,3.1831,34.828,230.0031,0.1512,0.0986,2.5728,34.7684,230.4787,0.1511,0.0784
2016-02-05T02:37:59.468Z,2.1467,48.6024,228.9511,0.2118,0.0445,3.4329,32.9007,230.2241,0.1421,0.1131,2.5741,34.8062,230.4393,0.1507,0.0787
2016-02-05T02:38:59.775Z,1.7693,49.8829,229.1105,0.2178,0.0352,3.4008,34.1695,230.529,0.1484,0.1022,1.9735,35.1498,230.3327,0.1525,0.0611
2016-02-05T02:39:59.200Z,2.491,49.9406,229.2629,0.2171,0.0472,3.3869,34.2253,230.7507,0.1479,0.1013,2.6051,34.4726,230.7394,0.1493,0.0804
2016-02-05T02:40:59.509Z,2.0102,49.4124,230.1109,0.2143,0.0403,2.9392,34.5089,230.7923,0.1495,0.0972,2.5676,33.8598,230.8347,0.1467,0.0807
2016-02-05T02:41:59.696Z,2.1658,49.9389,230.1967,0.2165,0.0431,3.4719,36.1531,230.7009,0.1568,0.1031,2.4911,35.4531,230.7692,0.1533,0.0751
2016-02-05T02:42:59.030Z,2.2497,49.5973,229.1717,0.2164,0.0441,3.1121,34.2483,229.7286,0.1491,0.0964,2.5482,35.2844,230.6672,0.1528,0.0753
2016-02-05T02:43:59.501Z,2.4878,49.0635,229.1211,0.214,0.0516,3.2511,33.4519,229.4336,0.1456,0.1036,2.7196,33.7301,230.4967,0.1464,0.0868
2016-02-05T02:44:59.236Z,2.9788,50.3899,229.5736,0.2193,0.0571,3.5191,34.4852,230.3975,0.1495,0.1038,2.5544,34.7014,231.2465,0.1499,0.0808
2016-02-05T02:45:59.504Z,1.8477,49.5574,229.5154,0.2162,0.0367,3.4269,32.0602,230.8508,0.1386,0.1141,2.714,33.9586,231.5663,0.1469,0.0857
2016-02-05T02:46:59.777Z,2.2052,49.7077,229.8082,0.2162,0.0435,3.1754,34.3675,230.7249,0.1495,0.0991,3.3877,34.2823,231.3707,0.1484,0.1012
2016-02-05T02:47:59.996Z,2.1448,49.3873,230.1574,0.2147,0.0443,3.827,35.202,231.2216,0.1516,0.1102,2.773,34.8442,231.9637,0.1505,0.0795
2016-02-05T02:48:59.273Z,2.5374,49.4933,230.6498,0.2144,0.0529,3.013,32.9488,231.2107,0.1426,0.0991,2.583,35.5821,232.4951,0.153,0.0784
2016-02-05T02:49:59.648Z,2.504,49.6056,230.6592,0.2149,0.0499,3.5655,34.8308,229.3713,0.1518,0.1049,2.4735,35.1289,232.746,0.1509,0.0698
2016-02-05T02:51:59.208Z,2.0906,49.8068,230.4136,0.2164,0.0425,3.3546,33.0479,229.5532,0.1444,0.1029,2.4872,35.1313,232.7961,0.1508,0.0729
2016-02-05T02:52:59.620Z,3.0904,49.0977,229.8546,0.2134,0.0626,2.7362,33.0942,230.2139,0.1438,0.0897,2.8185,36.1811,232.1852,0.1558,0.0843
2016-02-05T02:53:59.031Z,2.3066,48.7059,229.7289,0.2129,0.0468,3.1649,34.6706,229.8842,0.1513,0.0978,2.7762,34.6906,232.0099,0.1492,0.0898
2016-02-05T02:54:59.179Z,2.227,49.843,229.9243,0.2168,0.0455,3.4804,31.9114,230.1621,0.1389,0.1182,2.6751,35.9811,232.1513,0.1555,0.0727
2016-02-05T02:55:59.352Z,1.981,49.1255,229.8031,0.2136,0.0399,3.2774,32.933,230.1289,0.1427,0.1055,2.9253,34.5156,232.081,0.1488,0.0898
2016-02-05T02:56:59.852Z,2.2127,49.7536,230.2134,0.216,0.0441,3.1425,33.3804,230.2771,0.1458,0.1029,2.7205,35.674,232.0741,0.1543,0.0782
2016-02-05T02:57:59.060Z,1.7214,49.4368,230.1101,0.2146,0.0347,3.3141,33.0794,230.1318,0.1434,0.106,2.6847,34.2991,232.4129,0.1477,0.0781
2016-02-05T02:58:59.364Z,2.0018,50.3645,229.7713,0.2191,0.0398,3.3538,33.9956,229.6123,0.1481,0.1085,2.5908,34.9369,232.1191,0.1504,0.0765
2016-02-05T02:59:59.572Z,1.4343,49.2459,230.1896,0.2143,0.0289,3.2543,34.3597,229.9195,0.1498,0.0997,2.4999,32.978,232.3911,0.1426,0.0793
2016-02-05T03:00:59.070Z,1.9059,48.9759,230.254,0.2131,0.0397,2.8801,35.978,230.9289,0.1559,0.0847,2.4201,36.9359,232.7458,0.1589,0.0678
2016-02-05T03:01:59.439Z,3.6796,49.9412,230.6197,0.2168,0.0743,3.4109,34.5493,231.1431,0.15,0.1031,65.7556,95.1679,232.898,0.4093,0.4718
2016-02-05T03:02:59.655Z,4.587,50.0615,230.3642,0.2174,0.0916,3.0024,34.3302,231.0451,0.1485,0.0902,2.6226,35.307,232.8185,0.1515,0.0775
2016-02-05T03:03:59.998Z,4.1378,49.7974,230.3867,0.2162,0.0841,2.7356,34.196,230.5169,0.1486,0.082,2.2793,35.7105,232.5785,0.1536,0.0645
2016-02-05T03:04:59.258Z,3.9801,50.142,231.1282,0.2167,0.0789,2.9003,34.5462,230.825,0.1491,0.0886,2.6997,34.264,233.3743,0.1469,0.0786
2016-02-05T03:05:59.477Z,4.4193,50.6236,230.6581,0.2191,0.0858,3.2524,33.7086,230.3937,0.1457,0.107,2.6537,35.2409,232.8735,0.1513,0.0752
2016-02-05T03:06:59.922Z,4.5411,50.299,231.0035,0.2183,0.0911,2.6885,34.9741,230.4796,0.1522,0.0817,2.2801,35.523,232.6127,0.1526,0.067
2016-02-05T03:07:59.222Z,3.6279,50.2167,230.9379,0.2172,0.0708,3.0096,33.2833,230.8036,0.1442,0.0964,2.6349,34.9649,232.176,0.1508,0.0762
2016-02-05T03:08:59.390Z,3.8778,50.3101,230.4101,0.2182,0.0762,2.6699,32.7397,230.7287,0.1416,0.0883,2.1251,34.6572,231.9938,0.1489,0.0621
2016-02-05T03:09:59.551Z,4.956,49.6238,230.3563,0.2153,0.0993,3.0541,34.3751,230.7391,0.1489,0.0967,3.016,34.9254,231.9449,0.1505,0.0919
2016-02-05T03:10:59.734Z,4.6414,50.0307,230.2974,0.2175,0.0945,2.7948,33.5438,230.5902,0.1458,0.0876,2.3389,33.8586,231.8434,0.146,0.0708
2016-02-05T03:11:59.049Z,384.0827,597.9174,229.9466,2.6098,0.3121,395.6812,596.3117,229.8726,2.6045,0.3299,680.297,941.8925,230.5526,4.1016,0.6853
2016-02-05T03:12:59.341Z,1102.5438,1491.8649,228.8319,6.5194,0.7382,1166.071,1605.7847,228.3481,7.0323,0.7256,1608.1441,2186.1723,228.8826,9.5519,0.735
2016-02-05T03:13:59.665Z,1164.9824,1537.1156,227.8703,6.7454,0.7586,1241.7306,1651.376,227.3108,7.2647,0.752,1684.32,2239.3247,228.1006,9.817,0.7508
2016-02-05T03:14:59.034Z,1147.0684,1524.5991,228.0994,6.6838,0.752,1236.4315,1649.9294,227.8581,7.2416,0.7496,1672.8043,2238.7166,228.6543,9.7912,0.7476
2016-02-05T03:15:59.202Z,1163.7001,1539.2401,227.924,6.7533,0.7557,1249.0312,1662.0199,227.9966,7.2901,0.7519,1683.0052,2240.8481,228.3386,9.8139,0.7503
2016-02-05T03:16:59.616Z,1175.1823,1552.2981,228.127,6.8046,0.7576,1260.8428,1673.1153,228.1069,7.335,0.7531,1696.4924,2252.6178,228.7144,9.849,0.7522
2016-02-05T03:17:59.856Z,1183.8652,1562.4709,228.322,6.8433,0.7578,1262.5014,1673.416,227.9321,7.342,0.7541,1703.6198,2251.8642,228.5403,9.8531,0.7576
2016-02-05T03:18:59.285Z,349.2913,493.0924,229.2576,2.1597,0.2664,373.1049,513.756,229.3397,2.2516,0.2881,583.7224,758.6035,230.6211,3.3127,0.8266
2016-02-05T03:19:59.600Z,530.4133,855.6267,229.069,3.743,0.4356,610.8244,971.5436,228.7386,4.2577,0.4733,659.6024,1079.4208,230.3167,4.6949,0.6808
2016-02-05T03:20:59.152Z,155.8078,255.1108,229.7139,1.1157,0.1673,172.5691,257.9632,229.8537,1.13,0.1996,283.26,378.9681,231.3814,1.6446,0.8243
2016-02-05T03:21:59.452Z,348.4844,492.8826,229.1636,2.1621,0.2735,392.9812,568.9307,229.8956,2.4886,0.2962,823.6688,1047.5631,230.2207,4.5679,0.8242
2016-02-05T03:22:59.717Z,1174.6483,1548.3846,227.7632,6.7982,0.759,1252.4736,1667.5977,228.2722,7.3053,0.7509,1682.29,2232.8571,228.5136,9.7709,0.7528
2016-02-05T03:23:59.945Z,1102.7066,1476.5734,227.1299,6.5008,0.7462,1176.2143,1596.1867,227.6621,7.0114,0.7364,1598.2559,2146.7924,227.6467,9.4303,0.7448
2016-02-05T03:24:59.154Z,1087.1902,1465.8458,227.5247,6.4419,0.7413,1181.3726,1606.9849,228.6567,7.028,0.7351,1588.2501,2154.5919,228.4613,9.4306,0.7372
2016-02-05T03:25:59.681Z,1051.0332,1432.2893,228.3786,6.2714,0.7332,1132.97,1579.4737,228.6444,6.9078,0.7164,1524.7476,2096.3981,228.6178,9.1697,0.7271
2016-02-05T03:26:59.016Z,1012.0794,1403.6287,228.1225,6.153,0.7209,1100.0862,1539.3947,228.613,6.7336,0.7153,1507.7527,2079.732,228.7574,9.0912,0.7248
2016-02-05T03:27:59.265Z,1012.2149,1410.4489,228.5742,6.171,0.718,1093.4093,1535.8919,228.6752,6.7168,0.712,1510.831,2082.0851,229.1517,9.0859,0.7261
2016-02-05T03:28:59.927Z,1082.3779,1455.7376,228.7286,6.364,0.7431,1141.2663,1592.3652,228.9038,6.9561,0.7169,1534.9178,2083.9392,227.691,9.153,0.7356
2016-02-05T03:29:59.227Z,1120.3112,1491.2398,228.9875,6.5124,0.7513,1173.8966,1624.7551,228.8244,7.101,0.7222,1564.6973,2107.8664,227.7093,9.2555,0.7426
2016-02-05T03:30:59.601Z,1073.1461,1458.7478,228.7938,6.3762,0.736,1149.1674,1594.8779,228.7904,6.9704,0.7207,1546.2926,2107.7976,229.1453,9.1983,0.7328
2016-02-05T03:31:59.949Z,1064.5699,1438.0413,228.3636,6.2976,0.7404,1159.3582,1601.8088,229.2,6.9886,0.7239,1534.1548,2102.3844,228.7236,9.1919,0.7298
2016-02-05T03:32:59.632Z,1131.7699,1490.5762,228.8181,6.5142,0.7596,1221.9639,1665.6804,229.2373,7.2664,0.7336,1580.6713,2138.0007,228.2956,9.3648,0.7391
2016-02-05T03:33:59.954Z,1162.956,1514.7737,228.2517,6.6353,0.7677,1251.7309,1684.8263,228.7379,7.3662,0.7433,1613.3651,2157.582,227.8474,9.4689,0.7487
2016-02-05T03:34:59.224Z,1145.0225,1500.442,228.4461,6.5685,0.7632,1223.1852,1667.173,229.2394,7.2724,0.734,1583.0224,2129.6898,227.8481,9.3469,0.7427
2016-02-05T03:35:59.549Z,1134.0791,1492.0833,228.6209,6.5259,0.7601,1199.3767,1649.6092,229.2223,7.196,0.727,1561.2624,2102.9311,227.6827,9.236,0.7411
2016-02-05T03:36:59.880Z,1169.4241,1521.6884,228.153,6.6694,0.7686,1250.3499,1683.6317,229.17,7.3468,0.7426,1615.7224,2153.6144,227.6309,9.4613,0.7498
2016-02-05T03:37:59.229Z,1219.0371,1569.3454,228.4129,6.8707,0.7766,1277.5383,1711.8284,228.8721,7.4794,0.7455,1651.8822,2175.5579,227.6402,9.5565,0.7594
2016-02-05T03:38:59.407Z,1200.7816,1555.9721,228.3106,6.8153,0.7716,1264.831,1692.2723,228.4476,7.4077,0.7476,1648.3313,2172.9358,227.8499,9.5369,0.759
2016-02-05T03:39:59.738Z,1159.7176,1543.4509,228.375,6.758,0.7512,1204.79,1605.1749,226.0868,7.0994,0.7499,1666.76,2171.089,228.2214,9.513,0.768
2016-02-05T03:40:59.055Z,1196.3898,1565.7222,228.731,6.8453,0.7636,1251.5427,1664.7091,227.364,7.3197,0.7518,1676.4656,2187.9481,227.8691,9.6017,0.7665
2016-02-05T03:41:59.347Z,1238.3393,1583.6587,228.2897,6.9371,0.7818,1316.0846,1739.7124,228.9259,7.5997,0.756,1686.3091,2210.9651,227.2989,9.7268,0.7619
2016-02-05T03:42:59.609Z,1234.0482,1581.183,227.9447,6.9367,0.7802,1313.2336,1727.7424,228.6414,7.5564,0.7598,1693.5917,2212.8046,226.9291,9.751,0.7657
2016-02-05T03:43:59.912Z,1197.778,1548.0508,227.5474,6.8031,0.7734,1276.1113,1685.8784,228.0486,7.3924,0.757,1664.4656,2180.0056,226.6314,9.619,0.763
2016-02-05T03:44:59.248Z,1213.1527,1563.4038,227.571,6.8698,0.776,1299.486,1707.7137,228.3381,7.4791,0.7611,1688.0698,2209.7209,227.402,9.717,0.7639
2016-02-05T03:45:59.582Z,1256.3971,1600.6324,227.7238,7.0284,0.7853,1346.0671,1755.7073,228.4644,7.6848,0.7669,1721.6481,2243.8481,227.5351,9.8617,0.7688
2016-02-05T03:46:59.816Z,1259.0656,1604.26,227.5761,7.0493,0.7848,1360.0079,1765.8882,228.5816,7.7254,0.7698,1736.5023,2262.5242,227.7761,9.9326,0.7686
2016-02-05T03:47:59.066Z,336.3383,464.2482,228.7473,2.0407,0.2711,359.4226,489.5733,229.3082,2.1426,0.2835,568.6655,728.8324,230.0296,3.1913,0.6745
2016-02-05T03:48:59.462Z,3.6708,49.4743,228.9658,0.2156,0.0753,2.78,31.2587,229.2303,0.1367,0.0904,1.6402,36.1525,231.1262,0.1563,0.0475
2016-02-05T03:49:59.759Z,4.9998,49.2377,228.9232,0.2154,0.101,2.8789,33.5568,229.5504,0.1462,0.0905,2.4486,34.908,231.1042,0.1508,0.0692
2016-02-05T03:50:59.084Z,4.7864,50.151,229.668,0.2183,0.0949,2.9437,34.5546,229.5573,0.15,0.0898,1.7549,34.6752,231.2771,0.1497,0.0484
2016-02-05T03:51:59.362Z,4.7024,50.0916,229.6322,0.218,0.0938,2.9202,34.4429,229.1671,0.1505,0.0899,1.8732,34.6622,231.6029,0.15,0.061
2016-02-05T03:52:59.675Z,4.4352,50.3103,229.9144,0.2189,0.0881,2.8311,35.4757,229.4256,0.1546,0.0824,1.5218,31.1853,231.4418,0.1348,0.0511
2016-02-05T03:53:59.955Z,4.102,50.3875,229.762,0.2192,0.0819,2.7016,32.9697,229.2201,0.1436,0.0885,1.3587,35.5793,231.3948,0.1544,0.0432
2016-02-05T03:54:59.365Z,4.4298,49.7229,229.9317,0.2162,0.0903,3.2157,35.2672,229.4891,0.1539,0.0882,2.1336,33.6243,231.4378,0.1451,0.0651
2016-02-05T03:55:59.563Z,4.0586,49.7521,230.6601,0.2154,0.0799,2.766,31.4333,230.1249,0.1363,0.0945,1.8648,35.4001,232.0612,0.1516,0.0509
2016-02-05T03:56:59.976Z,4.1438,49.2319,230.8026,0.2133,0.0832,3.1868,34.7776,230.2897,0.1508,0.0915,2.2809,35.6887,232.5227,0.1533,0.0664
2016-02-05T03:57:59.270Z,3.6177,50.0353,230.7921,0.2173,0.0728,2.9958,34.5872,230.5577,0.1506,0.0897,1.7733,35.5321,232.9433,0.1524,0.0528
2016-02-05T03:58:59.579Z,4.5689,50.4941,230.5021,0.219,0.091,2.7298,33.0465,230.2938,0.1441,0.0886,2.0818,34.628,232.8566,0.1487,0.0635
2016-02-05T03:59:59.827Z,4.1079,50.6378,231.0152,0.2191,0.0811,2.9839,33.0085,228.8472,0.1436,0.0977,2.2324,36.4297,233.8308,0.1559,0.0603
