2016-04-04T00:00:59.694Z,1.5423,43.6298,231.2339,0.1888,0.035,2.3609,22.7302,230.9376,0.0985,0.1265,2.8329,24.8186,232.6145,0.1062,0.1343
2016-04-04T00:01:59.937Z,1.0562,43.0298,231.6942,0.1856,0.0236,2.4436,20.721,231.3604,0.089,0.1409,2.739,25.2625,232.656,0.1089,0.1337
2016-04-04T00:02:59.338Z,2.1339,42.8243,232.2737,0.1848,0.0502,2.2846,21.1754,231.8058,0.0908,0.1356,2.5993,25.5343,233.1446,0.1096,0.1272
2016-04-04T00:03:59.532Z,1.3065,43.562,232.6455,0.1867,0.0302,2.5874,22.1047,232.0175,0.0944,0.1384,2.698,24.5982,232.8678,0.1056,0.1375
2016-04-04T00:04:59.671Z,1.0545,43.2754,232.6735,0.1859,0.0244,1.9429,19.2096,229.4096,0.0837,0.1193,2.4218,24.2603,233.2902,0.1038,0.1227
2016-04-04T00:05:59.071Z,0.9559,43.6909,232.9774,0.1882,0.0229,2.2224,18.7333,229.9274,0.0806,0.1342,2.7784,24.0986,232.7164,0.1039,0.1368
2016-04-04T00:06:59.493Z,2.0966,42.7181,231.1218,0.1847,0.0497,2.1521,20.7921,231.7922,0.0895,0.1276,2.6432,25.128,231.4221,0.1092,0.1319
2016-04-04T00:07:59.661Z,2.2116,42.414,230.6982,0.1838,0.0529,1.938,20.4587,232.2493,0.0873,0.1268,2.8065,23.3334,231.6768,0.1011,0.1409
2016-04-04T00:08:59.998Z,1.2303,43.1455,230.886,0.1871,0.0295,2.1175,20.3001,232.5503,0.0871,0.1358,3.1182,24.5798,232.2263,0.106,0.1474
2016-04-04T00:09:59.338Z,1.0394,43.9734,230.6787,0.1906,0.0246,2.4063,22.4733,232.3673,0.0966,0.1344,2.7514,23.6667,231.9142,0.1018,0.1376
2016-04-04T00:10:59.829Z,1.5572,42.8905,230.7839,0.1853,0.0368,1.86,19.0613,233.1439,0.0816,0.1258,2.8457,24.8529,231.9918,0.1067,0.1396
2016-04-04T00:11:59.119Z,2.1669,43.2163,231.8188,0.1864,0.051,2.0819,19.348,233.1672,0.0833,0.1372,2.7896,23.8896,231.7596,0.1029,0.143
2016-04-04T00:12:59.469Z,2.2312,43.3183,232.5789,0.1861,0.0522,2.4149,20.9978,233.0454,0.0898,0.1361,2.8023,24.346,231.9525,0.1047,0.1422
2016-04-04T00:13:59.665Z,0.7589,43.4482,232.354,0.1871,0.0188,2.703,20.8105,232.2935,0.0893,0.151,3.0347,24.9462,231.2098,0.1088,0.1484
2016-04-04T00:14:59.986Z,0.9503,43.3323,232.2248,0.1863,0.0228,1.9437,21.2043,231.8718,0.0911,0.1253,2.5163,24.9108,231.0675,0.1077,0.1367
2016-04-04T00:15:59.545Z,1.245,44.118,232.273,0.1898,0.0291,2.4798,22.8626,232.013,0.0987,0.1243,3.1822,22.2197,231.0599,0.0961,0.1586
2016-04-04T00:16:59.925Z,1.9377,43.4533,232.4816,0.1871,0.0444,2.4004,20.3455,232.1016,0.0877,0.1332,3.1588,24.2113,231.6476,0.1047,0.148
2016-04-04T00:17:59.183Z,1.0418,43.8932,232.3828,0.1889,0.0253,2.3734,20.5689,232.3669,0.0883,0.1353,3.1504,23.9712,232.1857,0.1033,0.1493
2016-04-04T00:18:59.654Z,1.0448,43.875,232.6225,0.1891,0.0246,2.3252,21.2085,232.7467,0.091,0.1353,2.952,24.5418,232.3852,0.106,0.1453
2016-04-04T00:19:59.070Z,1.0506,43.057,232.7848,0.185,0.0251,2.098,20.8772,232.6738,0.0896,0.1269,3.1204,24.7013,232.5731,0.1062,0.1492
2016-04-04T00:20:59.280Z,1.7621,43.2057,233.0443,0.1852,0.0419,2.3584,20.5814,232.6499,0.0884,0.1292,3.4637,25.3448,233.1035,0.109,0.1555
2016-04-04T00:21:59.545Z,1.0868,44.1776,233.0637,0.1891,0.0254,2.2649,21.6888,232.8036,0.0926,0.1226,2.6053,23.8209,233.2882,0.1025,0.1361
2016-04-04T00:22:59.833Z,1.0404,44.0524,232.7656,0.1892,0.0241,2.6689,21.1299,232.8681,0.0905,0.1426,3.0837,23.6102,232.7895,0.1011,0.1544
2016-04-04T00:23:59.169Z,1.3061,43.2387,232.2567,0.1863,0.0309,2.5113,20.5448,232.5669,0.0882,0.1396,3.0923,25.345,232.4723,0.1094,0.1452
2016-04-04T00:24:59.584Z,1.9678,42.91,232.3145,0.1849,0.0468,2.1083,20.9429,232.2603,0.0904,0.1266,2.7196,23.9424,232.6155,0.1024,0.1388
2016-04-04T00:25:59.873Z,0.9092,43.7529,232.322,0.189,0.0219,2.4719,21.4588,232.2193,0.092,0.1305,3.0648,25.1797,232.4852,0.1084,0.1538
2016-04-04T00:26:59.167Z,1.0303,43.9436,232.6166,0.1884,0.0254,2.055,19.9533,229.4302,0.0867,0.1238,2.5052,23.5808,233.1704,0.1014,0.1287
2016-04-04T00:27:59.517Z,1.5908,43.418,232.3396,0.1869,0.0367,1.9903,20.8621,230.8763,0.0901,0.1165,2.6931,24.2585,232.3696,0.1044,0.1407
2016-04-04T00:28:59.821Z,2.3957,42.988,232.0391,0.1857,0.0559,2.3157,21.8642,231.9649,0.0945,0.1252,3.1365,23.4827,232.1708,0.101,0.1539
2016-04-04T00:29:59.099Z,1.7097,43.2679,232.1701,0.1864,0.0409,2.2841,21.0843,232.1626,0.091,0.1389,3.0728,23.6834,232.3734,0.1026,0.1529
2016-04-04T00:30:59.457Z,0.6589,43.578,232.0878,0.187,0.0164,2.0525,19.1036,231.6533,0.0821,0.1381,2.9798,24.6405,232.4482,0.1059,0.1436
2016-04-04T00:31:59.718Z,0.9827,43.714,232.0607,0.1885,0.0225,2.4454,20.8464,231.4813,0.0901,0.1343,2.9836,23.0268,232.4263,0.0989,0.1488
2016-04-04T00:32:59.916Z,1.4968,42.9798,232.2153,0.1848,0.0354,2.3695,21.6753,231.4068,0.0933,0.1337,2.9588,24.2595,232.1353,0.1047,0.1485
2016-04-04T00:33:59.196Z,0.6906,44.0973,232.276,0.19,0.0166,2.4147,21.0529,231.3463,0.0911,0.1376,3.0453,23.1466,232.0572,0.0996,0.154
2016-04-04T00:34:59.542Z,1.1395,43.527,232.6847,0.1867,0.0255,2.2161,20.5485,231.5508,0.0889,0.1329,3.41,23.3055,232.5036,0.1002,0.165
2016-04-04T00:35:59.806Z,1.554,43.8864,232.6481,0.1885,0.0358,2.1614,21.3769,231.1864,0.0921,0.1321,2.9542,23.3254,232.3679,0.1009,0.1513
2016-04-04T00:36:59.192Z,1.8879,43.5497,232.486,0.187,0.0433,2.5926,21.0824,230.9514,0.0911,0.1378,3.1118,24.0108,232.1854,0.104,0.1504
2016-04-04T00:37:59.439Z,0.7966,44.1309,232.8235,0.1896,0.0199,2.3735,21.7302,231.1232,0.0937,0.1308,2.8764,24.101,232.4985,0.1036,0.1447
2016-04-04T00:38:59.755Z,1.2658,43.4077,232.6033,0.1865,0.0283,2.3371,21.2836,230.8016,0.0922,0.1289,2.7959,24.715,232.5609,0.1064,0.1374
2016-04-04T00:40:59.267Z,1.6666,42.9291,232.3196,0.1849,0.0396,2.3683,20.6992,231.4194,0.0892,0.1322,2.9356,24.8328,232.4587,0.1069,0.1433
2016-04-04T00:41:59.937Z,2.0745,44.1723,232.4311,0.19,0.0455,2.2378,21.3426,231.4565,0.0918,0.1232,2.9539,23.7473,232.74,0.1023,0.1461
2016-04-04T00:42:59.191Z,0.9771,43.4732,232.3651,0.1869,0.0246,2.6961,22.2704,231.4414,0.0962,0.1368,3.1239,23.5688,232.7971,0.101,0.1543
2016-04-04T00:43:59.303Z,1.0626,43.1814,231.841,0.1862,0.0247,2.2184,20.7362,231.4411,0.0891,0.1313,2.8632,26.0759,232.5907,0.1125,0.1377
2016-04-04T00:44:59.624Z,1.4601,43.6584,232.1825,0.188,0.0347,2.2342,22.214,231.642,0.0955,0.1207,3.0552,23.2049,232.6913,0.0998,0.1512
2016-04-04T00:45:59.027Z,1.5698,42.6454,232.8458,0.183,0.0388,2.5533,19.714,231.7502,0.0851,0.1448,3.2709,26.342,233.0143,0.1129,0.1451
2016-04-04T00:46:59.343Z,1.3782,43.8415,232.6446,0.1879,0.0323,2.492,21.4748,231.1611,0.0929,0.1302,3.1673,24.3,232.5708,0.1048,0.1521
2016-04-04T00:47:59.733Z,1.0526,43.4975,232.2229,0.1873,0.0249,2.3415,20.2234,231.0155,0.0875,0.1338,2.7103,24.7705,231.6708,0.1063,0.1321
2016-04-04T00:49:59.420Z,1.7165,43.4314,232.2776,0.1868,0.0398,2.3549,21.8118,231.392,0.0938,0.1366,2.994,23.1966,231.2935,0.1007,0.1517
2016-04-04T00:50:59.763Z,1.3488,42.85,232.2573,0.1847,0.0312,2.3698,22.1717,231.487,0.0957,0.1405,2.9763,25.3822,231.2827,0.1099,0.1433
2016-04-04T00:51:59.039Z,1.0187,43.6496,232.3201,0.1881,0.0238,2.5864,20.724,231.4175,0.0894,0.147,3.2892,24.1525,231.1402,0.1047,0.1571
2016-04-04T00:52:59.298Z,1.0999,43.2636,232.53,0.186,0.026,1.624,20.5135,231.8884,0.0887,0.1174,2.7661,25.1546,231.4285,0.1086,0.137
2016-04-04T00:53:59.567Z,1.2931,43.2185,232.7522,0.1856,0.0315,2.1173,18.5237,232.1095,0.0799,0.13,3.1495,22.7759,231.7526,0.0984,0.1615
2016-04-04T00:54:59.617Z,0.5592,44.4436,232.9411,0.1907,0.0126,1.8289,13.5463,232.3736,0.0585,0.1496,2.9682,18.6009,232.2405,0.0807,0.1784
2016-04-04T00:55:59.880Z,1.2837,43.8467,233.1589,0.1885,0.0298,1.9237,19.2937,232.3042,0.0827,0.1254,3.1254,23.8964,232.2873,0.1026,0.1533
2016-04-04T00:56:59.125Z,1.6446,43.7035,233.4185,0.1872,0.0369,2.8083,22.27,232.6729,0.0955,0.1497,2.8401,23.8634,232.4481,0.1024,0.1473
2016-04-04T00:57:59.490Z,2.1367,44.0002,233.574,0.1884,0.0491,2.1666,22.1221,232.3872,0.0949,0.126,2.9355,23.8439,232.7236,0.1027,0.147
2016-04-04T00:58:59.885Z,1.9422,43.194,233.0114,0.1854,0.0458,2.8049,22.3858,232.2597,0.0965,0.1426,3.0162,24.8848,232.1167,0.1077,0.1445
2016-04-04T00:59:59.105Z,1.3454,44.173,232.4618,0.1898,0.03,2.4348,20.405,231.8216,0.0878,0.1392,3.0322,23.332,231.6729,0.1004,0.1522
