2016-02-27T00:00:59.264Z,4.1416,49.4114,232.5894,0.2123,0.0853,3.3664,34.794,232.2752,0.1494,0.0996,3.2033,38.7484,233.9829,0.1654,0.0837
2016-02-27T00:01:59.479Z,226.4296,377.0769,231.447,1.6377,0.221,240.4735,377.0464,230.8676,1.6438,0.2463,492.1692,706.9118,232.0574,3.0707,0.583
2016-02-27T00:02:59.914Z,1061.6486,1499.9168,229.7303,6.5291,0.7072,1107.0673,1537.0641,228.8106,6.7177,0.7199,1631.5791,2210.7464,229.4739,9.6344,0.7378
2016-02-27T00:03:59.117Z,1131.4503,1556.3253,229.6163,6.7781,0.7273,1187.6194,1599.6382,228.5633,6.9985,0.7423,1707.0865,2269.9814,229.1125,9.9081,0.7515
2016-02-27T00:04:59.332Z,1118.7374,1540.605,229.5378,6.7122,0.7267,1179.3194,1596.0637,228.5636,6.9832,0.7396,1685.6741,2249.5693,228.9194,9.8269,0.7493
2016-02-27T00:05:59.101Z,1136.4503,1547.6071,229.3071,6.7491,0.734,1196.2743,1612.3221,228.6018,7.0527,0.742,1689.3373,2246.686,228.7757,9.8207,0.7508
2016-02-27T00:06:59.514Z,1152.6589,1552.2874,229.3091,6.7693,0.7422,1222.5207,1639.2899,228.6395,7.1702,0.7454,1692.3664,2248.2499,228.4935,9.8391,0.7522
2016-02-27T00:07:59.900Z,1147.0363,1543.6158,229.1823,6.735,0.7429,1233.6911,1644.2406,228.5699,7.1932,0.7504,1696.8113,2257.1331,228.3317,9.8852,0.7514
2016-02-27T00:08:59.125Z,1155.4278,1550.1106,229.3202,6.7599,0.7463,1238.043,1643.5143,228.1786,7.2025,0.7536,1701.9765,2252.4026,227.8702,9.8843,0.7561
2016-02-27T00:09:59.703Z,1163.3434,1564.1756,229.9071,6.8034,0.7432,1245.1874,1658.0702,228.813,7.2464,0.7507,1711.4388,2266.5445,228.5758,9.9156,0.7552
2016-02-27T00:10:59.052Z,1181.5565,1569.7451,229.4849,6.8401,0.7524,1270.9603,1680.469,228.7461,7.3465,0.7566,1718.2515,2267.7522,227.9895,9.9469,0.7583
2016-02-27T00:11:59.408Z,1188.2074,1575.933,229.3554,6.8714,0.7539,1248.937,1661.4892,228.0792,7.2844,0.7512,1706.4051,2238.5838,227.5966,9.8359,0.7613
2016-02-27T00:12:59.687Z,1183.2534,1575.285,229.1428,6.8747,0.7508,1233.435,1646.5668,228.1344,7.2179,0.7492,1699.6931,2226.3943,227.6924,9.7772,0.7622
2016-02-27T00:13:59.395Z,1191.9037,1590.8626,229.2635,6.9388,0.7491,1228.7344,1643.0663,227.9709,7.2069,0.7479,1708.3131,2231.1662,228.0307,9.784,0.766
2016-02-27T00:14:59.418Z,1108.6628,1525.8002,229.6356,6.6444,0.7262,1142.2911,1569.0364,228.4464,6.8686,0.7279,1633.2418,2166.0092,228.404,9.483,0.7537
2016-02-27T00:15:59.658Z,1109.3673,1520.7833,229.3779,6.6297,0.7293,1165.8832,1584.9358,228.532,6.9354,0.7361,1642.0256,2180.2418,228.2001,9.5539,0.7519
2016-02-27T00:16:59.037Z,1103.1285,1520.6212,229.6766,6.6202,0.7255,1146.1996,1568.0098,228.2747,6.8692,0.731,1633.2702,2165.7644,228.2719,9.4876,0.7537
2016-02-27T00:17:59.265Z,1114.4101,1546.7904,230.96,6.6969,0.7207,1138.8958,1583.2194,229.6506,6.894,0.72,1630.7033,2170.8873,229.265,9.4682,0.751
2016-02-27T00:18:59.857Z,1111.4863,1536.0262,230.6282,6.6598,0.7237,1144.6433,1579.9856,229.0593,6.8978,0.725,1632.0304,2169.4923,229.085,9.4704,0.7517
2016-02-27T00:19:59.024Z,1120.8081,1525.6289,229.6502,6.6427,0.7345,1176.6544,1594.7099,228.4189,6.9814,0.7376,1642.817,2175.4088,228.4309,9.5233,0.7556
2016-02-27T00:20:59.405Z,919.4529,1246.8299,229.5727,5.4379,0.6024,971.093,1306.4848,228.956,5.7137,0.6238,1349.2522,1775.7614,228.9325,7.7736,0.7807
2016-02-27T00:21:59.809Z,134.9382,297.0215,231.0616,1.292,0.1645,140.7163,272.0997,230.1425,1.1882,0.1949,250.158,382.0999,231.4536,1.657,0.7988
2016-02-27T00:22:59.979Z,401.4603,624.4591,230.1706,2.721,0.3273,428.6459,643.3812,229.0351,2.8192,0.3517,518.5101,757.1927,230.6908,3.2949,0.7706
2016-02-27T00:23:59.225Z,26.0887,115.456,231.0507,0.5013,0.0721,22.6097,68.9888,230.664,0.2999,0.1108,369.8863,434.3108,231.2124,1.8807,0.8552
2016-02-27T00:24:59.485Z,1240.3271,1636.6539,229.5209,7.1308,0.7581,1338.6312,1732.1326,229.178,7.5581,0.7727,1806.3216,2351.2819,229.7312,10.2348,0.7688
2016-02-27T00:25:59.136Z,1157.4853,1560.2772,229.2248,6.8068,0.7418,1263.5747,1669.6247,229.3364,7.28,0.7567,1707.1413,2268.7275,229.7256,9.8758,0.7527
2016-02-27T00:26:59.390Z,1114.4491,1524.1641,229.3862,6.6447,0.7308,1220.195,1629.2463,229.0833,7.1121,0.7492,1667.2092,2229.2396,229.7438,9.7031,0.7481
2016-02-27T00:27:59.662Z,1192.5378,1597.6544,229.1973,6.971,0.7463,1298.8003,1692.5898,228.7479,7.3991,0.7671,1762.6131,2313.3947,230.0856,10.0544,0.7622
2016-02-27T00:28:59.210Z,1233.1153,1638.069,229.3586,7.1413,0.753,1341.2772,1730.6432,228.8405,7.5625,0.7753,1811.8218,2362.6068,230.6214,10.2448,0.7685
2016-02-27T00:29:59.645Z,1240.3265,1638.0621,229.0609,7.1512,0.7571,1354.1535,1741.8833,228.7871,7.6135,0.777,1811.6734,2359.3669,230.2978,10.2447,0.768
2016-02-27T00:30:59.976Z,1254.7111,1645.406,228.6835,7.1947,0.7627,1368.0279,1753.0515,228.4793,7.6725,0.7801,1821.0511,2364.8488,230.0147,10.2813,0.77
2016-02-27T00:31:59.236Z,1245.2151,1634.6349,228.5315,7.153,0.7615,1356.6924,1742.6275,228.1744,7.6372,0.7786,1804.8414,2345.3967,229.5784,10.2159,0.7697
2016-02-27T00:32:59.555Z,1239.9294,1628.8002,228.4394,7.1301,0.7612,1346.8728,1735.9894,228.2084,7.6067,0.7764,1791.8156,2331.0549,229.6313,10.1515,0.7696
2016-02-27T00:33:59.592Z,1176.9989,1571.6793,228.5429,6.8767,0.7492,1281.7417,1682.174,228.4055,7.3649,0.7616,1717.7662,2265.1449,229.5725,9.8671,0.7594
2016-02-27T00:34:59.833Z,1144.1036,1551.8004,229.0694,6.7736,0.7373,1234.9758,1635.2104,227.8508,7.1769,0.7554,1692.8543,2234.979,229.5296,9.7369,0.7589
2016-02-27T00:35:59.006Z,1148.4067,1563.6663,229.4033,6.8162,0.7339,1231.7259,1635.3584,228.3226,7.1619,0.753,1704.0755,2249.427,230.3026,9.7676,0.7575
2016-02-27T00:36:59.415Z,1136.52,1563.2822,229.9169,6.799,0.7271,1222.343,1620.7297,228.091,7.1044,0.7543,1711.974,2255.5275,230.6718,9.778,0.7584
2016-02-27T00:37:59.874Z,1150.9668,1595.8898,230.2164,6.9323,0.7218,1218.1484,1599.7382,226.5809,7.0598,0.7616,1760.8696,2289.1762,231.4593,9.8906,0.7679
2016-02-27T00:38:59.099Z,1165.4324,1583.5025,230.1897,6.8787,0.736,1248.538,1661.7668,229.1915,7.2502,0.7507,1711.7875,2262.5085,230.8899,9.7989,0.7585
2016-02-27T00:39:59.300Z,1180.9682,1584.5512,230.2604,6.881,0.7452,1273.1938,1688.0448,229.4922,7.3556,0.7541,1712.5968,2265.8781,230.326,9.8372,0.7562
2016-02-27T00:40:59.785Z,967.404,1301.4473,230.2559,5.6595,0.6226,1055.5295,1396.4967,230.1541,6.0782,0.63,1471.0935,1933.3108,230.202,8.4085,0.777
2016-02-27T00:41:59.268Z,3.1866,49.9507,231.7317,0.2156,0.0637,3.5336,34.9364,231.3728,0.1514,0.1104,42.3717,71.8996,232.9133,0.3089,0.3258
2016-02-27T00:42:59.814Z,1.5492,51.769,231.3402,0.2234,0.0292,3.7198,34.9542,230.9564,0.1513,0.1143,2.141,36.079,232.927,0.1552,0.0616
2016-02-27T00:43:59.178Z,1.589,51.8112,231.7163,0.2234,0.032,3.2306,34.9129,230.9449,0.1512,0.0955,2.1073,36.5809,233.7298,0.1561,0.0554
2016-02-27T00:44:59.536Z,2.4549,51.1432,231.5687,0.2205,0.047,2.9599,36.5239,230.8041,0.1586,0.0864,1.7424,34.9332,233.4315,0.1501,0.055
2016-02-27T00:45:59.791Z,1.8798,51.0836,231.0099,0.2214,0.0366,3.4229,36.6742,231.266,0.1585,0.1005,2.2351,36.4792,233.3114,0.1567,0.0651
2016-02-27T00:46:59.036Z,1.9264,51.3186,231.2097,0.2222,0.0369,3.4046,35.9953,231.3636,0.1553,0.1032,1.7511,36.908,233.219,0.1581,0.0513
2016-02-27T00:47:59.700Z,2.216,50.7048,231.3618,0.2189,0.0453,3.4511,36.0245,231.4966,0.155,0.0958,2.3004,36.2385,233.4273,0.1555,0.0603
2016-02-27T00:48:59.947Z,2.7007,50.1285,231.5749,0.2171,0.0536,3.8824,35.2434,232.1164,0.1518,0.1103,2.2568,36.5499,233.9411,0.1564,0.0629
2016-02-27T00:49:59.084Z,2.5039,51.3964,231.681,0.2214,0.0481,3.2278,35.2707,231.8509,0.1523,0.0948,2.204,35.4534,233.7664,0.1518,0.0651
2016-02-27T00:50:59.340Z,2.0662,50.6678,231.8299,0.2189,0.0423,3.9899,34.4932,232.371,0.1484,0.1126,2.1442,37.087,234.4995,0.1582,0.0655
2016-02-27T00:51:59.341Z,1.9046,50.6711,231.5978,0.2186,0.0378,3.0412,34.8825,231.6413,0.1504,0.0934,2.25,37.2618,233.8182,0.1595,0.0573
2016-02-27T00:52:59.061Z,2.7947,50.1596,231.7273,0.2163,0.0542,4.1231,35.6641,231.4336,0.1541,0.1187,1.8705,36.0568,233.4689,0.1544,0.0574
2016-02-27T00:53:59.284Z,1.6241,51.3569,231.1082,0.2221,0.0327,3.1965,36.179,231.0145,0.1567,0.0971,2.2169,33.8777,233.0865,0.1448,0.0679
2016-02-27T00:54:59.487Z,2.1632,51.1134,231.3421,0.2208,0.0427,3.5614,35.8697,231.0558,0.1552,0.1018,2.1062,35.8854,233.4792,0.1537,0.0607
2016-02-27T00:55:59.033Z,2.0046,50.4618,231.7392,0.2182,0.0399,3.3079,33.6213,231.1289,0.1453,0.102,2.1173,35.7172,233.2972,0.153,0.0612
2016-02-27T00:56:59.416Z,2.9364,51.0682,231.7654,0.2204,0.0572,3.4898,37.1904,230.7782,0.161,0.0983,2.0374,36.4899,232.8153,0.1566,0.0593
2016-02-27T00:57:59.933Z,2.9338,51.0477,231.8569,0.2203,0.0573,3.7111,37.1402,230.8206,0.1609,0.1047,1.3869,35.9118,232.7326,0.1541,0.0427
2016-02-27T00:58:59.223Z,1.8029,51.5937,232.044,0.2222,0.0323,3.4286,36.3054,231.3342,0.1567,0.102,1.6361,33.8397,233.0996,0.1451,0.0501
2016-02-27T00:59:59.731Z,2.2285,51.9245,231.7605,0.2241,0.0437,3.5045,35.5579,230.8124,0.1537,0.0992,1.8947,35.983,232.7415,0.1547,0.0548
2016-02-27T01:00:59.408Z,2.3855,49.8023,230.3014,0.2159,0.0501,3.338,36.6059,229.5905,0.1593,0.0964,1.8977,36.2592,231.2701,0.1568,0.052
2016-02-27T01:01:59.617Z,2.0152,50.267,229.9136,0.2184,0.0401,3.0898,36.2096,229.1405,0.1581,0.0893,1.4373,34.0765,230.9111,0.1478,0.0488
2016-02-27T01:02:59.934Z,1.8114,51.5822,230.4732,0.224,0.0363,3.2268,34.1293,229.4474,0.149,0.0998,1.7949,35.873,231.4468,0.1552,0.0515
2016-02-27T01:03:59.813Z,2.0554,50.6151,230.54,0.2197,0.0423,3.46,35.5858,229.1618,0.1559,0.0979,1.4769,34.0609,231.5149,0.1469,0.0493
2016-02-27T01:04:59.043Z,2.3366,51.3888,230.4937,0.2228,0.0467,2.9353,34.9126,229.0432,0.1524,0.0954,1.9128,34.8996,231.3642,0.1507,0.058
2016-02-27T01:05:59.465Z,1.9782,51.492,230.7227,0.2233,0.0414,3.4129,36.0751,229.7004,0.1571,0.0935,2.0936,36.101,231.5807,0.156,0.0615
2016-02-27T01:06:59.184Z,2.0963,51.104,231.2685,0.2212,0.04,3.4727,36.3062,230.4973,0.1582,0.0992,2.1669,35.2305,232.6616,0.1514,0.0657
2016-02-27T01:07:59.495Z,2.3652,50.6948,231.4541,0.2189,0.0468,3.0045,33.3981,230.7818,0.1445,0.1032,2.1409,35.8831,232.8681,0.1545,0.0599
2016-02-27T01:08:59.813Z,2.0953,50.6877,231.2689,0.2197,0.0408,3.5685,35.5416,230.6792,0.1541,0.1005,1.1574,37.1734,232.7612,0.1591,0.0359
2016-02-27T01:09:59.111Z,2.0276,51.1961,230.6238,0.2219,0.0392,3.2688,36.81,230.6449,0.1594,0.0959,1.9108,35.6308,232.6264,0.1534,0.0531
2016-02-27T01:10:59.881Z,2.1548,50.8916,230.7208,0.2205,0.0417,2.9066,34.7127,231.093,0.1504,0.0862,2.0626,36.9264,233.0607,0.1579,0.0563
2016-02-27T01:11:59.644Z,2.0365,51.5046,230.6512,0.2233,0.0398,3.0119,37.7598,230.7948,0.1641,0.0912,2.1838,35.0874,232.7099,0.1511,0.0681
2016-02-27T01:12:59.000Z,2.0868,51.2123,231.4741,0.2211,0.0421,3.5348,34.6849,230.6446,0.1509,0.109,1.6912,36.1664,232.8912,0.155,0.0481
2016-02-27T01:13:59.316Z,2.1523,51.0803,231.8453,0.2202,0.0426,3.2337,35.343,231.0877,0.1526,0.098,1.9007,36.5749,233.504,0.1562,0.053
2016-02-27T01:14:59.734Z,2.5284,51.4915,232.3667,0.2211,0.048,3.5698,36.5353,231.7135,0.1577,0.0978,1.6815,36.7886,233.9346,0.1568,0.0515
2016-02-27T01:15:59.039Z,2.9213,50.635,231.765,0.2184,0.0561,3.378,34.7787,231.0054,0.1508,0.0998,1.7668,35.7032,233.3396,0.1532,0.0551
2016-02-27T01:16:59.001Z,2.5642,51.6981,231.0867,0.2236,0.0509,3.2119,37.8656,230.556,0.164,0.0874,1.8734,34.7964,232.6396,0.1497,0.0603
2016-02-27T01:17:59.264Z,2.4609,51.3601,231.3447,0.2221,0.0479,3.2449,36.2138,230.5459,0.1569,0.093,2.1256,35.9548,232.7458,0.1543,0.0633
2016-02-27T01:18:59.213Z,2.4721,50.3726,231.4296,0.2175,0.0492,3.1015,33.8466,230.4722,0.1473,0.1008,1.6713,37.7578,232.7329,0.1623,0.0447
2016-02-27T01:19:59.503Z,2.0769,51.4932,231.516,0.2223,0.041,3.824,36.5738,230.3157,0.1585,0.1109,1.9008,36.8619,232.5633,0.1586,0.0481
2016-02-27T01:20:59.151Z,1.9375,51.7527,231.696,0.2237,0.0358,3.3485,37.1498,230.3038,0.1614,0.0986,1.6584,34.7847,232.6119,0.1497,0.0513
2016-02-27T01:21:59.446Z,2.8254,50.462,231.8537,0.2177,0.0559,3.2997,35.7001,230.9159,0.1549,0.0989,1.4625,37.0665,233.1402,0.1591,0.0446
2016-02-27T01:23:59.310Z,3.0933,50.8819,232.1753,0.219,0.0603,3.231,35.9109,231.1505,0.1552,0.0969,2.059,35.4704,232.2592,0.1531,0.0648
2016-02-27T01:24:59.956Z,2.2972,51.3796,231.4678,0.2223,0.0447,3.3639,34.9003,230.8176,0.151,0.1054,1.9395,34.5483,231.2708,0.1493,0.0561
2016-02-27T01:25:59.466Z,1.9263,51.3088,231.8291,0.2218,0.0378,3.3388,36.8196,230.447,0.1601,0.0959,1.931,35.8943,231.6353,0.1547,0.0544
2016-02-27T01:26:59.118Z,2.339,50.099,231.9122,0.2161,0.0477,3.2367,35.9742,230.565,0.1559,0.0916,2.2348,37.437,231.7634,0.1616,0.0564
2016-02-27T01:27:59.144Z,2.5951,51.8982,232.2656,0.2236,0.05,2.7619,36.721,228.8347,0.1604,0.0767,1.496,37.3624,232.9175,0.1598,0.0457
2016-02-27T01:28:59.398Z,2.036,51.108,230.3417,0.2214,0.0409,2.8101,34.9286,231.455,0.1504,0.0893,1.8723,36.8596,232.1913,0.1586,0.0548
2016-02-27T01:29:59.701Z,1.8999,50.9745,229.4395,0.2223,0.0389,3.3036,35.3609,231.1845,0.1532,0.0982,1.8778,34.222,231.5189,0.1471,0.057
2016-02-27T01:30:59.372Z,2.4655,49.9714,228.7631,0.2182,0.0495,3.466,35.7977,230.3529,0.156,0.0974,1.8881,36.0426,230.8198,0.1556,0.0519
2016-02-27T01:31:59.816Z,3.0691,51.3252,228.7765,0.2245,0.06,3.2113,35.8048,230.4168,0.156,0.0965,1.806,35.1526,230.7977,0.1522,0.0562
2016-02-27T01:32:59.509Z,2.8437,49.729,229.3553,0.2173,0.056,3.2469,36.2887,230.9404,0.1574,0.0964,1.8705,35.9013,231.3751,0.1555,0.0554
2016-02-27T01:33:59.048Z,1.5482,51.3252,229.1352,0.2236,0.0309,3.6159,36.5576,230.7658,0.1588,0.1069,1.7658,36.476,231.094,0.1583,0.0514
2016-02-27T01:34:59.396Z,2.3685,49.9835,229.7644,0.2177,0.0476,3.2103,35.2477,230.1368,0.1533,0.094,2.0855,35.8241,231.3996,0.1547,0.0596
2016-02-27T01:35:59.883Z,2.8316,50.3767,231.7777,0.2171,0.0567,3.4532,36.4629,230.1127,0.1587,0.0989,2.2538,34.1328,228.066,0.1499,0.0671
2016-02-27T01:36:59.993Z,2.1401,51.458,231.3549,0.2229,0.0434,3.2059,36.7788,230.0587,0.1596,0.098,1.5993,36.3459,231.3732,0.1569,0.0476
2016-02-27T01:37:59.174Z,1.8609,50.1704,231.4607,0.2163,0.038,2.6867,36.2866,230.0121,0.1579,0.0829,2.379,36.245,231.768,0.1567,0.0647
2016-02-27T01:38:59.533Z,2.2469,50.8064,231.2768,0.22,0.0456,3.5555,36.2513,229.6531,0.1579,0.0982,1.8279,36.6158,231.384,0.1586,0.0545
2016-02-27T01:39:59.410Z,2.4362,51.3293,231.1192,0.2221,0.0468,3.6446,32.4664,229.4832,0.1407,0.1144,1.937,35.7236,231.8511,0.154,0.0538
2016-02-27T01:40:59.609Z,1.641,50.5458,231.5248,0.2186,0.0342,3.0301,33.7329,229.8567,0.1469,0.0952,1.8968,32.2876,232.3969,0.1391,0.0676
2016-02-27T01:41:59.954Z,2.4437,49.7535,231.9585,0.2145,0.05,3.2279,33.8171,231.15,0.146,0.1043,2.0878,32.3746,232.3753,0.1393,0.0686
2016-02-27T01:42:59.808Z,2.061,50.8465,231.7098,0.2191,0.0388,3.162,33.4921,231.0367,0.1455,0.1056,2.6736,35.1584,231.8286,0.1522,0.0774
2016-02-27T01:43:59.079Z,2.1481,50.4484,231.6793,0.2177,0.0423,3.4527,34.4048,230.6802,0.1489,0.1051,2.5723,31.9666,231.6961,0.1378,0.0877
2016-02-27T01:44:59.507Z,1.9601,51.3045,231.6684,0.222,0.0371,3.7099,35.779,230.9916,0.1549,0.1077,2.8864,36.0737,231.4307,0.1559,0.0848
2016-02-27T01:45:59.846Z,2.8841,50.7487,231.9374,0.2191,0.0563,3.0483,35.0792,231.064,0.1521,0.0958,2.9,36.178,231.6579,0.1559,0.0873
2016-02-27T01:46:59.134Z,2.4989,50.9228,232.2548,0.2189,0.0497,3.5439,35.3341,231.4563,0.1527,0.1046,2.3312,33.7053,232.2858,0.1453,0.0693
2016-02-27T01:47:59.879Z,2.5478,51.2282,232.4349,0.2199,0.0505,3.4665,38.875,232.0928,0.1673,0.0939,2.836,36.2561,232.6311,0.1563,0.0804
2016-02-27T01:48:59.221Z,2.4727,51.674,232.5921,0.2221,0.0457,2.9804,34.1008,231.9216,0.1471,0.0951,2.8396,36.1993,232.6263,0.1558,0.0819
2016-02-27T01:49:59.073Z,2.3077,51.0528,232.8794,0.219,0.045,3.754,35.7776,232.4288,0.1532,0.1056,2.8772,36.0236,232.7857,0.1548,0.0812
2016-02-27T01:50:59.423Z,2.4453,50.6945,232.6374,0.2174,0.0455,3.5963,32.4334,232.3925,0.1395,0.1146,2.2009,37.6167,232.6962,0.1614,0.0635
2016-02-27T01:51:59.851Z,2.6509,50.4285,232.5754,0.2166,0.0514,3.4197,37.0649,232.4963,0.1593,0.0955,2.1124,37.122,232.4208,0.1599,0.0605
2016-02-27T01:52:59.217Z,2.4556,51.2387,231.9587,0.22,0.0477,3.2668,36.4724,232.3111,0.156,0.0917,2.5311,36.6056,232.906,0.1574,0.0718
2016-02-27T01:53:59.626Z,1.7909,50.7452,231.7851,0.2189,0.0348,3.7464,34.3292,232.0938,0.1477,0.1124,2.4949,36.5327,232.5584,0.1571,0.0742
2016-02-27T01:54:59.479Z,2.4681,50.3375,231.6023,0.2173,0.05,3.7582,35.8469,231.9699,0.1545,0.1091,2.7589,36.7145,232.369,0.1581,0.0769
2016-02-27T01:55:59.729Z,2.3212,50.9851,231.1345,0.2207,0.0451,2.6097,34.3478,230.4415,0.1493,0.0882,2.3781,36.7496,232.2115,0.1584,0.0705
2016-02-27T01:56:59.992Z,1.8821,51.2776,231.4765,0.2214,0.0364,3.8798,34.3113,230.1063,0.1488,0.117,2.911,37.1334,232.2884,0.1591,0.082
2016-02-27T01:57:59.466Z,2.2393,50.3181,230.6711,0.2181,0.0417,3.6661,34.9342,230.332,0.1524,0.1061,3.3012,35.3464,232.4008,0.1523,0.0932
2016-02-27T01:58:59.209Z,2.3585,50.2649,230.877,0.2178,0.0469,3.7899,35.8353,230.3377,0.1556,0.1052,2.2541,36.4393,232.3111,0.1568,0.0663
2016-02-27T01:59:59.482Z,1.8949,51.2899,230.4242,0.2221,0.0392,3.346,35.1179,229.8471,0.1532,0.1021,2.6313,35.6282,231.8522,0.1537,0.0753
