2016-03-26T00:00:59.691Z,4.3373,69.9898,230.9633,0.3032,0.063,3.2032,64.1926,230.0373,0.2789,0.0499,2.1036,63.7196,232.8237,0.2739,0.0341
2016-03-26T00:01:59.967Z,4.6118,71.1481,230.8232,0.3079,0.0667,2.5242,62.439,230.2041,0.2711,0.0413,2.2143,63.759,232.9467,0.2736,0.0352
2016-03-26T00:02:59.212Z,4.0552,72.7358,231.4433,0.3144,0.0557,2.9007,64.1992,230.7513,0.2784,0.0484,2.2649,65.018,233.3568,0.2788,0.0349
2016-03-26T00:03:59.959Z,4.6276,71.4686,231.2092,0.309,0.0651,3.0508,62.9701,230.8013,0.2726,0.0476,2.0085,64.5246,233.3979,0.2764,0.0317
2016-03-26T00:04:59.190Z,5.672,71.5081,230.8417,0.3097,0.0808,2.447,62.9481,231.2543,0.2721,0.0393,2.1903,61.4394,232.8394,0.2638,0.0375
2016-03-26T00:05:59.468Z,4.75,70.8962,230.9576,0.307,0.0679,2.7214,63.7429,231.585,0.2753,0.0435,2.3361,62.4867,232.7471,0.2686,0.0361
2016-03-26T00:06:59.827Z,4.5868,72.3989,230.4964,0.3138,0.0635,2.5633,63.1565,231.0404,0.2734,0.043,2.2456,64.1629,232.5621,0.2755,0.0352
2016-03-26T00:07:59.038Z,5.0934,72.8677,230.6048,0.3162,0.0717,2.7304,63.0093,230.8999,0.273,0.0433,2.341,63.1179,232.6511,0.2708,0.0357
2016-03-26T00:08:59.287Z,5.167,71.4488,230.5986,0.3101,0.0729,3.2698,62.8766,230.8147,0.2726,0.0505,2.2859,63.7747,232.8166,0.274,0.0356
2016-03-26T00:09:59.621Z,4.5322,71.5695,230.5327,0.3101,0.0657,2.9279,63.3774,230.9882,0.2742,0.0477,2.1437,65.0301,232.8732,0.2795,0.0351
2016-03-26T00:10:59.015Z,4.3501,70.9551,230.2926,0.3078,0.0644,2.9756,63.8063,231.1821,0.2759,0.0461,1.8143,62.3363,232.2408,0.2686,0.0299
2016-03-26T00:11:59.827Z,5.0857,72.2627,230.3999,0.3135,0.0728,2.3584,62.3986,231.2714,0.2695,0.04,2.3231,62.6175,231.3512,0.2701,0.0378
2016-03-26T00:12:59.128Z,4.8453,72.7287,231.1374,0.3154,0.0706,2.647,63.2896,231.4615,0.2735,0.0413,2.0144,63.9028,228.9743,0.2791,0.0313
2016-03-26T00:13:59.492Z,4.8893,72.141,231.3713,0.3121,0.0697,2.7042,64.2982,231.6707,0.2776,0.0426,2.0036,62.8174,229.2174,0.2741,0.0332
2016-03-26T00:14:59.285Z,4.9514,71.6845,231.5686,0.3089,0.07,2.6554,63.7204,232.2235,0.2745,0.0416,2.5412,65.314,229.5098,0.2842,0.0386
2016-03-26T00:15:59.542Z,3.9496,72.8791,231.7442,0.3144,0.0551,2.8429,62.3765,231.9055,0.2687,0.0446,2.2457,61.804,229.1412,0.2696,0.036
2016-03-26T00:16:59.365Z,4.2389,70.3907,231.0553,0.3048,0.0623,2.0549,64.3393,229.5843,0.2807,0.0338,1.9119,62.6541,229.4316,0.273,0.032
2016-03-26T00:17:59.865Z,5.1193,71.9432,229.6996,0.3134,0.073,2.3991,64.317,229.6996,0.2804,0.039,2.3338,63.2505,229.5993,0.2747,0.0358
2016-03-26T00:18:59.420Z,5.1196,70.5583,229.7316,0.3068,0.0736,2.3239,64.3813,232.3699,0.2772,0.0354,2.0668,63.1811,229.0504,0.2756,0.0326
2016-03-26T00:19:59.092Z,5.1963,70.3669,229.7158,0.3066,0.0748,2.4916,61.5452,232.3364,0.2649,0.0396,2.2908,60.821,229.0875,0.2652,0.04
2016-03-26T00:20:59.635Z,3.9232,72.5716,230.1224,0.3149,0.0537,3.6529,65.2871,232.2075,0.2814,0.0558,2.2716,62.103,229.3512,0.2708,0.0368
2016-03-26T00:21:59.478Z,4.7127,72.4218,230.1012,0.3153,0.0669,2.8054,63.2613,231.9138,0.273,0.0448,2.2869,61.7539,229.3603,0.2693,0.0361
2016-03-26T00:22:59.678Z,5.4077,71.6629,230.0401,0.3116,0.0765,2.5332,64.3193,231.8733,0.2774,0.0401,2.6543,63.7285,229.2911,0.2776,0.0401
2016-03-26T00:23:59.826Z,5.2967,72.9395,231.6522,0.3151,0.074,2.4357,61.8178,230.9964,0.2675,0.041,1.9813,63.3184,229.596,0.2757,0.0311
2016-03-26T00:24:59.992Z,4.7077,71.2243,231.7662,0.3075,0.0678,2.5621,61.5732,231.421,0.2665,0.0438,2.001,60.0118,229.2949,0.2615,0.0371
2016-03-26T00:25:59.497Z,4.3483,71.6003,231.6748,0.3088,0.0606,2.4548,63.954,231.435,0.276,0.0382,2.6711,63.9931,228.7782,0.2792,0.0402
2016-03-26T00:26:59.748Z,4.9835,72.1691,231.6909,0.3112,0.0705,2.58,62.7184,230.8125,0.272,0.0431,2.2233,61.4099,228.7877,0.2687,0.0367
2016-03-26T00:27:59.138Z,5.2204,73.0111,231.1822,0.3159,0.0722,2.8309,63.1514,230.6257,0.2736,0.046,2.2028,62.3206,230.8269,0.27,0.0357
2016-03-26T00:28:59.429Z,4.9089,72.2936,230.8309,0.3133,0.0689,2.1126,62.7468,231.0259,0.2716,0.0346,1.7636,64.0934,232.7715,0.2752,0.0274
2016-03-26T00:29:59.735Z,4.6474,72.2275,230.829,0.313,0.0652,3.0525,63.1851,230.6793,0.2732,0.0492,1.4596,64.2085,232.8787,0.2757,0.0232
2016-03-26T00:30:59.023Z,4.9233,71.8053,230.728,0.3106,0.0694,2.9114,63.0013,230.3932,0.2737,0.0463,1.9666,62.9167,233.0682,0.2701,0.0304
2016-03-26T00:31:59.240Z,5.2837,73.0578,230.8387,0.3169,0.0742,2.9978,61.909,230.7612,0.2684,0.0499,2.0247,62.629,233.1073,0.2682,0.0329
2016-03-26T00:32:59.870Z,4.0672,71.4398,230.9776,0.3091,0.0584,2.8851,63.9857,231.1911,0.277,0.047,2.3854,62.8498,233.067,0.2693,0.0378
2016-03-26T00:33:59.098Z,5.1992,72.5978,230.9523,0.3137,0.0724,2.7562,62.0869,230.9586,0.2688,0.0439,2.2227,64.7303,232.8751,0.2783,0.0351
2016-03-26T00:34:59.323Z,5.0264,72.5842,231.277,0.3143,0.0698,2.523,64.1199,231.177,0.2776,0.0387,1.7785,63.9959,232.9101,0.2754,0.0286
2016-03-26T00:35:59.871Z,4.972,72.1118,231.0503,0.312,0.0699,2.2558,61.8282,231.3986,0.2674,0.0374,2.556,62.3058,232.8353,0.2672,0.0398
2016-03-26T00:36:59.753Z,3.4192,71.9366,231.4101,0.3107,0.0482,2.7209,62.8054,231.3069,0.2721,0.0435,1.9635,62.4605,233.0496,0.2679,0.0315
2016-03-26T00:37:59.991Z,5.0819,72.8422,231.2613,0.3141,0.0701,2.9069,63.0897,231.317,0.2724,0.0454,1.8116,64.8342,232.8287,0.2788,0.0271
2016-03-26T00:38:59.439Z,4.8974,70.6041,231.1544,0.3056,0.0696,2.5392,62.3922,230.9029,0.2699,0.0413,1.9068,64.5559,233.2411,0.2766,0.0307
2016-03-26T00:39:59.251Z,4.7914,71.0216,231.2513,0.3069,0.0679,2.9159,62.7545,230.8223,0.2721,0.0476,2.2165,62.9827,233.0958,0.2699,0.0368
2016-03-26T00:40:59.638Z,4.7474,71.7775,231.4562,0.3097,0.0675,2.5829,64.2431,231.5157,0.2779,0.04,2.2121,64.26,233.1241,0.2759,0.0336
2016-03-26T00:41:59.865Z,5.5026,71.96,231.578,0.3112,0.0759,2.5886,65.2253,231.5719,0.282,0.0408,2.0662,65.0616,233.2737,0.2784,0.0334
2016-03-26T00:42:59.005Z,5.0366,72.5346,231.1107,0.3133,0.0704,3.2104,63.2089,231.4793,0.2726,0.051,1.8609,63.5572,233.5127,0.2719,0.0274
2016-03-26T00:43:59.153Z,4.4385,71.7362,230.4564,0.3115,0.0649,3.0127,60.1912,231.8473,0.26,0.05,2.1492,60.8068,233.3945,0.2602,0.037
2016-03-26T00:44:59.689Z,4.1924,71.5207,230.7953,0.3101,0.0605,2.5783,64.8172,231.7964,0.2792,0.0397,2.1314,62.8429,233.083,0.2701,0.0357
2016-03-26T00:45:59.065Z,4.5994,72.4958,230.5132,0.3146,0.0659,3.2053,63.5531,231.7318,0.2737,0.0491,2.2264,63.9589,233.271,0.2748,0.0343
2016-03-26T00:46:59.341Z,5.2091,72.2607,230.5727,0.3132,0.0735,2.8313,64.3169,231.3979,0.278,0.0429,2.4303,62.02,233.5202,0.2659,0.0399
2016-03-26T00:47:59.584Z,4.9726,71.7964,230.6954,0.3113,0.0709,3.1266,64.2729,231.4804,0.2776,0.048,1.8593,63.9793,233.6854,0.2734,0.0281
2016-03-26T00:48:59.808Z,4.3557,71.8853,230.5236,0.312,0.061,3.1307,63.4693,231.639,0.2738,0.0486,2.1777,64.1539,233.4893,0.275,0.035
2016-03-26T00:49:59.209Z,4.3591,70.4683,230.4097,0.3061,0.0638,2.6484,63.4203,231.2528,0.2747,0.042,2.5812,63.5507,232.9386,0.2723,0.0409
2016-03-26T00:50:59.478Z,5.5195,72.0136,230.8938,0.3115,0.0777,3.0004,63.4032,230.922,0.2746,0.0471,2.3153,63.7299,233.2773,0.2731,0.0354
2016-03-26T00:51:59.857Z,4.5272,72.6742,230.636,0.3149,0.0626,2.8379,64.7574,230.6946,0.2811,0.0429,1.7346,63.9385,233.1197,0.2742,0.0262
2016-03-26T00:52:59.190Z,4.9787,72.4268,230.9956,0.3139,0.0703,3.0912,62.9971,230.9598,0.2728,0.0478,2.3818,63.7904,233.0681,0.274,0.0371
2016-03-26T00:53:59.600Z,4.2227,70.5086,231.5473,0.3046,0.0611,2.8345,62.2514,231.0431,0.2688,0.0452,2.0343,62.0402,233.0834,0.2665,0.0341
2016-03-26T00:54:59.950Z,4.3146,70.8822,231.8678,0.3054,0.0618,2.8236,64.6684,231.396,0.2798,0.0449,2.3785,64.4223,233.1279,0.2764,0.0376
2016-03-26T00:55:59.302Z,5.0497,72.5458,231.7537,0.3129,0.0709,3.3164,63.7407,231.3747,0.2757,0.0502,2.2772,65.1733,232.9813,0.2794,0.0357
2016-03-26T00:56:59.830Z,5.3745,71.5755,231.5092,0.3098,0.0759,2.9668,64.0324,231.2977,0.277,0.0469,2.0169,63.3825,232.7658,0.2725,0.0331
2016-03-26T00:57:59.559Z,4.4556,72.7547,231.6375,0.3146,0.0631,2.5469,64.8657,231.1752,0.2808,0.0397,1.7609,63.6362,232.5255,0.2737,0.0285
2016-03-26T00:58:59.738Z,3.7773,72.2553,232.0316,0.3112,0.0546,2.5864,62.4621,231.0673,0.2708,0.0434,2.0874,62.2691,232.9308,0.2677,0.0351
2016-03-26T00:59:59.960Z,5.1441,72.9326,231.5521,0.3157,0.07,2.412,63.701,231.051,0.2752,0.0373,2.313,63.5301,232.5778,0.2729,0.0368
