2016-03-07T00:00:59.037Z,5.1771,68.5967,229.2904,0.2991,0.0784,2.7702,63.4194,232.0684,0.2734,0.0451,3.3141,61.6687,231.7384,0.2662,0.0537
2016-03-07T00:01:59.460Z,5.2588,71.3695,228.7097,0.3122,0.0745,2.8763,64.6143,231.7318,0.2786,0.044,2.7434,63.3173,230.9662,0.2738,0.0433
2016-03-07T00:02:59.596Z,5.0457,71.0032,228.1416,0.3116,0.0735,2.9838,63.7518,230.6453,0.2765,0.0493,2.6937,63.7299,230.3514,0.2767,0.043
2016-03-07T00:03:59.857Z,3.9795,70.2558,228.974,0.3068,0.0577,2.6434,62.9901,231.1584,0.2722,0.0423,2.5781,64.7648,231.3512,0.2802,0.0414
2016-03-07T00:04:59.112Z,4.6636,71.0142,229.4097,0.309,0.0674,2.7864,61.9603,230.7004,0.2688,0.0439,3.1281,63.04,231.7214,0.2723,0.0498
2016-03-07T00:05:59.438Z,4.5633,71.1892,229.3241,0.3099,0.0635,2.9532,62.6744,230.9138,0.2715,0.0482,2.8448,63.1509,231.519,0.2726,0.0457
2016-03-07T00:06:59.682Z,5.033,70.867,229.1464,0.3085,0.0724,2.4902,62.1709,230.597,0.2695,0.0422,2.6525,63.943,231.9887,0.2754,0.0427
2016-03-07T00:08:59.184Z,4.7887,71.0397,229.3483,0.3096,0.0686,2.6863,63.5515,231.2103,0.2747,0.0433,2.944,63.0519,232.1156,0.2716,0.0459
2016-03-07T00:09:59.471Z,4.6981,70.7189,229.5925,0.308,0.0676,2.9607,63.5541,231.7078,0.2746,0.0479,2.5838,64.2775,231.8197,0.2774,0.0412
2016-03-07T00:10:59.623Z,5.0236,71.1797,229.7337,0.3097,0.0714,2.4818,62.9748,231.7795,0.2713,0.0396,2.9289,63.8237,231.9838,0.2755,0.0455
2016-03-07T00:11:59.935Z,5.1192,72.1053,229.9253,0.3132,0.073,3.1195,63.6493,231.954,0.2746,0.0496,2.6675,63.381,232.033,0.2735,0.0409
2016-03-07T00:12:59.188Z,4.7904,70.9447,230.1946,0.3084,0.0691,2.5764,63.18,231.9383,0.2722,0.0406,2.8989,63.9501,232.4776,0.2752,0.0451
2016-03-07T00:13:59.450Z,4.8811,71.0876,230.181,0.3089,0.0678,3.2776,64.0965,231.7443,0.276,0.053,2.9115,63.6642,233.0119,0.2733,0.0458
2016-03-07T00:14:59.729Z,5.2471,69.9314,231.1191,0.3024,0.0768,3.2741,61.8646,232.5177,0.2658,0.0542,3.2827,62.0423,233.6455,0.2657,0.0549
2016-03-07T00:15:59.896Z,4.3724,71.6455,230.7105,0.3107,0.0619,2.8787,62.9002,232.1611,0.2707,0.0447,2.8857,63.7876,234.0802,0.2722,0.0459
2016-03-07T00:16:59.231Z,4.6286,72.2,230.7037,0.3129,0.0652,2.5794,63.3313,232.025,0.273,0.0418,2.4746,64.4588,234.2417,0.275,0.0377
2016-03-07T00:17:59.463Z,5.0419,72.5478,230.8458,0.3148,0.0708,2.261,64.0974,232.9082,0.2754,0.0347,3.2442,63.8131,233.8864,0.2726,0.0508
2016-03-07T00:18:59.695Z,5.1014,71.4972,230.494,0.3103,0.0712,3.0112,63.0925,232.2983,0.2718,0.0487,2.9598,62.214,233.4972,0.2663,0.0489
2016-03-07T00:19:59.968Z,4.6698,70.5386,229.7288,0.3069,0.0656,2.9853,62.8797,232.1045,0.2708,0.0496,2.9363,61.747,233.2225,0.2649,0.0527
2016-03-07T00:20:59.277Z,4.5193,71.2473,230.6076,0.3088,0.0654,2.9817,62.6304,232.2886,0.2702,0.0482,3.1073,64.7712,233.9758,0.2768,0.0472
2016-03-07T00:21:59.432Z,5.3109,73.0182,230.5307,0.3166,0.0729,3.1531,63.4111,232.6109,0.2725,0.0498,2.1492,63.3999,234.1399,0.271,0.0346
2016-03-07T00:22:59.773Z,5.3112,71.967,230.4759,0.3121,0.0751,2.3751,64.5614,232.4784,0.2776,0.0371,2.9333,64.1844,233.9991,0.2743,0.0455
2016-03-07T00:24:59.455Z,4.5252,71.1293,230.1923,0.3087,0.0656,3.0554,62.9031,232.2584,0.2707,0.0493,2.8927,63.2936,233.6984,0.2709,0.0467
2016-03-07T00:25:59.649Z,5.1546,71.008,229.7218,0.3089,0.0741,2.4807,63.004,231.6551,0.2723,0.039,3.2279,63.022,232.5463,0.2714,0.0519
2016-03-07T00:26:59.906Z,5.1425,70.7448,230.0889,0.3078,0.0744,3.0044,63.818,232.1904,0.2748,0.0487,2.9184,63.2686,233.0068,0.271,0.0467
2016-03-07T00:27:59.306Z,4.9574,71.6919,230.4402,0.3116,0.0712,3.6483,63.9972,232.633,0.2752,0.0569,2.933,63.5569,233.448,0.2726,0.0454
2016-03-07T00:28:59.702Z,4.3141,70.3192,230.8485,0.3045,0.0612,2.7875,62.4582,232.037,0.2696,0.0437,3.1098,63.2622,233.7699,0.2707,0.0498
2016-03-07T00:29:59.926Z,5.1807,71.7246,230.5778,0.3112,0.0749,2.8436,62.157,231.9273,0.2674,0.0442,2.8663,62.4529,233.8352,0.2673,0.0479
2016-03-07T00:30:59.197Z,5.0043,71.5178,230.7638,0.3101,0.0708,2.9704,64.6114,232.0649,0.2782,0.0458,2.8967,64.5647,233.7023,0.2763,0.0467
2016-03-07T00:31:59.519Z,5.5326,71.4252,230.3993,0.3099,0.0789,2.3384,63.0034,231.6411,0.2721,0.0369,2.7382,63.9701,233.6407,0.2737,0.0435
2016-03-07T00:32:59.780Z,4.8854,71.387,229.9073,0.3102,0.0703,3.1462,64.0626,231.3295,0.277,0.0495,2.8185,64.9901,233.1147,0.279,0.0427
2016-03-07T00:33:59.926Z,4.8563,70.0325,229.3326,0.3053,0.0714,2.9089,61.7004,230.6374,0.2675,0.0474,2.8756,64.0673,232.6925,0.2754,0.0452
2016-03-07T00:34:59.227Z,5.0727,70.8979,229.2246,0.3091,0.0716,2.7803,62.811,231.2028,0.2717,0.0466,2.8454,62.3071,232.8192,0.2671,0.0479
2016-03-07T00:35:59.547Z,5.7836,71.6035,229.1289,0.3121,0.0814,2.874,64.9218,231.4924,0.2802,0.0433,3.0535,63.3126,233.1122,0.2716,0.0485
2016-03-07T00:36:59.968Z,3.8889,70.8927,228.9997,0.3092,0.056,2.5838,63.3045,231.5435,0.2727,0.0414,2.6387,64.9562,233.0611,0.2795,0.0407
2016-03-07T00:37:59.208Z,5.2443,71.477,227.8258,0.3138,0.0751,2.8672,62.7062,230.8596,0.2715,0.046,2.9274,63.0254,232.0802,0.2712,0.0461
2016-03-07T00:38:59.525Z,5.1413,71.6549,228.2801,0.314,0.0723,2.9103,64.4318,231.4585,0.2783,0.0447,2.81,64.2883,232.4775,0.2766,0.0445
2016-03-07T00:39:59.817Z,5.1925,70.0026,229.1091,0.3054,0.0765,2.381,61.7043,229.4921,0.2685,0.0392,2.9147,62.7259,233.4112,0.2692,0.048
2016-03-07T00:40:59.162Z,5.5724,69.5219,228.2903,0.3044,0.0818,3.0086,64.1337,230.1777,0.2789,0.0476,2.9577,63.1489,232.1246,0.2717,0.0471
2016-03-07T00:41:59.319Z,4.6776,71.7718,228.2604,0.3142,0.0662,2.3767,62.4111,231.5555,0.2695,0.0385,2.694,62.9722,231.6255,0.2718,0.0414
2016-03-07T00:42:59.565Z,4.8042,70.5002,228.2801,0.3091,0.0692,2.5638,63.7663,231.4968,0.2754,0.0405,2.5815,62.1858,231.8014,0.2685,0.0415
2016-03-07T00:43:59.066Z,4.0777,70.0782,229.2778,0.3057,0.059,3.1732,62.3706,231.7523,0.2693,0.0524,2.5122,63.0691,232.4047,0.2716,0.04
2016-03-07T00:44:59.428Z,4.3159,70.6435,230.2862,0.3064,0.0623,2.6182,62.24,232.1815,0.2682,0.0436,2.9592,63.7256,232.9574,0.2738,0.0504
2016-03-07T00:45:59.638Z,5.0191,71.9888,231.1149,0.3111,0.0711,2.5953,63.618,232.3089,0.2742,0.0413,3.1113,62.0079,230.1355,0.2695,0.0482
2016-03-07T00:46:59.897Z,5.1144,71.2719,230.6099,0.3093,0.0724,3.2865,64.2433,232.2481,0.2767,0.0513,2.706,64.2559,233.5346,0.2755,0.0433
2016-03-07T00:47:59.231Z,5.0919,71.719,230.0191,0.3122,0.0731,3.0051,62.4094,232.7476,0.2681,0.0498,2.8222,64.0218,233.463,0.2741,0.0441
2016-03-07T00:48:59.521Z,4.4385,72.1524,230.4643,0.3136,0.0627,2.7129,62.0584,232.9693,0.2664,0.0444,2.5601,62.3363,233.8734,0.2666,0.0438
2016-03-07T00:49:59.883Z,4.1948,72.5714,230.6678,0.3146,0.0584,3.8345,63.1822,233.0559,0.2712,0.0598,2.5768,62.076,233.9217,0.2657,0.0414
2016-03-07T00:50:59.120Z,4.6597,72.8363,231.5691,0.3143,0.0644,2.7073,64.2497,233.8803,0.2749,0.0437,2.774,63.7539,235.1362,0.2713,0.0438
2016-03-07T00:51:59.420Z,4.7153,71.4265,231.7585,0.3076,0.0654,3.2322,63.7723,233.6604,0.2731,0.0515,3.2997,64.6455,235.2275,0.2751,0.0512
2016-03-07T00:52:59.699Z,4.6041,71.7092,231.0951,0.3101,0.0642,3.5348,64.7251,232.9758,0.2776,0.0532,2.7117,64.4853,233.4246,0.2761,0.0433
2016-03-07T00:53:59.143Z,3.872,71.7733,231.0832,0.3103,0.0548,2.6074,63.0212,232.9734,0.2703,0.0416,3.2234,63.9687,233.4584,0.2738,0.0503
2016-03-07T00:54:59.335Z,3.8565,71.1634,231.2091,0.3078,0.0522,2.9463,64.2335,232.6848,0.2763,0.0444,3.3958,61.6327,234.3052,0.2631,0.0566
2016-03-07T00:55:59.545Z,4.6192,72.0482,231.4344,0.3112,0.0655,2.7725,63.4346,233.4646,0.2716,0.0419,2.9457,63.5581,234.3246,0.2713,0.0468
2016-03-07T00:56:59.937Z,4.971,71.8122,231.5486,0.3097,0.071,3.1436,63.8184,233.5432,0.273,0.0489,2.3969,62.9656,233.9952,0.2691,0.0381
2016-03-07T00:57:59.157Z,5.3862,71.6211,231.1744,0.3097,0.0763,2.7996,63.9363,233.6209,0.2739,0.0429,3.1303,63.1729,233.5509,0.2706,0.0498
2016-03-07T00:58:59.320Z,4.4778,71.3124,230.7379,0.3086,0.0628,2.7738,63.3684,233.5141,0.2714,0.0447,2.944,63.8562,233.5357,0.2735,0.0487
2016-03-07T00:59:59.566Z,4.8245,71.244,230.4076,0.3086,0.0688,2.752,63.2087,233.7204,0.2704,0.0447,2.5162,63.7677,233.834,0.2725,0.0409
2016-03-07T01:00:59.803Z,5.2322,69.5247,229.9644,0.3025,0.0763,2.8246,63.6066,233.5243,0.2727,0.0438,2.8753,62.6116,233.7167,0.2681,0.0464
2016-03-07T01:01:59.108Z,5.2989,71.2328,229.675,0.3103,0.0769,2.6561,62.8379,233.2881,0.2693,0.0428,2.5974,64.2193,233.1476,0.2756,0.0399
2016-03-07T01:02:59.507Z,3.6856,69.9336,230.7866,0.3027,0.0556,2.9095,64.7456,232.8562,0.2784,0.0451,2.7286,63.978,232.91,0.2751,0.0426
2016-03-07T01:03:59.669Z,4.3566,71.2777,231.079,0.3086,0.0633,2.9267,64.0036,233.327,0.2742,0.0479,2.7065,63.1424,232.5967,0.2714,0.0427
2016-03-07T01:04:59.013Z,5.8734,70.1154,230.3015,0.3047,0.0843,3.0051,64.1074,232.7471,0.2746,0.0469,2.6104,62.2282,232.281,0.2672,0.0418
2016-03-07T01:05:59.395Z,5.2911,71.3018,230.9316,0.3085,0.0757,2.8615,63.9603,233.0975,0.2742,0.0449,3.1583,63.0813,232.5378,0.2715,0.0513
2016-03-07T01:06:59.584Z,4.9684,71.3146,230.8356,0.3088,0.0701,3.0238,62.2946,232.9984,0.2676,0.0495,2.8518,64.7578,232.4386,0.2784,0.0443
2016-03-07T01:07:59.787Z,4.8334,69.4103,230.6518,0.3013,0.0701,2.5262,62.6823,232.6201,0.2698,0.0403,2.758,63.5555,232.378,0.2735,0.0453
2016-03-07T01:08:59.079Z,5.4393,71.7672,230.9408,0.3111,0.0768,2.7306,63.8421,232.4614,0.2742,0.0436,3.1453,63.7663,232.3963,0.2742,0.05
2016-03-07T01:09:59.413Z,5.3268,73.1599,230.3867,0.3173,0.0738,3.084,64.1558,232.2451,0.2762,0.0481,2.4133,62.7164,232.254,0.2697,0.0392
2016-03-07T01:10:59.893Z,4.6263,70.5061,229.7661,0.307,0.067,2.6671,65.0759,232.3132,0.2803,0.0418,2.9991,63.6903,232.2503,0.2738,0.047
2016-03-07T01:11:59.155Z,4.3823,71.9374,230.5019,0.312,0.0622,3.0341,63.5512,233.5516,0.2718,0.0497,2.6747,63.6262,232.8317,0.2734,0.0422
2016-03-07T01:12:59.549Z,4.6319,71.8444,230.4753,0.3116,0.0664,2.7321,65.8287,233.4142,0.2818,0.0413,2.2282,62.9093,232.7445,0.27,0.0352
2016-03-07T01:13:59.911Z,5.4405,70.6741,231.1411,0.3059,0.0784,3.005,62.8657,233.4811,0.2691,0.0516,3.2302,63.3609,232.9125,0.2717,0.0522
2016-03-07T01:14:59.139Z,5.0725,71.063,231.6467,0.3066,0.0706,3.1238,63.064,233.6951,0.2698,0.0488,2.8594,64.3436,233.919,0.2746,0.0456
2016-03-07T01:15:59.579Z,5.1759,71.7118,231.5139,0.31,0.0741,2.7383,63.3485,232.8737,0.2724,0.0432,2.5768,64.3114,233.6928,0.2759,0.0398
2016-03-07T01:16:59.796Z,5.3414,71.316,231.389,0.3086,0.0765,3.2126,62.8746,233.0922,0.2697,0.0504,3.0432,63.3686,233.7505,0.2703,0.0489
2016-03-07T01:17:59.199Z,5.1092,71.7519,231.8462,0.31,0.0729,2.9967,63.3906,232.985,0.2723,0.0467,2.7739,63.8167,234.4909,0.272,0.045
2016-03-07T01:18:59.503Z,4.9897,70.541,231.5959,0.3048,0.072,2.9125,64.0371,233.4229,0.2747,0.0453,2.6677,64.439,234.172,0.2753,0.0434
2016-03-07T01:19:59.766Z,3.8264,72.357,231.2393,0.3127,0.0527,3.6282,63.7863,233.7408,0.2734,0.0553,3.0211,63.5405,233.9929,0.2716,0.047
2016-03-07T01:20:59.334Z,4.46,72.0416,231.1073,0.312,0.0619,2.5451,65.0966,233.5269,0.2789,0.041,2.7011,64.3298,233.3298,0.2753,0.0419
2016-03-07T01:21:59.412Z,5.4308,71.8745,231.5646,0.31,0.0787,2.8511,62.9282,233.8369,0.269,0.0454,2.7184,62.1445,234.0682,0.2647,0.0444
2016-03-07T01:22:59.664Z,5.4645,70.3956,231.3281,0.3041,0.0785,2.6745,64.6299,233.3444,0.2767,0.0404,2.8551,62.4889,234.2763,0.2666,0.046
2016-03-07T01:23:59.901Z,5.0202,70.1225,231.4314,0.3032,0.0737,3.1917,63.436,232.971,0.2726,0.0486,3.0457,62.9718,234.2179,0.2684,0.0526
2016-03-07T01:24:59.231Z,4.2717,72.093,231.5204,0.3113,0.0596,2.9287,64.2701,232.9315,0.2761,0.0444,2.9289,62.4502,234.2153,0.2669,0.0473
2016-03-07T01:25:59.487Z,4.5509,71.612,230.6552,0.31,0.0646,3.0757,63.2627,233.0282,0.2717,0.0502,2.813,63.6433,233.0164,0.2736,0.0433
2016-03-07T01:26:59.684Z,4.8725,71.8255,231.0715,0.3108,0.0698,2.7376,64.5092,233.1981,0.276,0.0435,2.9493,64.3258,233.3675,0.2754,0.0475
2016-03-07T01:27:59.140Z,5.3388,71.5377,232.4727,0.3079,0.0749,2.7692,62.8342,232.7431,0.27,0.0421,3.4276,64.3657,233.1058,0.2759,0.0548
2016-03-07T01:28:59.439Z,4.9481,72.8788,232.9434,0.3126,0.0692,2.7497,62.8464,232.6797,0.2693,0.0458,2.5557,64.2529,233.1816,0.2755,0.0409
2016-03-07T01:29:59.773Z,5.0292,72.0339,232.9074,0.3093,0.0721,3.2588,64.583,232.0435,0.2788,0.0515,2.7285,63.0516,232.3455,0.2718,0.0432
2016-03-07T01:30:59.012Z,5.4551,72.3019,232.7864,0.3106,0.0762,3.2044,63.5628,232.3922,0.2734,0.0514,2.7226,62.9209,233.5388,0.2693,0.043
2016-03-07T01:31:59.307Z,4.7093,72.3658,232.6496,0.3109,0.0656,3.0864,62.6736,231.6662,0.2704,0.0501,3.1007,64.0642,233.1254,0.2751,0.0486
2016-03-07T01:32:59.522Z,4.3542,72.4531,232.4252,0.3119,0.0612,2.613,61.3052,231.0619,0.2653,0.043,2.5267,63.5204,233.3724,0.272,0.0398
2016-03-07T01:33:59.774Z,3.9622,71.7562,232.5863,0.3084,0.0552,3.0816,63.5483,231.5237,0.2746,0.049,2.7471,63.2098,233.6203,0.2705,0.0441
2016-03-07T01:34:59.047Z,4.7522,72.9454,232.7842,0.313,0.066,2.8397,64.06,231.8107,0.2761,0.044,2.6022,62.9528,233.2787,0.2697,0.0404
2016-03-07T01:35:59.310Z,5.26,72.2566,232.6887,0.3108,0.0751,2.9742,62.2275,231.941,0.2683,0.0472,2.9486,62.3796,233.3949,0.2671,0.047
2016-03-07T01:36:59.390Z,5.7142,72.6991,233.3315,0.3115,0.0791,3.0847,60.0647,229.5676,0.2624,0.0525,2.3597,62.8529,234.1784,0.2689,0.0391
2016-03-07T01:37:59.640Z,4.3237,73.1429,233.0555,0.3142,0.0599,2.4982,62.6877,230.84,0.2715,0.0405,2.6336,63.8392,233.5742,0.2732,0.0404
2016-03-07T01:39:59.404Z,4.1301,71.0032,232.5287,0.3054,0.0585,2.7847,63.818,231.9555,0.2748,0.0432,3.1466,63.2888,232.765,0.2723,0.0509
2016-03-07T01:40:59.618Z,5.0732,73.5397,232.583,0.3162,0.0709,3.1802,63.4742,232.2291,0.2726,0.0501,2.8116,63.8467,232.9867,0.2743,0.0446
2016-03-07T01:41:59.877Z,4.9768,71.9299,232.1631,0.3089,0.0708,3.007,63.4944,232.0136,0.2735,0.0469,2.8848,61.9013,232.5756,0.2662,0.0452
2016-03-07T01:42:59.166Z,4.6452,71.3508,232.599,0.307,0.0684,2.9654,61.9322,232.0336,0.2671,0.0502,2.7322,61.8271,232.3527,0.2666,0.0441
2016-03-07T01:43:59.467Z,3.7941,71.9416,232.5671,0.309,0.0552,2.8443,62.8133,232.0479,0.2713,0.0457,2.6303,63.0008,232.137,0.2712,0.0438
2016-03-07T01:44:59.637Z,4.7429,72.8015,233.2226,0.3112,0.0666,3.1609,65.3248,233.0068,0.2808,0.0476,2.5585,61.5123,233.1204,0.2642,0.041
2016-03-07T01:45:59.880Z,4.8255,72.5281,233.0912,0.311,0.0669,2.9558,63.8333,233.0719,0.2738,0.0453,3.0525,63.2365,233.3784,0.2712,0.0492
2016-03-07T01:46:59.111Z,5.3009,71.359,232.6726,0.3068,0.075,2.892,62.9289,232.8394,0.2704,0.0474,2.9327,63.2543,233.1289,0.271,0.0466
2016-03-07T01:47:59.336Z,4.7504,71.3545,232.7319,0.3073,0.0682,2.6767,61.7354,232.3497,0.2655,0.0435,3.0114,64.0246,233.5063,0.2742,0.0467
2016-03-07T01:48:59.523Z,4.6275,72.5726,233.0546,0.3113,0.0643,2.9246,63.5895,233.132,0.2726,0.0463,2.9387,64.6002,234.3441,0.2757,0.0442
2016-03-07T01:49:59.792Z,5.4457,71.9004,232.0308,0.3103,0.0777,3.243,64.1989,233.3498,0.2756,0.05,2.74,63.1141,234.1011,0.2697,0.0446
2016-03-07T01:50:59.021Z,4.9083,72.2777,231.9351,0.3117,0.068,3.0971,63.792,233.0161,0.2737,0.0487,3.0583,63.3862,234.1397,0.2706,0.048
2016-03-07T01:51:59.471Z,4.4279,71.8128,232.3736,0.3091,0.0633,2.7325,64.018,232.5986,0.2752,0.043,2.7013,64.2072,234.0797,0.274,0.043
2016-03-07T01:52:59.611Z,5.3064,72.4118,232.631,0.3114,0.0766,3.089,61.5951,232.6776,0.2647,0.0497,2.6418,62.0408,233.9775,0.2652,0.0451
2016-03-07T01:53:59.723Z,5.8095,71.5315,232.0796,0.3082,0.0826,2.7777,61.6449,232.918,0.2645,0.0463,2.6856,62.5838,233.5777,0.2684,0.0423
2016-03-07T01:54:59.025Z,4.7958,71.7392,231.9828,0.3092,0.068,2.3578,64.4287,233.3571,0.2761,0.0382,2.9743,65.8442,233.3138,0.2828,0.0442
2016-03-07T01:55:59.338Z,4.9696,71.4109,232.1647,0.3084,0.0715,2.7746,64.8801,233.4766,0.2782,0.0424,2.6951,62.8512,233.3716,0.2691,0.043
2016-03-07T01:56:59.649Z,4.4205,72.4104,232.4742,0.3116,0.0626,3.2121,63.3205,233.3804,0.271,0.051,2.5954,63.7168,233.3314,0.2735,0.0415
2016-03-07T01:57:59.860Z,5.069,70.767,232.3375,0.3042,0.0745,2.7634,61.8755,233.034,0.2655,0.0454,2.95,64.5362,232.9385,0.277,0.0486
2016-03-07T01:58:59.197Z,4.9589,72.0597,232.4082,0.31,0.0702,3.293,62.935,232.6521,0.2706,0.0518,2.5346,63.9679,232.8592,0.2744,0.0388
2016-03-07T01:59:59.499Z,4.7246,72.7034,232.4947,0.3118,0.0658,2.718,64.1989,233.0442,0.2758,0.0431,3.0537,65.1724,232.727,0.28,0.0457
2016-03-07T02:00:59.872Z,4.3427,69.4028,232.7452,0.2984,0.062,2.7774,63.1245,233.1298,0.2707,0.0436,3.0165,62.2488,232.2663,0.2679,0.0501
2016-03-07T02:01:59.447Z,4.8406,70.9327,232.2404,0.3053,0.0698,2.6302,63.5014,232.6946,0.2731,0.0423,2.6832,62.7071,232.2163,0.2702,0.0459
2016-03-07T02:02:59.759Z,4.4852,71.933,231.7285,0.3102,0.0637,2.7911,63.3473,231.5724,0.2737,0.0448,3.0137,63.7803,232.6635,0.2741,0.0468
2016-03-07T02:03:59.982Z,5.0553,71.6577,231.5421,0.3092,0.0712,2.9838,62.6995,231.404,0.2712,0.0488,2.7441,64.5214,232.9979,0.2771,0.0435
2016-03-07T02:04:59.167Z,5.0533,70.8633,231.4058,0.3069,0.0728,2.5578,64.2701,231.5558,0.277,0.0416,3.1311,64.1321,232.8715,0.2758,0.0483
2016-03-07T02:05:59.554Z,4.9633,72.316,231.7758,0.3117,0.0699,2.7923,64.2427,232.7578,0.2761,0.0452,3.4489,64.0563,232.9645,0.2742,0.0536
2016-03-07T02:06:59.962Z,4.5402,72.0492,231.8602,0.3097,0.0632,2.8727,64.183,232.6492,0.2763,0.0459,2.8904,62.4674,232.6227,0.269,0.0493
2016-03-07T02:07:59.150Z,4.4044,72.8179,231.7407,0.3134,0.0624,3.2796,62.9811,232.4866,0.2706,0.0518,2.7817,62.4872,232.5894,0.2691,0.0449
2016-03-07T02:08:59.312Z,5.5754,71.7568,231.7268,0.3095,0.0773,2.787,64.0115,232.7157,0.2748,0.0442,2.7108,62.5791,232.1979,0.27,0.0431
2016-03-07T02:09:59.622Z,4.9411,71.1512,231.9998,0.3062,0.0704,3.4098,63.0656,232.4379,0.271,0.0531,2.583,63.033,233.0225,0.2703,0.0412
2016-03-07T02:11:59.265Z,4.4902,71.0018,231.8343,0.3063,0.0645,2.7495,63.004,231.6982,0.272,0.0457,3.0216,62.896,232.9121,0.2702,0.049
2016-03-07T02:12:59.423Z,5.3467,71.2042,232.0085,0.3069,0.0767,2.8957,62.3242,230.5979,0.2704,0.046,2.6233,62.5562,231.9709,0.2698,0.042
2016-03-07T02:13:59.655Z,4.8955,71.5795,231.8327,0.3086,0.0695,2.8893,62.0679,230.0142,0.2699,0.0462,2.667,63.5638,231.9012,0.274,0.0418
2016-03-07T02:14:59.930Z,3.83,73.0986,232.3978,0.3149,0.0533,2.9588,62.7497,229.8526,0.2731,0.0467,2.5847,63.5047,232.5729,0.2727,0.0421
2016-03-07T02:15:59.169Z,4.3462,71.3291,232.8889,0.3056,0.062,2.7528,63.9588,230.2192,0.2776,0.0438,3.1634,62.1074,233.1796,0.2662,0.0543
2016-03-07T02:16:59.346Z,4.7944,71.7311,233.2931,0.3068,0.0673,2.6486,62.2998,230.4432,0.2701,0.0403,2.7221,64.1165,233.694,0.2741,0.0421
2016-03-07T02:17:59.584Z,5.5823,71.9464,232.8192,0.309,0.0776,2.8098,63.162,230.5212,0.274,0.0445,3.0363,63.589,232.894,0.2732,0.048
2016-03-07T02:18:59.060Z,4.9718,71.4043,232.5669,0.307,0.0717,3.3479,63.2419,230.6083,0.2743,0.0541,2.7498,63.4726,232.5624,0.2727,0.0446
2016-03-07T02:19:59.325Z,4.2521,72.1004,232.8752,0.31,0.0591,2.9658,63.2945,230.4958,0.2747,0.0464,3.1355,62.8842,232.3721,0.271,0.0481
2016-03-07T02:20:59.666Z,4.4467,70.9787,232.7475,0.3054,0.0626,2.6726,63.0266,230.4601,0.2731,0.0429,3.0207,64.4763,232.2701,0.2776,0.0468
2016-03-07T02:21:59.858Z,4.9014,70.8268,232.6484,0.3043,0.0698,2.3167,63.1907,230.4021,0.2742,0.0376,2.3953,62.5767,232.1468,0.269,0.039
2016-03-07T02:22:59.155Z,4.8053,72.8227,232.8854,0.3124,0.0664,2.8684,62.6479,230.0937,0.2729,0.0447,2.8699,62.714,232.4649,0.2697,0.0443
2016-03-07T02:23:59.367Z,4.3915,71.0425,232.0438,0.3057,0.0626,2.9825,61.7114,229.632,0.2682,0.0495,3.3213,63.4811,231.9057,0.2736,0.0526
2016-03-07T02:24:59.639Z,3.2401,71.1792,232.1492,0.3065,0.0465,3.0601,62.6404,230.1053,0.2722,0.0482,2.5999,64.5631,232.2241,0.2785,0.039
2016-03-07T02:25:59.877Z,4.0565,70.8445,232.4785,0.3047,0.0588,2.7874,63.059,230.5487,0.2736,0.0469,3.2781,63.7208,232.4157,0.2741,0.0511
2016-03-07T02:26:59.132Z,4.7051,71.0578,232.7453,0.3051,0.0677,3.2388,62.7372,230.7786,0.2719,0.052,2.9148,62.6972,232.6927,0.2692,0.048
2016-03-07T02:27:59.423Z,4.8543,71.4723,232.4377,0.307,0.0688,2.9302,64.3133,230.385,0.2791,0.0465,2.7521,64.1574,232.2625,0.2765,0.0443
2016-03-07T02:28:59.720Z,4.8452,72.5045,232.2198,0.3119,0.0677,2.5421,62.8665,229.9896,0.274,0.0403,2.4871,63.1075,232.2756,0.2712,0.0393
2016-03-07T02:29:59.947Z,4.1984,70.7051,232.1363,0.304,0.0592,2.8108,62.3599,229.4162,0.2712,0.044,2.8111,64.1091,232.4801,0.2753,0.0453
2016-03-07T02:30:59.102Z,5.3879,71.5478,232.5762,0.3073,0.0764,3.1268,63.0493,230.4011,0.2734,0.0506,2.8769,62.6257,232.2696,0.2696,0.0452
2016-03-07T02:31:59.347Z,4.6376,71.6301,232.112,0.3088,0.0666,3.2257,62.2418,230.0011,0.271,0.0538,2.5044,63.3689,231.5974,0.2732,0.0397
2016-03-07T02:32:59.506Z,4.6914,70.8999,231.951,0.3055,0.0667,2.747,63.618,230.04,0.2764,0.0444,2.8107,62.8567,231.3521,0.2712,0.0446
2016-03-07T02:33:59.867Z,3.6787,71.9213,232.3084,0.3097,0.0518,3.4163,62.4407,229.9896,0.271,0.0541,2.5965,64.6438,231.6971,0.2795,0.0393
2016-03-07T02:34:59.292Z,4.4337,71.8539,231.7958,0.3101,0.0617,2.5682,63.2502,229.3342,0.2762,0.0394,2.9366,63.5246,231.6872,0.2742,0.0474
2016-03-07T02:35:59.530Z,5.2769,71.1132,231.9881,0.3065,0.0763,3.1727,62.2263,229.806,0.2705,0.0524,2.6815,62.851,231.8957,0.2711,0.0457
2016-03-07T02:36:59.796Z,5.0272,71.5268,231.9098,0.3079,0.0704,3.1229,62.5087,230.0867,0.2721,0.0505,2.9368,63.3841,231.5859,0.2735,0.0485
2016-03-07T02:37:59.050Z,4.5542,70.9326,232.0693,0.3064,0.0661,2.3756,63.5606,230.3396,0.276,0.0379,2.7475,62.679,231.5345,0.271,0.0426
2016-03-07T02:38:59.361Z,3.3923,72.5255,232.1568,0.3125,0.0479,3.3282,61.9559,230.2328,0.2692,0.0528,2.9461,63.3459,231.6039,0.2736,0.0464
2016-03-07T02:39:59.683Z,4.7787,72.236,232.1195,0.3114,0.0662,3.511,63.6607,230.8252,0.2759,0.0543,2.7296,63.3356,231.9916,0.2729,0.044
2016-03-07T02:40:59.985Z,4.881,71.7202,232.3845,0.3081,0.0679,2.5251,62.0135,230.8336,0.2688,0.0405,2.8248,63.3254,232.0855,0.2727,0.0447
2016-03-07T02:41:59.226Z,5.0584,71.9441,232.1403,0.3096,0.0722,3.2016,62.0049,230.3229,0.2692,0.0534,2.7706,62.5739,231.8046,0.2696,0.0447
2016-03-07T02:42:59.396Z,4.9448,72.2792,232.3122,0.3109,0.0701,2.7329,61.1427,231.0312,0.2645,0.0451,3.2869,60.9598,232.218,0.2624,0.0536
2016-03-07T02:43:59.724Z,3.8159,71.9648,232.9858,0.3088,0.0533,2.9693,63.4737,231.0412,0.275,0.0471,2.6422,64.5367,232.6045,0.2783,0.042
2016-03-07T02:44:59.362Z,5.1382,72.4137,233.1321,0.3108,0.072,2.7358,63.2516,231.5232,0.2734,0.0427,2.8258,62.475,233.1818,0.2676,0.0456
2016-03-07T02:45:59.645Z,4.7158,71.7195,232.8218,0.3082,0.0664,3.2835,63.1024,231.5129,0.2724,0.0532,2.6502,62.6072,232.5374,0.2696,0.0438
2016-03-07T02:46:59.891Z,4.6925,72.7435,232.756,0.3131,0.0663,3.24,63.3,231.1508,0.2735,0.0529,2.7503,63.2841,232.4345,0.2723,0.0438
2016-03-07T02:47:59.089Z,4.5186,72.1161,232.7446,0.3094,0.0633,3.1676,64.5492,231.5807,0.2783,0.0477,3.1899,64.8546,232.5596,0.2793,0.0497
2016-03-07T02:48:59.470Z,3.4299,71.2555,232.5079,0.3062,0.0502,3.2378,63.1788,230.9612,0.2735,0.0492,2.8735,62.6907,232.37,0.2701,0.0466
2016-03-07T02:49:59.779Z,4.6268,72.544,232.5147,0.312,0.0649,2.9217,64.1845,230.5459,0.2785,0.0452,2.8115,63.8146,232.3887,0.2747,0.0438
2016-03-07T02:50:59.005Z,5.057,71.493,231.759,0.3087,0.0724,2.8953,60.9704,229.8419,0.2653,0.0498,2.7428,62.5851,232.3122,0.2691,0.0466
2016-03-07T02:51:59.578Z,5.2161,71.9674,231.9786,0.3103,0.0728,3.3235,61.8483,229.7897,0.2688,0.0536,2.4953,62.2978,232.0785,0.2692,0.0407
2016-03-07T02:52:59.968Z,4.6318,71.4515,232.5737,0.3066,0.0661,3.3067,63.967,229.9976,0.2784,0.05,2.3685,63.6233,232.5309,0.2729,0.0364
2016-03-07T02:53:59.178Z,4.7293,71.9057,231.9275,0.31,0.0674,2.8574,64.5822,229.8853,0.2809,0.0436,2.7944,62.9781,232.2917,0.2712,0.0427
2016-03-07T02:54:59.377Z,5.0633,71.7441,231.8737,0.3099,0.0716,3.194,64.2551,230.5279,0.2787,0.0504,2.949,63.6654,232.8268,0.2738,0.045
2016-03-07T02:55:59.480Z,5.1436,71.7678,231.353,0.3099,0.0737,2.9177,59.8662,230.3677,0.2596,0.0529,2.854,61.8527,232.8607,0.2654,0.0479
2016-03-07T02:56:59.105Z,4.3931,71.1826,232.5842,0.3054,0.0629,2.6692,62.5253,231.8088,0.27,0.0426,2.543,63.5899,233.5981,0.2721,0.041
2016-03-07T02:57:59.395Z,4.5709,72.0391,232.8243,0.3092,0.062,2.8489,63.0484,232.6801,0.2711,0.044,2.5118,62.4838,234.0544,0.2669,0.0412
2016-03-07T02:58:59.864Z,4.8476,71.2428,231.8004,0.3071,0.069,3.0111,63.481,231.5377,0.2741,0.0489,2.7053,63.3299,232.8583,0.272,0.0426
2016-03-07T02:59:59.086Z,4.456,71.6508,231.8757,0.3089,0.0638,2.5218,62.4418,231.3764,0.2697,0.0419,2.8731,62.274,232.9883,0.2677,0.0473
