2016-03-30T00:00:59.891Z,4.6267,71.0945,232.4097,0.3059,0.0662,3.1154,63.754,233.6312,0.2725,0.049,2.9102,63.8877,233.5697,0.2732,0.0469
2016-03-30T00:01:59.244Z,3.393,74.2069,232.8069,0.3186,0.0451,2.44,64.0589,233.2406,0.2748,0.0401,2.194,63.9309,233.4038,0.2736,0.0339
2016-03-30T00:02:59.338Z,4.1211,71.9154,232.3666,0.3098,0.0575,2.5379,61.6837,233.0342,0.2647,0.0425,2.6785,61.7131,233.2243,0.2643,0.0446
2016-03-30T00:03:59.604Z,4.491,72.9335,232.1688,0.3141,0.0623,2.4038,63.3873,233.1679,0.2716,0.0392,2.5847,64.8732,232.8617,0.2778,0.0397
2016-03-30T00:04:59.751Z,5.5898,72.4703,231.5214,0.3125,0.0791,2.3508,64.02,233.1578,0.2747,0.0371,2.7793,63.193,232.6222,0.2718,0.0438
2016-03-30T00:05:59.925Z,4.5485,72.7325,232.6225,0.3125,0.0631,3.356,64.7814,233.3459,0.2775,0.0519,2.6692,64.3625,233.8955,0.2751,0.0421
2016-03-30T00:06:59.348Z,5.2122,73.2028,233.418,0.3132,0.0736,3.2913,65.2167,231.9106,0.2813,0.0538,2.6458,64.1461,235.6429,0.272,0.0432
2016-03-30T00:07:59.475Z,4.8967,73.5555,233.3243,0.3153,0.0676,2.2888,61.401,232.3957,0.2641,0.0364,3.0238,64.4405,235.4887,0.2737,0.0471
2016-03-30T00:08:59.554Z,5.2386,72.8076,232.4602,0.3131,0.0731,2.7802,64.2632,234.1303,0.2751,0.0432,2.1942,62.3222,234.2647,0.2662,0.0365
2016-03-30T00:09:59.727Z,4.5358,72.9366,232.0274,0.3142,0.062,2.2819,65.6438,234.22,0.2801,0.0358,2.254,64.302,234.3252,0.2745,0.0352
2016-03-30T00:10:59.975Z,4.9449,72.3041,232.1038,0.3109,0.0711,2.6275,64.596,234.3145,0.2758,0.0409,2.5786,64.7997,234.121,0.2772,0.0403
2016-03-30T00:11:59.061Z,4.9556,72.8389,231.8124,0.314,0.0707,2.7467,62.3994,234.2303,0.2664,0.0443,2.3299,62.4173,233.9173,0.2666,0.0387
2016-03-30T00:12:59.219Z,4.9362,73.0295,231.7873,0.3143,0.0689,2.4651,61.6695,234.1849,0.2635,0.0392,2.8937,63.1375,233.9965,0.2697,0.0459
2016-03-30T00:13:59.465Z,3.8159,71.9938,232.0751,0.3101,0.0527,2.1141,64.6368,234.3968,0.2753,0.0329,2.5,63.388,234.2273,0.2708,0.0395
2016-03-30T00:14:59.787Z,3.8256,71.2703,231.5823,0.3071,0.0552,2.6325,65.267,234.2949,0.2788,0.0435,2.5982,65.0689,233.7629,0.2781,0.0392
2016-03-30T00:15:59.955Z,5.1395,72.4045,231.8497,0.3123,0.0731,3.0426,64.6187,233.5886,0.2769,0.0474,2.5611,64.5062,233.5845,0.2766,0.039
2016-03-30T00:16:59.180Z,4.7862,73.1847,232.7411,0.3147,0.0679,2.5597,64.1337,233.9114,0.2742,0.0404,2.1547,63.1731,232.8762,0.2717,0.0359
2016-03-30T00:17:59.518Z,4.824,72.6314,233.3233,0.311,0.0678,2.8542,65.1426,234.1278,0.2787,0.0454,2.4366,64.2777,232.9427,0.2755,0.0379
2016-03-30T00:18:59.820Z,3.7014,73.3096,233.4553,0.3141,0.0505,2.7288,65.5257,234.4701,0.2793,0.0433,2.6259,63.3193,233.083,0.2715,0.0436
2016-03-30T00:19:59.219Z,4.0968,71.9908,232.4764,0.3098,0.0567,2.3483,62.9336,234.2084,0.2684,0.0382,2.4949,64.7298,232.6712,0.2783,0.0379
2016-03-30T00:20:59.453Z,4.6267,73.9723,232.4741,0.3181,0.0633,2.5935,64.9229,234.4826,0.2765,0.0401,2.5266,63.3701,232.9622,0.2722,0.0402
2016-03-30T00:21:59.628Z,4.4284,72.9171,232.7891,0.3132,0.0616,2.4296,64.5811,235.0838,0.2746,0.0404,2.2984,64.061,233.5569,0.2752,0.0364
2016-03-30T00:22:59.811Z,4.6778,73.7024,233.0869,0.3159,0.0647,2.7022,64.8425,233.6413,0.2776,0.0418,3.0334,64.4112,232.971,0.2764,0.0484
2016-03-30T00:23:59.151Z,4.2698,72.2444,232.9896,0.3101,0.061,2.5046,64.5668,233.231,0.277,0.039,2.481,65.31,232.5921,0.2808,0.0383
2016-03-30T00:24:59.522Z,3.7849,72.9404,233.1205,0.3128,0.0513,2.7362,63.4771,233.2888,0.2721,0.044,2.6903,64.1385,232.9018,0.2759,0.0415
2016-03-30T00:25:59.687Z,3.6762,72.6965,233.06,0.3118,0.0505,2.4559,63.5984,233.1832,0.273,0.0388,2.7378,64.3104,232.7785,0.2764,0.0426
2016-03-30T00:26:59.768Z,4.9357,73.3319,232.8653,0.3147,0.069,2.3112,61.801,233.4465,0.2643,0.0395,2.4787,63.544,232.8097,0.2732,0.0403
2016-03-30T00:27:59.118Z,5.4157,73.3526,233.1798,0.3143,0.0751,2.2807,63.6603,233.4173,0.2727,0.035,2.6243,62.8522,233.4068,0.2692,0.0439
2016-03-30T00:28:59.412Z,4.1244,73.599,233.6962,0.3153,0.0573,3.1702,65.1851,233.1597,0.2791,0.049,2.5887,65.1929,233.7203,0.2792,0.039
2016-03-30T00:29:59.659Z,3.7009,72.6901,232.9258,0.3114,0.053,2.8132,64.5513,233.0596,0.2768,0.0445,2.4488,65.6003,234.0441,0.2803,0.0364
2016-03-30T00:30:59.044Z,3.6092,73.6017,232.6033,0.3164,0.0493,2.6811,64.8823,232.6409,0.2786,0.0418,2.5201,62.6737,233.9573,0.2681,0.0404
2016-03-30T00:31:59.239Z,4.6575,72.9484,232.0508,0.3145,0.0649,3.1575,63.1027,231.2554,0.2732,0.0508,2.5045,65.4196,233.6156,0.2795,0.0396
2016-03-30T00:32:59.503Z,4.6109,72.3279,232.0021,0.3114,0.0646,2.6297,62.8991,231.7646,0.2718,0.0412,2.9316,63.1516,233.2195,0.2707,0.0463
2016-03-30T00:33:59.756Z,5.1161,71.5329,232.2861,0.308,0.0749,2.2984,61.6936,230.0296,0.2685,0.0361,2.2609,62.2898,233.6989,0.2662,0.0367
2016-03-30T00:34:59.981Z,4.5105,71.1107,230.7342,0.3086,0.0646,1.7581,62.4305,229.6738,0.2721,0.0296,2.5178,63.7276,233.9089,0.2725,0.0411
2016-03-30T00:35:59.271Z,4.5628,71.8217,230.2733,0.3121,0.0643,2.9394,63.4461,231.9307,0.2732,0.0462,2.2954,64.6478,233.4616,0.2771,0.0361
2016-03-30T00:36:59.506Z,4.8641,72.8867,230.5354,0.3163,0.0688,2.6915,64.3642,232.1085,0.2773,0.0433,2.6068,63.8973,233.9933,0.2735,0.0416
2016-03-30T00:37:59.770Z,4.5482,72.6684,230.386,0.3148,0.0622,2.8389,65.1002,232.4036,0.2809,0.0445,2.2957,64.5485,234.7629,0.2744,0.0368
2016-03-30T00:38:59.023Z,4.5272,72.555,230.5327,0.3148,0.0624,2.544,65.1029,233.6903,0.2782,0.0389,2.2631,64.6646,234.2636,0.2762,0.0364
2016-03-30T00:39:59.271Z,4.7849,71.649,230.3814,0.3114,0.0662,2.7498,63.734,234.1877,0.2724,0.0448,2.6693,64.5615,233.9242,0.2758,0.0414
2016-03-30T00:40:59.420Z,4.547,71.9758,230.5826,0.312,0.0645,2.3065,61.5543,234.1259,0.2629,0.0379,2.1869,62.2256,234.0248,0.2659,0.0373
2016-03-30T00:41:59.578Z,4.0112,72.87,232.3057,0.3132,0.0566,2.2732,62.9254,234.1278,0.2689,0.0363,3.0226,63.7457,234.5198,0.2722,0.0458
2016-03-30T00:42:59.881Z,4.4886,72.2934,232.7799,0.3109,0.0632,2.6552,65.7454,234.1048,0.2809,0.0429,2.4421,65.6444,234.6784,0.2792,0.0365
2016-03-30T00:43:59.173Z,4.8744,73.9126,233.0317,0.3172,0.0676,2.6018,65.2211,234.3017,0.2788,0.0393,2.7668,64.7023,234.472,0.2761,0.0423
2016-03-30T00:44:59.325Z,4.7226,73.1951,233.067,0.3138,0.0656,2.5023,63.2063,234.6269,0.2693,0.0387,2.7929,63.906,234.7452,0.2726,0.0448
2016-03-30T00:45:59.407Z,4.5143,72.7532,232.8632,0.3123,0.0634,3.0711,63.9197,234.258,0.2726,0.0476,2.7471,63.8676,234.799,0.272,0.0434
2016-03-30T00:46:59.709Z,4.0255,74.0836,232.5881,0.3186,0.0563,2.8789,65.3307,234.1803,0.2788,0.0434,2.3113,65.2279,234.8698,0.278,0.0347
2016-03-30T00:47:59.998Z,4.6066,73.763,233.3391,0.3158,0.0639,2.6817,64.7209,233.9482,0.2764,0.0426,2.893,64.4341,235.2799,0.2739,0.0452
2016-03-30T00:48:59.238Z,4.6146,73.9108,233.3902,0.3166,0.064,2.7973,66.1001,233.6779,0.2828,0.0422,2.7673,65.0666,234.9208,0.2767,0.0434
2016-03-30T00:49:59.614Z,4.5821,73.343,232.8565,0.3147,0.0636,2.9057,65.2992,233.4004,0.2798,0.0446,2.4911,64.2355,234.2478,0.274,0.0374
2016-03-30T00:50:59.893Z,5.0349,72.4609,233.1741,0.3109,0.0707,2.8827,63.4835,232.6856,0.2732,0.0478,2.5271,63.1544,234.6929,0.2688,0.0425
2016-03-30T00:51:59.122Z,4.7241,72.3498,232.7411,0.3107,0.0671,2.7707,64.0403,232.0713,0.2756,0.0431,3.0168,64.7136,235.0041,0.2752,0.0458
2016-03-30T00:52:59.276Z,4.8915,72.6804,233.2412,0.3114,0.0691,2.8056,63.8499,231.6056,0.2759,0.0436,2.6005,64.3389,235.5176,0.2735,0.0403
2016-03-30T00:53:59.556Z,3.9977,72.1612,233.0552,0.3102,0.0564,2.8314,63.5435,231.67,0.2746,0.0466,2.807,65.6834,235.4511,0.2785,0.0439
2016-03-30T00:54:59.860Z,4.4445,74.7807,233.0484,0.3209,0.0596,2.7678,64.9243,233.3577,0.2786,0.0421,2.6769,65.2713,234.7965,0.2781,0.0403
2016-03-30T00:55:59.069Z,4.9377,73.0339,232.7761,0.3137,0.0687,2.6183,63.5994,232.8861,0.2727,0.0408,2.9221,64.0431,234.7131,0.2728,0.0451
2016-03-30T00:56:59.259Z,4.9947,72.3376,232.6471,0.3107,0.0708,3.2341,65.5134,233.0157,0.2815,0.0485,2.4848,63.4673,234.1943,0.2711,0.0393
2016-03-30T00:57:59.583Z,3.5941,72.0819,232.99,0.3098,0.0503,2.3781,64.6368,232.6422,0.2778,0.0391,2.4453,64.3018,234.2725,0.2741,0.0393
2016-03-30T00:58:59.722Z,3.5664,73.5504,232.8538,0.3152,0.0501,2.6501,62.1677,232.6173,0.2672,0.0439,2.1808,64.0436,234.0492,0.2734,0.0337
