2016-02-18T00:00:59.067Z,4.4018,49.4898,228.6221,0.2163,0.0919,2.9692,33.2806,230.6094,0.1443,0.087,1.9632,36.6307,232.2462,0.1574,0.0539
2016-02-18T00:01:59.365Z,4.2875,50.0071,228.1309,0.2189,0.0862,3.0946,33.6436,230.3549,0.1462,0.0921,2.0818,36.742,231.4315,0.1592,0.059
2016-02-18T00:02:59.661Z,3.3776,48.9023,227.7164,0.2143,0.069,2.7175,32.3303,229.9737,0.1409,0.0868,1.349,36.2662,231.1859,0.1564,0.0432
2016-02-18T00:04:59.717Z,4.3443,48.831,227.403,0.2146,0.089,2.7078,33.7914,229.5289,0.1476,0.0812,2.1965,35.5307,230.9387,0.1537,0.0628
2016-02-18T00:05:59.089Z,4.7461,49.9637,226.9739,0.2204,0.0952,2.7581,33.508,229.1981,0.1461,0.0823,2.501,34.5662,230.3354,0.1499,0.0717
2016-02-18T00:06:59.825Z,5.0933,49.6202,225.843,0.2193,0.1022,3.0491,34.0608,227.8732,0.1503,0.0911,2.7932,35.4805,230.3355,0.1539,0.075
2016-02-18T00:07:59.156Z,3.6753,49.1252,227.195,0.2164,0.0748,2.6307,35.8899,229.7263,0.1562,0.0809,2.0599,34.7986,232.3668,0.1494,0.0646
2016-02-18T00:08:59.623Z,3.6564,48.93,229.5998,0.2124,0.0745,2.7409,35.7024,231.5133,0.1546,0.0798,2.1947,33.5359,233.3286,0.1436,0.0676
2016-02-18T00:09:59.575Z,4.5741,49.7084,227.6993,0.2181,0.0921,3.3664,35.7255,231.7375,0.1545,0.0987,2.0614,34.5245,233.3889,0.1475,0.0599
2016-02-18T00:10:59.919Z,4.5035,50.0643,227.4478,0.2201,0.0908,2.7134,31.4759,231.7688,0.1355,0.0925,1.7947,34.5362,233.1997,0.148,0.0534
2016-02-18T00:11:59.307Z,5.1163,49.879,228.3391,0.2189,0.103,2.8302,34.091,232.1838,0.1467,0.087,2.4182,34.8561,233.6536,0.1491,0.0712
2016-02-18T00:12:59.754Z,3.6704,49.7599,228.3284,0.2185,0.0727,2.7546,36.0877,231.6382,0.1552,0.0841,1.7773,33.5187,233.8204,0.1435,0.0559
2016-02-18T00:13:59.760Z,4.6803,49.8007,228.3231,0.2185,0.0952,2.7901,33.8393,231.4618,0.146,0.0892,2.1173,33.6064,233.3798,0.1437,0.0675
2016-02-18T00:14:59.983Z,4.7371,50.3744,230.1504,0.2195,0.0934,2.9046,31.8131,232.2043,0.1367,0.093,1.6511,34.7327,233.8626,0.1482,0.052
2016-02-18T00:15:59.579Z,4.6125,50.1205,228.4792,0.219,0.0919,2.4727,35.386,230.5838,0.154,0.0775,2.2138,34.7957,231.7721,0.15,0.0646
2016-02-18T00:16:59.759Z,4.4324,48.68,228.1499,0.2133,0.0923,3.1084,33.2968,230.5746,0.1446,0.0905,2.2102,33.9178,232.0227,0.146,0.0671
2016-02-18T00:17:59.017Z,4.9376,51.3533,230.6071,0.2227,0.0953,2.5344,34.4575,230.7902,0.1496,0.0821,2.3556,35.6733,232.6535,0.1537,0.0655
2016-02-18T00:18:59.551Z,4.4739,50.1426,230.4696,0.2172,0.0887,3.087,35.042,232.8071,0.1512,0.0812,2.3959,36.0217,234.1568,0.1534,0.07
2016-02-18T00:19:59.848Z,4.012,49.3804,230.5903,0.2138,0.0827,2.574,35.1334,234.0217,0.1502,0.0763,2.6148,36.3942,235.0187,0.1548,0.0691
2016-02-18T00:20:59.656Z,4.7798,51.3122,232.6361,0.2203,0.0912,3.4221,35.3359,234.6153,0.1503,0.1017,2.3934,37.037,236.4652,0.1566,0.0651
2016-02-18T00:21:59.901Z,4.7529,50.9698,232.6344,0.219,0.0927,2.6307,31.4212,233.4769,0.1348,0.0926,1.9073,37.0262,236.2551,0.157,0.0481
2016-02-18T00:22:59.981Z,5.2809,50.0492,230.3278,0.2173,0.1057,2.7925,28.6967,232.6399,0.1233,0.1024,1.5301,29.6435,234.3385,0.1263,0.0578
2016-02-18T00:23:59.191Z,4.0933,50.0158,229.8471,0.2178,0.0813,3.3429,32.0173,233.7549,0.1371,0.1022,2.4594,33.5294,234.3353,0.1428,0.0747
2016-02-18T00:24:59.810Z,4.207,50.5559,231.8448,0.2179,0.0838,2.8211,35.1614,233.2868,0.1507,0.0842,3.1225,33.4857,235.2658,0.1425,0.0989
2016-02-18T00:25:59.050Z,5.1014,50.4159,230.706,0.2186,0.1008,2.6983,33.8294,232.4044,0.1453,0.0877,2.8252,34.0911,234.0546,0.1452,0.0859
2016-02-18T00:26:59.980Z,4.5408,50.5571,230.7573,0.2191,0.0875,2.7578,34.1407,231.677,0.1474,0.086,3.2481,37.0191,233.4989,0.1584,0.0898
2016-02-18T00:27:59.220Z,3.9457,49.94,230.7684,0.2162,0.0784,2.9441,33.6935,230.8769,0.1455,0.088,3.0298,35.1721,233.0764,0.1511,0.0879
2016-02-18T00:28:59.983Z,4.0637,49.5876,230.9667,0.2142,0.081,2.4892,35.0049,232.1188,0.1511,0.0751,2.524,35.3538,234.3508,0.1508,0.0755
2016-02-18T00:29:59.217Z,4.0813,50.6613,230.6129,0.2193,0.0813,2.8089,33.1358,231.81,0.1432,0.0872,3.0456,35.7436,234.0009,0.153,0.0878
2016-02-18T00:30:59.489Z,4.559,49.7888,231.3169,0.2155,0.0907,2.0168,33.1309,227.8248,0.1457,0.0642,2.3419,34.9832,233.498,0.1499,0.0699
2016-02-18T00:32:59.364Z,3.5675,50.9463,232.2344,0.2191,0.0699,2.7821,36.5134,231.0246,0.1583,0.0834,2.7469,35.183,233.2376,0.1508,0.0838
2016-02-18T00:33:59.712Z,3.7609,49.6884,232.9854,0.2127,0.0744,2.6177,32.8293,232.6303,0.1408,0.0778,2.5229,36.3248,234.0651,0.1553,0.0722
2016-02-18T00:34:59.033Z,5.0278,51.0602,233.2546,0.2189,0.0969,2.7651,33.9324,232.8612,0.1457,0.0869,3.0773,35.898,234.0589,0.1534,0.0912
2016-02-18T00:35:59.599Z,4.6942,51.3722,232.3677,0.2214,0.0914,3.2437,35.0182,231.7358,0.1513,0.0937,2.6267,33.4712,232.8914,0.1437,0.0857
2016-02-18T00:36:59.909Z,4.1114,50.7916,232.4303,0.2179,0.0818,2.4264,35.4103,232.1687,0.1523,0.0791,2.9585,35.8141,233.0303,0.1537,0.0861
2016-02-18T00:37:59.267Z,5.0027,51.4769,232.3184,0.2217,0.0981,2.6498,33.1613,232.0513,0.1429,0.0807,2.6923,35.0546,232.4448,0.1504,0.0768
2016-02-18T00:38:59.802Z,4.5052,50.7347,232.814,0.2181,0.0923,2.846,34.2001,231.8298,0.1477,0.0869,3.0585,33.9029,233.8938,0.1449,0.0905
2016-02-18T00:39:59.308Z,4.4929,51.0921,233.0523,0.2194,0.088,2.544,34.0607,232.0801,0.1464,0.0846,3.2132,35.0367,233.551,0.1497,0.093
2016-02-18T00:40:59.830Z,3.9672,50.532,232.7826,0.2168,0.078,2.9163,35.3063,232.7739,0.1518,0.0835,2.3942,36.1533,233.4326,0.1547,0.0711
2016-02-18T00:41:59.493Z,3.527,49.6122,232.7264,0.2133,0.0716,2.531,33.9831,233.1529,0.1452,0.0785,2.6616,35.9175,233.5993,0.154,0.0738
2016-02-18T00:43:59.636Z,4.6923,51.5929,233.2845,0.2209,0.0914,2.8941,35.0434,233.3769,0.1501,0.0862,2.8426,34.8413,233.8877,0.1487,0.0826
2016-02-18T00:44:59.186Z,4.7754,50.7359,233.6019,0.2173,0.0953,2.6398,35.0641,233.2238,0.1504,0.0817,2.9913,34.5088,233.804,0.1473,0.0918
2016-02-18T00:45:59.818Z,3.5389,50.6822,233.1077,0.2165,0.0696,3.1771,35.1823,232.3259,0.152,0.0905,2.5352,35.1608,233.5029,0.1509,0.073
2016-02-18T00:46:59.829Z,4.2547,50.5186,232.3515,0.217,0.0852,3.0048,34.8096,231.1211,0.1504,0.0903,3.0262,35.5402,232.7816,0.1525,0.0886
2016-02-18T00:47:59.084Z,4.4271,50.9539,232.0532,0.2198,0.088,2.5286,33.6568,231.6504,0.146,0.0809,2.649,33.7456,232.403,0.1448,0.0797
2016-02-18T00:48:59.420Z,4.9663,51.2131,232.5351,0.2204,0.0966,2.9684,35.4978,232.1316,0.1527,0.089,2.9678,35.5009,232.9677,0.1524,0.0832
2016-02-18T00:49:59.370Z,4.136,50.3089,233.3047,0.2153,0.0835,3.0208,34.2063,233.2768,0.1469,0.0858,2.9292,35.4905,233.8335,0.1524,0.0823
2016-02-18T00:50:59.639Z,4.4597,50.8521,233.7002,0.2175,0.0879,2.8832,35.2668,233.923,0.1512,0.0843,2.7401,34.782,234.4003,0.1484,0.0816
2016-02-18T00:51:59.982Z,4.8537,50.4889,233.0557,0.216,0.0959,2.8587,34.1375,233.2117,0.1461,0.0829,2.7934,36.0524,233.6915,0.1536,0.0845
2016-02-18T00:52:59.238Z,3.5669,50.4758,234.1213,0.2158,0.0724,2.7232,33.5362,232.7031,0.1439,0.0859,2.5079,34.7553,234.7242,0.1484,0.0747
2016-02-18T00:53:59.340Z,4.4859,50.9907,233.8907,0.2185,0.087,3.0267,33.3099,230.9958,0.1445,0.0956,2.5824,34.9062,235.184,0.1485,0.0771
2016-02-18T00:54:59.658Z,4.8962,51.0963,233.8589,0.2186,0.0967,3.072,34.1753,231.8809,0.1473,0.0959,2.3576,34.7736,235.2712,0.1478,0.0715
2016-02-18T00:55:59.922Z,4.3665,50.2453,233.1042,0.2157,0.0871,2.9318,33.505,233.3713,0.1429,0.0922,3.0061,36.3233,234.5675,0.1551,0.0868
2016-02-18T00:56:59.059Z,4.5412,50.3829,232.9446,0.2165,0.0891,2.5872,33.6837,232.7791,0.1445,0.0834,2.5435,35.6591,233.807,0.1526,0.0736
2016-02-18T00:57:59.346Z,4.5821,50.5729,231.7321,0.2176,0.0925,3.3532,34.3009,231.1958,0.1477,0.0972,2.3261,33.1747,232.8009,0.1429,0.0767
2016-02-18T00:58:59.616Z,4.6395,50.2481,232.6135,0.2162,0.0915,2.8516,32.6564,232.1174,0.1411,0.0937,3.0384,36.1959,233.5548,0.1553,0.0829
2016-02-18T00:59:59.875Z,4.2656,50.9599,233.2886,0.2186,0.0808,3.2521,33.9927,232.408,0.1457,0.0968,2.7211,35.7785,234.3843,0.153,0.0834
2016-02-18T01:00:59.231Z,4.9796,49.418,233.1899,0.2116,0.0973,2.7033,33.9183,232.4878,0.1459,0.0827,2.0944,36.2813,234.542,0.1546,0.0668
2016-02-18T01:01:59.363Z,4.9184,49.9832,233.2568,0.2145,0.0952,3.166,33.7663,233.2129,0.1449,0.0892,3.3987,35.4765,235.3214,0.151,0.0968
2016-02-18T01:02:59.952Z,4.2979,50.329,233.85,0.2155,0.0862,2.4847,34.6753,233.4785,0.1485,0.072,2.7204,36.5036,235.4834,0.1552,0.0785
2016-02-18T01:03:59.129Z,3.8742,50.5648,233.8276,0.2164,0.0749,3.2028,34.5988,233.2689,0.1479,0.0913,2.7749,34.6507,235.6448,0.1466,0.0827
2016-02-18T01:04:59.501Z,3.5908,50.8645,233.1623,0.2185,0.0688,3.1643,33.876,232.5508,0.1458,0.0997,2.5922,36.944,235.1127,0.1573,0.0743
2016-02-18T01:05:59.746Z,4.4734,50.8555,233.2453,0.2182,0.0873,2.7513,33.2477,232.9412,0.1429,0.0948,2.6725,36.8533,235.3258,0.1569,0.0729
2016-02-18T01:06:59.161Z,4.7218,49.9038,231.7056,0.2161,0.0959,2.5536,34.6487,231.0409,0.1503,0.0759,2.7854,34.2391,233.152,0.1469,0.0821
2016-02-18T01:07:59.931Z,4.6443,50.4115,232.6658,0.2163,0.0914,2.9521,33.0317,231.856,0.1425,0.0886,2.7238,36.726,233.6804,0.157,0.0747
2016-02-18T01:08:59.337Z,3.8024,51.3278,233.6722,0.2204,0.0727,3.2901,34.3361,232.503,0.1473,0.0929,2.4161,35.8831,234.5138,0.153,0.0758
2016-02-18T01:09:59.841Z,3.8316,49.7936,233.6308,0.2129,0.0763,3.168,33.1255,232.4572,0.1426,0.0978,2.7346,35.81,234.3734,0.1528,0.0746
2016-02-18T01:10:59.556Z,4.3063,50.9893,233.6288,0.2181,0.0844,3.1261,34.6322,232.3568,0.1491,0.0973,2.7712,36.6972,234.2804,0.1569,0.0741
2016-02-18T01:11:59.784Z,4.3837,50.563,233.8523,0.2157,0.0861,2.7461,33.8046,232.8233,0.1451,0.082,2.2358,34.967,234.8504,0.1493,0.0696
2016-02-18T01:12:59.187Z,4.5104,50.8707,234.4211,0.2172,0.0883,3.0724,34.2718,233.1757,0.1469,0.0933,2.9207,34.7259,235.2481,0.1474,0.0851
2016-02-18T01:13:59.432Z,3.936,50.4598,233.9716,0.2155,0.0777,2.6002,33.9746,232.7796,0.1456,0.0795,2.43,34.6726,234.7423,0.1474,0.0708
2016-02-18T01:14:59.892Z,3.3577,49.3482,232.4188,0.2124,0.0685,2.5902,35.8727,231.1552,0.1557,0.0727,2.585,34.3708,233.59,0.1465,0.0774
2016-02-18T01:15:59.095Z,4.1572,50.6452,232.2973,0.218,0.0816,3.2609,33.1381,230.7622,0.1437,0.1003,2.7461,34.9346,233.5531,0.15,0.0797
2016-02-18T01:16:59.832Z,4.3889,50.5566,231.8129,0.2181,0.0871,2.6706,34.6763,230.5434,0.1501,0.0819,3.1475,35.4599,233.254,0.1523,0.0902
2016-02-18T01:17:59.198Z,4.3113,50.3152,231.9737,0.2176,0.0852,2.5272,34.4077,230.9748,0.1487,0.0759,3.2159,35.8386,233.1254,0.1533,0.0906
2016-02-18T01:18:59.126Z,4.2178,50.675,232.8009,0.2177,0.0829,3.008,35.3958,232.1264,0.1528,0.0898,3.1947,35.0617,234.5028,0.1501,0.0891
2016-02-18T01:19:59.445Z,4.3713,51.4083,232.336,0.2213,0.084,3.0722,37.0461,231.7846,0.1601,0.0809,2.6088,34.167,234.4213,0.1457,0.0816
2016-02-18T01:20:59.751Z,4.2136,51.1318,232.7675,0.2198,0.0824,2.8171,32.629,232.03,0.1404,0.0848,2.3581,34.612,234.1257,0.1474,0.0696
2016-02-18T01:21:59.152Z,4.4698,50.8372,232.3243,0.2188,0.089,2.7987,35.8103,231.4123,0.1541,0.085,2.4433,35.8808,233.5249,0.1537,0.0722
2016-02-18T01:22:59.467Z,4.7238,50.6828,232.4333,0.218,0.0927,2.0621,34.5645,228.2892,0.1511,0.064,3.0791,36.3137,234.7536,0.1548,0.0859
2016-02-18T01:23:59.710Z,4.3837,50.9911,232.3096,0.2192,0.0844,2.5567,34.3818,230.6699,0.1487,0.0766,2.2536,33.9962,234.1846,0.1452,0.0751
2016-02-18T01:24:59.018Z,4.5373,50.6329,232.4689,0.217,0.0903,3.1836,34.6399,231.1956,0.1497,0.0936,2.1313,34.281,234.583,0.1462,0.0688
2016-02-18T01:25:59.174Z,4.0595,50.0838,232.2956,0.2156,0.0804,2.7116,31.552,231.4107,0.1356,0.0866,2.1778,33.7197,234.4102,0.1438,0.0689
2016-02-18T01:26:59.486Z,4.8624,50.2023,231.9367,0.2163,0.0955,2.8922,33.6573,231.1921,0.1457,0.088,2.7717,35.1883,233.6893,0.1505,0.0805
2016-02-18T01:27:59.800Z,4.6858,50.4438,232.0685,0.2175,0.0941,3.4315,33.3654,231.1699,0.1447,0.1034,2.4498,35.4838,233.2765,0.1524,0.0764
2016-02-18T01:28:59.223Z,4.332,50.8568,232.3613,0.2193,0.0842,2.5401,33.1894,231.5994,0.1432,0.0847,3.5301,35.2837,233.8951,0.1506,0.0962
2016-02-18T01:29:59.460Z,4.3131,49.6266,232.2274,0.2141,0.0845,2.5008,31.5753,231.582,0.1363,0.0856,2.6554,37.1943,234.1316,0.1591,0.0749
2016-02-18T01:30:59.881Z,4.6929,50.8763,231.7525,0.2197,0.0933,2.6765,35.3479,230.6114,0.1532,0.0828,2.8208,34.5758,233.8596,0.1485,0.0813
2016-02-18T01:31:59.325Z,3.8426,51.4349,231.7361,0.2214,0.0751,2.7411,33.804,231.0128,0.146,0.0849,2.4293,36.5222,233.5279,0.1566,0.0696
2016-02-18T01:32:59.683Z,4.6579,49.5674,231.2801,0.2137,0.0941,2.6336,33.0989,230.8734,0.1434,0.0789,2.6937,34.7475,233.1882,0.1492,0.0796
2016-02-18T01:33:59.537Z,4.2424,50.6212,231.4118,0.2188,0.084,2.8,30.6927,230.7335,0.1333,0.0919,2.4102,35.5401,233.1659,0.1523,0.0715
2016-02-18T01:34:59.809Z,4.6873,50.1176,231.0908,0.2175,0.0945,2.6251,34.1903,230.8264,0.1487,0.0859,2.7378,34.4533,233.1167,0.1475,0.0756
2016-02-18T01:35:59.264Z,4.9459,51.1904,231.4453,0.2211,0.0953,2.7209,34.1912,230.6751,0.1478,0.0877,2.2903,32.862,232.6982,0.1412,0.0733
2016-02-18T01:36:59.430Z,3.9814,49.9731,231.5237,0.2157,0.0793,3.5338,34.0804,230.1123,0.1485,0.101,2.312,34.6378,232.6893,0.1493,0.0738
2016-02-18T01:37:59.660Z,3.9653,51.0082,231.0965,0.2207,0.0769,2.9271,33.3102,230.2831,0.1447,0.0898,2.5814,34.4424,232.1843,0.1487,0.0807
2016-02-18T01:38:59.164Z,4.4381,51.2989,232.1398,0.2209,0.0851,2.9984,34.2523,231.2032,0.1486,0.092,2.0632,35.4738,232.9996,0.1524,0.0617
2016-02-18T01:39:59.569Z,4.8867,50.8805,232.1958,0.219,0.0947,3.0498,34.4459,231.4572,0.1489,0.0922,2.7589,34.4507,233.1397,0.1476,0.0835
2016-02-18T01:40:59.366Z,4.191,49.3819,231.2319,0.2138,0.0809,3.1588,32.2019,230.651,0.1393,0.102,2.3622,36.3429,232.2317,0.1558,0.0727
2016-02-18T01:41:59.906Z,4.7552,51.3411,230.7676,0.2228,0.0916,3.2877,35.1793,230.6001,0.1526,0.0917,2.4403,34.4304,231.7452,0.149,0.0725
2016-02-18T01:42:59.173Z,5.1292,50.0923,230.3594,0.2173,0.101,3.3968,34.2999,230.4302,0.149,0.1019,2.9818,34.4598,231.5742,0.1483,0.0934
2016-02-18T01:43:59.760Z,4.3117,50.2596,231.3554,0.2172,0.087,2.7963,31.8652,231.077,0.1374,0.0908,1.987,34.5628,232.3674,0.1489,0.0643
2016-02-18T01:44:59.833Z,4.6344,51.1344,231.5782,0.2209,0.09,2.9801,35.5103,231.4556,0.1533,0.0919,2.7686,34.5812,233.0011,0.1484,0.0827
2016-02-18T01:45:59.096Z,4.4852,50.6851,230.7103,0.2201,0.0878,3.2157,32.2513,231.0409,0.1394,0.0975,2.5948,33.9912,232.3442,0.1466,0.082
2016-02-18T01:46:59.397Z,4.5547,50.224,230.2909,0.2182,0.0915,3.208,32.9618,230.9647,0.1426,0.0935,2.6689,33.2109,232.3805,0.1432,0.0839
2016-02-18T01:47:59.746Z,4.049,49.829,230.4151,0.2169,0.0818,2.9116,30.9513,231.0186,0.1335,0.0981,2.8482,35.1154,233.3082,0.1496,0.078
2016-02-18T01:48:59.038Z,3.5391,50.6817,232.1793,0.2182,0.0701,2.9614,34.6016,231.5681,0.1496,0.0914,2.496,35.2399,233.7051,0.1512,0.0723
2016-02-18T01:49:59.737Z,3.918,50.4057,232.4462,0.2171,0.0775,2.8628,34.8983,232.2447,0.1505,0.0849,2.7289,34.5915,233.7462,0.1478,0.08
2016-02-18T01:50:59.174Z,4.2938,51.0597,232.2593,0.2196,0.0861,3.1496,34.8692,232.5414,0.1503,0.0897,3.3126,34.3854,233.9042,0.1467,0.0964
2016-02-18T01:51:59.749Z,4.2986,49.9575,232.6157,0.2145,0.0862,2.6634,33.361,232.8011,0.1434,0.0898,3.1015,37.5813,233.854,0.1603,0.0857
2016-02-18T01:52:59.708Z,3.8336,50.4577,231.9537,0.217,0.0752,3.3652,33.6783,232.2054,0.1453,0.0992,2.5489,35.7897,233.3288,0.1531,0.0756
2016-02-18T01:53:59.819Z,4.7963,50.4879,232.0059,0.2178,0.0948,2.8361,35.3773,232.2235,0.1526,0.0827,3.3488,34.0582,233.3735,0.1459,0.097
2016-02-18T01:54:59.077Z,4.4011,51.2617,232.2287,0.2211,0.085,2.9167,37.2636,232.1743,0.1607,0.0829,2.7067,34.9564,233.402,0.1503,0.0812
2016-02-18T01:55:59.353Z,4.6309,50.4568,231.3229,0.2179,0.0919,2.5081,33.0371,231.4278,0.1426,0.0787,2.3308,35.6121,232.8733,0.1527,0.0669
2016-02-18T01:56:59.946Z,4.0076,50.0047,231.8883,0.2154,0.0798,2.9084,34.9991,231.7525,0.1509,0.0853,2.922,34.6877,232.9966,0.1486,0.0857
2016-02-18T01:57:59.388Z,3.1088,49.6814,230.8279,0.2157,0.0627,2.7229,33.5534,230.4591,0.1456,0.088,2.6447,35.4227,232.2316,0.1528,0.0764
2016-02-18T01:58:59.032Z,4.3502,50.3158,231.6251,0.2173,0.087,2.6344,33.9212,231.6684,0.1464,0.0796,2.7904,37.059,232.5102,0.159,0.0743
2016-02-18T01:59:59.432Z,4.1485,50.4575,232.0895,0.2175,0.0809,2.9263,32.815,231.7729,0.1418,0.0945,2.8171,34.09,232.4345,0.1461,0.0848
