2016-03-05T00:00:59.540Z,1312.2156,1649.3953,226.4259,7.2842,0.7955,1421.5565,1796.5172,227.01,7.9135,0.7908,1819.4811,2324.0649,225.9719,10.2849,0.7819
2016-03-05T00:01:59.888Z,1291.649,1654.3834,227.6343,7.2678,0.7802,1413.8387,1798.9022,228.4824,7.8734,0.786,1829.999,2363.8778,228.1679,10.3602,0.774
2016-03-05T00:02:59.164Z,1243.0175,1624.7022,229.0938,7.092,0.7653,1382.6205,1788.9429,230.4695,7.7617,0.7726,1787.274,2355.5709,229.8897,10.2454,0.759
2016-03-05T00:03:59.639Z,1147.9826,1540.2026,228.4571,6.7418,0.7456,1293.2501,1696.4859,230.3054,7.3659,0.7619,1702.8662,2277.8984,229.5924,9.9211,0.7482
2016-03-05T00:04:59.332Z,1115.5489,1505.4665,228.3785,6.5917,0.7409,1267.7226,1675.3049,230.5375,7.2664,0.757,1665.8987,2248.3792,229.7334,9.7862,0.7407
2016-03-05T00:05:59.688Z,1122.6882,1501.7074,227.8159,6.5912,0.7477,1268.2876,1670.4218,230.0179,7.2618,0.7593,1662.1214,2230.5243,228.8414,9.7467,0.7452
2016-03-05T00:06:59.910Z,1107.6334,1480.5404,226.654,6.5322,0.7484,1275.4463,1660.2148,229.8126,7.2241,0.7686,1668.5959,2237.9396,228.6829,9.7857,0.746
2016-03-05T00:07:59.275Z,1112.7698,1486.4806,226.86,6.5528,0.7487,1272.7365,1658.3354,229.5852,7.2224,0.7679,1670.0408,2234.7704,228.6503,9.7735,0.7462
2016-03-05T00:08:59.777Z,1116.3162,1480.3584,226.3177,6.541,0.754,1279.5936,1657.8474,229.0238,7.2384,0.7716,1671.4963,2229.1447,228.1079,9.7721,0.7501
2016-03-05T00:09:59.141Z,1115.5389,1483.0169,226.512,6.5469,0.7512,1285.1558,1665.221,229.6055,7.2524,0.771,1674.816,2238.8993,228.3391,9.8052,0.7494
2016-03-05T00:10:59.458Z,1123.5119,1490.2782,226.4571,6.5808,0.7532,1279.7482,1659.691,229.1333,7.2437,0.7712,1677.3851,2233.0783,228.1341,9.7884,0.75
2016-03-05T00:11:59.094Z,1130.2348,1482.9753,225.4102,6.5791,0.7616,1288.9735,1660.2361,228.6527,7.2609,0.777,1678.8745,2225.2429,227.4845,9.7819,0.7544
2016-03-05T00:12:59.419Z,1139.063,1503.9377,225.9828,6.6551,0.7576,1277.9289,1654.9037,228.9109,7.2297,0.7716,1686.4539,2230.9094,228.149,9.7777,0.756
2016-03-05T00:13:59.714Z,1140.6616,1525.2473,227.2954,6.7101,0.7483,1268.1126,1658.1154,229.7673,7.216,0.7653,1695.8584,2249.4872,229.3482,9.8077,0.7543
2016-03-05T00:14:59.284Z,1137.2271,1527.7002,227.2317,6.723,0.7436,1266.1808,1647.1364,229.3616,7.1813,0.769,1708.4434,2259.5929,229.5028,9.8454,0.7565
2016-03-05T00:15:59.667Z,1145.5809,1556.4479,228.6102,6.8078,0.736,1245.1197,1632.4503,229.132,7.1244,0.763,1726.4806,2269.8548,229.9038,9.8728,0.76
2016-03-05T00:16:59.009Z,1140.8425,1556.8359,228.8803,6.8016,0.7325,1247.8024,1636.0909,229.3636,7.1328,0.7622,1731.3537,2279.6092,230.1475,9.905,0.76
2016-03-05T00:17:59.257Z,1161.8877,1569.2723,229.447,6.8389,0.7401,1245.4579,1643.373,229.2814,7.1677,0.7587,1719.3639,2253.6479,228.9898,9.8413,0.7629
2016-03-05T00:18:59.587Z,1166.7814,1571.8109,229.7406,6.8413,0.7421,1240.7966,1644.2016,229.0373,7.1791,0.7547,1711.6496,2242.5143,229.1278,9.7871,0.7622
2016-03-05T00:19:59.478Z,1173.8143,1572.8832,229.5778,6.8512,0.7463,1252.7133,1654.3426,229.1716,7.2187,0.7576,1715.4097,2244.8741,228.6528,9.8171,0.7632
2016-03-05T00:20:59.631Z,1169.6908,1572.6634,229.7662,6.8444,0.7435,1236.5125,1643.9978,229.2735,7.1701,0.7519,1706.1256,2233.5447,228.8002,9.7617,0.7625
2016-03-05T00:21:59.144Z,1214.2727,1594.3925,230.3017,6.9228,0.7609,1238.3646,1664.7092,229.348,7.2587,0.744,1685.571,2183.4462,225.9227,9.6638,0.7702
2016-03-05T00:22:59.477Z,1183.2,1586.407,229.8498,6.9016,0.7452,1239.1381,1642.4997,228.6137,7.1837,0.7539,1719.1796,2235.347,228.4749,9.7836,0.7683
2016-03-05T00:23:59.410Z,1192.775,1596.8338,230.0886,6.9401,0.7473,1228.3824,1631.6347,227.8769,7.1599,0.7526,1719.6544,2224.1433,228.256,9.7439,0.772
2016-03-05T00:24:59.635Z,1201.2763,1593.0687,229.6671,6.9361,0.7532,1245.4711,1645.2413,227.8227,7.2213,0.7578,1720.1376,2222.4304,227.5794,9.7648,0.7728
2016-03-05T00:25:59.955Z,1193.9973,1582.2943,229.232,6.9021,0.7538,1234.126,1630.1983,227.4044,7.1687,0.7576,1710.1997,2206.6126,227.0644,9.7178,0.7754
2016-03-05T00:26:59.282Z,1201.9537,1587.9617,228.8814,6.9377,0.7575,1238.643,1632.6107,227.3559,7.1806,0.759,1716.7218,2207.0556,226.7622,9.7331,0.7791
2016-03-05T00:27:59.914Z,1186.9919,1579.8068,229.3029,6.8892,0.7514,1243.2662,1643.5643,228.5712,7.1905,0.7565,1713.3658,2225.3695,227.9624,9.7614,0.7707
2016-03-05T00:28:59.045Z,1194.971,1592.3803,229.1773,6.9481,0.7507,1238.1939,1631.6305,227.8384,7.1613,0.7587,1728.5794,2228.9065,227.9064,9.7795,0.776
2016-03-05T00:29:59.303Z,1181.1666,1580.2937,229.0798,6.8982,0.748,1242.553,1633.2479,228.0624,7.1612,0.761,1727.8363,2239.1144,228.3799,9.8039,0.7728
2016-03-05T00:30:59.561Z,1188.3729,1588.1088,229.1826,6.9291,0.7481,1246.3688,1640.2124,228.2317,7.186,0.7598,1729.5307,2242.5976,228.6916,9.8058,0.771
2016-03-05T00:31:59.796Z,1181.8799,1580.7434,228.9811,6.9033,0.7469,1247.2521,1635.0003,228.0622,7.169,0.7627,1731.6524,2244.3266,228.4904,9.8221,0.7714
2016-03-05T00:32:59.080Z,1170.8919,1579.069,229.5827,6.8781,0.7416,1253.0914,1648.6174,229.3033,7.19,0.7603,1734.3684,2266.8236,229.4199,9.8807,0.7648
2016-03-05T00:33:59.728Z,1169.7336,1587.2657,230.5413,6.8843,0.7375,1252.4301,1658.3807,230.0176,7.2095,0.7554,1732.7891,2277.5136,230.1632,9.8951,0.76
2016-03-05T00:34:59.116Z,1154.8777,1579.2791,229.4309,6.8839,0.7315,1250.7723,1637.5725,229.5947,7.1325,0.7636,1752.9873,2299.9728,230.9888,9.9564,0.7613
2016-03-05T00:35:59.482Z,1154.6417,1577.3297,229.6164,6.869,0.7317,1257.6877,1649.7707,230.1157,7.1683,0.7632,1750.0678,2305.2231,231.4289,9.961,0.7598
2016-03-05T00:36:59.840Z,1163.0614,1580.8709,229.2729,6.8957,0.7356,1252.4,1642.2774,229.4479,7.157,0.7626,1746.0557,2286.7602,230.7159,9.9118,0.7642
2016-03-05T00:37:59.428Z,1157.4487,1567.9947,228.3569,6.8665,0.739,1262.0501,1637.753,229.2002,7.1457,0.7707,1755.0043,2293.879,230.1713,9.9657,0.7649
2016-03-05T00:38:59.793Z,1159.4472,1569.3474,229.1604,6.8479,0.739,1258.9562,1645.7358,229.3406,7.1761,0.7651,1741.746,2282.9833,230.245,9.9148,0.7622
2016-03-05T00:39:59.139Z,1167.6014,1579.3925,229.0301,6.8956,0.7397,1254.9998,1640.6063,228.7253,7.1727,0.765,1748.7026,2282.7998,230.2537,9.9145,0.7674
2016-03-05T00:40:59.065Z,1169.0438,1585.2187,229.5521,6.906,0.7377,1241.3652,1628.3461,228.2422,7.134,0.7614,1746.6536,2272.6123,230.0821,9.8771,0.7692
2016-03-05T00:41:59.402Z,211.7699,341.9547,231.6533,1.4838,0.1778,221.0507,337.3234,229.04,1.4784,0.1802,408.5196,525.6134,232.9195,2.2735,0.7997
2016-03-05T00:42:59.929Z,347.8813,606.2819,231.362,2.6286,0.2955,400.3057,656.6402,228.8373,2.8771,0.3176,508.0846,789.0507,232.561,3.4004,0.7205
2016-03-05T00:43:59.316Z,3.2116,71.1856,232.2088,0.3067,0.0461,3.0356,61.9188,230.3858,0.2683,0.0489,269.6847,318.5476,232.7056,1.3719,0.825
2016-03-05T00:44:59.623Z,995.792,1349.416,231.1494,5.8472,0.6168,1035.7761,1378.2143,229.2288,6.0228,0.6234,1559.3442,2033.0759,230.3537,8.833,0.7858
2016-03-05T00:45:59.935Z,1276.3013,1687.217,230.0189,7.3351,0.7568,1329.1791,1718.1113,228.4705,7.5203,0.7736,1842.5801,2357.1916,229.6643,10.2632,0.7815
2016-03-05T00:46:59.325Z,1292.8486,1690.4327,229.699,7.3593,0.7645,1363.7742,1747.0436,228.7388,7.6375,0.7809,1855.6594,2374.3188,229.2753,10.3552,0.7818
2016-03-05T00:47:59.316Z,1199.2525,1610.7715,229.8458,7.0076,0.7447,1276.9136,1676.0844,229.6418,7.2989,0.7615,1759.7261,2296.6153,229.8765,9.9903,0.7669
2016-03-05T00:48:59.498Z,1307.5436,1707.4998,229.7399,7.4319,0.7653,1390.464,1780.7089,229.5775,7.7569,0.7805,1870.9485,2402.3235,230.02,10.444,0.7782
2016-03-05T00:49:59.618Z,1299.3501,1730.2179,229.5542,7.5369,0.751,1368.9916,1719.1222,226.3525,7.5948,0.7971,1947.1134,2454.2256,230.4306,10.6507,0.7922
2016-03-05T00:50:59.997Z,1307.8153,1716.7022,229.2774,7.4869,0.7624,1389.8469,1757.749,227.697,7.7188,0.7909,1909.1633,2428.5511,229.9399,10.5612,0.7851
2016-03-05T00:51:59.664Z,1295.2269,1690.1845,229.6278,7.3608,0.7668,1395.9291,1781.9429,228.8585,7.7856,0.7826,1862.8262,2399.6494,229.9046,10.437,0.7767
2016-03-05T00:52:59.032Z,1181.8556,1589.143,229.6751,6.9188,0.7428,1289.1631,1685.6842,228.9865,7.3615,0.7643,1748.8402,2300.9756,229.968,10.0055,0.7608
2016-03-05T00:53:59.360Z,1154.6137,1568.7924,229.6279,6.832,0.7362,1258.787,1655.5844,228.886,7.2329,0.7607,1727.7113,2280.1791,229.9779,9.9149,0.7592
2016-03-05T00:54:59.700Z,1139.5821,1549.1001,229.8184,6.7401,0.7353,1257.173,1657.671,229.284,7.2297,0.7581,1706.9448,2265.7726,229.6481,9.8663,0.7536
2016-03-05T00:55:59.151Z,1151.4699,1554.0456,230.3308,6.7469,0.7403,1263.1232,1674.5358,229.875,7.2843,0.7541,1696.0943,2255.1242,229.3555,9.8325,0.7515
2016-03-05T00:56:59.476Z,1165.0211,1559.7471,230.4144,6.769,0.7467,1254.3493,1671.5111,229.3727,7.287,0.7504,1685.0479,2227.5462,228.47,9.7497,0.758
2016-03-05T00:57:59.765Z,1176.7583,1570.8324,230.5202,6.8142,0.7491,1250.9577,1668.2056,229.1399,7.28,0.7498,1688.1121,2220.6811,228.147,9.7333,0.76
2016-03-05T00:58:59.049Z,1201.6075,1600.9927,232.2397,6.8938,0.7503,1240.6771,1687.3152,229.6812,7.3467,0.7354,1676.4498,2205.6401,228.4089,9.6567,0.76
2016-03-05T00:59:59.579Z,1212.0836,1608.6769,232.4662,6.9198,0.7528,1238.6092,1689.2788,229.4356,7.3623,0.733,1672.0646,2193.1841,227.9379,9.6219,0.7608
2016-03-05T01:00:59.038Z,1210.0558,1602.7191,232.0137,6.9076,0.7548,1245.0511,1690.993,229.4001,7.3715,0.7363,1673.0682,2194.5229,227.7288,9.6363,0.7611
2016-03-05T01:01:59.135Z,1202.6839,1600.7361,232.7078,6.8782,0.7509,1234.5099,1690.5472,229.7726,7.3572,0.7301,1660.6524,2190.0644,228.2784,9.5937,0.759
2016-03-05T01:02:59.540Z,1211.087,1614.7284,232.6104,6.9419,0.7499,1237.7894,1692.1496,229.7546,7.3649,0.7311,1677.0812,2204.788,228.6419,9.6422,0.7607
2016-03-05T01:03:59.146Z,1208.1864,1614.0164,232.0766,6.9549,0.7484,1240.6172,1681.7785,229.3317,7.3333,0.7378,1690.2121,2215.7315,228.892,9.6801,0.763
2016-03-05T01:04:59.609Z,1187.9108,1591.4813,231.9229,6.8618,0.7464,1262.2571,1707.847,230.927,7.3958,0.7396,1681.4332,2238.3903,229.7419,9.7429,0.7504
2016-03-05T01:05:59.201Z,1212.183,1607.1292,231.2866,6.9482,0.7553,1292.3254,1724.8867,230.4071,7.4858,0.7489,1712.4113,2261.7774,229.4485,9.8567,0.7566
2016-03-05T01:06:59.450Z,1216.279,1615.4761,231.2882,6.9843,0.7528,1267.814,1699.0954,229.5373,7.4016,0.7464,1710.2319,2240.3691,228.858,9.7887,0.7626
2016-03-05T01:07:59.743Z,1208.9907,1602.1403,231.1352,6.9316,0.7544,1259.3714,1690.3678,229.3054,7.3711,0.745,1694.8811,2221.0867,228.3254,9.728,0.7617
2016-03-05T01:08:59.029Z,1208.5763,1584.5116,230.4903,6.874,0.762,1277.9667,1708.2219,229.8256,7.4324,0.7485,1681.6809,2212.8793,227.5791,9.7239,0.76
2016-03-05T01:09:59.826Z,1194.4722,1559.4776,229.1515,6.8055,0.7664,1296.1215,1710.7763,229.6781,7.4491,0.7579,1683.8736,2221.1322,227.2698,9.7732,0.7588
2016-03-05T01:10:59.417Z,1186.231,1553.7338,228.9447,6.7865,0.7635,1301.5233,1709.4219,229.9828,7.4327,0.7608,1693.5628,2236.8394,227.5587,9.8293,0.7587
2016-03-05T01:11:59.662Z,1185.1913,1562.556,229.9369,6.7956,0.7581,1291.8208,1712.0506,230.4089,7.4304,0.7541,1688.5349,2236.0927,228.0784,9.8036,0.7551
2016-03-05T01:12:59.066Z,1195.7357,1576.6915,230.6147,6.8371,0.7582,1288.9815,1712.2519,230.1013,7.4412,0.7527,1694.5675,2238.0817,228.1829,9.808,0.7578
2016-03-05T01:13:59.506Z,1189.5196,1592.7966,231.463,6.8814,0.7466,1270.4617,1703.2596,230.5879,7.3861,0.7463,1699.9133,2253.1486,229.8506,9.8023,0.7534
2016-03-05T01:14:59.985Z,1201.3313,1608.1102,232.1341,6.9274,0.7476,1266.5572,1710.9949,230.8803,7.4104,0.7402,1698.1803,2249.5229,230.0952,9.7767,0.7547
2016-03-05T01:15:59.555Z,1202.1885,1610.3608,232.0566,6.9393,0.7464,1265.4333,1710.7047,230.8585,7.4099,0.7401,1698.4792,2249.9878,230.1828,9.7746,0.7551
2016-03-05T01:16:59.746Z,1198.0288,1602.4682,231.5691,6.9192,0.7477,1268.8804,1705.8938,230.6026,7.3974,0.7442,1701.3658,2251.4978,230.0792,9.7858,0.7563
2016-03-05T01:17:59.821Z,1206.7225,1600.1739,230.3764,6.9455,0.7536,1266.1233,1683.316,229.1731,7.3457,0.7518,1713.0175,2237.9561,228.7011,9.7858,0.7662
2016-03-05T01:18:59.064Z,1203.5055,1577.418,230.0344,6.8572,0.7635,1281.2515,1705.6213,230.3499,7.4046,0.751,1686.9,2219.83,227.5916,9.7534,0.7601
2016-03-05T01:19:59.456Z,1203.1977,1574.8604,229.839,6.8517,0.7643,1288.7831,1712.715,230.4686,7.4309,0.7523,1686.8064,2220.9238,227.4049,9.7662,0.7601
2016-03-05T01:20:59.717Z,1184.4501,1560.0834,229.2641,6.8046,0.7589,1288.5531,1700.1969,230.4457,7.3778,0.7578,1695.5118,2236.4564,227.8867,9.8139,0.7586
2016-03-05T01:21:59.613Z,1192.119,1566.5213,229.0888,6.8378,0.7612,1290.8661,1695.3082,229.8575,7.3756,0.7615,1707.2037,2241.8299,227.7949,9.8412,0.7602
2016-03-05T01:22:59.962Z,1185.121,1562.1593,229.5384,6.805,0.7591,1289.5693,1698.8803,229.9841,7.387,0.7593,1700.6992,2242.2874,228.2766,9.8229,0.7593
2016-03-05T01:23:59.349Z,1182.6812,1570.4027,230.0897,6.8247,0.7535,1297.628,1713.1408,230.7569,7.4239,0.7578,1708.1909,2266.1645,229.5518,9.872,0.753
2016-03-05T01:24:59.884Z,1188.7997,1572.827,230.445,6.8251,0.7554,1287.7067,1710.7576,230.623,7.4177,0.7526,1693.3082,2241.151,228.7863,9.7944,0.7542
2016-03-05T01:25:59.808Z,1236.3296,1602.6348,231.1268,6.9338,0.7711,1282.1679,1728.0539,230.3971,7.5,0.7413,1673.7631,2190.8221,226.7299,9.6627,0.7636
2016-03-05T01:26:59.068Z,1228.9913,1598.07,231.0832,6.9151,0.7693,1270.0533,1711.6308,230.0803,7.439,0.7425,1674.1098,2187.0656,226.696,9.6474,0.7647
2016-03-05T01:27:59.576Z,1246.2584,1606.7995,230.2718,6.9776,0.7755,1273.4352,1700.8209,228.7335,7.4356,0.7495,1687.6512,2178.1582,225.582,9.6557,0.7749
2016-03-05T01:29:59.377Z,1252.6769,1618.8784,231.2183,7.0011,0.7734,1258.807,1697.9149,228.7834,7.4217,0.7416,1679.2673,2165.3569,225.4574,9.6041,0.7763
2016-03-05T01:30:59.770Z,402.7286,566.8468,233.0388,2.4458,0.2845,396.2216,582.9796,230.1231,2.5462,0.2647,596.3421,763.6738,227.6509,3.3801,0.8037
2016-03-05T01:31:59.062Z,365.8553,594.9637,232.4935,2.5684,0.3084,389.4065,669.7222,230.0948,2.9221,0.2925,461.1393,711.5303,227.7099,3.1339,0.7292
2016-03-05T01:32:59.248Z,3.5257,72.8956,233.0399,0.3126,0.0471,3.241,63.8273,230.5169,0.2765,0.0503,203.0659,242.5988,227.9612,1.0656,0.8216
2016-03-05T01:33:59.466Z,847.0296,1115.951,231.2101,4.8454,0.5428,892.468,1210.0767,230.4351,5.2574,0.5237,1332.4082,1740.6251,226.6903,7.6864,0.7962
2016-03-05T01:34:59.632Z,1286.9112,1632.0678,229.1046,7.1236,0.7887,1377.601,1807.487,230.6576,7.8358,0.7629,1735.2901,2266.0124,226.6407,9.9984,0.766
2016-03-05T01:35:59.354Z,1360.7869,1712.1402,229.596,7.4566,0.7948,1448.9431,1870.579,230.784,8.1056,0.7758,1828.0757,2353.2391,227.4469,10.3459,0.7765
2016-03-05T01:36:59.655Z,1237.9737,1601.8652,229.3544,6.9836,0.7727,1325.8817,1750.2559,230.5077,7.593,0.7572,1714.0748,2246.1234,227.2971,9.8814,0.7629
2016-03-05T01:37:59.931Z,1243.7146,1598.4143,228.5554,6.9936,0.7782,1314.2903,1730.7132,229.2219,7.5508,0.7593,1707.7657,2220.2766,226.3564,9.8082,0.7692
2016-03-05T01:38:59.243Z,1232.3823,1592.8378,227.9762,6.9865,0.7734,1315.7794,1721.714,228.9459,7.5202,0.7641,1718.6917,2236.5041,226.9107,9.8561,0.7697
2016-03-05T01:39:59.721Z,1200.7207,1562.0078,227.6905,6.8601,0.7692,1279.9408,1688.7063,228.6929,7.3837,0.7575,1682.109,2199.5627,226.8997,9.6947,0.7646
2016-03-05T01:40:59.172Z,1146.9652,1532.8712,226.9956,6.7528,0.7481,1281.5673,1662.6564,228.3843,7.2793,0.7705,1710.8674,2264.6619,230.1225,9.8403,0.7558
2016-03-05T01:41:59.301Z,1117.115,1510.194,226.9304,6.6548,0.7399,1266.0646,1643.5534,228.5889,7.1898,0.7706,1699.1214,2264.1911,230.73,9.813,0.7506
2016-03-05T01:42:59.692Z,1133.3253,1515.2157,226.5596,6.6878,0.7479,1285.617,1657.2374,228.1526,7.2639,0.7753,1710.5967,2266.7322,230.0587,9.853,0.7544
2016-03-05T01:43:59.261Z,1141.0928,1530.8594,227.5462,6.7279,0.7456,1280.3619,1667.9939,229.0839,7.2809,0.7687,1703.486,2263.5664,230.4918,9.8206,0.7518
2016-03-05T01:44:59.576Z,1139.7293,1539.3893,227.7884,6.7577,0.7402,1274.92,1656.9799,228.6334,7.2472,0.7694,1717.9323,2275.499,230.9691,9.8511,0.7542
2016-03-05T01:45:59.649Z,1159.7113,1548.0848,227.5502,6.8036,0.7494,1284.0678,1663.3371,227.8624,7.2988,0.7723,1726.3851,2271.7691,230.3146,9.8636,0.7594
2016-03-05T01:46:59.259Z,1144.24,1555.1831,227.4909,6.8361,0.7357,1244.5725,1600.5273,225.556,7.096,0.7784,1756.278,2277.3184,230.3933,9.8842,0.7708
2016-03-05T01:47:59.771Z,1172.8712,1549.2626,227.6557,6.8049,0.7571,1294.8722,1685.7048,228.5153,7.3762,0.7688,1708.0122,2251.4623,229.7027,9.8012,0.7602
2016-03-05T01:48:59.413Z,1185.4257,1570.2845,228.7266,6.8653,0.7547,1266.1624,1666.1979,227.8745,7.3122,0.7602,1704.3563,2228.4143,229.1182,9.7256,0.7648
2016-03-05T01:49:59.698Z,1186.8391,1569.4081,228.1574,6.8786,0.756,1279.046,1663.7417,227.277,7.3201,0.7686,1727.0678,2247.3886,229.0462,9.8122,0.7687
2016-03-05T01:50:59.271Z,1185.1976,1572.2579,228.2826,6.8879,0.754,1267.6493,1650.9182,226.9406,7.2746,0.7681,1729.7919,2244.6026,229.0611,9.7991,0.7703
2016-03-05T01:51:59.513Z,1174.7691,1548.3171,227.2083,6.8142,0.7586,1303.1593,1678.2884,227.7712,7.3682,0.776,1729.4998,2265.1021,229.3553,9.876,0.7631
2016-03-05T01:52:59.183Z,1161.9885,1528.6779,226.5558,6.7476,0.7601,1318.0004,1689.7638,228.4194,7.3976,0.7794,1719.4491,2268.5792,229.5013,9.8851,0.7576
2016-03-05T01:53:59.743Z,1147.3207,1517.0237,226.467,6.6979,0.7564,1340.318,1713.8569,230.1113,7.4479,0.7821,1726.715,2304.6783,230.6439,9.9927,0.7503
2016-03-05T01:54:59.997Z,1141.2242,1512.7528,226.229,6.6867,0.7541,1341.3287,1712.2338,230.2888,7.4351,0.7833,1726.6431,2308.5194,230.7666,10.0039,0.7487
2016-03-05T01:55:59.428Z,1145.9109,1517.8473,226.5924,6.6988,0.755,1344.1223,1720.233,230.5594,7.4612,0.7807,1728.1556,2314.1827,231.0958,10.014,0.7482
2016-03-05T01:56:59.328Z,1161.9592,1534.1824,226.9643,6.7594,0.7572,1331.2688,1708.7178,229.6975,7.4388,0.7789,1731.301,2296.2878,230.3955,9.9663,0.7542
2016-03-05T01:57:59.547Z,1170.8921,1540.7384,227.1858,6.7818,0.7602,1330.337,1710.8588,229.4994,7.4546,0.7779,1728.1881,2285.0017,229.8992,9.9393,0.7574
2016-03-05T01:58:59.685Z,1183.1121,1544.4662,227.449,6.7901,0.766,1339.4818,1732.2719,230.2361,7.5234,0.7729,1712.6701,2272.9759,229.4412,9.9068,0.7524
2016-03-05T01:59:59.076Z,1177.5697,1542.3016,226.922,6.7961,0.764,1333.0242,1716.1647,229.594,7.4745,0.7773,1721.8552,2276.8945,229.6378,9.9149,0.7568
