2016-01-05T00:00:59.294Z,75.6218,306.1246,232.9171,1.323,0.092,88.612,292.6139,232.0012,1.2715,0.1106,198.371,375.8626,233.8648,1.6167,0.6482
2016-01-05T00:01:59.070Z,434.5261,1070.6972,229.832,4.6578,0.4054,485.3027,1126.1604,228.4611,4.929,0.4309,554.8564,1264.5317,230.9372,5.4751,0.4388
2016-01-05T00:02:59.289Z,487.5133,1090.1728,229.1182,4.7578,0.4476,525.0373,1133.8326,227.6494,4.9807,0.4627,607.0979,1267.8769,229.9069,5.5138,0.479
2016-01-05T00:03:59.994Z,162.2587,408.1876,228.9198,1.7838,0.1591,173.4292,397.7425,227.7458,1.7489,0.1805,294.7458,498.5325,231.188,2.1611,0.6662
2016-01-05T00:04:59.813Z,147.3991,328.6099,229.8241,1.4365,0.1352,155.9349,323.677,229.236,1.4156,0.1415,580.9253,766.9943,230.5607,3.339,0.7913
2016-01-05T00:05:59.035Z,1064.0409,1481.7681,228.0749,6.4958,0.7178,1105.2546,1542.8134,228.1364,6.7622,0.716,1584.3714,2113.2448,229.23,9.2183,0.7493
2016-01-05T00:06:59.365Z,1093.2866,1514.5006,228.4813,6.6276,0.7219,1115.2416,1558.9062,228.0317,6.836,0.7153,1602.4426,2120.1948,229.1807,9.2504,0.7553
2016-01-05T00:07:59.699Z,1072.0959,1498.9872,229.0686,6.5433,0.7146,1085.2043,1540.8609,228.2558,6.7501,0.7038,1565.6797,2083.5548,229.0113,9.0978,0.7519
2016-01-05T00:08:59.178Z,1046.2721,1471.2453,229.1343,6.4209,0.7117,1082.7582,1535.4713,228.6757,6.7143,0.7052,1551.6491,2081.5143,229.1442,9.0829,0.7455
2016-01-05T00:09:59.663Z,1028.051,1459.0781,229.4162,6.3598,0.7043,1047.0479,1507.3619,228.2483,6.6041,0.6944,1523.9312,2047.6543,228.9376,8.9433,0.7432
2016-01-05T00:10:59.413Z,1042.4365,1472.7655,229.163,6.4257,0.7079,1074.256,1523.0055,228.2731,6.671,0.7055,1557.3144,2082.2362,229.2153,9.0838,0.749
2016-01-05T00:11:59.799Z,1068.8841,1500.8303,229.3169,6.5441,0.712,1083.102,1523.7114,227.5069,6.6971,0.7109,1588.4372,2096.6048,228.8834,9.16,0.7573
2016-01-05T00:12:59.087Z,1035.7192,1481.6107,229.005,6.469,0.6995,1026.6661,1460.8684,226.2687,6.4558,0.7027,1566.643,2057.4867,228.355,9.0097,0.7612
2016-01-05T00:13:59.610Z,998.9476,1456.2082,228.0866,6.3833,0.6857,998.7359,1416.9448,225.3567,6.2871,0.7047,1563.3444,2052.0722,228.7476,8.9701,0.7612
2016-01-05T00:14:59.009Z,1045.681,1489.5164,229.4289,6.4922,0.7022,1041.917,1479.4849,226.3791,6.5347,0.7043,1575.3727,2073.2167,229.1452,9.0473,0.7599
2016-01-05T00:15:59.341Z,1077.3892,1521.4364,229.3201,6.6349,0.7086,1073.3363,1498.3236,225.8733,6.6328,0.7167,1621.2373,2110.6439,229.2287,9.2074,0.7688
2016-01-05T00:16:59.867Z,1061.1232,1515.1408,230.0381,6.5862,0.7002,1036.7922,1476.72,226.0473,6.5324,0.7019,1588.1721,2075.5567,229.0854,9.0593,0.7656
2016-01-05T00:17:59.896Z,1026.6928,1474.0069,229.6571,6.4182,0.6963,1018.6073,1470.3807,226.9512,6.4793,0.6927,1543.3588,2046.0204,229.0706,8.9317,0.7536
2016-01-05T00:18:59.098Z,1058.0348,1493.8649,230.014,6.4944,0.708,1056.0337,1511.1744,227.4174,6.6446,0.6988,1558.5062,2065.996,229.0797,9.0179,0.7543
2016-01-05T00:19:59.538Z,1101.5429,1530.4801,230.2373,6.6467,0.7197,1101.9214,1551.8167,227.3926,6.8239,0.7097,1599.6759,2103.625,229.0924,9.1817,0.7604
2016-01-05T00:20:59.905Z,1084.5927,1498.4463,230.1942,6.5093,0.7242,1105.4988,1564.075,227.9879,6.8592,0.7068,1561.6706,2076.2249,228.3009,9.0938,0.7522
2016-01-05T00:21:59.247Z,1034.0282,1451.7498,229.8659,6.315,0.7125,1066.9428,1526.6932,228.107,6.6924,0.6992,1521.5064,2044.3382,228.175,8.9587,0.7445
2016-01-05T00:22:59.643Z,1052.5502,1475.1144,229.4451,6.4284,0.7134,1082.3192,1527.6166,227.7207,6.7077,0.7089,1557.6086,2074.371,228.7186,9.0687,0.7509
2016-01-05T00:23:59.023Z,1107.7738,1510.7209,228.8628,6.6008,0.733,1136.0331,1578.0736,228.0819,6.9185,0.7198,1593.2637,2100.6745,227.9815,9.2137,0.7592
2016-01-05T00:24:59.357Z,1089.7848,1508.2176,229.2672,6.5777,0.7226,1125.6269,1574.9616,228.6653,6.8871,0.7147,1591.2714,2116.041,229.4399,9.2217,0.7519
2016-01-05T00:25:59.069Z,1042.9237,1464.5739,229.0701,6.393,0.712,1082.6349,1541.2475,229.0261,6.7287,0.7022,1534.2121,2066.2774,229.2704,9.0119,0.7419
2016-01-05T00:26:59.337Z,1073.3891,1488.4791,229.2677,6.4918,0.7209,1086.1174,1551.8586,228.6249,6.7876,0.6998,1542.9697,2059.2602,229.0319,8.9909,0.7492
2016-01-05T00:27:59.741Z,1119.2791,1530.0487,229.3629,6.67,0.7311,1133.8327,1585.668,228.4028,6.9423,0.7156,1594.1578,2103.6282,228.6896,9.198,0.759
2016-01-05T00:28:59.066Z,1120.7543,1533.43,229.2545,6.6873,0.7303,1123.6544,1575.2519,227.964,6.91,0.7135,1598.2163,2099.3874,228.7053,9.179,0.7603
2016-01-05T00:29:59.065Z,1068.4506,1485.459,229.6218,6.4691,0.7189,1083.491,1550.8883,228.4836,6.7871,0.6991,1536.2761,2053.0304,228.7721,8.974,0.748
2016-01-05T00:30:59.653Z,1062.1205,1472.2576,229.474,6.4153,0.7218,1106.9351,1568.7579,228.8966,6.8529,0.7055,1539.8943,2073.6488,228.9859,9.0557,0.7425
2016-01-05T00:31:59.927Z,1108.5823,1527.3246,229.7629,6.6469,0.7256,1143.672,1595.5484,228.6844,6.9769,0.7171,1606.7582,2130.0243,229.696,9.2734,0.7548
2016-01-05T00:32:59.823Z,1113.4571,1528.6315,229.5593,6.659,0.7283,1147.4406,1594.6213,228.442,6.9804,0.7199,1611.4492,2128.2398,229.1487,9.2869,0.7575
2016-01-05T00:33:59.076Z,1068.9483,1484.1794,229.8385,6.4572,0.7203,1097.5736,1554.2307,227.9314,6.818,0.7059,1552.1416,2070.9303,228.4762,9.0637,0.7495
2016-01-05T00:34:59.412Z,1045.6674,1484.9463,229.4332,6.4714,0.7043,1085.7971,1519.3249,227.3181,6.682,0.7155,1590.5027,2109.8099,229.9098,9.1756,0.753
2016-01-05T00:35:59.977Z,1087.2679,1527.3526,229.4939,6.6547,0.7117,1128.3581,1545.2642,226.6354,6.8168,0.73,1649.431,2165.3568,230.3219,9.4,0.7622
2016-01-05T00:36:59.284Z,1108.2759,1530.6834,229.576,6.6666,0.7239,1153.4541,1594.2063,228.5902,6.9731,0.7237,1626.5406,2153.8127,229.9081,9.3676,0.7552
2016-01-05T00:37:59.820Z,1071.6987,1516.4529,229.7374,6.6005,0.7065,1090.1744,1536.6803,228.0181,6.7384,0.7091,1594.0219,2109.9631,230.1924,9.1652,0.7553
2016-01-05T00:38:59.082Z,1052.113,1509.3858,229.7227,6.5694,0.6975,1067.7431,1504.6624,227.3492,6.618,0.7094,1599.8897,2116.783,230.8058,9.1702,0.756
2016-01-05T00:39:59.473Z,1053.509,1523.131,229.6867,6.6308,0.6912,1049.4781,1479.2763,226.608,6.5279,0.709,1616.7192,2118.8577,230.9721,9.1733,0.7628
2016-01-05T00:40:59.841Z,1026.004,1499.0199,229.8777,6.5213,0.6843,1025.0476,1460.6589,226.5404,6.4479,0.7012,1588.4448,2097.5301,230.989,9.0802,0.7574
2016-01-05T00:41:59.120Z,1032.7955,1496.229,229.7191,6.513,0.6904,1053.1819,1479.4163,226.6363,6.527,0.7117,1606.2944,2118.3576,230.6229,9.1848,0.7582
2016-01-05T00:42:59.370Z,1038.6289,1502.7351,229.4356,6.5493,0.691,1056.3508,1472.7639,226.2782,6.5083,0.7179,1621.8396,2126.9254,230.391,9.2312,0.7618
2016-01-05T00:43:59.569Z,1032.8093,1506.5926,229.8153,6.5551,0.6859,1013.7649,1437.6179,225.1794,6.3841,0.7048,1603.9014,2087.9273,229.9272,9.08,0.7671
2016-01-05T00:44:59.770Z,1033.2874,1500.5712,229.8296,6.5281,0.6886,1048.4,1469.8029,226.047,6.5014,0.7137,1615.0353,2123.8361,230.8607,9.1992,0.7604
2016-01-05T00:45:59.982Z,1027.7104,1477.5528,229.2863,6.4433,0.6956,1078.6649,1501.072,227.3201,6.6027,0.7185,1599.8689,2126.1046,230.5287,9.2215,0.7515
2016-01-05T00:46:59.338Z,1032.7815,1479.2913,229.1871,6.4542,0.6982,1068.477,1495.4751,227.5111,6.573,0.7139,1594.4501,2113.9609,229.9591,9.1918,0.7538
2016-01-05T00:47:59.827Z,1041.1764,1479.1902,229.3797,6.4483,0.7037,1073.7247,1506.323,227.7131,6.6149,0.7126,1583.7444,2104.1221,229.4493,9.1696,0.7514
2016-01-05T00:48:59.106Z,1055.2052,1482.3591,229.6183,6.4548,0.7122,1073.9889,1520.4839,228.2312,6.6618,0.707,1566.5313,2078.6142,228.1538,9.1092,0.753
2016-01-05T00:49:59.431Z,1066.6189,1486.2072,229.679,6.47,0.7176,1072.5093,1527.4547,228.3202,6.6891,0.7027,1560.6169,2065.1778,227.6489,9.0707,0.7556
2016-01-05T00:50:59.897Z,129.1824,287.7103,230.2327,1.253,0.1153,128.1724,274.5999,229.2627,1.201,0.1178,284.4373,388.8558,231.8688,1.688,0.7082
2016-01-05T00:51:59.586Z,360.5025,931.5621,229.6278,4.0583,0.3446,419.3045,974.0297,228.539,4.2653,0.3818,509.2773,1167.1899,231.3319,5.0478,0.4664
2016-01-05T00:52:59.732Z,458.5674,1079.6321,229.2783,4.7088,0.4246,512.8502,1113.8253,227.6761,4.8917,0.4607,601.6824,1275.2171,230.75,5.526,0.4721
2016-01-05T00:53:59.011Z,466.3642,972.8357,228.9831,4.2517,0.4216,501.5225,990.6291,227.8208,4.3509,0.4388,595.8196,1133.6003,230.0526,4.929,0.5531
2016-01-05T00:54:59.257Z,3.8041,123.9617,230.7968,0.536,0.0304,5.3927,107.0512,229.5921,0.4663,0.0486,182.7364,240.7531,231.4652,1.041,0.7278
2016-01-05T00:55:59.470Z,613.5467,928.758,230.3804,4.042,0.4288,652.781,997.3413,229.2758,4.3588,0.4396,1156.8817,1520.0782,230.327,6.6084,0.7907
2016-01-05T00:56:59.666Z,1115.9962,1546.9304,229.9021,6.7284,0.7214,1130.5853,1570.3858,228.5233,6.8719,0.7204,1641.7631,2162.2586,229.6699,9.4134,0.7593
2016-01-05T00:57:59.011Z,1114.3125,1541.6622,229.9629,6.7034,0.7229,1128.0351,1570.6013,228.4973,6.8734,0.718,1633.8045,2152.4327,229.2908,9.387,0.7594
2016-01-05T00:58:59.487Z,1080.9393,1522.377,230.143,6.614,0.7102,1078.3302,1522.3929,228.1431,6.6727,0.7077,1604.7004,2116.9261,229.3567,9.2291,0.7582
2016-01-05T00:59:59.817Z,1092.5001,1535.9631,230.0222,6.677,0.7109,1093.1029,1534.7263,228.0239,6.7299,0.7126,1625.8267,2137.6882,229.4824,9.3148,0.76
2016-01-05T01:00:59.196Z,1103.6525,1540.5276,230.1497,6.6928,0.7165,1118.484,1565.1738,228.5596,6.8482,0.7144,1625.8491,2149.3835,229.6142,9.3603,0.7563
2016-01-05T01:01:59.540Z,1090.906,1525.8089,229.8747,6.6369,0.715,1098.1799,1541.767,227.5889,6.7739,0.7121,1610.9676,2121.0361,228.9974,9.2616,0.7598
2016-01-05T01:02:59.876Z,1072.7022,1507.2749,229.2717,6.5736,0.7114,1078.6492,1510.7218,226.6712,6.6644,0.7136,1598.5857,2101.5387,228.507,9.1959,0.7601
2016-01-05T01:03:59.189Z,1055.1451,1494.5512,228.3177,6.545,0.706,1068.1464,1482.8536,225.8311,6.5657,0.7202,1611.0359,2113.7124,229.1261,9.2248,0.7614
2016-01-05T01:04:59.561Z,1055.4053,1489.3746,229.2811,6.495,0.7088,1072.586,1508.372,227.2432,6.637,0.7112,1582.5257,2096.7072,228.8694,9.1604,0.7542
2016-01-05T01:05:59.942Z,1055.0433,1485.8473,229.3383,6.4789,0.7097,1073.0561,1515.1927,227.6067,6.6567,0.7079,1572.8544,2092.099,228.764,9.1447,0.7509
2016-01-05T01:06:59.580Z,1046.4776,1485.8646,229.4106,6.4764,0.704,1050.8051,1496.0522,227.4675,6.5772,0.7027,1565.9965,2077.9784,228.9367,9.076,0.7531
2016-01-05T01:07:59.426Z,1073.6338,1501.721,229.3403,6.5474,0.715,1078.6954,1522.3607,227.602,6.6887,0.709,1580.6867,2088.702,228.6619,9.1342,0.7572
2016-01-05T01:08:59.917Z,1071.4354,1505.9366,229.2729,6.5676,0.7114,1049.5302,1498.4249,227.0948,6.5978,0.7006,1571.9902,2068.0523,228.4141,9.0529,0.7603
2016-01-05T01:09:59.218Z,1093.819,1519.2452,229.3848,6.6227,0.7197,1070.6949,1525.1339,227.8985,6.6916,0.7018,1575.6628,2068.9807,227.6864,9.0864,0.7615
2016-01-05T01:10:59.466Z,1084.2131,1508.4254,229.5138,6.5718,0.7192,1071.0061,1527.4604,228.2778,6.6909,0.7011,1567.0223,2070.3883,227.9973,9.0809,0.7576
2016-01-05T01:11:59.134Z,1097.2145,1518.7955,229.1278,6.6284,0.7226,1074.1116,1518.4328,227.2531,6.6815,0.7075,1586.0013,2074.1292,227.5639,9.1138,0.7653
2016-01-05T01:12:59.608Z,1095.1413,1513.5448,228.9979,6.6094,0.7227,1074.9792,1517.025,227.1356,6.679,0.7089,1581.5287,2068.9793,227.4323,9.0968,0.7648
2016-01-05T01:13:59.791Z,1082.5871,1506.1079,227.8366,6.61,0.719,1081.2733,1498.9688,226.4602,6.6183,0.7217,1608.7064,2096.0659,227.8889,9.1973,0.7681
2016-01-05T01:14:59.513Z,1094.6682,1529.2728,229.3183,6.6681,0.7156,1069.0016,1510.1483,227.1821,6.6471,0.7074,1601.7871,2092.4452,228.5276,9.1556,0.7646
2016-01-05T01:15:59.886Z,1077.9007,1534.1408,229.5864,6.6819,0.7026,1058.859,1479.501,225.927,6.5474,0.7153,1635.2879,2120.526,229.0869,9.2557,0.7711
2016-01-05T01:16:59.798Z,1078.5747,1515.8723,229.3193,6.6094,0.7121,1088.363,1518.5724,227.4238,6.6766,0.7172,1612.6923,2117.268,228.8339,9.2513,0.7604
2016-01-05T01:17:59.071Z,1079.4149,1495.9156,229.1374,6.5277,0.7219,1106.9287,1547.1663,228.4606,6.7718,0.7156,1584.7177,2102.953,228.4716,9.2035,0.7526
2016-01-05T01:18:59.379Z,1087.6646,1503.759,228.8609,6.5703,0.7233,1108.5657,1546.5726,228.3366,6.7726,0.717,1594.6899,2106.2044,228.3201,9.2244,0.7582
2016-01-05T01:19:59.666Z,1068.0936,1491.7962,229.1966,6.5089,0.7154,1086.3793,1533.0143,228.6962,6.7026,0.7084,1572.2746,2089.4827,228.642,9.1381,0.7521
2016-01-05T01:20:59.823Z,1080.0329,1488.9324,228.9728,6.5019,0.7256,1117.0916,1562.2781,228.8293,6.8266,0.7148,1574.7968,2096.9674,228.3579,9.1823,0.7504
2016-01-05T01:21:59.602Z,1085.799,1497.7258,229.0787,6.5372,0.7252,1123.4464,1564.4263,228.5638,6.8444,0.7188,1590.3169,2112.8019,228.6519,9.2401,0.7522
2016-01-05T01:22:59.889Z,1066.3852,1486.9626,229.1028,6.49,0.7178,1093.5318,1536.4726,228.5746,6.7212,0.7119,1575.0162,2091.6881,228.5528,9.1512,0.7528
2016-01-05T01:23:59.528Z,1065.1224,1479.5717,228.8182,6.4663,0.72,1097.65,1536.0131,228.6184,6.7179,0.7142,1571.8711,2087.4546,228.0471,9.153,0.7521
2016-01-05T01:24:59.003Z,1061.2597,1494.4851,229.6349,6.5072,0.7103,1083.7216,1530.0416,228.7253,6.6891,0.7087,1576.5957,2099.2079,229.2506,9.1563,0.7509
2016-01-05T01:25:59.408Z,1060.5422,1508.4022,229.9624,6.5588,0.7029,1072.6693,1517.6536,228.701,6.6353,0.7071,1593.7584,2114.6257,229.8517,9.1998,0.7536
2016-01-05T01:26:59.843Z,1069.9393,1517.9549,229.774,6.6054,0.7044,1063.7978,1505.9371,227.7113,6.613,0.7062,1598.3806,2105.9307,229.7776,9.1644,0.7599
2016-01-05T01:27:59.115Z,1074.3596,1517.9861,229.7384,6.6073,0.7081,1067.1093,1513.092,227.7371,6.6431,0.7047,1592.7564,2099.8382,229.6471,9.1436,0.7589
2016-01-05T01:28:59.500Z,1067.8973,1512.582,229.4654,6.5914,0.7061,1069.6938,1508.9947,227.738,6.6253,0.7086,1600.3703,2111.2723,230.0086,9.1786,0.759
2016-01-05T01:29:59.485Z,1073.131,1513.7385,229.6066,6.5924,0.7092,1080.6553,1518.7607,227.5931,6.6726,0.7113,1604.0635,2113.7628,229.8888,9.1948,0.7597
2016-01-05T01:30:59.655Z,1094.3373,1522.0331,229.3319,6.6368,0.7194,1126.1096,1553.4691,227.6518,6.8236,0.7252,1629.247,2145.4224,229.632,9.3423,0.7591
2016-01-05T01:31:59.962Z,1065.1292,1501.7108,228.9527,6.5583,0.7093,1093.2728,1512.6862,227.1658,6.659,0.7228,1619.3829,2130.1883,229.4368,9.2837,0.76
2016-01-05T01:32:59.327Z,1064.5244,1495.4197,228.6029,6.5412,0.7118,1091.7756,1507.8853,226.9416,6.6444,0.7242,1617.4407,2124.5185,229.1265,9.2719,0.7612
2016-01-05T01:33:59.189Z,1111.646,1538.7356,228.8191,6.7244,0.7222,1118.4482,1530.067,226.2942,6.761,0.7302,1659.1558,2148.2747,228.7134,9.3927,0.7717
2016-01-05T01:34:59.592Z,1087.3116,1515.4608,229.6032,6.5998,0.7177,1104.2866,1540.0094,227.8008,6.7598,0.7164,1613.7183,2123.6378,229.0419,9.2713,0.7593
2016-01-05T01:35:59.948Z,1064.8016,1486.86,229.2252,6.4861,0.7164,1099.2808,1538.687,228.3821,6.7368,0.7144,1586.6946,2108.467,228.8807,9.211,0.7524
2016-01-05T01:36:59.886Z,1068.3289,1489.1654,229.1541,6.4979,0.7177,1084.8231,1520.3812,227.7972,6.6733,0.7132,1586.5928,2096.9823,228.3164,9.184,0.7571
2016-01-05T01:37:59.236Z,1065.0809,1478.5876,229.1524,6.4523,0.7206,1098.1692,1541.8627,228.9318,6.7348,0.7119,1575.311,2095.0076,228.0848,9.1847,0.7526
2016-01-05T01:38:59.403Z,1057.9571,1471.3946,229.0329,6.4237,0.7193,1106.2272,1549.9151,229.4122,6.7548,0.7131,1575.3,2106.0178,228.3181,9.223,0.7487
2016-01-05T01:39:59.789Z,1065.3983,1480.7261,229.4356,6.4534,0.7196,1100.677,1549.5899,229.1922,6.7604,0.7098,1575.4441,2103.1732,228.5629,9.2008,0.7501
2016-01-05T01:40:59.611Z,1056.131,1462.9569,228.7509,6.3946,0.7214,1112.8616,1555.643,229.0828,6.7906,0.7147,1567.4787,2103.196,228.6803,9.1968,0.7452
2016-01-05T01:41:59.887Z,485.1206,738.616,228.7831,3.2404,0.3558,508.6242,766.0471,229.7741,3.3463,0.354,779.5357,1054.1431,230.3614,4.6003,0.7209
2016-01-05T01:42:59.177Z,206.9345,572.6256,229.266,2.4974,0.2171,251.6666,656.1145,229.5456,2.8657,0.2339,316.2861,726.7204,230.5639,3.1583,0.5542
2016-01-05T01:43:59.636Z,451.2989,1057.339,230.3184,4.5901,0.4273,490.9238,1133.1916,227.9764,4.9701,0.4323,545.4671,1239.9726,229.7032,5.3982,0.4396
2016-01-05T01:44:59.005Z,523.1536,1101.9098,230.6391,4.7777,0.4741,571.7448,1182.3435,228.4027,5.1762,0.4835,627.2493,1300.1028,230.3458,5.6436,0.4817
2016-01-05T01:45:59.289Z,45.0723,196.0282,231.1876,0.849,0.0727,41.6892,173.8298,230.8782,0.7551,0.0687,161.4822,248.7423,232.0224,1.0748,0.6946
2016-01-05T01:46:59.546Z,406.4704,686.3102,230.2328,2.989,0.2992,425.8976,691.2814,230.4481,3.0077,0.3047,907.7664,1184.602,230.4406,5.1528,0.797
2016-01-05T01:47:59.814Z,1107.885,1520.078,229.1236,6.6336,0.7283,1169.0103,1605.0796,229.3042,6.9996,0.728,1633.4201,2168.9316,229.3209,9.4577,0.752
2016-01-05T01:48:59.220Z,1131.714,1537.7535,228.9097,6.7172,0.7363,1204.546,1636.0799,229.4104,7.1311,0.7363,1655.4503,2192.3444,229.3497,9.5583,0.7556
2016-01-05T01:49:59.569Z,1101.9117,1521.4391,229.3322,6.6341,0.7236,1160.9721,1590.7661,228.7772,6.9529,0.7297,1637.3394,2169.2953,229.7392,9.4414,0.7548
2016-01-05T01:50:59.760Z,1067.0401,1494.1659,229.5791,6.5078,0.7141,1119.7994,1561.7862,228.944,6.8212,0.7169,1595.536,2129.7999,229.8967,9.2637,0.7488
2016-01-05T01:51:59.102Z,1056.4643,1487.0972,229.0444,6.492,0.7108,1089.5322,1521.2808,227.3718,6.6902,0.7163,1594.0248,2111.0396,229.7839,9.1864,0.7558
2016-01-05T01:52:59.603Z,1049.7472,1484.2431,229.0991,6.4787,0.7069,1077.2924,1507.7486,227.2161,6.6348,0.7149,1588.6052,2102.9996,229.6837,9.1552,0.7552
2016-01-05T01:53:59.862Z,1058.4286,1473.3361,228.661,6.4429,0.7183,1106.0797,1535.1892,227.759,6.7402,0.7202,1583.4138,2101.5032,228.8084,9.1841,0.7532
2016-01-05T01:54:59.533Z,1045.5536,1481.5288,229.581,6.4522,0.7054,1089.152,1525.7042,228.1363,6.6879,0.7135,1582.1911,2112.0564,229.8742,9.1873,0.7493
2016-01-05T01:55:59.784Z,1056.1321,1501.4634,230.123,6.5241,0.7031,1095.9414,1544.3174,228.742,6.7509,0.7098,1593.7674,2131.1108,230.9848,9.226,0.749
2016-01-05T01:56:59.117Z,1057.2787,1500.7461,229.9401,6.5259,0.7049,1089.5932,1542.9586,229.1725,6.7332,0.7058,1587.0541,2122.905,230.7782,9.1988,0.7476
2016-01-05T01:57:59.695Z,1060.8611,1515.6757,230.3111,6.5808,0.7001,1092.4693,1534.3267,228.6153,6.7114,0.7124,1612.7304,2144.8626,231.0495,9.2823,0.7508
2016-01-05T01:58:59.059Z,1060.0388,1523.5143,230.2368,6.6166,0.6959,1085.6589,1521.0939,228.0327,6.6695,0.7142,1628.1118,2152.7301,231.3282,9.3052,0.7557
2016-01-05T01:59:59.317Z,1056.843,1536.7732,230.5706,6.6648,0.688,1076.8596,1494.7707,226.5779,6.5964,0.7204,1657.1017,2170.3561,231.6031,9.3702,0.7632
