2016-03-13T00:00:59.600Z,5.4404,69.8454,230.5959,0.303,0.0791,3.0062,61.3748,230.9311,0.2658,0.0487,2.219,61.9931,231.4678,0.2677,0.0363
2016-03-13T00:01:59.885Z,5.8629,72.5693,230.1489,0.3152,0.0821,2.4491,61.3196,230.4098,0.2658,0.0403,2.1439,60.8572,230.809,0.2639,0.035
2016-03-13T00:02:59.971Z,5.2656,71.4664,230.4785,0.3098,0.0745,3.0074,63.2448,230.959,0.2741,0.0467,2.2164,62.5102,231.2446,0.2708,0.0351
2016-03-13T00:03:59.331Z,4.2414,70.3117,229.4219,0.3069,0.06,2.096,63.5451,230.7002,0.2754,0.0338,2.0604,61.9693,230.3864,0.2688,0.0334
2016-03-13T00:04:59.143Z,4.4728,70.6343,229.4102,0.3079,0.0642,3.002,62.2486,230.3877,0.2703,0.0478,2.4026,61.5891,230.3751,0.267,0.0404
2016-03-13T00:05:59.589Z,4.8932,70.9336,228.989,0.3093,0.0713,2.471,62.871,229.8593,0.2736,0.0387,2.2517,62.6605,230.3984,0.2721,0.0352
2016-03-13T00:07:59.254Z,4.6668,70.2229,227.9594,0.308,0.068,2.7128,62.9485,230.2148,0.2736,0.0439,2.2056,62.9213,229.7979,0.2735,0.0351
2016-03-13T00:08:59.610Z,4.6275,70.2648,228.7741,0.3074,0.0686,2.9368,61.9014,229.7532,0.2692,0.0487,2.2836,63.4149,230.5689,0.2757,0.0363
2016-03-13T00:09:59.911Z,4.9562,69.7392,228.9899,0.3047,0.0725,2.5255,62.1177,227.576,0.2727,0.0392,2.0047,62.6604,230.7201,0.2714,0.0304
2016-03-13T00:10:59.158Z,4.6599,70.8653,228.9533,0.31,0.066,2.9263,62.0032,229.9249,0.27,0.0511,2.177,62.6244,230.0807,0.2722,0.0342
2016-03-13T00:11:59.441Z,3.5826,69.9221,229.2026,0.3054,0.0514,2.768,60.7847,231.0476,0.2634,0.0465,1.911,62.7093,230.3866,0.2718,0.0304
2016-03-13T00:12:59.030Z,4.3377,70.8287,231.0569,0.3064,0.061,2.7754,62.3614,231.271,0.2699,0.0452,2.0488,63.367,230.9454,0.2742,0.0316
2016-03-13T00:13:59.215Z,4.2778,72.2264,231.4623,0.3116,0.0583,2.6163,62.5825,231.1835,0.2709,0.0434,2.3486,63.7824,231.3049,0.276,0.0384
2016-03-13T00:14:59.606Z,5.6766,71.2803,231.5037,0.3076,0.0814,2.7944,63.2201,231.0255,0.2735,0.0452,2.4709,63.2575,231.6908,0.2733,0.0373
2016-03-13T00:15:59.975Z,4.8093,72.6538,231.0262,0.3146,0.067,3.3141,62.9387,230.5915,0.2729,0.0505,2.1258,64.0454,231.465,0.277,0.034
2016-03-13T00:16:59.325Z,4.4385,71.2429,231.2581,0.3087,0.0634,2.7507,65.0588,231.0549,0.2816,0.042,1.9374,63.1606,231.5983,0.2726,0.0304
2016-03-13T00:17:59.633Z,4.5924,72.1478,230.9765,0.3122,0.0664,2.6143,64.0018,230.784,0.2775,0.0401,2.2604,62.4315,231.8533,0.2691,0.036
2016-03-13T00:18:59.855Z,4.9585,72.1708,231.1033,0.3124,0.0702,3.0419,62.0633,230.5245,0.2689,0.0511,2.7656,63.738,231.7471,0.2752,0.0456
2016-03-13T00:19:59.322Z,4.0316,70.7609,231.2139,0.3061,0.0567,2.721,60.9819,230.9318,0.2639,0.0447,2.0384,60.5751,231.8753,0.2608,0.0357
2016-03-13T00:20:59.718Z,4.0585,71.1961,231.2888,0.3079,0.0577,3.0824,62.8697,231.4552,0.2725,0.0503,2.5221,62.587,231.9239,0.2693,0.0412
2016-03-13T00:21:59.170Z,4.7137,71.4543,231.5731,0.3077,0.068,2.5022,62.6297,230.7867,0.272,0.0413,2.2534,62.7764,232.0601,0.2707,0.0379
2016-03-13T00:22:59.661Z,5.2946,71.6714,232.2049,0.3081,0.0759,2.8912,64.638,231.5821,0.2788,0.0453,1.7357,62.7295,232.9101,0.2696,0.0287
2016-03-13T00:23:59.066Z,5.3393,72.1404,231.3357,0.312,0.0748,2.633,64.1489,230.9115,0.2778,0.0418,2.0373,62.5995,232.3554,0.2696,0.0315
2016-03-13T00:24:59.417Z,3.8135,71.3825,230.9926,0.3087,0.0538,2.8741,63.9187,230.2796,0.2782,0.046,2.428,62.3562,231.6103,0.269,0.0402
2016-03-13T00:25:59.552Z,4.6277,71.8632,231.2212,0.3109,0.0665,2.5535,62.4846,228.2841,0.2737,0.0441,1.8797,61.9567,231.786,0.2676,0.0315
2016-03-13T00:26:59.778Z,5.3989,71.2076,231.2776,0.3079,0.0771,2.6564,62.6856,227.946,0.2753,0.0436,2.1192,63.1189,232.6125,0.2716,0.0331
2016-03-13T00:27:59.095Z,5.4391,71.2891,231.0947,0.3088,0.0772,2.7516,63.3821,230.7454,0.2746,0.044,2.3147,62.9424,232.287,0.2706,0.0379
2016-03-13T00:28:59.337Z,5.0141,71.0072,231.1621,0.3068,0.0709,2.6554,63.2679,230.916,0.2739,0.0434,2.3522,62.5263,231.8816,0.2699,0.0376
2016-03-13T00:29:59.928Z,4.449,71.8735,230.8636,0.3114,0.0622,2.8009,61.4771,230.7152,0.2665,0.0452,2.0877,61.9982,231.818,0.2676,0.0344
2016-03-13T00:30:59.538Z,5.0797,71.3086,231.1555,0.3081,0.0725,2.7186,64.404,230.8029,0.2795,0.0422,2.1603,62.2103,231.6955,0.2687,0.0344
2016-03-13T00:31:59.270Z,4.9176,71.5772,231.1807,0.3091,0.0697,3.0363,63.8281,230.9809,0.2758,0.0503,2.3013,63.1554,231.701,0.2727,0.0369
2016-03-13T00:32:59.567Z,4.3351,71.0146,230.7227,0.308,0.0601,2.6138,62.3033,230.4509,0.271,0.0421,2.1362,63.5496,230.7212,0.2755,0.0339
2016-03-13T00:33:59.074Z,4.1084,70.7401,230.9266,0.3061,0.0601,2.8093,62.0126,229.8406,0.27,0.0471,1.9582,62.0192,230.432,0.269,0.032
2016-03-13T00:34:59.513Z,4.5942,71.8831,231.1489,0.3113,0.0656,2.7855,63.5309,230.616,0.2757,0.0441,2.2576,63.1824,231.0667,0.2731,0.0386
2016-03-13T00:35:59.105Z,4.608,71.761,231.2065,0.3101,0.0625,2.6001,62.9831,230.5035,0.273,0.0413,2.3216,63.6462,230.6448,0.2759,0.036
2016-03-13T00:36:59.052Z,4.6637,70.9827,230.7463,0.3076,0.0688,2.9445,63.3943,230.2911,0.2756,0.0467,2.329,61.7488,230.2384,0.2684,0.0387
2016-03-13T00:37:59.691Z,3.848,71.4297,230.0166,0.3108,0.0554,2.5569,63.5037,230.2109,0.2762,0.0405,1.7867,62.9259,229.3641,0.2742,0.0299
2016-03-13T00:38:59.746Z,5.0486,70.3732,229.4151,0.3073,0.0725,2.2343,62.7887,229.6957,0.2732,0.038,2.2105,62.0007,229.1303,0.2708,0.0358
2016-03-13T00:39:59.638Z,4.7523,69.7356,229.5579,0.3038,0.0711,2.6703,64.6498,230.3087,0.2807,0.043,2.4327,61.5587,229.8192,0.2673,0.04
2016-03-13T00:40:59.914Z,5.0832,70.9975,229.9413,0.3086,0.0732,2.6424,62.9284,230.9114,0.2726,0.0433,2.5034,62.6184,230.4353,0.2722,0.0399
2016-03-13T00:41:59.186Z,4.1899,70.377,229.7366,0.3067,0.0617,2.8026,63.5055,230.2907,0.2762,0.0439,2.2404,63.1952,230.4304,0.2744,0.0351
2016-03-13T00:42:59.952Z,3.9174,72.0648,230.1946,0.3126,0.0542,2.7061,62.3276,230.1572,0.2709,0.0437,2.1947,61.8915,230.1188,0.2693,0.0351
2016-03-13T00:43:59.508Z,4.7838,70.9201,229.9913,0.3078,0.0687,3.2507,61.7014,229.7695,0.2686,0.0537,1.9459,63.2565,229.8108,0.2752,0.0336
2016-03-13T00:44:59.792Z,4.5735,70.2005,230.1611,0.3052,0.0663,3.1123,63.5547,230.9212,0.2749,0.0491,1.852,62.5048,230.8626,0.2713,0.0296
2016-03-13T00:45:59.194Z,5.3929,69.9733,229.7166,0.3042,0.0787,2.6043,63.2411,230.6517,0.2744,0.0423,2.3816,63.4149,230.6632,0.275,0.0362
2016-03-13T00:46:59.050Z,4.4382,70.1174,229.3495,0.3059,0.0637,2.6798,61.0968,230.3349,0.2652,0.0458,2.8341,63.123,230.772,0.274,0.0475
2016-03-13T00:47:59.584Z,3.8948,70.406,229.8362,0.3063,0.0549,2.5855,62.8366,230.2501,0.2729,0.0414,2.4599,63.013,231.3562,0.2726,0.0383
2016-03-13T00:48:59.904Z,4.7418,69.9374,230.2814,0.3037,0.0711,2.5101,62.2612,230.4029,0.2696,0.0403,2.1197,62.8341,231.9608,0.2707,0.0357
2016-03-13T00:49:59.397Z,5.46,72.7883,231.4117,0.3149,0.0766,2.4073,63.9644,228.9203,0.2794,0.0381,1.8477,61.5348,233.2997,0.2633,0.0296
2016-03-13T00:50:59.049Z,4.9869,70.7315,230.8337,0.3059,0.071,2.4781,62.3156,229.4589,0.2712,0.0405,1.8441,63.6646,232.5979,0.2733,0.0269
2016-03-13T00:51:59.324Z,4.1714,71.7459,230.289,0.3116,0.0582,2.991,62.7044,231.2174,0.271,0.0475,1.9782,62.8827,231.7321,0.2711,0.0311
2016-03-13T00:52:59.662Z,2.5262,70.4501,230.1579,0.3064,0.0361,3.0862,61.5342,230.5416,0.2664,0.0488,2.4117,64.5249,231.1313,0.2791,0.038
2016-03-13T00:53:59.275Z,2.4096,70.6579,230.5176,0.3067,0.0332,3.5162,60.625,230.46,0.2627,0.0604,1.7479,62.6581,230.9132,0.2714,0.0291
2016-03-13T00:54:59.702Z,2.3192,71.3434,230.3592,0.3099,0.0342,3.4145,62.6434,230.1485,0.2724,0.0551,2.0322,62.705,231.2392,0.2712,0.034
2016-03-13T00:55:59.076Z,1.7956,71.7114,230.4277,0.3112,0.0247,3.0848,63.1764,230.2868,0.2744,0.0501,2.0973,62.9101,231.318,0.2721,0.0329
2016-03-13T00:56:59.714Z,2.5085,71.491,230.7403,0.3095,0.036,2.9638,63.2925,230.47,0.2749,0.0483,2.0064,63.201,231.3308,0.2735,0.0315
2016-03-13T00:57:59.986Z,2.1501,72.0011,230.6623,0.3122,0.0308,3.5389,64.3655,230.3488,0.2792,0.0543,1.7193,62.288,231.2611,0.2695,0.0289
2016-03-13T00:58:59.389Z,2.3482,71.6817,230.7377,0.3102,0.0328,3.3718,63.8644,229.5288,0.278,0.0541,2.9606,63.2584,230.8567,0.2742,0.0447
2016-03-13T00:59:59.618Z,2.0858,71.3079,230.87,0.3085,0.0299,3.4429,62.5311,229.4469,0.272,0.0567,2.2476,62.1999,230.873,0.2687,0.0355
