2016-03-14T00:00:59.753Z,4.0795,73.0948,226.9257,0.3222,0.0557,2.9421,68.5101,232.3512,0.2952,0.0427,2.2562,67.5283,232.6098,0.2904,0.0343
2016-03-14T00:01:59.094Z,5.0182,75.4369,226.2421,0.3334,0.0668,2.8729,67.4777,231.3642,0.292,0.0416,2.1426,67.9802,231.6693,0.2931,0.0311
2016-03-14T00:02:59.388Z,5.1958,73.9633,228.0576,0.324,0.073,2.7811,68.1843,230.5778,0.2957,0.0401,2.0849,67.4721,231.429,0.2916,0.0311
2016-03-14T00:03:59.858Z,5.3725,76.1433,228.5826,0.3333,0.071,3.3117,68.6225,230.4855,0.2979,0.0501,2.3265,68.875,231.7464,0.2971,0.0318
2016-03-14T00:04:59.076Z,4.8421,73.5539,228.5136,0.322,0.0672,3.2029,67.0789,230.6053,0.2903,0.049,2.7833,67.8896,231.8547,0.293,0.0427
2016-03-14T00:05:59.174Z,4.0909,75.4902,228.8537,0.3295,0.0534,3.0942,65.7963,230.6465,0.2854,0.0484,2.2607,65.8462,231.1211,0.2852,0.0352
2016-03-14T00:06:59.437Z,4.8169,74.2622,228.0405,0.3259,0.0659,2.9907,67.8634,230.8225,0.294,0.0456,2.1725,68.5034,230.4054,0.2974,0.0312
2016-03-14T00:07:59.749Z,4.9449,75.2339,228.2755,0.3298,0.066,2.6566,66.8292,231.178,0.2889,0.0409,1.7402,68.1072,230.8234,0.2952,0.0278
2016-03-14T00:08:59.041Z,4.8563,72.3797,228.9904,0.3161,0.0699,2.907,67.7332,231.3392,0.2923,0.0438,2.0318,67.278,231.0198,0.2909,0.0311
2016-03-14T00:09:59.320Z,4.7636,74.3404,229.1553,0.3242,0.0656,2.9133,67.8075,231.3471,0.2933,0.0429,2.2336,68.5838,231.1942,0.2963,0.0319
2016-03-14T00:10:59.553Z,5.0759,73.7367,229.7142,0.3209,0.0712,2.9011,67.4897,231.7155,0.291,0.0434,2.0365,65.9791,231.6527,0.2841,0.0348
2016-03-14T00:11:59.773Z,5.5163,76.0508,231.8302,0.3276,0.0733,2.6605,67.4693,231.7279,0.2912,0.0405,2.4662,67.5209,231.8337,0.2915,0.0357
2016-03-14T00:12:59.084Z,4.4696,76.3512,231.938,0.3289,0.0588,3.324,68.1564,231.3448,0.2947,0.0486,2.0863,67.5092,231.76,0.2908,0.0318
2016-03-14T00:13:59.343Z,4.0677,75.5916,232.3474,0.3261,0.0537,2.987,68.527,231.4085,0.2964,0.0443,2.36,67.8755,232.1647,0.2929,0.0352
2016-03-14T00:14:59.687Z,4.312,76.7197,232.5593,0.3293,0.0566,2.8982,68.819,231.6764,0.2973,0.042,1.9604,68.5552,232.5004,0.2948,0.0279
2016-03-14T00:15:59.011Z,5.1336,76.3379,232.0323,0.329,0.0678,3.4312,67.2504,231.7039,0.2907,0.0542,2.0681,66.8341,232.9152,0.2868,0.0326
2016-03-14T00:16:59.317Z,4.9787,76.027,231.9448,0.3277,0.067,3.2681,67.3208,231.4189,0.2907,0.0505,2.4715,67.461,232.8169,0.2896,0.0348
2016-03-14T00:17:59.519Z,4.601,76.2053,231.8229,0.3288,0.0602,3.1401,68.5721,231.6797,0.2966,0.0455,1.8293,68.7697,232.8201,0.2953,0.0257
2016-03-14T00:18:59.867Z,4.1998,75.4252,232.2226,0.3243,0.0546,3.3411,66.974,231.8267,0.2889,0.0514,1.9782,67.7164,232.9359,0.2902,0.0297
2016-03-14T00:19:59.087Z,5.7811,75.0351,231.6559,0.3239,0.078,3.4139,66.9413,231.3183,0.2893,0.0496,2.0338,67.1018,232.4783,0.2883,0.0309
2016-03-14T00:20:59.347Z,5.0102,74.1863,231.7588,0.3204,0.0699,2.4316,66.6867,230.56,0.2892,0.0384,2.0268,65.3997,232.8007,0.2805,0.0322
2016-03-14T00:21:59.669Z,4.961,73.656,231.8038,0.3177,0.0685,2.8015,62.1313,228.3713,0.2715,0.0517,2.094,61.7889,233.2098,0.2651,0.0375
2016-03-14T00:22:59.889Z,4.3489,72.1856,231.0375,0.3126,0.0629,2.5427,63.8541,231.4809,0.2754,0.0422,1.7108,62.4509,232.1965,0.2691,0.0305
2016-03-14T00:23:59.228Z,3.6437,73.5279,230.608,0.3188,0.0489,2.7054,66.4554,231.6322,0.2867,0.0443,2.008,66.4066,232.2019,0.2862,0.0299
2016-03-14T00:24:59.528Z,5.2215,75.4185,231.6081,0.3257,0.0708,2.8837,66.8576,232.3158,0.2874,0.044,2.3282,65.9865,232.6974,0.2836,0.0366
2016-03-14T00:25:59.759Z,4.8579,75.5024,231.3122,0.3262,0.0651,3.049,66.7305,232.2316,0.2868,0.0459,1.7804,67.6307,232.6053,0.2903,0.0263
2016-03-14T00:26:59.937Z,4.706,75.9067,232.0791,0.3268,0.0646,2.9499,67.8636,232.2996,0.292,0.0435,2.0421,66.6851,232.5171,0.2867,0.0298
2016-03-14T00:27:59.298Z,4.8191,76.113,231.8348,0.3284,0.0656,3.3217,66.9401,232.0146,0.2889,0.0521,1.6139,68.638,233.2389,0.2948,0.0247
2016-03-14T00:28:59.462Z,5.1421,76.398,232.2202,0.3285,0.0692,3.1598,67.741,232.171,0.2919,0.0459,2.1962,68.5674,233.3555,0.2937,0.0312
2016-03-14T00:29:59.807Z,5.267,75.2551,232.0477,0.3243,0.0736,3.3059,66.1734,231.9901,0.2856,0.0511,1.6967,66.5985,232.339,0.2866,0.0273
2016-03-14T00:30:59.155Z,4.4766,76.4308,231.7721,0.33,0.0603,3.0692,67.8481,232.2131,0.292,0.0452,2.0191,66.3061,232.3837,0.2847,0.0311
2016-03-14T00:31:59.401Z,3.9055,75.2155,231.8358,0.3237,0.0534,3.0182,68.1357,231.9218,0.2937,0.0456,2.8512,68.7196,232.071,0.2958,0.0414
2016-03-14T00:32:59.703Z,4.3579,76.137,231.6963,0.3285,0.0582,3.0074,66.8637,232.1326,0.2883,0.0462,2.9558,68.8828,232.1045,0.2972,0.0427
2016-03-14T00:33:59.089Z,5.1958,75.4581,231.2464,0.3261,0.0689,2.9816,67.765,231.704,0.2924,0.0432,2.5231,66.8621,231.3348,0.2892,0.038
2016-03-14T00:34:59.468Z,5.5363,74.5853,231.0723,0.3229,0.0765,3.138,67.8655,231.4616,0.2931,0.0495,1.4901,67.1452,231.6838,0.2896,0.0277
2016-03-14T00:35:59.811Z,4.4174,75.9459,230.7896,0.3289,0.0597,3.1411,68.0516,231.796,0.2934,0.0465,2.5492,67.796,231.9023,0.2921,0.0376
2016-03-14T00:36:59.134Z,3.6354,74.3957,231.5258,0.3211,0.0513,3.0492,68.9981,232.1506,0.2971,0.0448,2.3168,68.6993,232.2298,0.2957,0.0336
2016-03-14T00:37:59.422Z,5.0362,74.0266,232.104,0.3185,0.0688,3.0836,69.5853,232.3351,0.2996,0.0438,2.5981,68.0876,232.7146,0.2923,0.0386
2016-03-14T00:38:59.618Z,5.0377,76.1755,232.2307,0.328,0.0667,3.2999,69.5859,232.553,0.2992,0.048,1.9604,68.6938,232.5918,0.2954,0.0269
2016-03-14T00:39:59.856Z,5.3413,75.3503,232.6022,0.3239,0.0726,2.7362,68.2377,232.5268,0.2935,0.0402,2.4035,66.2809,232.6996,0.2849,0.0385
2016-03-14T00:40:59.159Z,4.8096,76.7091,232.4836,0.3297,0.0639,2.9439,67.1183,232.3511,0.2886,0.0423,2.8422,67.6199,232.64,0.2907,0.0429
2016-03-14T00:41:59.598Z,4.3715,74.9925,232.0897,0.3234,0.0585,2.3726,68.1351,231.9771,0.2935,0.0351,2.1173,66.8532,232.0793,0.2881,0.0305
2016-03-14T00:42:59.996Z,4.471,75.4591,232.4245,0.3245,0.0587,3.2635,69.1527,232.2966,0.298,0.048,2.3018,67.9421,232.0055,0.2933,0.0336
2016-03-14T00:43:59.281Z,5.1262,76.5987,232.2647,0.3297,0.0682,2.3879,67.8958,232.4203,0.2918,0.0343,2.0131,66.2913,232.0532,0.286,0.0302
2016-03-14T00:44:59.521Z,5.0738,75.671,232.351,0.3255,0.0695,3.3424,66.1176,232.3792,0.2846,0.0505,2.0397,67.3659,232.3212,0.2901,0.0331
2016-03-14T00:45:59.827Z,5.2545,75.6542,232.5418,0.3252,0.0702,2.9102,67.7491,232.7119,0.2915,0.0464,2.1512,68.977,232.8502,0.296,0.0322
2016-03-14T00:46:59.286Z,4.0301,76.8216,232.7655,0.3297,0.0533,3.3918,68.0919,232.7579,0.2925,0.0512,1.8262,67.9707,233.5437,0.2905,0.0279
2016-03-14T00:47:59.567Z,4.5293,75.2504,232.9925,0.3226,0.0621,2.406,66.8003,232.6591,0.2874,0.0357,2.3586,68.888,233.7915,0.2944,0.0336
2016-03-14T00:48:59.723Z,4.9411,76.7376,232.7213,0.3299,0.0665,2.7731,67.3249,232.3086,0.2899,0.0437,2.3333,66.6402,233.5488,0.2849,0.037
2016-03-14T00:49:59.968Z,5.6653,73.9689,232.4511,0.3179,0.0804,2.4796,67.9243,232.2811,0.2926,0.0384,2.1029,66.7198,233.8052,0.2852,0.0325
2016-03-14T00:50:59.234Z,5.0313,75.114,231.5081,0.3247,0.0691,3.2053,68.8446,231.883,0.2964,0.0473,1.852,67.1343,233.6027,0.2873,0.0281
2016-03-14T00:51:59.522Z,4.9688,74.981,231.5663,0.324,0.0679,3.3391,67.8758,232.1535,0.2925,0.0505,2.0193,68.8199,233.7362,0.2945,0.0295
2016-03-14T00:52:59.887Z,5.1856,76.4722,232.6262,0.3285,0.0697,2.8485,66.7838,232.847,0.2867,0.0419,2.1132,67.6369,234.3458,0.2886,0.0318
2016-03-14T00:53:59.073Z,5.1576,75.8436,232.7074,0.326,0.07,3.1337,70.1876,233.031,0.3008,0.0459,2.5537,68.385,234.459,0.2919,0.038
2016-03-14T00:54:59.395Z,4.9205,76.1002,232.9157,0.3262,0.0654,3.4554,67.1909,232.9298,0.2883,0.0517,1.7872,67.9864,234.5149,0.2897,0.0273
2016-03-14T00:55:59.641Z,5.1605,75.6095,232.5634,0.3248,0.0701,2.8065,68.677,232.338,0.2954,0.0409,2.3645,68.6445,234.1209,0.2927,0.0338
2016-03-14T00:56:59.916Z,4.9557,76.1112,232.7718,0.3266,0.0658,3.2489,69.0504,232.7005,0.2968,0.0491,2.1403,69.18,234.2614,0.2953,0.031
2016-03-14T00:57:59.120Z,4.6739,76.4422,233.6021,0.3269,0.0618,2.9067,69.1742,232.7843,0.297,0.0441,2.6111,69.0124,234.4002,0.2946,0.0366
2016-03-14T00:58:59.457Z,3.93,75.4014,233.883,0.3222,0.0526,2.7286,65.9657,232.6253,0.2834,0.0442,2.0511,67.9459,234.4082,0.29,0.0299
2016-03-14T00:59:59.834Z,4.4566,76.4193,233.424,0.3271,0.0591,3.1026,69.1039,232.4029,0.2972,0.0429,1.8938,68.2615,234.1117,0.2911,0.0275
