2016-02-11T00:00:59.561Z,2.3915,42.5961,232.1976,0.1835,0.0574,2.7073,23.3143,232.7998,0.0997,0.1361,3.2589,27.4545,233.4533,0.1176,0.1487
2016-02-11T00:01:59.946Z,2.0251,44.7853,232.591,0.1925,0.0454,2.6092,22.2798,233.0399,0.0957,0.141,3.7002,24.4499,233.4484,0.1049,0.1807
2016-02-11T00:02:59.286Z,1.421,44.0052,231.7492,0.1899,0.0316,2.6899,20.8437,232.7184,0.0896,0.1438,3.9733,25.9691,232.657,0.112,0.1752
2016-02-11T00:03:59.010Z,1.0944,44.0288,231.7381,0.1899,0.0227,2.5792,20.9934,232.4868,0.0896,0.1389,3.2788,24.671,232.8821,0.1059,0.1723
2016-02-11T00:04:59.429Z,1.6501,43.5477,231.3073,0.1882,0.0382,2.4154,23.2833,232.0396,0.1002,0.1276,3.384,24.4048,232.4519,0.1053,0.1671
2016-02-11T00:05:59.981Z,2.2117,43.8258,231.7782,0.1887,0.0504,2.0949,21.3172,231.4424,0.092,0.1289,3.7065,23.9574,232.5505,0.1032,0.1761
2016-02-11T00:06:59.662Z,1.6154,43.5039,232.3544,0.1874,0.0398,2.4422,22.6077,228.4679,0.0989,0.1251,3.2709,24.5126,233.6457,0.1052,0.1649
2016-02-11T00:07:59.060Z,0.8832,43.6639,231.7474,0.1884,0.0227,2.5277,22.2786,229.9427,0.0967,0.1281,3.4069,25.6883,232.6424,0.1106,0.1643
2016-02-11T00:08:59.367Z,1.3212,43.7595,232.0462,0.189,0.0313,1.912,21.0513,232.1978,0.0901,0.1408,4.1562,26.1678,233.5663,0.1121,0.1786
2016-02-11T00:09:59.908Z,1.3571,43.37,232.2049,0.1869,0.0326,2.7292,20.2347,231.7098,0.0879,0.1465,3.1945,25.4067,233.8888,0.1088,0.1573
2016-02-11T00:10:59.079Z,1.1682,44.5047,231.2228,0.1926,0.0254,2.4578,21.75,230.4099,0.0946,0.142,3.9344,24.8594,232.7776,0.1067,0.1882
2016-02-11T00:11:59.372Z,1.3374,44.6785,231.5633,0.1929,0.0299,2.5314,20.2057,230.6704,0.0875,0.1418,3.6899,24.1093,232.9414,0.1038,0.1755
2016-02-11T00:12:59.673Z,1.346,44.5534,231.7863,0.1918,0.0299,2.4573,21.3265,231.4386,0.0925,0.1455,3.4692,23.9153,233.4334,0.1021,0.1678
2016-02-11T00:13:59.003Z,2.2761,44.1152,231.948,0.1901,0.0527,2.513,22.7344,231.3374,0.0982,0.1342,3.4198,25.0373,233.298,0.1074,0.1669
2016-02-11T00:14:59.709Z,1.3304,43.6933,231.3201,0.1886,0.032,2.3445,23.3098,230.6552,0.1009,0.1296,3.5987,24.263,232.8303,0.1046,0.1776
2016-02-11T00:15:59.006Z,1.3784,43.1969,231.035,0.1867,0.032,2.4496,20.6949,230.3643,0.0897,0.1376,3.2528,26.4574,232.761,0.1144,0.1544
2016-02-11T00:16:59.346Z,1.2158,43.4146,230.4777,0.1886,0.0291,2.3029,21.0749,230.3846,0.091,0.1252,3.5021,25.7101,231.7995,0.1113,0.1714
2016-02-11T00:17:59.201Z,1.9512,43.6913,230.0765,0.1902,0.0452,2.3226,20.6284,230.8881,0.089,0.1407,3.6945,24.502,231.8371,0.106,0.1703
2016-02-11T00:18:59.953Z,1.438,43.3913,231.0351,0.1875,0.0357,2.5986,21.8143,231.5832,0.094,0.1453,3.364,25.3984,233.401,0.1084,0.1676
2016-02-11T00:19:59.183Z,0.9601,43.7512,231.7883,0.1884,0.0224,2.3754,20.074,231.1474,0.0863,0.151,3.7327,25.2974,233.3463,0.1088,0.1706
2016-02-11T00:20:59.491Z,1.2579,44.3251,230.7614,0.192,0.0296,2.5511,22.556,231.3725,0.098,0.1354,3.4082,23.1879,233.1603,0.0995,0.1723
2016-02-11T00:21:59.913Z,1.7229,43.1204,230.487,0.1871,0.0397,2.5409,21.6141,231.1822,0.0935,0.14,3.8967,24.2912,232.6181,0.1046,0.1812
2016-02-11T00:22:59.150Z,2.3172,43.2119,230.2546,0.1876,0.0548,2.6767,22.3644,231.6436,0.0967,0.1403,3.4646,24.8581,232.5336,0.1071,0.1668
2016-02-11T00:23:59.038Z,1.7522,42.6674,229.9637,0.1853,0.0424,2.2314,20.0549,232.0488,0.0867,0.1402,3.5452,25.3087,232.2919,0.1088,0.1674
2016-02-11T00:24:59.397Z,1.4705,43.4076,229.5759,0.1898,0.0337,2.3566,22.2911,231.5382,0.0963,0.1359,3.4267,24.311,232.0126,0.1047,0.1678
2016-02-11T00:25:59.642Z,0.8553,43.7273,229.4848,0.1908,0.0218,1.9875,21.1672,231.5241,0.0914,0.1278,3.6833,24.2825,232.4377,0.1049,0.1743
2016-02-11T00:26:59.126Z,2.0387,43.0427,229.0349,0.1879,0.0461,2.1163,18.9686,231.5556,0.0817,0.1382,3.5887,24.9761,231.5547,0.1079,0.1699
2016-02-11T00:27:59.662Z,2.3436,42.363,229.0851,0.1852,0.0551,2.1097,21.9102,231.7676,0.0947,0.1289,3.125,26.7128,231.5852,0.1151,0.1536
2016-02-11T00:28:59.947Z,2.101,43.1892,230.4942,0.1871,0.0498,2.5325,22.57,232.0691,0.0976,0.1359,4.0488,23.9859,232.9943,0.1029,0.1867
2016-02-11T00:29:59.267Z,1.1033,44.0134,230.4912,0.1909,0.0273,2.5723,21.5932,232.0763,0.0927,0.1393,3.4288,24.295,233.0313,0.1042,0.1689
2016-02-11T00:30:59.803Z,1.0547,43.4008,230.2599,0.1888,0.0261,2.2623,21.0334,231.9974,0.0908,0.1273,3.8205,25.4476,233.1363,0.1092,0.1732
2016-02-11T00:31:59.021Z,1.4366,43.5763,229.9657,0.1898,0.0354,2.3894,21.969,231.8512,0.0948,0.1338,3.1555,25.4755,232.7798,0.109,0.1552
2016-02-11T00:32:59.446Z,2.0915,42.6874,229.7511,0.186,0.0512,2.5424,22.1462,231.6836,0.0954,0.1353,3.4777,24.67,232.8546,0.1064,0.1695
2016-02-11T00:33:59.007Z,2.5402,42.5977,229.7761,0.1857,0.0613,2.326,23.3769,231.3802,0.1008,0.1303,3.1103,26.0336,232.9022,0.1122,0.1549
2016-02-11T00:34:59.315Z,1.4127,43.5226,230.1303,0.1889,0.0329,2.469,21.889,231.1399,0.0948,0.1408,3.9063,24.8593,233.1689,0.107,0.1857
2016-02-11T00:35:59.810Z,1.3422,43.4975,231.1951,0.1885,0.031,2.3024,21.5989,230.7635,0.0941,0.1365,3.4883,26.1448,232.9389,0.112,0.1616
2016-02-11T00:36:59.143Z,1.5218,43.778,231.1819,0.1892,0.0364,2.2343,20.4286,229.4927,0.0891,0.139,3.5182,24.2328,231.9553,0.1046,0.1728
2016-02-11T00:37:59.557Z,2.1871,42.7271,230.9073,0.1852,0.0514,2.1513,21.2748,229.5288,0.0926,0.1319,3.7148,25.9066,232.4953,0.1108,0.1668
2016-02-11T00:38:59.277Z,2.4093,42.3262,231.7147,0.1829,0.0568,2.2647,17.2482,231.1237,0.0746,0.1521,3.5648,26.9793,232.9349,0.1163,0.1596
2016-02-11T00:39:59.828Z,1.2797,43.8511,231.8515,0.189,0.0292,2.9432,21.2649,230.9882,0.0921,0.1514,3.4555,24.9579,232.8463,0.1076,0.1748
2016-02-11T00:40:59.052Z,1.2442,43.392,231.8487,0.1865,0.0298,2.379,21.5566,231.0738,0.0929,0.1455,3.6471,23.8983,232.7407,0.1028,0.1739
2016-02-11T00:41:59.464Z,1.5912,43.6565,231.8747,0.1888,0.0377,1.89,22.9162,230.959,0.0991,0.1209,3.2432,24.9462,232.7525,0.107,0.1636
2016-02-11T00:42:59.768Z,2.3213,42.888,231.6654,0.1849,0.0559,2.3302,19.6167,230.7495,0.0848,0.1403,3.9966,26.2043,232.8031,0.1125,0.1749
2016-02-11T00:43:59.023Z,1.3721,44.0329,231.4399,0.1901,0.0323,2.1178,20.2458,231.0942,0.0874,0.1408,3.9228,24.4277,232.9457,0.1048,0.182
2016-02-11T00:44:59.432Z,0.7725,43.4708,232.081,0.1875,0.0214,2.9116,22.4646,231.5245,0.0972,0.1423,3.1792,26.5027,233.4762,0.1135,0.1507
2016-02-11T00:45:59.872Z,1.6091,43.9631,231.1718,0.1902,0.0356,2.3956,20.541,230.6045,0.089,0.1397,3.6321,22.3511,232.4508,0.0964,0.1887
2016-02-11T00:46:59.275Z,2.3996,43.1596,230.4764,0.187,0.0562,2.2669,22.4429,229.8653,0.0974,0.1326,3.6023,24.4501,232.3587,0.1048,0.1752
2016-02-11T00:47:59.786Z,1.8856,42.531,229.9898,0.1847,0.048,2.1691,19.919,230.0785,0.0869,0.1346,3.8557,24.9759,232.6892,0.1075,0.1766
2016-02-11T00:48:59.962Z,0.9159,44.0795,231.3589,0.1899,0.0215,2.3713,20.6369,231.7769,0.0891,0.134,3.604,22.8333,233.1624,0.0982,0.1856
2016-02-11T00:49:59.094Z,1.2648,44.1088,231.6213,0.1904,0.0292,2.3667,16.03,231.1681,0.0693,0.1667,40.7079,59.5229,233.1884,0.2553,0.3936
2016-02-11T00:50:59.387Z,730.8341,1130.7752,230.5452,4.9124,0.522,769.3337,1104.4828,227.5516,4.8634,0.5633,1267.358,1746.5664,231.4379,7.5613,0.7432
2016-02-11T00:51:59.801Z,1079.9167,1505.1202,230.2974,6.5356,0.7171,1179.9391,1614.9866,229.8433,7.0256,0.7304,1643.3145,2254.536,230.8685,9.7652,0.7295
2016-02-11T00:52:59.233Z,1089.9205,1513.3915,230.7141,6.5594,0.7194,1195.676,1639.3024,230.6047,7.1084,0.7291,1643.9836,2258.5099,230.9252,9.7801,0.7277
2016-02-11T00:53:59.566Z,1086.9366,1506.4739,230.3784,6.5389,0.7213,1211.5104,1643.2762,230.3663,7.1337,0.7372,1654.7288,2270.9438,230.91,9.8344,0.7293
2016-02-11T00:54:59.198Z,1104.8784,1523.6369,230.4287,6.6122,0.7252,1226.0344,1651.0218,230.0657,7.1763,0.7427,1678.236,2280.9315,230.6854,9.8882,0.7356
2016-02-11T00:55:59.621Z,1129.3774,1549.4792,230.4606,6.7233,0.7292,1215.7854,1640.6732,229.2263,7.1573,0.7407,1688.5367,2266.1073,230.3646,9.8368,0.7449
2016-02-11T00:56:59.003Z,1139.0013,1555.978,230.2785,6.7564,0.7318,1218.8088,1640.126,228.7158,7.1709,0.7433,1693.7338,2260.3785,229.8989,9.8321,0.7492
2016-02-11T00:57:59.385Z,1157.7659,1577.6343,231.0106,6.8289,0.7332,1214.5652,1637.1374,228.0389,7.1791,0.7414,1705.3198,2255.6221,229.5982,9.824,0.7567
2016-02-11T00:58:59.620Z,1161.5257,1578.1936,230.5061,6.8454,0.7362,1245.6909,1670.8836,229.4279,7.2832,0.7452,1713.1139,2283.0028,230.3373,9.912,0.751
2016-02-11T00:59:59.999Z,1169.6939,1591.0123,230.4883,6.9027,0.7348,1239.7919,1658.0146,228.8451,7.2448,0.7479,1726.2391,2285.3209,230.3649,9.9206,0.7552
