2016-03-22T00:00:59.858Z,2.1248,49.8641,231.7201,0.2156,0.0446,2.9059,34.1207,231.7308,0.1474,0.0864,2.556,35.4789,232.1749,0.1523,0.0802
2016-03-22T00:01:59.006Z,1.7067,51.7125,231.4774,0.2234,0.0325,2.4415,33.3258,231.158,0.1445,0.0849,2.6909,34.6128,231.7835,0.1489,0.0769
2016-03-22T00:02:59.352Z,1.6355,51.5925,231.4859,0.2228,0.0314,2.432,33.8009,230.4603,0.1468,0.0752,2.2346,34.6563,231.684,0.1495,0.0676
2016-03-22T00:03:59.646Z,2.3411,50.0742,231.0431,0.2165,0.0465,3.2422,33.2193,230.3526,0.1443,0.1047,2.6335,35.1467,231.5243,0.1519,0.0778
2016-03-22T00:04:59.225Z,1.8794,50.4839,231.5569,0.2177,0.04,3.4533,32.832,230.8192,0.1427,0.1076,1.8164,36.95,232.139,0.1589,0.058
2016-03-22T00:05:59.481Z,1.5619,51.1088,231.362,0.2211,0.0305,3.3146,34.8689,231.1554,0.1504,0.1046,2.4019,33.8468,232.8075,0.1453,0.0725
2016-03-22T00:06:59.683Z,1.9955,50.4865,231.2543,0.2189,0.0393,3.0367,33.837,231.386,0.1467,0.0904,1.7566,34.3567,232.731,0.1478,0.0577
2016-03-22T00:07:59.345Z,2.2803,50.6477,231.3443,0.2188,0.0436,3.0042,33.744,231.257,0.1463,0.097,2.6034,35.2057,232.3521,0.1518,0.0784
2016-03-22T00:08:59.630Z,2.6771,49.5721,231.2062,0.2137,0.0524,3.023,30.96,231.2378,0.1344,0.1016,2.2431,37.9145,232.2102,0.1635,0.0596
2016-03-22T00:09:59.566Z,2.4804,50.583,231.934,0.2175,0.0477,2.9002,33.2455,230.8108,0.1437,0.091,1.864,31.724,229.9132,0.1378,0.0647
2016-03-22T00:10:59.797Z,1.9458,50.6732,231.5966,0.2186,0.039,3.3797,33.3138,230.9141,0.1444,0.1037,1.8348,35.4685,231.8107,0.1527,0.0548
2016-03-22T00:11:59.009Z,1.721,50.3967,231.4811,0.2176,0.033,3.0492,32.6219,230.8727,0.141,0.0999,1.7002,33.261,231.984,0.1434,0.0612
2016-03-22T00:12:59.106Z,1.916,50.9349,231.3753,0.2196,0.0377,3.144,32.0859,231.2163,0.1396,0.1071,1.9921,33.2668,232.8447,0.1426,0.0576
2016-03-22T00:13:59.191Z,1.5122,51.5179,231.9676,0.2221,0.0284,2.9478,30.398,231.3124,0.132,0.0992,1.5449,30.6976,233.1893,0.1316,0.058
2016-03-22T00:14:59.612Z,1.4824,49.4707,231.7129,0.2132,0.0298,3.6047,34.3443,231.1101,0.1485,0.1151,2.2393,34.5297,232.996,0.1476,0.0716
2016-03-22T00:15:59.886Z,1.6379,50.8019,231.9912,0.2193,0.0332,2.7241,33.5651,230.8843,0.1449,0.0912,2.0226,35.0103,233.2309,0.1505,0.063
2016-03-22T00:16:59.225Z,2.2894,50.2764,231.5409,0.2169,0.0472,3.0688,33.3661,231.2931,0.144,0.0967,1.7353,32.9757,232.3143,0.1417,0.0542
2016-03-22T00:17:59.631Z,1.8637,50.8456,231.5921,0.2192,0.0349,2.237,32.588,228.0433,0.1427,0.0774,2.2471,33.9235,232.9374,0.1456,0.0688
2016-03-22T00:18:59.794Z,1.9625,50.9191,231.3759,0.2204,0.0384,2.7882,35.0047,229.5578,0.1525,0.0887,2.0676,34.42,232.4977,0.1479,0.0622
2016-03-22T00:19:59.031Z,1.7671,50.1244,230.8782,0.2171,0.034,3.3677,31.2619,231.2193,0.1357,0.1144,2.3841,34.2733,232.2522,0.1476,0.0717
2016-03-22T00:20:59.085Z,2.4111,50.2665,230.7543,0.2184,0.0459,3.524,34.3932,231.0305,0.149,0.1048,2.1127,31.6832,232.2164,0.1368,0.0746
2016-03-22T00:21:59.333Z,2.2105,50.6824,229.3773,0.2214,0.0436,3.2965,33.4548,231.5398,0.1447,0.1026,2.1556,36.3463,232.469,0.1563,0.0609
2016-03-22T00:22:59.553Z,1.8409,49.279,229.1322,0.2153,0.036,2.834,32.8359,231.9057,0.1413,0.0901,2.4202,34.8607,232.6948,0.1495,0.074
2016-03-22T00:23:59.974Z,2.3834,50.2386,229.2912,0.2185,0.046,3.4191,33.1746,231.6467,0.1432,0.1081,1.9974,35.5047,232.5959,0.153,0.0611
2016-03-22T00:24:59.344Z,2.2897,49.0909,229.3042,0.2138,0.0448,3.0058,35.982,231.7223,0.1554,0.0849,2.0004,33.9742,232.5538,0.1459,0.0606
2016-03-22T00:25:59.663Z,2.015,49.4334,229.1978,0.2159,0.0392,3.4713,34.5292,231.9457,0.1486,0.1059,2.088,35.7916,232.3954,0.1542,0.0691
2016-03-22T00:26:59.968Z,2.1234,51.4099,229.1916,0.2242,0.0425,2.9613,34.073,231.6227,0.1476,0.0924,2.1608,33.238,232.4567,0.1427,0.0669
2016-03-22T00:27:59.290Z,1.4609,49.6059,230.5073,0.2154,0.0292,3.4279,33.1817,231.1882,0.1441,0.1061,2.1869,35.5972,232.3347,0.1531,0.0628
2016-03-22T00:28:59.081Z,2.3912,50.5982,231.4039,0.2189,0.0464,3.3259,33.4348,231.0544,0.1444,0.1049,2.1322,35.0113,232.3833,0.1508,0.0638
2016-03-22T00:29:59.304Z,2.5791,49.5927,230.9007,0.2149,0.0521,2.867,34.164,231.3049,0.1477,0.0864,2.0417,35.6867,232.6221,0.1532,0.0628
2016-03-22T00:30:59.937Z,2.4834,52.109,230.677,0.226,0.046,3.0791,35.4266,231.3643,0.1531,0.0898,2.2514,33.8535,232.3132,0.1456,0.0658
2016-03-22T00:31:59.296Z,1.9334,50.631,230.6127,0.2198,0.0388,3.2772,32.9869,230.5167,0.1429,0.1042,1.9507,34.3793,232.1558,0.1481,0.0602
2016-03-22T00:32:59.599Z,1.4984,50.3386,230.5657,0.2184,0.0295,3.1367,35.4178,230.3205,0.1542,0.0977,2.2395,34.2983,231.9518,0.1478,0.0651
2016-03-22T00:33:59.190Z,1.5326,51.2297,231.2478,0.2218,0.0294,2.594,34.987,230.1393,0.1523,0.0848,2.2941,33.9316,231.7726,0.1463,0.068
2016-03-22T00:34:59.063Z,2.4142,49.5535,231.4954,0.2137,0.0491,3.252,32.8378,230.1081,0.1431,0.1004,1.9637,34.1429,231.8069,0.1475,0.0629
2016-03-22T00:35:59.131Z,1.4341,50.96,231.2259,0.2213,0.0272,3.2923,29.9535,230.2502,0.1298,0.1086,1.8049,31.3462,231.7771,0.1354,0.0602
2016-03-22T00:36:59.239Z,1.8856,51.038,231.7541,0.2199,0.0352,2.9267,30.0453,230.4247,0.1305,0.1037,1.9174,31.2169,232.02,0.1343,0.064
2016-03-22T00:37:59.516Z,2.7327,50.5668,231.957,0.2179,0.0532,3.0977,32.8609,230.7967,0.1424,0.1026,2.3997,32.7274,232.6305,0.1402,0.0704
2016-03-22T00:38:59.942Z,2.1422,51.5334,231.7527,0.2218,0.0429,3.3728,35.9297,231.0434,0.1559,0.0976,2.5652,34.1359,233.1418,0.1463,0.0742
2016-03-22T00:39:59.465Z,2.4136,50.0159,231.7632,0.2153,0.0462,2.9821,32.7676,231.2036,0.1418,0.0979,2.5453,36.1391,233.1853,0.1553,0.0743
2016-03-22T00:40:59.810Z,1.8143,50.6843,231.2251,0.2191,0.037,2.5711,33.8477,231.0281,0.1466,0.0803,1.8537,34.4716,232.363,0.148,0.0612
2016-03-22T00:41:59.077Z,1.7806,51.0667,230.9986,0.2209,0.0354,3.1412,34.6476,230.9216,0.1503,0.0969,2.2851,35.4542,232.2351,0.1527,0.0713
2016-03-22T00:42:59.443Z,2.1592,50.6961,231.261,0.2195,0.043,2.769,35.1005,230.7539,0.1518,0.0834,1.8898,33.7703,232.2502,0.1454,0.0597
2016-03-22T00:43:59.585Z,2.4298,50.3484,230.9938,0.2175,0.0489,2.9812,33.4201,230.7631,0.1448,0.0852,2.4109,35.5267,232.4734,0.153,0.0727
2016-03-22T00:44:59.937Z,1.6325,50.3674,230.9619,0.2177,0.0318,3.5566,35.2145,230.943,0.1522,0.1053,2.2743,35.347,232.5206,0.152,0.0676
2016-03-22T00:45:59.233Z,1.5097,50.9789,231.4339,0.2206,0.0302,2.8501,33.0267,230.6977,0.1431,0.0954,2.4287,33.7638,230.9468,0.1457,0.0731
2016-03-22T00:46:59.528Z,2.0441,50.698,231.4931,0.2186,0.0412,2.8704,34.3266,231.1125,0.1487,0.0889,2.0467,34.8295,228.57,0.1521,0.0632
2016-03-22T00:47:59.227Z,2.2096,49.7636,231.622,0.2142,0.0442,2.6369,34.313,231.3675,0.148,0.0825,2.4459,32.7875,228.4916,0.1429,0.0824
2016-03-22T00:48:59.472Z,1.4216,49.7901,231.6488,0.2153,0.0287,3.5399,33.7136,231.194,0.1452,0.1037,2.1589,35.5002,228.4227,0.1551,0.0685
2016-03-22T00:49:59.707Z,1.8588,50.246,231.6053,0.2173,0.0352,3.1004,34.0462,231.2082,0.147,0.0941,2.2046,35.4393,228.5552,0.1553,0.0653
2016-03-22T00:50:59.010Z,2.0864,50.4238,231.8149,0.2176,0.0422,2.7147,33.5201,231.6188,0.1443,0.0876,2.0363,34.8767,228.7984,0.1524,0.0648
2016-03-22T00:51:59.301Z,2.4779,50.2949,231.3484,0.2175,0.0513,2.8146,34.8085,232.5983,0.1497,0.0873,1.7301,35.2516,229.3729,0.1534,0.0534
2016-03-22T00:52:59.678Z,2.3359,48.749,231.2608,0.2103,0.0475,3.2533,34.4974,232.8085,0.1484,0.1027,2.5811,34.8075,229.7247,0.1513,0.0759
2016-03-22T00:53:59.860Z,1.7534,50.5321,231.8233,0.2179,0.0335,2.7436,34.1932,232.4459,0.1468,0.0802,1.9711,32.6397,229.0993,0.1424,0.0703
2016-03-22T00:54:59.220Z,2.0917,50.4796,231.1302,0.2179,0.0416,3.9722,33.7098,231.7288,0.1457,0.1192,2.206,33.6496,231.6093,0.1453,0.0671
2016-03-22T00:55:59.979Z,2.1141,50.3564,231.2445,0.2176,0.0411,2.9668,34.1465,231.5636,0.1474,0.0909,1.7925,36.4933,231.9387,0.1571,0.0577
2016-03-22T00:56:59.420Z,2.5542,49.6662,231.4091,0.2144,0.0513,3.3874,35.8248,231.4473,0.1549,0.0962,2.5422,33.1344,231.7834,0.1432,0.0772
2016-03-22T00:57:59.757Z,1.8159,50.0911,230.9327,0.2168,0.0346,3.1776,34.0546,231.3168,0.1473,0.0977,2.1638,34.8249,231.8097,0.1499,0.0685
2016-03-22T00:58:59.991Z,1.7849,50.5751,231.6875,0.218,0.0353,2.8401,34.2333,231.7009,0.1471,0.0896,2.3312,34.9056,232.2736,0.1501,0.0756
2016-03-22T00:59:59.178Z,1.4739,49.6271,231.454,0.2146,0.0314,3.3934,32.5209,231.6762,0.1408,0.1046,2.1299,34.289,232.0976,0.1481,0.0669
