2016-03-20T00:00:59.380Z,4.6074,49.9163,231.3709,0.2158,0.0915,2.3779,34.59,231.8602,0.1489,0.0749,2.7778,34.3419,232.8049,0.1474,0.0819
2016-03-20T00:01:59.288Z,4.2146,50.3633,231.6267,0.2172,0.0851,2.2589,33.9356,229.9881,0.1476,0.0682,1.6967,34.4332,233.2118,0.1477,0.0523
2016-03-20T00:02:59.825Z,4.1547,52.2203,231.6463,0.2253,0.0805,2.3522,32.0733,228.47,0.1403,0.0772,1.9863,33.4398,233.823,0.1429,0.0589
2016-03-20T00:03:59.554Z,4.4423,50.4873,231.1063,0.2184,0.0882,2.0773,33.0744,229.5596,0.1442,0.0701,1.6876,37.038,233.4001,0.1587,0.0462
2016-03-20T00:04:59.956Z,3.751,50.6589,230.6927,0.2192,0.0741,2.7703,35.2587,231.1068,0.1524,0.082,1.9146,36.803,232.0889,0.1587,0.055
2016-03-20T00:05:59.139Z,4.4483,50.8823,230.8649,0.2208,0.0869,2.6211,34.3142,231.5779,0.1479,0.0772,2.1623,35.4813,232.0883,0.1527,0.063
2016-03-20T00:06:59.757Z,4.6315,50.3525,231.4258,0.217,0.0915,2.2469,34.6975,232.2685,0.1496,0.0757,1.9625,34.9844,232.7595,0.1497,0.0558
2016-03-20T00:07:59.985Z,3.8718,50.8864,231.7771,0.2199,0.0771,2.7921,33.4687,232.1397,0.1441,0.0912,2.2334,37.5536,232.9634,0.1616,0.0593
2016-03-20T00:08:59.911Z,4.4738,50.6859,232.4442,0.2177,0.0879,2.6758,37.5567,230.3886,0.1634,0.0744,2.1544,33.9124,232.6368,0.1454,0.0633
2016-03-20T00:10:59.992Z,3.9392,51.0036,232.3644,0.2193,0.0766,2.4683,33.9665,230.3786,0.1472,0.076,2.1695,35.9482,233.4348,0.154,0.06
2016-03-20T00:11:59.378Z,4.6546,49.9044,231.9193,0.2151,0.0917,2.1559,35.4149,232.5819,0.1523,0.0693,1.9404,35.1012,233.1494,0.1501,0.0583
2016-03-20T00:12:59.993Z,3.962,49.7563,231.5411,0.2151,0.0787,2.901,33.3929,232.1242,0.1437,0.0863,1.6061,32.143,232.9548,0.1384,0.0573
2016-03-20T00:13:59.636Z,4.2052,50.7009,231.1507,0.2193,0.0825,2.8984,35.3513,232.0687,0.1521,0.0825,2.2144,36.2012,232.3193,0.1562,0.0618
2016-03-20T00:14:59.136Z,4.5926,51.2069,230.9627,0.2216,0.0894,2.7403,34.455,232.2803,0.148,0.0816,2.5896,34.8591,232.2203,0.1497,0.0749
2016-03-20T00:15:59.066Z,3.9557,50.4813,231.1637,0.2185,0.0779,2.4559,35.9277,232.4125,0.1548,0.0705,1.8608,35.4308,232.0549,0.1529,0.054
2016-03-20T00:16:59.088Z,3.7657,49.642,231.2334,0.2144,0.0744,1.8266,33.768,231.0655,0.1466,0.061,1.8735,35.9664,232.5966,0.1552,0.0551
2016-03-20T00:17:59.416Z,4.701,51.5361,232.9937,0.2212,0.0923,2.415,36.1376,230.6782,0.1564,0.0704,1.8805,35.7341,234.596,0.1521,0.0545
2016-03-20T00:18:59.772Z,4.232,51.1499,233.3393,0.2197,0.0856,3.0375,34.6279,233.5292,0.1482,0.0896,1.8767,35.4351,234.4545,0.1511,0.0576
2016-03-20T00:19:59.428Z,4.5323,50.8581,233.1008,0.2185,0.0877,2.4985,35.5334,234.58,0.1511,0.0737,2.0703,35.4413,234.2866,0.1508,0.0618
2016-03-20T00:20:59.802Z,5.0191,51.6225,232.7343,0.2222,0.0959,3.2511,35.2203,233.8271,0.1507,0.0976,2.3247,34.4043,233.4179,0.1476,0.0707
2016-03-20T00:21:59.027Z,4.6314,50.27,231.9339,0.2168,0.0921,2.667,31.9361,233.6592,0.1368,0.0854,2.1134,35.1283,233.5533,0.1504,0.0643
2016-03-20T00:22:59.863Z,4.0424,51.2283,231.8857,0.2207,0.0799,3.0428,29.6371,233.062,0.1271,0.0965,1.8453,32.0432,233.3698,0.1377,0.0633
2016-03-20T00:23:59.489Z,4.6049,50.7064,231.4484,0.2195,0.0888,2.6567,31.6611,232.7713,0.136,0.0864,1.9831,31.754,232.854,0.1364,0.0667
2016-03-20T00:24:59.860Z,4.6799,51.8409,231.5225,0.2241,0.0904,2.7559,37.6731,233.1749,0.1619,0.0765,1.9597,35.3585,233.1518,0.1521,0.0571
2016-03-20T00:25:59.271Z,4.0239,51.2179,231.237,0.2213,0.0788,2.8183,33.426,232.5062,0.1439,0.0808,2.0853,34.9521,232.9857,0.1497,0.0594
2016-03-20T00:26:59.500Z,3.6677,51.4614,231.5274,0.2224,0.0697,2.6801,33.6846,230.8702,0.1456,0.0798,1.6321,32.7598,234.0407,0.1401,0.054
2016-03-20T00:27:59.657Z,3.6727,51.1886,231.0325,0.2213,0.0718,2.2943,31.2846,230.8845,0.1353,0.0759,2.2652,32.5405,234.0982,0.1389,0.0716
2016-03-20T00:28:59.403Z,3.3191,49.9893,231.2403,0.2162,0.0662,2.4139,33.8112,233.2006,0.1452,0.0764,2.2653,33.5593,233.5666,0.1436,0.0636
2016-03-20T00:29:59.688Z,4.7716,50.5014,230.9457,0.2186,0.094,2.7792,36.0535,233.0811,0.1553,0.0813,2.1447,35.808,233.2889,0.1533,0.0634
2016-03-20T00:30:59.565Z,4.4957,49.5397,231.6143,0.214,0.0913,2.9775,34.4695,233.3208,0.1479,0.0911,2.131,36.2369,233.7984,0.1552,0.0648
2016-03-20T00:31:59.307Z,3.6225,50.7176,232.2311,0.2179,0.0718,2.914,35.16,233.7004,0.1502,0.0808,2.0763,33.8042,234.1119,0.1444,0.062
2016-03-20T00:32:59.800Z,4.178,51.7338,232.1282,0.2225,0.0812,3.2474,36.9635,233.8532,0.158,0.0885,1.6411,33.0049,233.8696,0.1412,0.0542
2016-03-20T00:33:59.255Z,4.2557,52.0394,232.651,0.2232,0.0807,2.9972,35.0912,234.2676,0.1493,0.0903,2.2814,34.9189,234.4476,0.1482,0.0666
2016-03-20T00:34:59.030Z,3.5197,51.2203,232.8373,0.2201,0.0686,2.7482,35.5864,234.5355,0.1519,0.0818,1.753,32.9129,234.7495,0.1399,0.054
2016-03-20T00:35:59.351Z,4.0473,50.8557,232.609,0.2187,0.081,3.2993,35.2297,234.1938,0.1504,0.0993,2.1874,35.3623,234.5008,0.1511,0.0626
2016-03-20T00:36:59.864Z,4.4355,50.1236,232.5471,0.2157,0.0871,2.7807,35.2135,234.3198,0.1501,0.0754,2.1743,37.7081,234.5971,0.1607,0.0575
2016-03-20T00:37:59.024Z,5.2332,51.4629,232.3263,0.2218,0.1018,3.0813,29.5858,234.7876,0.1253,0.1047,1.9706,31.7548,234.7114,0.1353,0.0664
2016-03-20T00:38:59.277Z,4.1113,51.0977,233.4757,0.2188,0.0801,2.2119,32.6598,231.8435,0.1413,0.0727,1.6735,32.7777,235.2592,0.1398,0.053
2016-03-20T00:39:59.668Z,4.2345,51.8995,233.1534,0.2224,0.0807,2.4221,36.1142,233.1554,0.1548,0.0724,2.2674,35.1277,235.0311,0.1493,0.0651
2016-03-20T00:40:59.743Z,3.4516,50.0832,232.9133,0.2149,0.0662,2.5929,33.7424,234.6888,0.1436,0.0801,2.1214,36.8715,234.6134,0.1566,0.0621
2016-03-20T00:41:59.007Z,4.3556,50.3247,233.2044,0.2158,0.0872,3.1083,35.7858,234.6933,0.1528,0.0833,2.2033,34.8313,234.5664,0.1487,0.0679
2016-03-20T00:42:59.281Z,4.3079,50.6979,232.9348,0.2177,0.0834,3.2893,34.8692,234.4053,0.1483,0.0959,2.3275,35.3596,234.2938,0.1513,0.0647
2016-03-20T00:43:59.731Z,3.437,50.6992,232.487,0.2181,0.0679,2.7107,39.3841,233.5379,0.1682,0.0754,2.0666,35.1958,234.1602,0.1503,0.0626
2016-03-20T00:44:59.579Z,3.2246,49.3193,232.7831,0.2111,0.0665,3.0347,36.3662,233.8873,0.1553,0.0867,2.3926,36.8943,234.5755,0.1575,0.0625
2016-03-20T00:45:59.843Z,3.9176,51.2384,232.6455,0.2204,0.0777,3.1324,32.9792,233.5797,0.1413,0.0929,2.2477,34.3118,234.5425,0.1458,0.0686
2016-03-20T00:46:59.747Z,4.4224,50.6214,232.216,0.2182,0.0875,2.8782,34.2997,233.8102,0.1464,0.0884,2.3996,34.8814,234.6158,0.1488,0.0682
2016-03-20T00:47:59.230Z,4.347,52.1918,232.3069,0.2244,0.0809,2.7166,33.6121,233.4763,0.1442,0.082,2.1046,34.9381,234.4531,0.1489,0.0634
2016-03-20T00:48:59.743Z,4.0365,50.6999,232.5671,0.2184,0.0778,3.0304,38.4277,233.7758,0.1647,0.0812,2.1752,31.7867,234.5324,0.1357,0.0726
2016-03-20T00:49:59.443Z,4.5185,50.3903,232.8062,0.2165,0.0891,3.1497,34.7581,233.8646,0.1487,0.0915,2.8391,37.8693,234.9038,0.1614,0.0726
2016-03-20T00:50:59.877Z,4.684,51.5047,232.2954,0.2221,0.0897,3.2664,36.0395,233.5248,0.154,0.0943,2.4414,34.5805,234.5404,0.1473,0.0719
2016-03-20T00:51:59.464Z,4.123,50.8153,232.7156,0.2186,0.0833,3.143,36.8449,233.3954,0.158,0.0898,2.7019,34.7694,234.4971,0.1482,0.076
2016-03-20T00:52:59.071Z,4.1869,50.8686,232.6167,0.2187,0.0822,2.4296,34.1175,233.5533,0.1459,0.0762,2.5826,37.2764,234.6299,0.1592,0.0684
2016-03-20T00:53:59.345Z,4.7102,49.7587,232.6502,0.2145,0.0946,2.3614,32.4108,231.1497,0.1407,0.0751,2.2758,35.7949,235.3687,0.1523,0.0668
2016-03-20T00:54:59.915Z,4.0218,50.5239,232.3705,0.2176,0.0786,2.6653,33.2211,230.9637,0.1441,0.0815,2.1928,33.5888,234.2021,0.1432,0.0679
2016-03-20T00:55:59.349Z,3.827,50.9283,232.2827,0.2191,0.0731,2.4471,33.1003,232.7042,0.1424,0.0746,2.4097,35.2992,233.6299,0.1508,0.0707
2016-03-20T00:56:59.005Z,3.0132,50.3667,232.6899,0.2163,0.0601,2.9903,38.2356,232.7949,0.1647,0.0824,2.3213,32.8502,233.8557,0.1409,0.0709
2016-03-20T00:58:59.395Z,4.2934,51.3768,233.2227,0.2199,0.084,2.9608,35.7049,231.6843,0.1541,0.0837,2.4226,36.1715,234.5016,0.1545,0.0669
2016-03-20T00:59:59.246Z,4.2355,50.132,233.1327,0.2149,0.0844,2.8846,35.4093,232.6526,0.1525,0.0886,2.2411,36.3756,235.0054,0.1549,0.0601
