2016-01-09T00:00:59.073Z,4.255,116.6004,229.1577,0.5084,0.0364,3.402,107.6017,232.4868,0.4629,0.0301,3.5291,103.0822,232.5226,0.4429,0.0334
2016-01-09T00:01:59.488Z,4.476,116.8467,228.876,0.5109,0.0402,3.9088,101.4959,231.7337,0.4379,0.0431,2.4454,100.5892,232.7885,0.4321,0.0211
2016-01-09T00:02:59.689Z,3.7049,118.4342,228.3788,0.5187,0.0319,4.5753,102.9115,230.999,0.4456,0.0443,3.292,101.5721,232.299,0.4371,0.0307
2016-01-09T00:03:59.175Z,5.0158,120.3706,228.4896,0.5263,0.044,4.8512,101.4911,230.1871,0.4407,0.0486,3.4903,105.4064,232.8743,0.4522,0.0334
2016-01-09T00:04:59.843Z,3.7198,117.9751,227.7228,0.5177,0.0321,3.4166,102.4595,230.8404,0.4438,0.0349,3.5947,105.1168,231.7747,0.4536,0.035
2016-01-09T00:05:59.211Z,4.04,117.8808,228.5283,0.5153,0.034,4.2492,100.6026,232.0506,0.4328,0.0433,3.671,102.3584,233.1153,0.439,0.0336
2016-01-09T00:06:59.759Z,3.0772,117.3533,228.5643,0.5134,0.0253,4.1324,102.7918,232.4782,0.442,0.0408,2.9741,103.8187,233.1527,0.4447,0.0286
2016-01-09T00:07:59.118Z,5.1554,118.8473,228.8206,0.519,0.0443,3.4366,101.3501,232.6247,0.4361,0.0341,3.9543,101.5578,233.1386,0.4353,0.0381
2016-01-09T00:08:59.697Z,5.1116,118.2534,228.5697,0.5167,0.0446,4.2457,102.7543,232.4423,0.4416,0.0387,3.4005,105.2613,233.1371,0.4514,0.0334
2016-01-09T00:09:59.025Z,3.8142,119.3737,229.453,0.5198,0.0322,4.273,104.9786,232.4718,0.4521,0.04,2.7581,102.4197,233.251,0.4391,0.0264
2016-01-09T00:10:59.292Z,4.2992,118.103,229.3125,0.5155,0.0346,3.5946,101.4804,232.6055,0.436,0.0362,2.826,102.4751,233.0881,0.4399,0.0274
2016-01-09T00:11:59.075Z,4.2977,119.0653,229.0477,0.5192,0.0363,3.806,103.0815,232.703,0.443,0.0392,3.5204,101.7247,233.2805,0.4358,0.0342
2016-01-09T00:12:59.443Z,3.0875,120.7263,229.1123,0.5266,0.0263,4.3533,102.2671,231.6882,0.4415,0.0425,3.2732,102.5091,232.9851,0.44,0.0318
2016-01-09T00:13:59.945Z,4.8507,119.6289,228.846,0.5226,0.0417,3.9424,101.8893,232.0353,0.4393,0.0388,3.4034,103.404,232.9579,0.4443,0.0321
2016-01-09T00:14:59.237Z,5.2291,120.1502,228.2514,0.5257,0.0436,3.3276,98.6964,232.317,0.4249,0.0327,2.9116,99.6289,231.3667,0.4299,0.0296
2016-01-09T00:15:59.412Z,3.8077,119.6293,230.1184,0.5189,0.0309,3.9576,98.4146,233.1416,0.4219,0.0399,3.4571,101.1595,231.4024,0.4369,0.0331
2016-01-09T00:16:59.962Z,5.4779,119.4922,228.9408,0.5209,0.0468,3.9897,104.7385,232.7573,0.4499,0.038,3.2442,102.1382,233.5258,0.4371,0.0329
2016-01-09T00:17:59.190Z,4.5331,121.1852,229.3679,0.5274,0.0382,4.2993,105.9609,231.6032,0.4572,0.0406,3.3393,101.5243,232.8213,0.4358,0.0323
2016-01-09T00:18:59.759Z,4.2548,119.9599,229.2063,0.5223,0.0366,3.8186,101.786,231.6266,0.4392,0.0378,2.6721,104.0538,233.0184,0.446,0.0258
2016-01-09T00:19:59.210Z,3.8736,119.4074,229.0712,0.5209,0.0332,4.2708,102.4551,231.2187,0.4432,0.0388,3.6278,104.9142,232.456,0.4511,0.0351
2016-01-09T00:20:59.735Z,3.652,120.0693,229.6136,0.5234,0.0298,3.4655,103.1404,231.23,0.4462,0.0355,3.2678,100.6045,232.0348,0.4342,0.0336
2016-01-09T00:21:59.775Z,4.2747,120.5604,229.2292,0.5253,0.0359,3.4571,100.0797,231.21,0.4332,0.0366,3.0075,101.6399,232.7169,0.4366,0.0326
2016-01-09T00:22:59.314Z,5.5059,118.4046,228.9871,0.5171,0.0461,2.967,103.023,231.5192,0.4449,0.0284,2.825,103.6467,232.567,0.4457,0.0268
2016-01-09T00:23:59.643Z,4.2328,120.25,228.9877,0.5248,0.0336,4.171,104.0023,231.2761,0.4497,0.0375,2.8913,103.2904,232.5185,0.4441,0.0278
2016-01-09T00:24:59.519Z,4.9241,118.0708,227.9885,0.5179,0.0418,3.6551,102.8996,230.7663,0.4459,0.0348,3.0853,103.1096,232.6437,0.4438,0.0302
2016-01-09T00:25:59.814Z,5.0425,119.6042,229.6257,0.5208,0.0442,3.7299,102.6052,232.2477,0.442,0.0391,2.5356,99.9416,232.5037,0.4297,0.0251
2016-01-09T00:26:59.137Z,5.8204,120.9951,229.5434,0.5263,0.049,3.7562,103.2373,232.6374,0.4437,0.0369,4.6487,104.447,232.9504,0.4479,0.0428
2016-01-09T00:27:59.769Z,3.5892,119.9247,230.2603,0.5207,0.0298,3.6321,104.5704,233.0868,0.4482,0.0367,3.5618,103.1723,233.5758,0.4418,0.0352
2016-01-09T00:28:59.276Z,5.0372,119.3179,229.9371,0.5188,0.0419,4.5542,107.0398,233.4013,0.4588,0.0418,4.0503,102.5567,233.491,0.4394,0.0388
2016-01-09T00:29:59.265Z,2.9009,119.4092,229.9602,0.5188,0.0236,4.4922,104.0423,233.3848,0.4462,0.0436,2.8489,103.692,233.7578,0.4438,0.0266
2016-01-09T00:30:59.692Z,5.1947,118.5645,230.7825,0.5131,0.0434,3.5076,101.5142,233.0637,0.4351,0.0352,2.4908,102.86,233.8469,0.4397,0.0288
2016-01-09T00:31:59.932Z,3.5269,118.7749,230.8085,0.5145,0.0308,3.9543,103.1053,233.1731,0.4422,0.0405,3.4027,102.579,233.6974,0.439,0.0336
2016-01-09T00:32:59.542Z,3.5923,121.6971,230.9673,0.5262,0.0302,3.5119,103.0421,231.3166,0.4458,0.0341,3.1441,103.0377,234.2444,0.4399,0.0306
2016-01-09T00:33:59.945Z,6.514,120.2363,230.6958,0.5209,0.0553,3.3025,103.0775,229.8615,0.4488,0.0318,3.6282,105.4325,233.796,0.4501,0.0345
2016-01-09T00:34:59.506Z,4.5982,122.3221,230.7922,0.5297,0.0376,3.8272,102.7293,231.4267,0.4434,0.0388,3.3339,102.5378,233.5072,0.4391,0.0321
2016-01-09T00:35:59.800Z,5.7089,120.7357,230.9116,0.5223,0.0475,4.0537,102.7043,233.1933,0.4402,0.0391,3.3519,105.5538,233.9691,0.4509,0.0318
2016-01-09T00:36:59.122Z,4.5532,120.0572,230.7277,0.5197,0.0393,4.4654,102.0207,233.3673,0.4372,0.0449,3.6531,99.6207,233.7204,0.426,0.0369
2016-01-09T00:37:59.513Z,3.253,119.8509,230.4592,0.5198,0.0274,4.471,101.8128,233.2233,0.4362,0.0442,2.4798,102.926,233.6965,0.4404,0.0245
2016-01-09T00:38:59.768Z,5.3532,119.9256,230.4337,0.5203,0.0458,3.7424,105.5507,233.3411,0.4524,0.0338,3.1173,101.7197,233.6553,0.4349,0.0295
2016-01-09T00:39:59.054Z,5.8924,119.4156,230.0757,0.5183,0.0491,3.6036,98.8171,232.5222,0.4244,0.0391,3.6766,103.675,233.1558,0.445,0.0337
2016-01-09T00:40:59.657Z,4.3037,119.2538,230.0681,0.5177,0.0359,4.1738,100.663,232.2358,0.4333,0.0409,3.3953,99.7429,233.8334,0.4268,0.0347
2016-01-09T00:41:59.072Z,4.6032,120.4702,230.2589,0.523,0.0381,3.254,103.5356,232.4786,0.4449,0.0321,3.4832,102.5953,233.9573,0.4384,0.0336
2016-01-09T00:42:59.658Z,4.7738,120.4695,230.0086,0.5237,0.0398,3.9649,102.8461,232.5846,0.4423,0.0379,2.942,101.7747,233.8408,0.435,0.0277
2016-01-09T00:43:59.052Z,4.6088,119.4666,229.4027,0.5207,0.0387,3.186,101.1162,231.4538,0.4372,0.0309,3.7414,102.1513,233.1194,0.4374,0.036
2016-01-09T00:44:59.564Z,3.7447,121.865,229.8204,0.53,0.0303,4.6791,103.5537,230.6667,0.449,0.0449,3.1732,102.4546,233.0967,0.4396,0.0318
2016-01-09T00:45:59.273Z,5.0556,122.6553,230.436,0.5319,0.0413,4.1963,105.2568,232.1441,0.4529,0.0392,2.9188,100.772,233.6468,0.4316,0.0298
2016-01-09T00:46:59.914Z,4.4528,120.3114,230.4026,0.5226,0.0378,3.901,105.475,232.1311,0.4542,0.0353,3.0608,103.5435,233.9348,0.4429,0.031
2016-01-09T00:47:59.128Z,4.3727,121.998,230.188,0.5296,0.0356,3.4757,101.3823,232.2469,0.4369,0.0316,3.961,104.3366,233.6541,0.4464,0.0381
2016-01-09T00:48:59.437Z,4.1151,121.2259,230.7499,0.5253,0.0351,3.3437,103.4681,232.139,0.4454,0.0331,3.0021,105.8964,233.5269,0.4532,0.0284
2016-01-09T00:49:59.686Z,4.7138,119.6195,231.1304,0.5178,0.0392,3.8695,101.9971,232.4025,0.4386,0.0368,2.5434,101.3847,234.131,0.4326,0.0255
2016-01-09T00:50:59.075Z,4.5809,120.189,231.1504,0.52,0.0386,4.2601,101.3583,232.3849,0.4358,0.0431,3.3674,105.0714,234.0441,0.4492,0.0324
2016-01-09T00:51:59.386Z,3.2576,121.8382,231.0636,0.527,0.027,3.5183,101.6437,232.2334,0.438,0.0363,3.4062,102.6398,234.2578,0.4386,0.0342
2016-01-09T00:52:59.573Z,4.7367,119.7925,230.3863,0.5193,0.0396,4.1449,100.0908,232.5685,0.4305,0.0429,3.1659,103.0411,234.3976,0.4398,0.0319
2016-01-09T00:54:59.511Z,5.4198,120.5851,230.2655,0.5233,0.0456,3.0086,100.8882,231.8663,0.435,0.0299,3.2429,104.5564,233.6555,0.4475,0.0314
2016-01-09T00:55:59.266Z,5.306,121.6903,230.9197,0.5268,0.0455,3.1914,103.2884,232.1503,0.4446,0.0324,3.358,101.3204,234.1193,0.4327,0.0348
2016-01-09T00:56:59.521Z,5.1686,122.1118,231.4,0.5279,0.0432,3.8523,104.6981,232.4676,0.4495,0.0353,3.5933,101.6032,234.4455,0.4331,0.0354
2016-01-09T00:57:59.812Z,3.4569,121.5011,231.3503,0.5246,0.0281,4.0518,105.1305,232.9077,0.4513,0.0384,3.5946,104.122,234.7754,0.4433,0.0355
2016-01-09T00:58:59.116Z,3.7493,121.4702,231.6132,0.5244,0.0309,4.4712,103.0527,232.9454,0.442,0.043,2.6448,102.831,234.7762,0.4376,0.0261
2016-01-09T00:59:59.399Z,4.9632,123.1302,231.2822,0.5323,0.0402,4.0165,105.3752,232.9026,0.4522,0.0374,3.4262,102.7383,234.724,0.4371,0.033
2016-01-09T01:00:59.065Z,4.5509,121.6077,230.5397,0.5277,0.0382,3.4318,101.5416,232.5871,0.4363,0.0321,3.1988,105.753,234.4188,0.4517,0.0292
2016-01-09T01:01:59.534Z,3.9349,119.3673,230.5807,0.5176,0.032,3.9513,104.2503,232.2281,0.4491,0.038,2.7884,102.8032,233.8981,0.4397,0.0271
2016-01-09T01:02:59.731Z,3.776,118.8235,230.1141,0.5158,0.0315,2.8585,100.863,232.0442,0.4341,0.0287,3.0578,104.5978,233.6859,0.4475,0.0286
2016-01-09T01:03:59.998Z,4.1237,118.7679,229.6679,0.5168,0.0352,3.588,100.8116,231.4023,0.4359,0.0362,3.0032,101.671,233.0357,0.4362,0.0286
2016-01-09T01:04:59.286Z,5.9873,120.9369,229.814,0.5262,0.0501,3.1367,103.2833,231.4436,0.4464,0.0294,3.4524,100.8879,232.0736,0.4344,0.0341
2016-01-09T01:05:59.572Z,4.0991,120.8673,229.8524,0.5257,0.0338,3.8197,103.3999,232.0021,0.4452,0.0351,2.5991,102.528,232.0773,0.4418,0.0274
2016-01-09T01:06:59.907Z,3.5278,121.0314,230.8434,0.524,0.0301,4.2157,102.3102,232.7086,0.4397,0.0436,4.0364,102.6114,232.9673,0.4404,0.0415
2016-01-09T01:07:59.395Z,4.7663,122.1206,230.5241,0.5294,0.0403,3.4954,102.4408,232.5336,0.4402,0.0344,2.7536,102.3749,232.2608,0.4406,0.0276
2016-01-09T01:08:59.782Z,4.1988,121.663,231.766,0.5243,0.0346,4.3452,106.9764,232.1223,0.4605,0.0411,3.2119,103.3704,232.5997,0.4443,0.0326
2016-01-09T01:09:59.976Z,4.3862,119.2309,232.0515,0.5134,0.0364,3.9301,101.3621,231.7737,0.4376,0.0437,3.026,102.6599,233.1718,0.4407,0.0309
2016-01-09T01:10:59.257Z,2.8929,119.6709,232.1217,0.5148,0.0258,3.7862,101.5197,232.5796,0.4367,0.039,4.0968,105.24,233.3001,0.4509,0.0373
2016-01-09T01:11:59.572Z,5.1082,121.7069,233.1803,0.5216,0.0419,3.8067,104.1165,233.1916,0.447,0.0334,2.708,101.0433,233.8735,0.4312,0.0277
2016-01-09T01:12:59.886Z,3.2974,120.9817,232.8111,0.5195,0.0274,4.142,103.3953,232.5285,0.4451,0.0411,2.6821,103.8579,233.7579,0.4442,0.0255
2016-01-09T01:13:59.641Z,4.6132,123.2466,232.7842,0.5291,0.0376,3.5013,101.5832,230.147,0.442,0.0357,2.9267,103.6167,233.8307,0.4431,0.0287
2016-01-09T01:14:59.177Z,4.0337,120.2292,232.7023,0.5162,0.0337,3.5778,101.4797,230.3157,0.4404,0.038,2.5281,102.2626,233.3012,0.438,0.0271
2016-01-09T01:15:59.546Z,4.6768,120.0395,232.328,0.5162,0.0392,3.4348,102.477,231.2226,0.4433,0.0353,2.7805,103.7395,233.8161,0.4437,0.0266
2016-01-09T01:16:59.793Z,4.5314,123.4198,232.9969,0.5291,0.0371,4.7581,101.4556,232.2618,0.4366,0.0473,2.8876,101.8943,233.6475,0.4359,0.0285
2016-01-09T01:17:59.112Z,4.9199,121.4578,232.8921,0.5209,0.0409,3.7392,101.7843,232.4289,0.4374,0.0364,3.0827,102.0126,233.7832,0.436,0.032
2016-01-09T01:18:59.418Z,4.4632,118.599,232.2441,0.5099,0.0374,4.2108,104.1641,232.9211,0.4468,0.0412,3.5797,104.5731,233.5909,0.4479,0.0332
2016-01-09T01:19:59.814Z,3.9442,120.4519,232.2814,0.5182,0.034,4.1548,99.3579,232.7145,0.4273,0.0414,2.9367,103.946,233.6696,0.4454,0.0286
2016-01-09T01:20:59.221Z,5.1871,121.1576,232.6662,0.5201,0.043,4.7636,101.0312,232.6703,0.434,0.0488,2.0391,102.6994,233.8512,0.4397,0.0211
2016-01-09T01:21:59.453Z,4.1069,122.0442,232.3886,0.5244,0.0331,4.0374,102.1009,232.8599,0.4388,0.0389,4.842,104.8847,233.8403,0.4487,0.0457
2016-01-09T01:22:59.708Z,4.0438,121.0701,231.3517,0.523,0.0329,3.584,99.2372,231.7985,0.4284,0.0371,3.5034,105.2052,232.7824,0.4521,0.0314
2016-01-09T01:23:59.237Z,3.0354,117.7878,230.3703,0.5119,0.026,3.4884,99.8966,230.9793,0.4327,0.038,3.6582,102.3498,231.518,0.442,0.0371
2016-01-09T01:24:59.097Z,3.9114,120.8507,230.4399,0.5242,0.0326,3.7989,100.7634,230.5968,0.4372,0.0386,2.6714,99.8373,231.3517,0.4318,0.029
2016-01-09T01:25:59.561Z,5.9937,118.7398,229.6463,0.5168,0.0512,2.8899,100.9448,230.68,0.4379,0.0278,2.8599,102.0651,231.8388,0.4399,0.028
2016-01-09T01:26:59.228Z,5.0512,121.7986,230.0026,0.5294,0.0431,3.4038,100.5331,231.2964,0.4347,0.0327,3.7649,104.8118,232.4476,0.4507,0.0353
2016-01-09T01:27:59.824Z,5.0942,119.4642,230.6571,0.5177,0.0422,4.2943,101.344,229.8823,0.4404,0.0433,4.022,101.8213,232.95,0.4366,0.0393
2016-01-09T01:28:59.090Z,4.7303,120.6368,231.1147,0.5218,0.0392,3.9227,101.9204,229.8728,0.4431,0.0391,3.9908,101.3292,232.9467,0.4348,0.0392
2016-01-09T01:29:59.360Z,5.203,120.5904,231.5187,0.5203,0.0432,3.3221,97.7812,230.3408,0.4241,0.0312,2.8749,102.0937,232.1669,0.4403,0.0284
2016-01-09T01:30:59.644Z,4.229,121.3374,231.2374,0.5242,0.0344,3.319,99.0404,230.7392,0.4292,0.0329,3.3355,99.9138,232.7178,0.4292,0.0333
2016-01-09T01:31:59.658Z,4.6781,120.1767,230.9305,0.5199,0.0401,4.4473,103.0864,230.7445,0.447,0.0422,3.6195,98.3533,232.8329,0.4226,0.0378
2016-01-09T01:32:59.996Z,3.0921,120.5458,230.8918,0.5214,0.0263,3.9686,103.368,230.9234,0.4476,0.0403,3.8462,101.7846,232.8863,0.4371,0.038
2016-01-09T01:33:59.346Z,3.8796,119.7101,231.1736,0.5178,0.0329,4.1243,102.9563,230.9568,0.4461,0.039,3.3511,103.3379,233.2989,0.4431,0.0311
2016-01-09T01:34:59.315Z,4.5827,118.9931,230.9447,0.5147,0.0387,3.4336,100.624,230.0551,0.4378,0.0399,3.4517,101.0317,233.4232,0.4326,0.0346
2016-01-09T01:35:59.025Z,4.6118,121.0519,231.6764,0.5221,0.0378,3.6934,101.2496,230.1582,0.4398,0.0373,3.3158,105.5135,233.13,0.4525,0.0316
2016-01-09T01:36:59.481Z,394.1169,651.4488,230.6664,2.833,0.2972,426.6966,702.2392,230.8078,3.0529,0.3032,730.1656,1026.2497,232.4157,4.4346,0.63
2016-01-09T01:37:59.888Z,1088.6853,1523.8585,229.8351,6.6296,0.7145,1132.6112,1587.7153,229.6034,6.9152,0.7131,1634.3633,2216.5519,230.9647,9.597,0.7364
2016-01-09T01:38:59.294Z,1130.6465,1565.1438,229.7741,6.8114,0.722,1180.4285,1616.642,229.2631,7.0509,0.7293,1697.7445,2268.9451,231.2074,9.8131,0.7482
2016-01-09T01:39:59.221Z,1134.1252,1566.9986,229.7498,6.8202,0.7233,1187.4326,1625.7268,229.6036,7.0806,0.7307,1697.0188,2266.494,231.206,9.8026,0.7491
2016-01-09T01:40:59.533Z,1150.2723,1570.9057,229.5906,6.8422,0.7321,1205.7163,1646.7262,229.539,7.174,0.7319,1693.3829,2258.6294,230.7823,9.7863,0.7499
2016-01-09T01:41:59.883Z,1153.9252,1574.3156,229.1952,6.8683,0.732,1228.9349,1658.3038,229.7982,7.216,0.7404,1719.1151,2285.8776,230.8852,9.9002,0.7509
2016-01-09T01:42:59.234Z,1171.7545,1585.4935,229.0773,6.9206,0.7384,1246.732,1672.172,229.432,7.2878,0.7458,1728.0499,2288.4469,230.7076,9.9194,0.7558
2016-01-09T01:43:59.049Z,1193.8247,1597.2493,229.0036,6.9743,0.7469,1258.9791,1683.9385,229.0343,7.3525,0.7478,1732.1228,2279.0842,230.0187,9.9079,0.7597
2016-01-09T01:44:59.336Z,1206.7834,1605.0562,228.2979,7.0301,0.7511,1271.9131,1683.2444,228.3021,7.373,0.7554,1761.324,2294.762,229.7361,9.9883,0.7682
2016-01-09T01:45:59.671Z,1229.6771,1633.6039,228.7798,7.1402,0.7523,1265.0257,1677.0773,227.4716,7.372,0.7543,1778.5496,2292.7739,229.2457,10.0011,0.7756
2016-01-09T01:46:59.183Z,1217.2932,1606.3851,228.6581,7.0247,0.7577,1299.5147,1728.3261,229.7941,7.5213,0.7517,1741.456,2287.4663,229.3436,9.9738,0.761
2016-01-09T01:47:59.640Z,1202.3179,1592.5701,228.8951,6.9574,0.7549,1284.8086,1715.6319,229.8761,7.4628,0.7484,1723.4713,2274.4916,229.4006,9.9141,0.7572
2016-01-09T01:48:59.961Z,1157.4359,1556.2151,229.2627,6.7882,0.7434,1231.6012,1674.3814,230.2653,7.271,0.736,1673.76,2229.6988,229.8556,9.7002,0.7503
2016-01-09T01:49:59.189Z,1165.2496,1566.3851,229.3952,6.8276,0.743,1240.1033,1676.8563,230.349,7.2791,0.7394,1689.6624,2241.9528,229.9591,9.7485,0.7527
2016-01-09T01:50:59.504Z,1172.5503,1579.5444,229.648,6.8781,0.7421,1223.2807,1664.8607,230.2516,7.23,0.7351,1688.5388,2228.4159,229.8159,9.6962,0.7592
2016-01-09T01:51:59.686Z,1194.7209,1589.5418,229.6977,6.92,0.7519,1242.1268,1685.0033,230.1113,7.3221,0.7372,1693.5603,2226.8432,229.3078,9.7108,0.7603
2016-01-09T01:52:59.093Z,1194.1322,1582.7509,229.2584,6.9031,0.7542,1254.5345,1686.6336,229.8528,7.3373,0.744,1703.6852,2234.9927,229.0681,9.7565,0.7615
2016-01-09T01:53:59.627Z,1212.7473,1585.5691,228.4067,6.9412,0.7652,1274.8154,1700.9201,229.5933,7.4078,0.7495,1707.6758,2227.2088,228.0199,9.767,0.7668
2016-01-09T01:54:59.481Z,1222.6756,1584.1297,227.6617,6.9573,0.7713,1296.8319,1712.8928,229.2912,7.47,0.757,1714.8815,2230.048,227.4973,9.8019,0.7692
2016-01-09T01:55:59.642Z,1220.2086,1578.1938,227.2564,6.9442,0.7734,1316.7573,1729.1964,229.8023,7.5243,0.7614,1723.4476,2252.7157,228.1759,9.8716,0.7654
2016-01-09T01:56:59.962Z,1238.4181,1619.5117,228.8761,7.0752,0.7646,1317.0062,1740.8778,230.1223,7.5651,0.7567,1748.2337,2278.6312,229.4384,9.9304,0.7683
2016-01-09T01:57:59.518Z,1246.7943,1631.4934,229.3009,7.1145,0.7638,1316.388,1742.5541,230.1378,7.5715,0.7553,1758.1639,2288.5916,229.8956,9.9547,0.7686
2016-01-09T01:59:59.446Z,1263.0852,1656.9175,229.281,7.2261,0.7625,1318.8877,1729.5965,228.6919,7.5619,0.7625,1800.8751,2313.0963,229.999,10.0562,0.7777
