2016-02-12T00:00:59.213Z,1.0883,45.446,234.999,0.1934,0.0256,2.5396,22.8703,232.8372,0.0984,0.1332,3.7246,26.6914,233.299,0.1144,0.1616
2016-02-12T00:01:59.458Z,1.0001,44.9488,235.0521,0.1913,0.0227,2.439,20.8078,232.601,0.0897,0.1378,3.8038,24.2049,232.5244,0.1041,0.1795
2016-02-12T00:02:59.821Z,1.6757,43.8179,234.5662,0.1873,0.0393,2.6246,21.2236,232.2373,0.0911,0.1413,3.9716,25.3292,232.9209,0.1089,0.1817
2016-02-12T00:03:59.975Z,1.3104,44.791,234.3884,0.1909,0.0301,2.1229,19.6548,231.3546,0.0847,0.1316,3.4069,24.0536,232.4509,0.1037,0.1752
2016-02-12T00:04:59.260Z,1.0852,44.4797,234.148,0.1896,0.0233,2.0434,21.7794,231.2348,0.0945,0.1248,3.7361,23.4689,232.6435,0.1009,0.1871
2016-02-12T00:05:59.565Z,1.4337,43.956,233.7996,0.1882,0.0335,2.0291,19.0047,231.4482,0.0818,0.1228,3.9166,25.1402,233.0845,0.1083,0.1821
2016-02-12T00:06:59.911Z,2.3396,43.8092,234.42,0.1871,0.0551,2.2764,19.8111,232.3962,0.0853,0.1359,3.5867,23.7816,234.1644,0.1014,0.1764
2016-02-12T00:07:59.013Z,1.6013,44.2159,231.8507,0.1909,0.0354,2.0752,13.7131,229.6948,0.0593,0.1624,3.332,19.0156,232.0374,0.082,0.1981
2016-02-12T00:08:59.143Z,1.01,44.0193,231.9156,0.1893,0.0237,1.7338,17.0179,229.6693,0.074,0.1224,3.5431,22.0027,232.1099,0.0947,0.1907
2016-02-12T00:09:59.267Z,0.6998,44.0744,231.6052,0.1903,0.0166,2.3235,20.5001,228.9442,0.089,0.1419,3.7653,23.1777,231.6414,0.1,0.187
2016-02-12T00:10:59.654Z,0.804,44.0831,231.29,0.191,0.0197,2.3682,18.7963,229.3111,0.0818,0.1523,3.9844,23.6298,231.7246,0.1022,0.1909
2016-02-12T00:11:59.993Z,2.3031,43.2507,231.4592,0.1862,0.0559,2.0637,21.971,229.3334,0.0959,0.1237,3.2336,23.977,231.8835,0.1031,0.1696
2016-02-12T00:12:59.332Z,1.5644,43.2499,231.2023,0.1867,0.0361,2.2983,21.2743,228.7417,0.0928,0.1304,3.6693,23.6118,231.8934,0.1018,0.1847
2016-02-12T00:13:59.652Z,1.1301,44.6101,230.9777,0.1927,0.0261,2.2902,19.9411,228.4916,0.0874,0.1311,3.4677,23.6672,232.0274,0.1021,0.1749
2016-02-12T00:14:59.964Z,1.5263,43.7059,231.316,0.189,0.0344,2.2699,21.6548,227.6955,0.0957,0.132,3.4674,24.402,230.7171,0.1052,0.1734
2016-02-12T00:15:59.196Z,1.3114,44.0147,231.3979,0.1904,0.0297,2.2238,22.2911,228.1676,0.0977,0.1302,3.5297,23.1994,230.5208,0.1004,0.1796
2016-02-12T00:16:59.604Z,1.3338,43.303,231.5356,0.1874,0.0313,2.3085,19.3779,229.6323,0.084,0.1414,3.1916,24.4388,231.0979,0.1064,0.1626
2016-02-12T00:17:59.904Z,0.9989,44.194,231.962,0.1907,0.0227,2.1185,21.7527,230.346,0.0943,0.1272,3.5254,24.3652,231.5036,0.1057,0.1771
2016-02-12T00:18:59.115Z,1.1207,43.5101,231.5038,0.1882,0.0248,2.1169,20.322,230.3936,0.0884,0.1253,3.9649,24.2719,231.3974,0.1052,0.1873
2016-02-12T00:19:59.349Z,2.1554,42.4177,231.8217,0.1828,0.0514,2.374,17.5595,230.5128,0.0761,0.1439,3.9057,26.6183,232.0467,0.1146,0.1697
2016-02-12T00:20:59.693Z,1.7723,43.4592,232.0931,0.187,0.0426,1.886,20.8424,230.7235,0.0905,0.123,3.656,24.6273,232.0316,0.1062,0.173
2016-02-12T00:21:59.950Z,1.3889,44.3713,231.8965,0.1905,0.0309,2.508,21.1352,230.154,0.0922,0.1329,3.5956,23.7447,231.6023,0.1027,0.1784
2016-02-12T00:22:59.175Z,0.9567,43.6823,231.6638,0.188,0.0229,2.1469,19.0686,229.9172,0.0827,0.1334,3.4676,25.8448,231.5797,0.1117,0.1603
2016-02-12T00:23:59.414Z,0.7588,44.5119,231.2104,0.1922,0.0177,1.974,15.6466,229.2076,0.0681,0.1484,3.6463,18.9059,231.258,0.0818,0.2124
2016-02-12T00:24:59.589Z,0.9326,43.7979,231.6443,0.1893,0.0221,1.8105,17.8487,228.4265,0.0785,0.1309,3.6339,23.327,231.0078,0.1013,0.1798
2016-02-12T00:25:59.779Z,1.0698,44.2056,231.5566,0.1903,0.0235,2.266,19.1159,228.5769,0.0836,0.1515,3.4079,24.4707,230.8256,0.106,0.1701
2016-02-12T00:26:59.954Z,1.1453,44.1347,231.5207,0.1905,0.0257,1.9749,20.1348,230.1315,0.0873,0.136,3.9418,23.9666,232.0798,0.1036,0.1892
2016-02-12T00:27:59.201Z,1.7693,43.1437,231.6171,0.1862,0.0427,2.0936,19.91,230.0184,0.0867,0.1284,3.6578,25.3081,232.1544,0.1091,0.1724
2016-02-12T00:28:59.439Z,1.1578,44.3197,231.4191,0.1914,0.0266,2.1716,22.3822,230.0214,0.097,0.1182,3.6146,23.4108,231.8567,0.101,0.1784
2016-02-12T00:29:59.589Z,0.9654,43.9121,232.0348,0.1891,0.022,2.2621,20.9857,230.2854,0.0911,0.131,3.6318,24.3786,232.2224,0.1046,0.1755
2016-02-12T00:30:59.921Z,1.1007,44.211,232.4604,0.1901,0.025,2.2487,22.2829,230.4053,0.0968,0.1268,3.7798,23.8088,231.3402,0.1028,0.1857
2016-02-12T00:31:59.141Z,1.5372,43.6353,232.1837,0.188,0.0355,2.1194,19.211,228.0351,0.0846,0.1248,3.4066,24.1813,231.1711,0.1043,0.1701
2016-02-12T00:32:59.315Z,1.4261,44.1397,232.1418,0.1901,0.0321,2.284,20.6498,228.812,0.0909,0.1378,3.4413,24.6399,231.1247,0.1072,0.1689
2016-02-12T00:33:59.856Z,0.939,44.2329,231.6454,0.1908,0.0213,2.3663,21.78,230.2691,0.0946,0.1319,3.7325,23.011,230.5116,0.1001,0.1841
2016-02-12T00:34:59.108Z,1.3909,43.4797,231.5111,0.1882,0.0326,2.2669,20.9654,230.3813,0.0903,0.1332,3.4517,25.066,229.9372,0.1089,0.1644
2016-02-12T00:35:59.399Z,0.6136,44.1416,231.1179,0.1905,0.0149,2.2224,19.6962,230.4556,0.0856,0.1411,3.4967,23.5315,229.3747,0.1025,0.1725
2016-02-12T00:36:59.837Z,1.1745,43.4204,231.7108,0.1874,0.0272,1.7308,21.1028,230.5497,0.0916,0.1192,3.383,24.3955,230.3732,0.1054,0.1708
2016-02-12T00:37:59.237Z,1.3213,43.7021,231.3551,0.1889,0.0292,2.1702,20.1821,229.95,0.0876,0.127,3.6829,23.47,229.9888,0.1023,0.1833
2016-02-12T00:38:59.483Z,1.81,42.8112,231.3955,0.1847,0.0424,1.7625,19.1719,230.3399,0.0832,0.1207,3.1797,25.9856,230.3266,0.1127,0.1542
2016-02-12T00:39:59.724Z,0.8102,44.2907,231.1262,0.1914,0.0193,2.2316,18.5562,229.5702,0.0807,0.1434,3.6284,23.9237,230.1066,0.1046,0.1817
2016-02-12T00:40:59.980Z,1.1054,44.0033,231.1958,0.1903,0.0263,2.2565,20.0021,230.0926,0.0867,0.1365,3.37,22.0975,229.8645,0.0963,0.1805
2016-02-12T00:41:59.354Z,1.4812,43.914,231.3242,0.1897,0.0346,1.7098,20.4001,230.24,0.0883,0.1082,3.5464,23.5678,230.3734,0.1023,0.1796
2016-02-12T00:42:59.651Z,2.5582,43.2738,231.6613,0.1864,0.0599,2.146,20.2626,229.5949,0.0884,0.1308,3.8234,25.0218,230.0826,0.1085,0.1755
2016-02-12T00:43:59.990Z,1.9435,43.8405,231.7916,0.1896,0.0434,1.9248,20.2554,228.795,0.0885,0.1232,3.9014,23.9517,230.1789,0.1042,0.1841
2016-02-12T00:44:59.330Z,1.3524,43.8849,230.9037,0.1894,0.0316,2.1828,20.0833,228.983,0.0881,0.13,3.631,25.0859,229.364,0.1088,0.1723
2016-02-12T00:45:59.684Z,1.0527,43.7481,230.5448,0.1899,0.0249,2.2821,20.3818,228.974,0.0895,0.1366,4.0607,23.2846,228.7474,0.1019,0.1965
2016-02-12T00:46:59.987Z,1.719,43.4765,230.9026,0.188,0.0397,1.8219,20.6886,229.3423,0.0907,0.1193,3.5468,23.1705,229.8986,0.1012,0.1812
2016-02-12T00:47:59.229Z,1.0509,43.7121,230.9741,0.1894,0.0239,1.7206,20.5451,229.2548,0.0898,0.1203,3.5652,25.0004,229.6712,0.1086,0.1651
2016-02-12T00:48:59.533Z,1.0584,43.742,231.0639,0.189,0.0243,1.7595,19.7822,229.3316,0.0862,0.1184,3.2211,24.5172,229.5259,0.1074,0.1633
2016-02-12T00:49:59.903Z,1.3369,43.7238,231.1329,0.1889,0.0301,2.1735,20.8391,229.522,0.0899,0.1244,3.798,23.5271,229.6071,0.1029,0.1896
2016-02-12T00:50:59.075Z,2.3306,43.1254,231.2332,0.1861,0.0541,2.5537,18.8387,229.4886,0.0812,0.1477,3.8173,24.2203,229.3429,0.1049,0.184
2016-02-12T00:51:59.464Z,1.4154,44.1723,231.0566,0.1915,0.0331,2.1576,19.9485,229.5984,0.0867,0.1315,3.5047,22.9958,229.1423,0.1009,0.1751
2016-02-12T00:52:59.730Z,1.2285,44.1836,230.7005,0.1913,0.0268,1.8516,21.0674,228.685,0.0925,0.1196,3.5608,23.5908,228.794,0.1037,0.1799
2016-02-12T00:53:59.115Z,1.3202,43.9911,230.3126,0.1917,0.0304,2.1286,20.8181,228.1884,0.0912,0.1203,3.5544,23.5881,229.1263,0.1027,0.1767
2016-02-12T00:54:59.379Z,1.9804,43.446,228.9966,0.19,0.0462,2.299,19.923,227.4432,0.0871,0.1425,2.9775,21.879,230.1427,0.0954,0.1712
2016-02-12T00:55:59.778Z,1.9899,43.4514,229.7336,0.1889,0.0468,2.6929,19.2662,227.8066,0.0848,0.1475,3.2104,21.5357,230.2179,0.0936,0.1847
2016-02-12T00:56:59.080Z,1.0338,44.2475,230.4535,0.192,0.0251,2.039,20.9789,228.4051,0.0912,0.1289,3.9546,21.9531,230.0796,0.0953,0.1942
2016-02-12T00:57:59.273Z,1.0971,43.4713,230.2325,0.1889,0.0254,2.4107,17.9573,229.132,0.0782,0.1523,3.1204,23.1742,230.377,0.1005,0.169
2016-02-12T00:58:59.535Z,0.8938,43.8513,230.6598,0.1907,0.0203,2.5047,23.7034,229.4559,0.1033,0.1316,3.6992,23.858,230.1816,0.1036,0.1785
2016-02-12T00:59:59.823Z,1.9185,42.7998,230.4729,0.1855,0.0445,2.3068,19.4769,229.5578,0.0847,0.1447,3.7736,23.9501,230.1212,0.1044,0.1813
